 4.50000000e+00  1.10346861e+00 
 4.51000000e+00  1.10591868e+00 
 4.52000000e+00  1.10836874e+00 
 4.53000000e+00  1.11081879e+00 
 4.54000000e+00  1.11326883e+00 
 4.55000000e+00  1.11571886e+00 
 4.56000000e+00  1.11816889e+00 
 4.57000000e+00  1.12061890e+00 
 4.58000000e+00  1.12306890e+00 
 4.59000000e+00  1.12551890e+00 
 4.60000000e+00  1.12796889e+00 
 4.61000000e+00  1.13041886e+00 
 4.62000000e+00  1.13286883e+00 
 4.63000000e+00  1.13531879e+00 
 4.64000000e+00  1.13776874e+00 
 4.65000000e+00  1.14021868e+00 
 4.66000000e+00  1.14266862e+00 
 4.67000000e+00  1.14511854e+00 
 4.68000000e+00  1.14756846e+00 
 4.69000000e+00  1.15001836e+00 
 4.70000000e+00  1.15246826e+00 
 4.71000000e+00  1.15491815e+00 
 4.72000000e+00  1.15736803e+00 
 4.73000000e+00  1.15981790e+00 
 4.74000000e+00  1.16226776e+00 
 4.75000000e+00  1.16471761e+00 
 4.76000000e+00  1.16716745e+00 
 4.77000000e+00  1.16961729e+00 
 4.78000000e+00  1.17206711e+00 
 4.79000000e+00  1.17451693e+00 
 4.80000000e+00  1.17696674e+00 
 4.81000000e+00  1.17941654e+00 
 4.82000000e+00  1.18186633e+00 
 4.83000000e+00  1.18431611e+00 
 4.84000000e+00  1.18676588e+00 
 4.85000000e+00  1.18921564e+00 
 4.86000000e+00  1.19166539e+00 
 4.87000000e+00  1.19411514e+00 
 4.88000000e+00  1.19656488e+00 
 4.89000000e+00  1.19901460e+00 
 4.90000000e+00  1.20146432e+00 
 4.91000000e+00  1.20391403e+00 
 4.92000000e+00  1.20636373e+00 
 4.93000000e+00  1.20881342e+00 
 4.94000000e+00  1.21126310e+00 
 4.95000000e+00  1.21371278e+00 
 4.96000000e+00  1.21616244e+00 
 4.97000000e+00  1.21861210e+00 
 4.98000000e+00  1.22106174e+00 
 4.99000000e+00  1.22351138e+00 
 5.00000000e+00  1.22596101e+00 
 5.01000000e+00  1.22841063e+00 
 5.02000000e+00  1.23086024e+00 
 5.03000000e+00  1.23330985e+00 
 5.04000000e+00  1.23575944e+00 
 5.05000000e+00  1.23820902e+00 
 5.06000000e+00  1.24065860e+00 
 5.07000000e+00  1.24310817e+00 
 5.08000000e+00  1.24555772e+00 
 5.09000000e+00  1.24800727e+00 
 5.10000000e+00  1.25045681e+00 
 5.11000000e+00  1.25290634e+00 
 5.12000000e+00  1.25535586e+00 
 5.13000000e+00  1.25780538e+00 
 5.14000000e+00  1.26025488e+00 
 5.15000000e+00  1.26270438e+00 
 5.16000000e+00  1.26515386e+00 
 5.17000000e+00  1.26760334e+00 
 5.18000000e+00  1.27005281e+00 
 5.19000000e+00  1.27250227e+00 
 5.20000000e+00  1.27495172e+00 
 5.21000000e+00  1.27740116e+00 
 5.22000000e+00  1.27985060e+00 
 5.23000000e+00  1.28230002e+00 
 5.24000000e+00  1.28474944e+00 
 5.25000000e+00  1.28719884e+00 
 5.26000000e+00  1.28964824e+00 
 5.27000000e+00  1.29209763e+00 
 5.28000000e+00  1.29454701e+00 
 5.29000000e+00  1.29699638e+00 
 5.30000000e+00  1.29944575e+00 
 5.31000000e+00  1.30189510e+00 
 5.32000000e+00  1.30434444e+00 
 5.33000000e+00  1.30679378e+00 
 5.34000000e+00  1.30924311e+00 
 5.35000000e+00  1.31169242e+00 
 5.36000000e+00  1.31414173e+00 
 5.37000000e+00  1.31659103e+00 
 5.38000000e+00  1.31904033e+00 
 5.39000000e+00  1.32148961e+00 
 5.40000000e+00  1.32393888e+00 
 5.41000000e+00  1.32638815e+00 
 5.42000000e+00  1.32883740e+00 
 5.43000000e+00  1.33128665e+00 
 5.44000000e+00  1.33373589e+00 
 5.45000000e+00  1.33618512e+00 
 5.46000000e+00  1.33863434e+00 
 5.47000000e+00  1.34108355e+00 
 5.48000000e+00  1.34353276e+00 
 5.49000000e+00  1.34598195e+00 
 5.50000000e+00  1.34843114e+00 
