 0.00000000e+00  0.00000000e+00  0.00000000e+00  0.00000000e+00 
 5.00000000e-09  2.50000000e-04  5.00000000e-09  1.27584693e-05 
 1.00000000e-08  5.00000000e-04  1.00000000e-08  3.56225390e-05 
 2.00000000e-08  1.00000000e-03  2.00000000e-08  9.73593651e-05 
 4.00000000e-08  2.00000000e-03  4.00000000e-08  2.83816800e-04 
 8.00000000e-08  4.00000000e-03  8.00000000e-08  7.47362397e-04 
 1.60000000e-07  8.00000000e-03  1.60000000e-07  1.72999526e-03 
 3.20000000e-07  1.60000000e-02  3.20000000e-07  3.69311888e-03 
 6.40000000e-07  3.20000000e-02  6.40000000e-07  7.62035323e-03 
 1.14000000e-06  5.70000000e-02  1.14000000e-06  1.37560056e-02 
 1.64000000e-06  8.20000000e-02  1.64000000e-06  1.98919672e-02 
 2.14000000e-06  1.07000000e-01  2.14000000e-06  2.60275338e-02 
 2.64000000e-06  1.32000000e-01  2.64000000e-06  3.21633266e-02 
 3.14000000e-06  1.57000000e-01  3.14000000e-06  3.82988124e-02 
 3.64000000e-06  1.82000000e-01  3.64000000e-06  4.44344489e-02 
 4.14000000e-06  2.07000000e-01  4.14000000e-06  5.05698433e-02 
 4.64000000e-06  2.32000000e-01  4.64000000e-06  5.67053328e-02 
 5.14000000e-06  2.57000000e-01  5.14000000e-06  6.28406279e-02 
 5.64000000e-06  2.82000000e-01  5.64000000e-06  6.89759773e-02 
 6.14000000e-06  3.07000000e-01  6.14000000e-06  7.51111675e-02 
 6.64000000e-06  3.32000000e-01  6.64000000e-06  8.12463818e-02 
 7.14000000e-06  3.57000000e-01  7.14000000e-06  8.73814629e-02 
 7.64000000e-06  3.82000000e-01  7.64000000e-06  9.35165459e-02 
 8.14000000e-06  4.07000000e-01  8.14000000e-06  9.96515148e-02 
 8.64000000e-06  4.32000000e-01  8.64000000e-06  1.05786469e-01 
 9.14000000e-06  4.57000000e-01  9.14000000e-06  1.11921324e-01 
 9.64000000e-06  4.82000000e-01  9.64000000e-06  1.18056152e-01 
 1.01400000e-05  5.07000000e-01  1.01400000e-05  1.24190890e-01 
 1.06400000e-05  5.32000000e-01  1.06400000e-05  1.30325593e-01 
 1.11400000e-05  5.57000000e-01  1.11400000e-05  1.36460215e-01 
 1.16400000e-05  5.82000000e-01  1.16400000e-05  1.42594794e-01 
 1.21400000e-05  6.07000000e-01  1.21400000e-05  1.48729297e-01 
 1.26400000e-05  6.32000000e-01  1.26400000e-05  1.54863754e-01 
 1.31400000e-05  6.57000000e-01  1.31400000e-05  1.60998139e-01 
 1.36400000e-05  6.82000000e-01  1.36400000e-05  1.67132473e-01 
 1.41400000e-05  7.07000000e-01  1.41400000e-05  1.73266739e-01 
 1.46400000e-05  7.32000000e-01  1.46400000e-05  1.79400951e-01 
 1.51400000e-05  7.57000000e-01  1.51400000e-05  1.85535098e-01 
 1.56400000e-05  7.82000000e-01  1.56400000e-05  1.91669189e-01 
 1.61400000e-05  8.07000000e-01  1.61400000e-05  1.97803216e-01 
 1.66400000e-05  8.32000000e-01  1.66400000e-05  2.03937187e-01 
 1.71400000e-05  8.57000000e-01  1.71400000e-05  2.10071094e-01 
 1.76400000e-05  8.82000000e-01  1.76400000e-05  2.16204944e-01 
 1.81400000e-05  9.07000000e-01  1.81400000e-05  2.22338731e-01 
 1.86400000e-05  9.32000000e-01  1.86400000e-05  2.28472461e-01 
 1.91400000e-05  9.57000000e-01  1.91400000e-05  2.34606129e-01 
 1.96400000e-05  9.82000000e-01  1.96400000e-05  2.40739738e-01 
 2.01400000e-05  1.00700000e+00  2.01400000e-05  2.46873286e-01 
 2.06400000e-05  1.03200000e+00  2.06400000e-05  2.53006776e-01 
 2.11400000e-05  1.05700000e+00  2.11400000e-05  2.59140204e-01 
 2.16400000e-05  1.08200000e+00  2.16400000e-05  2.65273574e-01 
 2.21400000e-05  1.10700000e+00  2.21400000e-05  2.71406882e-01 
 2.26400000e-05  1.13200000e+00  2.26400000e-05  2.77540132e-01 
 2.31400000e-05  1.15700000e+00  2.31400000e-05  2.83673321e-01 
 2.36400000e-05  1.18200000e+00  2.36400000e-05  2.89806451e-01 
 2.41400000e-05  1.20700000e+00  2.41400000e-05  2.95939521e-01 
 2.46400000e-05  1.23200000e+00  2.46400000e-05  3.02072531e-01 
 2.51400000e-05  1.25700000e+00  2.51400000e-05  3.08205482e-01 
 2.56400000e-05  1.28200000e+00  2.56400000e-05  3.14338373e-01 
 2.61400000e-05  1.30700000e+00  2.61400000e-05  3.20471204e-01 
 2.66400000e-05  1.33200000e+00  2.66400000e-05  3.26603975e-01 
 2.71400000e-05  1.35700000e+00  2.71400000e-05  3.32736687e-01 
 2.76400000e-05  1.38200000e+00  2.76400000e-05  3.38869339e-01 
 2.81400000e-05  1.40700000e+00  2.81400000e-05  3.45001932e-01 
 2.86400000e-05  1.43200000e+00  2.86400000e-05  3.51134465e-01 
 2.91400000e-05  1.45700000e+00  2.91400000e-05  3.57266939e-01 
 2.96400000e-05  1.48200000e+00  2.96400000e-05  3.63399353e-01 
 3.01400000e-05  1.50700000e+00  3.01400000e-05  3.69531707e-01 
 3.06400000e-05  1.53200000e+00  3.06400000e-05  3.75664002e-01 
 3.11400000e-05  1.55700000e+00  3.11400000e-05  3.81796238e-01 
 3.16400000e-05  1.58200000e+00  3.16400000e-05  3.87928414e-01 
 3.21400000e-05  1.60700000e+00  3.21400000e-05  3.94060531e-01 
 3.26400000e-05  1.63200000e+00  3.26400000e-05  4.00192588e-01 
 3.31400000e-05  1.65700000e+00  3.31400000e-05  4.06324586e-01 
 3.36400000e-05  1.68200000e+00  3.36400000e-05  4.12456525e-01 
 3.41400000e-05  1.70700000e+00  3.41400000e-05  4.18588405e-01 
 3.46400000e-05  1.73200000e+00  3.46400000e-05  4.24720225e-01 
 3.51400000e-05  1.75700000e+00  3.51400000e-05  4.30851986e-01 
 3.56400000e-05  1.78200000e+00  3.56400000e-05  4.36983687e-01 
 3.61400000e-05  1.80700000e+00  3.61400000e-05  4.43115330e-01 
 3.66400000e-05  1.83200000e+00  3.66400000e-05  4.49246913e-01 
 3.71400000e-05  1.85700000e+00  3.71400000e-05  4.55378437e-01 
 3.76400000e-05  1.88200000e+00  3.76400000e-05  4.61509902e-01 
 3.81400000e-05  1.90700000e+00  3.81400000e-05  4.67641308e-01 
 3.86400000e-05  1.93200000e+00  3.86400000e-05  4.73772654e-01 
 3.91400000e-05  1.95700000e+00  3.91400000e-05  4.79903942e-01 
 3.96400000e-05  1.98200000e+00  3.96400000e-05  4.86035171e-01 
 4.01400000e-05  2.00700000e+00  4.01400000e-05  4.92166340e-01 
 4.06400000e-05  2.03200000e+00  4.06400000e-05  4.98297451e-01 
 4.11400000e-05  2.05700000e+00  4.11400000e-05  5.04428502e-01 
 4.16400000e-05  2.08200000e+00  4.16400000e-05  5.10559495e-01 
 4.21400000e-05  2.10700000e+00  4.21400000e-05  5.16690428e-01 
 4.26400000e-05  2.13200000e+00  4.26400000e-05  5.22821303e-01 
 4.31400000e-05  2.15700000e+00  4.31400000e-05  5.28952119e-01 
 4.36400000e-05  2.18200000e+00  4.36400000e-05  5.35082876e-01 
 4.41400000e-05  2.20700000e+00  4.41400000e-05  5.41213574e-01 
 4.46400000e-05  2.23200000e+00  4.46400000e-05  5.47344213e-01 
 4.51400000e-05  2.25700000e+00  4.51400000e-05  5.53474794e-01 
 4.56400000e-05  2.28200000e+00  4.56400000e-05  5.59605316e-01 
 4.61400000e-05  2.30700000e+00  4.61400000e-05  5.65735779e-01 
 4.66400000e-05  2.33200000e+00  4.66400000e-05  5.71866183e-01 
 4.71400000e-05  2.35700000e+00  4.71400000e-05  5.77996528e-01 
 4.76400000e-05  2.38200000e+00  4.76400000e-05  5.84126815e-01 
 4.81400000e-05  2.40700000e+00  4.81400000e-05  5.90257043e-01 
 4.86400000e-05  2.43200000e+00  4.86400000e-05  5.96387213e-01 
 4.91400000e-05  2.45700000e+00  4.91400000e-05  6.02517324e-01 
 4.96400000e-05  2.48200000e+00  4.96400000e-05  6.08647376e-01 
 5.01400000e-05  2.50700000e+00  5.01400000e-05  6.14777370e-01 
 5.06400000e-05  2.53200000e+00  5.06400000e-05  6.20907305e-01 
 5.11400000e-05  2.55700000e+00  5.11400000e-05  6.27037182e-01 
 5.16400000e-05  2.58200000e+00  5.16400000e-05  6.33167000e-01 
 5.21400000e-05  2.60700000e+00  5.21400000e-05  6.39296760e-01 
 5.26400000e-05  2.63200000e+00  5.26400000e-05  6.45426461e-01 
 5.31400000e-05  2.65700000e+00  5.31400000e-05  6.51556104e-01 
 5.36400000e-05  2.68200000e+00  5.36400000e-05  6.57685689e-01 
 5.41400000e-05  2.70700000e+00  5.41400000e-05  6.63815215e-01 
 5.46400000e-05  2.73200000e+00  5.46400000e-05  6.69944682e-01 
 5.51400000e-05  2.75700000e+00  5.51400000e-05  6.76074092e-01 
 5.56400000e-05  2.78200000e+00  5.56400000e-05  6.82203443e-01 
 5.61400000e-05  2.80700000e+00  5.61400000e-05  6.88332736e-01 
 5.66400000e-05  2.83200000e+00  5.66400000e-05  6.94461970e-01 
 5.71400000e-05  2.85700000e+00  5.71400000e-05  7.00591147e-01 
 5.76400000e-05  2.88200000e+00  5.76400000e-05  7.06720265e-01 
 5.81400000e-05  2.90700000e+00  5.81400000e-05  7.12849325e-01 
 5.86400000e-05  2.93200000e+00  5.86400000e-05  7.18978326e-01 
 5.91400000e-05  2.95700000e+00  5.91400000e-05  7.25107270e-01 
 5.96400000e-05  2.98200000e+00  5.96400000e-05  7.31236155e-01 
 6.01400000e-05  3.00700000e+00  6.01400000e-05  7.37364983e-01 
 6.06400000e-05  3.03200000e+00  6.06400000e-05  7.43493752e-01 
 6.11400000e-05  3.05700000e+00  6.11400000e-05  7.49622463e-01 
 6.16400000e-05  3.08200000e+00  6.16400000e-05  7.55751117e-01 
 6.21400000e-05  3.10700000e+00  6.21400000e-05  7.61879712e-01 
 6.26400000e-05  3.13200000e+00  6.26400000e-05  7.68008249e-01 
 6.31400000e-05  3.15700000e+00  6.31400000e-05  7.74136728e-01 
 6.36400000e-05  3.18200000e+00  6.36400000e-05  7.80265150e-01 
 6.41400000e-05  3.20700000e+00  6.41400000e-05  7.86393513e-01 
 6.46400000e-05  3.23200000e+00  6.46400000e-05  7.92521819e-01 
 6.51400000e-05  3.25700000e+00  6.51400000e-05  7.98650067e-01 
 6.56400000e-05  3.28200000e+00  6.56400000e-05  8.04778257e-01 
 6.61400000e-05  3.30700000e+00  6.61400000e-05  8.10906389e-01 
 6.66400000e-05  3.33200000e+00  6.66400000e-05  8.17034463e-01 
 6.71400000e-05  3.35700000e+00  6.71400000e-05  8.23162479e-01 
 6.76400000e-05  3.38200000e+00  6.76400000e-05  8.29290438e-01 
 6.81400000e-05  3.40700000e+00  6.81400000e-05  8.35418339e-01 
 6.86400000e-05  3.43200000e+00  6.86400000e-05  8.41546183e-01 
 6.91400000e-05  3.45700000e+00  6.91400000e-05  8.47673968e-01 
 6.96400000e-05  3.48200000e+00  6.96400000e-05  8.53801696e-01 
 7.01400000e-05  3.50700000e+00  7.01400000e-05  8.59929367e-01 
 7.06400000e-05  3.53200000e+00  7.06400000e-05  8.66056980e-01 
 7.11400000e-05  3.55700000e+00  7.11400000e-05  8.72184535e-01 
 7.16400000e-05  3.58200000e+00  7.16400000e-05  8.78312033e-01 
 7.21400000e-05  3.60700000e+00  7.21400000e-05  8.84439473e-01 
 7.26400000e-05  3.63200000e+00  7.26400000e-05  8.90566856e-01 
 7.31400000e-05  3.65700000e+00  7.31400000e-05  8.96694181e-01 
 7.36400000e-05  3.68200000e+00  7.36400000e-05  9.02821449e-01 
 7.41400000e-05  3.70700000e+00  7.41400000e-05  9.08948659e-01 
 7.46400000e-05  3.73200000e+00  7.46400000e-05  9.15075812e-01 
 7.51400000e-05  3.75700000e+00  7.51400000e-05  9.21202908e-01 
 7.56400000e-05  3.78200000e+00  7.56400000e-05  9.27329946e-01 
 7.61400000e-05  3.80700000e+00  7.61400000e-05  9.33456927e-01 
 7.66400000e-05  3.83200000e+00  7.66400000e-05  9.39583850e-01 
 7.71400000e-05  3.85700000e+00  7.71400000e-05  9.45710716e-01 
 7.76400000e-05  3.88200000e+00  7.76400000e-05  9.51837525e-01 
 7.81400000e-05  3.90700000e+00  7.81400000e-05  9.57964277e-01 
 7.86400000e-05  3.93200000e+00  7.86400000e-05  9.64090972e-01 
 7.91400000e-05  3.95700000e+00  7.91400000e-05  9.70217609e-01 
 7.96400000e-05  3.98200000e+00  7.96400000e-05  9.76344189e-01 
 8.01400000e-05  4.00700000e+00  8.01400000e-05  9.82470712e-01 
 8.06400000e-05  4.03200000e+00  8.06400000e-05  9.88597178e-01 
 8.11400000e-05  4.05700000e+00  8.11400000e-05  9.94723587e-01 
 8.16400000e-05  4.08200000e+00  8.16400000e-05  1.00084994e+00 
 8.21400000e-05  4.10700000e+00  8.21400000e-05  1.00697623e+00 
 8.26400000e-05  4.13200000e+00  8.26400000e-05  1.01310247e+00 
 8.31400000e-05  4.15700000e+00  8.31400000e-05  1.01922865e+00 
 8.36400000e-05  4.18200000e+00  8.36400000e-05  1.02535478e+00 
 8.41400000e-05  4.20700000e+00  8.41400000e-05  1.03148084e+00 
 8.46400000e-05  4.23200000e+00  8.46400000e-05  1.03760685e+00 
 8.51400000e-05  4.25700000e+00  8.51400000e-05  1.04373281e+00 
 8.56400000e-05  4.28200000e+00  8.56400000e-05  1.04985870e+00 
 8.61400000e-05  4.30700000e+00  8.61400000e-05  1.05598454e+00 
 8.66400000e-05  4.33200000e+00  8.66400000e-05  1.06211032e+00 
 8.71400000e-05  4.35700000e+00  8.71400000e-05  1.06823605e+00 
 8.76400000e-05  4.38200000e+00  8.76400000e-05  1.07436172e+00 
 8.81400000e-05  4.40700000e+00  8.81400000e-05  1.08048733e+00 
 8.86400000e-05  4.43200000e+00  8.86400000e-05  1.08661289e+00 
 8.91400000e-05  4.45700000e+00  8.91400000e-05  1.09273838e+00 
 8.96400000e-05  4.48200000e+00  8.96400000e-05  1.09886383e+00 
 9.01400000e-05  4.50700000e+00  9.01400000e-05  1.10498921e+00 
 9.06400000e-05  4.53200000e+00  9.06400000e-05  1.11111454e+00 
 9.11400000e-05  4.55700000e+00  9.11400000e-05  1.11723981e+00 
 9.16400000e-05  4.58200000e+00  9.16400000e-05  1.12336503e+00 
 9.21400000e-05  4.60700000e+00  9.21400000e-05  1.12949019e+00 
 9.26400000e-05  4.63200000e+00  9.26400000e-05  1.13561529e+00 
 9.31400000e-05  4.65700000e+00  9.31400000e-05  1.14174033e+00 
 9.36400000e-05  4.68200000e+00  9.36400000e-05  1.14786532e+00 
 9.41400000e-05  4.70700000e+00  9.41400000e-05  1.15399026e+00 
 9.46400000e-05  4.73200000e+00  9.46400000e-05  1.16011513e+00 
 9.51400000e-05  4.75700000e+00  9.51400000e-05  1.16623995e+00 
 9.56400000e-05  4.78200000e+00  9.56400000e-05  1.17236472e+00 
 9.61400000e-05  4.80700000e+00  9.61400000e-05  1.17848942e+00 
 9.66400000e-05  4.83200000e+00  9.66400000e-05  1.18461408e+00 
 9.71400000e-05  4.85700000e+00  9.71400000e-05  1.19073867e+00 
 9.76400000e-05  4.88200000e+00  9.76400000e-05  1.19686321e+00 
 9.81400000e-05  4.90700000e+00  9.81400000e-05  1.20298769e+00 
 9.86400000e-05  4.93200000e+00  9.86400000e-05  1.20911212e+00 
 9.91400000e-05  4.95700000e+00  9.91400000e-05  1.21523649e+00 
 9.96400000e-05  4.98200000e+00  9.96400000e-05  1.22136080e+00 
 1.00000000e-04  5.00000000e+00  1.00000000e-04  1.22577026e+00 
 1.00050000e-04  5.00000000e+00  1.00050000e-04  1.22593926e+00 
 1.00150000e-04  5.00000000e+00  1.00150000e-04  1.22603254e+00 
 1.00350000e-04  5.00000000e+00  1.00350000e-04  1.22598406e+00 
 1.00750000e-04  5.00000000e+00  1.00750000e-04  1.22601989e+00 
 1.01250000e-04  5.00000000e+00  1.01250000e-04  1.22598977e+00 
 1.01750000e-04  5.00000000e+00  1.01750000e-04  1.22601562e+00 
 1.02250000e-04  5.00000000e+00  1.02250000e-04  1.22599343e+00 
 1.02750000e-04  5.00000000e+00  1.02750000e-04  1.22601247e+00 
 1.03250000e-04  5.00000000e+00  1.03250000e-04  1.22599613e+00 
 1.03750000e-04  5.00000000e+00  1.03750000e-04  1.22601016e+00 
 1.04250000e-04  5.00000000e+00  1.04250000e-04  1.22599811e+00 
 1.04750000e-04  5.00000000e+00  1.04750000e-04  1.22600845e+00 
 1.05250000e-04  5.00000000e+00  1.05250000e-04  1.22599958e+00 
 1.05750000e-04  5.00000000e+00  1.05750000e-04  1.22600720e+00 
 1.06250000e-04  5.00000000e+00  1.06250000e-04  1.22600066e+00 
 1.06750000e-04  5.00000000e+00  1.06750000e-04  1.22600627e+00 
 1.07250000e-04  5.00000000e+00  1.07250000e-04  1.22600145e+00 
 1.07750000e-04  5.00000000e+00  1.07750000e-04  1.22600559e+00 
 1.08250000e-04  5.00000000e+00  1.08250000e-04  1.22600204e+00 
 1.08750000e-04  5.00000000e+00  1.08750000e-04  1.22600508e+00 
 1.09250000e-04  5.00000000e+00  1.09250000e-04  1.22600247e+00 
 1.09750000e-04  5.00000000e+00  1.09750000e-04  1.22600471e+00 
 1.10250000e-04  5.00000000e+00  1.10250000e-04  1.22600279e+00 
 1.10750000e-04  5.00000000e+00  1.10750000e-04  1.22600444e+00 
 1.11250000e-04  5.00000000e+00  1.11250000e-04  1.22600302e+00 
 1.11750000e-04  5.00000000e+00  1.11750000e-04  1.22600424e+00 
 1.12250000e-04  5.00000000e+00  1.12250000e-04  1.22600319e+00 
 1.12750000e-04  5.00000000e+00  1.12750000e-04  1.22600409e+00 
 1.13250000e-04  5.00000000e+00  1.13250000e-04  1.22600332e+00 
 1.13750000e-04  5.00000000e+00  1.13750000e-04  1.22600398e+00 
 1.14250000e-04  5.00000000e+00  1.14250000e-04  1.22600342e+00 
 1.14750000e-04  5.00000000e+00  1.14750000e-04  1.22600390e+00 
 1.15250000e-04  5.00000000e+00  1.15250000e-04  1.22600348e+00 
 1.15750000e-04  5.00000000e+00  1.15750000e-04  1.22600384e+00 
 1.16250000e-04  5.00000000e+00  1.16250000e-04  1.22600354e+00 
 1.16750000e-04  5.00000000e+00  1.16750000e-04  1.22600380e+00 
 1.17250000e-04  5.00000000e+00  1.17250000e-04  1.22600357e+00 
 1.17750000e-04  5.00000000e+00  1.17750000e-04  1.22600377e+00 
 1.18250000e-04  5.00000000e+00  1.18250000e-04  1.22600360e+00 
 1.18750000e-04  5.00000000e+00  1.18750000e-04  1.22600374e+00 
 1.19250000e-04  5.00000000e+00  1.19250000e-04  1.22600362e+00 
 1.19750000e-04  5.00000000e+00  1.19750000e-04  1.22600373e+00 
 1.20250000e-04  5.00000000e+00  1.20250000e-04  1.22600364e+00 
 1.20750000e-04  5.00000000e+00  1.20750000e-04  1.22600371e+00 
 1.21250000e-04  5.00000000e+00  1.21250000e-04  1.22600365e+00 
 1.21750000e-04  5.00000000e+00  1.21750000e-04  1.22600370e+00 
 1.22250000e-04  5.00000000e+00  1.22250000e-04  1.22600365e+00 
 1.22750000e-04  5.00000000e+00  1.22750000e-04  1.22600370e+00 
 1.23250000e-04  5.00000000e+00  1.23250000e-04  1.22600366e+00 
 1.23750000e-04  5.00000000e+00  1.23750000e-04  1.22600369e+00 
 1.24250000e-04  5.00000000e+00  1.24250000e-04  1.22600367e+00 
 1.24750000e-04  5.00000000e+00  1.24750000e-04  1.22600369e+00 
 1.25250000e-04  5.00000000e+00  1.25250000e-04  1.22600367e+00 
 1.25750000e-04  5.00000000e+00  1.25750000e-04  1.22600369e+00 
 1.26250000e-04  5.00000000e+00  1.26250000e-04  1.22600367e+00 
 1.26750000e-04  5.00000000e+00  1.26750000e-04  1.22600368e+00 
 1.27250000e-04  5.00000000e+00  1.27250000e-04  1.22600367e+00 
 1.27750000e-04  5.00000000e+00  1.27750000e-04  1.22600368e+00 
 1.28250000e-04  5.00000000e+00  1.28250000e-04  1.22600367e+00 
 1.28750000e-04  5.00000000e+00  1.28750000e-04  1.22600368e+00 
 1.29250000e-04  5.00000000e+00  1.29250000e-04  1.22600367e+00 
 1.29750000e-04  5.00000000e+00  1.29750000e-04  1.22600368e+00 
 1.30250000e-04  5.00000000e+00  1.30250000e-04  1.22600368e+00 
 1.30750000e-04  5.00000000e+00  1.30750000e-04  1.22600368e+00 
 1.31250000e-04  5.00000000e+00  1.31250000e-04  1.22600368e+00 
 1.31750000e-04  5.00000000e+00  1.31750000e-04  1.22600368e+00 
 1.32250000e-04  5.00000000e+00  1.32250000e-04  1.22600368e+00 
 1.32750000e-04  5.00000000e+00  1.32750000e-04  1.22600368e+00 
 1.33250000e-04  5.00000000e+00  1.33250000e-04  1.22600368e+00 
 1.33750000e-04  5.00000000e+00  1.33750000e-04  1.22600368e+00 
 1.34250000e-04  5.00000000e+00  1.34250000e-04  1.22600368e+00 
 1.34750000e-04  5.00000000e+00  1.34750000e-04  1.22600368e+00 
 1.35250000e-04  5.00000000e+00  1.35250000e-04  1.22600368e+00 
 1.35750000e-04  5.00000000e+00  1.35750000e-04  1.22600368e+00 
 1.36250000e-04  5.00000000e+00  1.36250000e-04  1.22600368e+00 
 1.36750000e-04  5.00000000e+00  1.36750000e-04  1.22600368e+00 
 1.37250000e-04  5.00000000e+00  1.37250000e-04  1.22600368e+00 
 1.37750000e-04  5.00000000e+00  1.37750000e-04  1.22600368e+00 
 1.38250000e-04  5.00000000e+00  1.38250000e-04  1.22600368e+00 
 1.38750000e-04  5.00000000e+00  1.38750000e-04  1.22600368e+00 
 1.39250000e-04  5.00000000e+00  1.39250000e-04  1.22600368e+00 
 1.39750000e-04  5.00000000e+00  1.39750000e-04  1.22600368e+00 
 1.40250000e-04  5.00000000e+00  1.40250000e-04  1.22600368e+00 
 1.40750000e-04  5.00000000e+00  1.40750000e-04  1.22600368e+00 
 1.41250000e-04  5.00000000e+00  1.41250000e-04  1.22600368e+00 
 1.41750000e-04  5.00000000e+00  1.41750000e-04  1.22600368e+00 
 1.42250000e-04  5.00000000e+00  1.42250000e-04  1.22600368e+00 
 1.42750000e-04  5.00000000e+00  1.42750000e-04  1.22600368e+00 
 1.43250000e-04  5.00000000e+00  1.43250000e-04  1.22600368e+00 
 1.43750000e-04  5.00000000e+00  1.43750000e-04  1.22600368e+00 
 1.44250000e-04  5.00000000e+00  1.44250000e-04  1.22600368e+00 
 1.44750000e-04  5.00000000e+00  1.44750000e-04  1.22600368e+00 
 1.45250000e-04  5.00000000e+00  1.45250000e-04  1.22600368e+00 
 1.45750000e-04  5.00000000e+00  1.45750000e-04  1.22600368e+00 
 1.46250000e-04  5.00000000e+00  1.46250000e-04  1.22600368e+00 
 1.46750000e-04  5.00000000e+00  1.46750000e-04  1.22600368e+00 
 1.47250000e-04  5.00000000e+00  1.47250000e-04  1.22600368e+00 
 1.47750000e-04  5.00000000e+00  1.47750000e-04  1.22600368e+00 
 1.48250000e-04  5.00000000e+00  1.48250000e-04  1.22600368e+00 
 1.48750000e-04  5.00000000e+00  1.48750000e-04  1.22600368e+00 
 1.49250000e-04  5.00000000e+00  1.49250000e-04  1.22600368e+00 
 1.49750000e-04  5.00000000e+00  1.49750000e-04  1.22600368e+00 
 1.50250000e-04  5.00000000e+00  1.50250000e-04  1.22600368e+00 
 1.50750000e-04  5.00000000e+00  1.50750000e-04  1.22600368e+00 
 1.51250000e-04  5.00000000e+00  1.51250000e-04  1.22600368e+00 
 1.51750000e-04  5.00000000e+00  1.51750000e-04  1.22600368e+00 
 1.52250000e-04  5.00000000e+00  1.52250000e-04  1.22600368e+00 
 1.52750000e-04  5.00000000e+00  1.52750000e-04  1.22600368e+00 
 1.53250000e-04  5.00000000e+00  1.53250000e-04  1.22600368e+00 
 1.53750000e-04  5.00000000e+00  1.53750000e-04  1.22600368e+00 
 1.54250000e-04  5.00000000e+00  1.54250000e-04  1.22600368e+00 
 1.54750000e-04  5.00000000e+00  1.54750000e-04  1.22600368e+00 
 1.55250000e-04  5.00000000e+00  1.55250000e-04  1.22600368e+00 
 1.55750000e-04  5.00000000e+00  1.55750000e-04  1.22600368e+00 
 1.56250000e-04  5.00000000e+00  1.56250000e-04  1.22600368e+00 
 1.56750000e-04  5.00000000e+00  1.56750000e-04  1.22600368e+00 
 1.57250000e-04  5.00000000e+00  1.57250000e-04  1.22600368e+00 
 1.57750000e-04  5.00000000e+00  1.57750000e-04  1.22600368e+00 
 1.58250000e-04  5.00000000e+00  1.58250000e-04  1.22600368e+00 
 1.58750000e-04  5.00000000e+00  1.58750000e-04  1.22600368e+00 
 1.59250000e-04  5.00000000e+00  1.59250000e-04  1.22600368e+00 
 1.59750000e-04  5.00000000e+00  1.59750000e-04  1.22600368e+00 
 1.60250000e-04  5.00000000e+00  1.60250000e-04  1.22600368e+00 
 1.60750000e-04  5.00000000e+00  1.60750000e-04  1.22600368e+00 
 1.61250000e-04  5.00000000e+00  1.61250000e-04  1.22600368e+00 
 1.61750000e-04  5.00000000e+00  1.61750000e-04  1.22600368e+00 
 1.62250000e-04  5.00000000e+00  1.62250000e-04  1.22600368e+00 
 1.62750000e-04  5.00000000e+00  1.62750000e-04  1.22600368e+00 
 1.63250000e-04  5.00000000e+00  1.63250000e-04  1.22600368e+00 
 1.63750000e-04  5.00000000e+00  1.63750000e-04  1.22600368e+00 
 1.64250000e-04  5.00000000e+00  1.64250000e-04  1.22600368e+00 
 1.64750000e-04  5.00000000e+00  1.64750000e-04  1.22600368e+00 
 1.65250000e-04  5.00000000e+00  1.65250000e-04  1.22600368e+00 
 1.65750000e-04  5.00000000e+00  1.65750000e-04  1.22600368e+00 
 1.66250000e-04  5.00000000e+00  1.66250000e-04  1.22600368e+00 
 1.66750000e-04  5.00000000e+00  1.66750000e-04  1.22600368e+00 
 1.67250000e-04  5.00000000e+00  1.67250000e-04  1.22600368e+00 
 1.67750000e-04  5.00000000e+00  1.67750000e-04  1.22600368e+00 
 1.68250000e-04  5.00000000e+00  1.68250000e-04  1.22600368e+00 
 1.68750000e-04  5.00000000e+00  1.68750000e-04  1.22600368e+00 
 1.69250000e-04  5.00000000e+00  1.69250000e-04  1.22600368e+00 
 1.69750000e-04  5.00000000e+00  1.69750000e-04  1.22600368e+00 
 1.70250000e-04  5.00000000e+00  1.70250000e-04  1.22600368e+00 
 1.70750000e-04  5.00000000e+00  1.70750000e-04  1.22600368e+00 
 1.71250000e-04  5.00000000e+00  1.71250000e-04  1.22600368e+00 
 1.71750000e-04  5.00000000e+00  1.71750000e-04  1.22600368e+00 
 1.72250000e-04  5.00000000e+00  1.72250000e-04  1.22600368e+00 
 1.72750000e-04  5.00000000e+00  1.72750000e-04  1.22600368e+00 
 1.73250000e-04  5.00000000e+00  1.73250000e-04  1.22600368e+00 
 1.73750000e-04  5.00000000e+00  1.73750000e-04  1.22600368e+00 
 1.74250000e-04  5.00000000e+00  1.74250000e-04  1.22600368e+00 
 1.74750000e-04  5.00000000e+00  1.74750000e-04  1.22600368e+00 
 1.75250000e-04  5.00000000e+00  1.75250000e-04  1.22600368e+00 
 1.75750000e-04  5.00000000e+00  1.75750000e-04  1.22600368e+00 
 1.76250000e-04  5.00000000e+00  1.76250000e-04  1.22600368e+00 
 1.76750000e-04  5.00000000e+00  1.76750000e-04  1.22600368e+00 
 1.77250000e-04  5.00000000e+00  1.77250000e-04  1.22600368e+00 
 1.77750000e-04  5.00000000e+00  1.77750000e-04  1.22600368e+00 
 1.78250000e-04  5.00000000e+00  1.78250000e-04  1.22600368e+00 
 1.78750000e-04  5.00000000e+00  1.78750000e-04  1.22600368e+00 
 1.79250000e-04  5.00000000e+00  1.79250000e-04  1.22600368e+00 
 1.79750000e-04  5.00000000e+00  1.79750000e-04  1.22600368e+00 
 1.80250000e-04  5.00000000e+00  1.80250000e-04  1.22600368e+00 
 1.80750000e-04  5.00000000e+00  1.80750000e-04  1.22600368e+00 
 1.81250000e-04  5.00000000e+00  1.81250000e-04  1.22600368e+00 
 1.81750000e-04  5.00000000e+00  1.81750000e-04  1.22600368e+00 
 1.82250000e-04  5.00000000e+00  1.82250000e-04  1.22600368e+00 
 1.82750000e-04  5.00000000e+00  1.82750000e-04  1.22600368e+00 
 1.83250000e-04  5.00000000e+00  1.83250000e-04  1.22600368e+00 
 1.83750000e-04  5.00000000e+00  1.83750000e-04  1.22600368e+00 
 1.84250000e-04  5.00000000e+00  1.84250000e-04  1.22600368e+00 
 1.84750000e-04  5.00000000e+00  1.84750000e-04  1.22600368e+00 
 1.85250000e-04  5.00000000e+00  1.85250000e-04  1.22600368e+00 
 1.85750000e-04  5.00000000e+00  1.85750000e-04  1.22600368e+00 
 1.86250000e-04  5.00000000e+00  1.86250000e-04  1.22600368e+00 
 1.86750000e-04  5.00000000e+00  1.86750000e-04  1.22600368e+00 
 1.87250000e-04  5.00000000e+00  1.87250000e-04  1.22600368e+00 
 1.87750000e-04  5.00000000e+00  1.87750000e-04  1.22600368e+00 
 1.88250000e-04  5.00000000e+00  1.88250000e-04  1.22600368e+00 
 1.88750000e-04  5.00000000e+00  1.88750000e-04  1.22600368e+00 
 1.89250000e-04  5.00000000e+00  1.89250000e-04  1.22600368e+00 
 1.89750000e-04  5.00000000e+00  1.89750000e-04  1.22600368e+00 
 1.90250000e-04  5.00000000e+00  1.90250000e-04  1.22600368e+00 
 1.90750000e-04  5.00000000e+00  1.90750000e-04  1.22600368e+00 
 1.91250000e-04  5.00000000e+00  1.91250000e-04  1.22600368e+00 
 1.91750000e-04  5.00000000e+00  1.91750000e-04  1.22600368e+00 
 1.92250000e-04  5.00000000e+00  1.92250000e-04  1.22600368e+00 
 1.92750000e-04  5.00000000e+00  1.92750000e-04  1.22600368e+00 
 1.93250000e-04  5.00000000e+00  1.93250000e-04  1.22600368e+00 
 1.93750000e-04  5.00000000e+00  1.93750000e-04  1.22600368e+00 
 1.94250000e-04  5.00000000e+00  1.94250000e-04  1.22600368e+00 
 1.94750000e-04  5.00000000e+00  1.94750000e-04  1.22600368e+00 
 1.95250000e-04  5.00000000e+00  1.95250000e-04  1.22600368e+00 
 1.95750000e-04  5.00000000e+00  1.95750000e-04  1.22600368e+00 
 1.96250000e-04  5.00000000e+00  1.96250000e-04  1.22600368e+00 
 1.96750000e-04  5.00000000e+00  1.96750000e-04  1.22600368e+00 
 1.97250000e-04  5.00000000e+00  1.97250000e-04  1.22600368e+00 
 1.97750000e-04  5.00000000e+00  1.97750000e-04  1.22600368e+00 
 1.98250000e-04  5.00000000e+00  1.98250000e-04  1.22600368e+00 
 1.98750000e-04  5.00000000e+00  1.98750000e-04  1.22600368e+00 
 1.99250000e-04  5.00000000e+00  1.99250000e-04  1.22600368e+00 
 1.99750000e-04  5.00000000e+00  1.99750000e-04  1.22600368e+00 
 2.00000000e-04  5.00000000e+00  2.00000000e-04  1.22600368e+00 
