 0.00000000e+00  0.00000000e+00  0.00000000e+00 -5.12869848e-21 
 1.00000000e-02  1.00000000e-02  1.00000000e-02  5.03082753e-12 
 2.00000000e-02  2.00000000e-02  2.00000000e-02  7.90503747e-12 
 3.00000000e-02  3.00000000e-02  3.00000000e-02  1.05443703e-11 
 4.00000000e-02  4.00000000e-02  4.00000000e-02  1.25701516e-11 
 5.00000000e-02  5.00000000e-02  5.00000000e-02  1.41482987e-11 
 6.00000000e-02  6.00000000e-02  6.00000000e-02  1.54088069e-11 
 7.00000000e-02  7.00000000e-02  7.00000000e-02  1.64469407e-11 
 8.00000000e-02  8.00000000e-02  8.00000000e-02  1.73295437e-11 
 9.00000000e-02  9.00000000e-02  9.00000000e-02  1.81024639e-11 
 1.00000000e-01  1.00000000e-01  1.00000000e-01  1.87969159e-11 
 1.10000000e-01  1.10000000e-01  1.10000000e-01  1.94342433e-11 
 1.20000000e-01  1.20000000e-01  1.20000000e-01  2.00291829e-11 
 1.30000000e-01  1.30000000e-01  1.30000000e-01  2.05920679e-11 
 1.40000000e-01  1.40000000e-01  1.40000000e-01  2.11302604e-11 
 1.50000000e-01  1.50000000e-01  1.50000000e-01  2.16491056e-11 
 1.60000000e-01  1.60000000e-01  1.60000000e-01  2.21525444e-11 
 1.70000000e-01  1.70000000e-01  1.70000000e-01  2.26435383e-11 
 1.80000000e-01  1.80000000e-01  1.80000000e-01  2.31243455e-11 
 1.90000000e-01  1.90000000e-01  1.90000000e-01  2.35967207e-11 
 2.00000000e-01  2.00000000e-01  2.00000000e-01  2.40620400e-11 
 2.10000000e-01  2.10000000e-01  2.10000000e-01  2.45214029e-11 
 2.20000000e-01  2.20000000e-01  2.20000000e-01  2.49756978e-11 
 2.30000000e-01  2.30000000e-01  2.30000000e-01  2.54256495e-11 
 2.40000000e-01  2.40000000e-01  2.40000000e-01  2.58718554e-11 
 2.50000000e-01  2.50000000e-01  2.50000000e-01  2.63148143e-11 
 2.60000000e-01  2.60000000e-01  2.60000000e-01  2.67549561e-11 
 2.70000000e-01  2.70000000e-01  2.70000000e-01  2.71926273e-11 
 2.80000000e-01  2.80000000e-01  2.80000000e-01  2.76281401e-11 
 2.90000000e-01  2.90000000e-01  2.90000000e-01  2.80617651e-11 
 3.00000000e-01  3.00000000e-01  3.00000000e-01  2.84937186e-11 
 3.10000000e-01  3.10000000e-01  3.10000000e-01  2.89242202e-11 
 3.20000000e-01  3.20000000e-01  3.20000000e-01  2.93534376e-11 
 3.30000000e-01  3.30000000e-01  3.30000000e-01  2.97815313e-11 
 3.40000000e-01  3.40000000e-01  3.40000000e-01  3.02086517e-11 
 3.50000000e-01  3.50000000e-01  3.50000000e-01  3.06349042e-11 
 3.60000000e-01  3.60000000e-01  3.60000000e-01  3.10604199e-11 
 3.70000000e-01  3.70000000e-01  3.70000000e-01  3.14852935e-11 
 3.80000000e-01  3.80000000e-01  3.80000000e-01  3.19096197e-11 
 3.90000000e-01  3.90000000e-01  3.90000000e-01  3.23334843e-11 
 4.00000000e-01  4.00000000e-01  4.00000000e-01  3.27569672e-11 
 4.10000000e-01  4.10000000e-01  4.10000000e-01  3.31801390e-11 
 4.20000000e-01  4.20000000e-01  4.20000000e-01  3.36030500e-11 
 4.30000000e-01  4.30000000e-01  4.30000000e-01  3.40257964e-11 
 4.40000000e-01  4.40000000e-01  4.40000000e-01  3.44483950e-11 
 4.50000000e-01  4.50000000e-01  4.50000000e-01  3.48709272e-11 
 4.60000000e-01  4.60000000e-01  4.60000000e-01  3.52934274e-11 
 4.70000000e-01  4.70000000e-01  4.70000000e-01  3.57159443e-11 
 4.80000000e-01  4.80000000e-01  4.80000000e-01  3.61385162e-11 
 4.90000000e-01  4.90000000e-01  4.90000000e-01  3.65611945e-11 
 5.00000000e-01  5.00000000e-01  5.00000000e-01  3.69840107e-11 
 5.10000000e-01  5.10000000e-01  5.10000000e-01  3.74070086e-11 
 5.20000000e-01  5.20000000e-01  5.20000000e-01  3.78302208e-11 
 5.30000000e-01  5.30000000e-01  5.30000000e-01  3.82536707e-11 
 5.40000000e-01  5.40000000e-01  5.40000000e-01  3.86774121e-11 
 5.50000000e-01  5.50000000e-01  5.50000000e-01  3.91014695e-11 
 5.60000000e-01  5.60000000e-01  5.60000000e-01  3.95258829e-11 
 5.70000000e-01  5.70000000e-01  5.70000000e-01  3.99506688e-11 
 5.80000000e-01  5.80000000e-01  5.80000000e-01  4.03758681e-11 
 5.90000000e-01  5.90000000e-01  5.90000000e-01  4.08015316e-11 
 6.00000000e-01  6.00000000e-01  6.00000000e-01  4.12276737e-11 
 6.10000000e-01  6.10000000e-01  6.10000000e-01  4.16543295e-11 
 6.20000000e-01  6.20000000e-01  6.20000000e-01  4.20815497e-11 
 6.30000000e-01  6.30000000e-01  6.30000000e-01  4.25093620e-11 
 6.40000000e-01  6.40000000e-01  6.40000000e-01  4.29378171e-11 
 6.50000000e-01  6.50000000e-01  6.50000000e-01  4.33669477e-11 
 6.60000000e-01  6.60000000e-01  6.60000000e-01  4.37967995e-11 
 6.70000000e-01  6.70000000e-01  6.70000000e-01  4.42274210e-11 
 6.80000000e-01  6.80000000e-01  6.80000000e-01  4.46588533e-11 
 6.90000000e-01  6.90000000e-01  6.90000000e-01  4.50911804e-11 
 7.00000000e-01  7.00000000e-01  7.00000000e-01  4.55243968e-11 
 7.10000000e-01  7.10000000e-01  7.10000000e-01  4.59586028e-11 
 7.20000000e-01  7.20000000e-01  7.20000000e-01  4.63938574e-11 
 7.30000000e-01  7.30000000e-01  7.30000000e-01  4.68301903e-11 
 7.40000000e-01  7.40000000e-01  7.40000000e-01  4.72677025e-11 
 7.50000000e-01  7.50000000e-01  7.50000000e-01  4.77064428e-11 
 7.60000000e-01  7.60000000e-01  7.60000000e-01  4.81464906e-11 
 7.70000000e-01  7.70000000e-01  7.70000000e-01  4.85879050e-11 
 7.80000000e-01  7.80000000e-01  7.80000000e-01  4.90307797e-11 
 7.90000000e-01  7.90000000e-01  7.90000000e-01  4.94751735e-11 
 8.00000000e-01  8.00000000e-01  8.00000000e-01  4.99211895e-11 
 8.10000000e-01  8.10000000e-01  8.10000000e-01  5.03689132e-11 
 8.20000000e-01  8.20000000e-01  8.20000000e-01  5.08184276e-11 
 8.30000000e-01  8.30000000e-01  8.30000000e-01  5.12698278e-11 
 8.40000000e-01  8.40000000e-01  8.40000000e-01  5.17232357e-11 
 8.50000000e-01  8.50000000e-01  8.50000000e-01  5.21787440e-11 
 8.60000000e-01  8.60000000e-01  8.60000000e-01  5.26364589e-11 
 8.70000000e-01  8.70000000e-01  8.70000000e-01  5.30965110e-11 
 8.80000000e-01  8.80000000e-01  8.80000000e-01  5.35589966e-11 
 8.90000000e-01  8.90000000e-01  8.90000000e-01  5.40240960e-11 
 9.00000000e-01  9.00000000e-01  9.00000000e-01  5.44918983e-11 
 9.10000000e-01  9.10000000e-01  9.10000000e-01  5.49625784e-11 
 9.20000000e-01  9.20000000e-01  9.20000000e-01  5.54362899e-11 
 9.30000000e-01  9.30000000e-01  9.30000000e-01  5.59131830e-11 
 9.40000000e-01  9.40000000e-01  9.40000000e-01  5.63934310e-11 
 9.50000000e-01  9.50000000e-01  9.50000000e-01  5.68772231e-11 
 9.60000000e-01  9.60000000e-01  9.60000000e-01  5.73647521e-11 
 9.70000000e-01  9.70000000e-01  9.70000000e-01  5.78562100e-11 
 9.80000000e-01  9.80000000e-01  9.80000000e-01  5.83518332e-11 
 9.90000000e-01  9.90000000e-01  9.90000000e-01  5.88518402e-11 
 1.00000000e+00  1.00000000e+00  1.00000000e+00  5.93564671e-11 
 1.01000000e+00  1.01000000e+00  1.01000000e+00  5.98659636e-11 
 1.02000000e+00  1.02000000e+00  1.02000000e+00  6.03806188e-11 
 1.03000000e+00  1.03000000e+00  1.03000000e+00  6.09007089e-11 
 1.04000000e+00  1.04000000e+00  1.04000000e+00  6.14265213e-11 
 1.05000000e+00  1.05000000e+00  1.05000000e+00  6.19583912e-11 
 1.06000000e+00  1.06000000e+00  1.06000000e+00  6.24966500e-11 
 1.07000000e+00  1.07000000e+00  1.07000000e+00  6.30416439e-11 
 1.08000000e+00  1.08000000e+00  1.08000000e+00  6.35937641e-11 
 1.09000000e+00  1.09000000e+00  1.09000000e+00  6.41533786e-11 
 1.10000000e+00  1.10000000e+00  1.10000000e+00  6.47209319e-11 
 1.11000000e+00  1.11000000e+00  1.11000000e+00  6.52968282e-11 
 1.12000000e+00  1.12000000e+00  1.12000000e+00  6.58815566e-11 
 1.13000000e+00  1.13000000e+00  1.13000000e+00  6.64756177e-11 
 1.14000000e+00  1.14000000e+00  1.14000000e+00  6.70794804e-11 
 1.15000000e+00  1.15000000e+00  1.15000000e+00  6.76937259e-11 
 1.16000000e+00  1.16000000e+00  1.16000000e+00  6.83189046e-11 
 1.17000000e+00  1.17000000e+00  1.17000000e+00  6.89556245e-11 
 1.18000000e+00  1.18000000e+00  1.18000000e+00  6.96045170e-11 
 1.19000000e+00  1.19000000e+00  1.19000000e+00  7.02662300e-11 
 1.20000000e+00  1.20000000e+00  1.20000000e+00  7.09414605e-11 
 1.21000000e+00  1.21000000e+00  1.21000000e+00  7.16309582e-11 
 1.22000000e+00  1.22000000e+00  1.22000000e+00  7.23354930e-11 
 1.23000000e+00  1.23000000e+00  1.23000000e+00  7.30558617e-11 
 1.24000000e+00  1.24000000e+00  1.24000000e+00  7.37929262e-11 
 1.25000000e+00  1.25000000e+00  1.25000000e+00  7.45475624e-11 
 1.26000000e+00  1.26000000e+00  1.26000000e+00  7.53207340e-11 
 1.27000000e+00  1.27000000e+00  1.27000000e+00  7.61134095e-11 
 1.28000000e+00  1.28000000e+00  1.28000000e+00  7.69266084e-11 
 1.29000000e+00  1.29000000e+00  1.29000000e+00  7.77614445e-11 
 1.30000000e+00  1.30000000e+00  1.30000000e+00  7.86190495e-11 
 1.31000000e+00  1.31000000e+00  1.31000000e+00  7.95005890e-11 
 1.32000000e+00  1.32000000e+00  1.32000000e+00  8.04073548e-11 
 1.33000000e+00  1.33000000e+00  1.33000000e+00  8.13406407e-11 
 1.34000000e+00  1.34000000e+00  1.34000000e+00  8.23017972e-11 
 1.35000000e+00  1.35000000e+00  1.35000000e+00  8.32923254e-11 
 1.36000000e+00  1.36000000e+00  1.36000000e+00  8.43136956e-11 
 1.37000000e+00  1.37000000e+00  1.37000000e+00  8.53675141e-11 
 1.38000000e+00  1.38000000e+00  1.38000000e+00  8.64554200e-11 
 1.39000000e+00  1.39000000e+00  1.39000000e+00  8.75791839e-11 
 1.40000000e+00  1.40000000e+00  1.40000000e+00  8.87406435e-11 
 1.41000000e+00  1.41000000e+00  1.41000000e+00  8.99416903e-11 
 1.42000000e+00  1.42000000e+00  1.42000000e+00  9.11843481e-11 
 1.43000000e+00  1.43000000e+00  1.43000000e+00  9.24707232e-11 
 1.44000000e+00  1.44000000e+00  1.44000000e+00  9.38030487e-11 
 1.45000000e+00  1.45000000e+00  1.45000000e+00  9.51836124e-11 
 1.46000000e+00  1.46000000e+00  1.46000000e+00  9.66148606e-11 
 1.47000000e+00  1.47000000e+00  1.47000000e+00  9.80993749e-11 
 1.48000000e+00  1.48000000e+00  1.48000000e+00  9.96397740e-11 
 1.49000000e+00  1.49000000e+00  1.49000000e+00  1.01238913e-10 
 1.50000000e+00  1.50000000e+00  1.50000000e+00  1.02899725e-10 
 1.51000000e+00  1.51000000e+00  1.51000000e+00  1.04625289e-10 
 1.52000000e+00  1.52000000e+00  1.52000000e+00  1.06418891e-10 
 1.53000000e+00  1.53000000e+00  1.53000000e+00  1.08283887e-10 
 1.54000000e+00  1.54000000e+00  1.54000000e+00  1.10223880e-10 
 1.55000000e+00  1.55000000e+00  1.55000000e+00  1.12242604e-10 
 1.56000000e+00  1.56000000e+00  1.56000000e+00  1.14344014e-10 
 1.57000000e+00  1.57000000e+00  1.57000000e+00  1.16532251e-10 
 1.58000000e+00  1.58000000e+00  1.58000000e+00  1.18811637e-10 
 1.59000000e+00  1.59000000e+00  1.59000000e+00  1.21186747e-10 
 1.60000000e+00  1.60000000e+00  1.60000000e+00  1.23662365e-10 
 1.61000000e+00  1.61000000e+00  1.61000000e+00  1.26243503e-10 
 1.62000000e+00  1.62000000e+00  1.62000000e+00  1.28935475e-10 
 1.63000000e+00  1.63000000e+00  1.63000000e+00  1.31743814e-10 
 1.64000000e+00  1.64000000e+00  1.64000000e+00  1.34674362e-10 
 1.65000000e+00  1.65000000e+00  1.65000000e+00  1.37733232e-10 
 1.66000000e+00  1.66000000e+00  1.66000000e+00  1.40926865e-10 
 1.67000000e+00  1.67000000e+00  1.67000000e+00  1.44262045e-10 
 1.68000000e+00  1.68000000e+00  1.68000000e+00  1.47745804e-10 
 1.69000000e+00  1.69000000e+00  1.69000000e+00  1.51385674e-10 
 1.70000000e+00  1.70000000e+00  1.70000000e+00  1.55189487e-10 
 1.71000000e+00  1.71000000e+00  1.71000000e+00  1.59165468e-10 
 1.72000000e+00  1.72000000e+00  1.72000000e+00  1.63322299e-10 
 1.73000000e+00  1.73000000e+00  1.73000000e+00  1.67669058e-10 
 1.74000000e+00  1.74000000e+00  1.74000000e+00  1.72215338e-10 
 1.75000000e+00  1.75000000e+00  1.75000000e+00  1.76971158e-10 
 1.76000000e+00  1.76000000e+00  1.76000000e+00  1.81947120e-10 
 1.77000000e+00  1.77000000e+00  1.77000000e+00  1.87154345e-10 
 1.78000000e+00  1.78000000e+00  1.78000000e+00  1.92604430e-10 
 1.79000000e+00  1.79000000e+00  1.79000000e+00  1.98309726e-10 
 1.80000000e+00  1.80000000e+00  1.80000000e+00  2.04283053e-10 
 1.81000000e+00  1.81000000e+00  1.81000000e+00  2.10538014e-10 
 1.82000000e+00  1.82000000e+00  1.82000000e+00  2.17088825e-10 
 1.83000000e+00  1.83000000e+00  1.83000000e+00  2.23950431e-10 
 1.84000000e+00  1.84000000e+00  1.84000000e+00  2.31138617e-10 
 1.85000000e+00  1.85000000e+00  1.85000000e+00  2.38669875e-10 
 1.86000000e+00  1.86000000e+00  1.86000000e+00  2.46561605e-10 
 1.87000000e+00  1.87000000e+00  1.87000000e+00  2.54832061e-10 
 1.88000000e+00  1.88000000e+00  1.88000000e+00  2.63500412e-10 
 1.89000000e+00  1.89000000e+00  1.89000000e+00  2.72586882e-10 
 1.90000000e+00  1.90000000e+00  1.90000000e+00  2.82112649e-10 
 1.91000000e+00  1.91000000e+00  1.91000000e+00  2.92100010e-10 
 1.92000000e+00  1.92000000e+00  1.92000000e+00  3.02572376e-10 
 1.93000000e+00  1.93000000e+00  1.93000000e+00  3.13554367e-10 
 1.94000000e+00  1.94000000e+00  1.94000000e+00  3.25071866e-10 
 1.95000000e+00  1.95000000e+00  1.95000000e+00  3.37152073e-10 
 1.96000000e+00  1.96000000e+00  1.96000000e+00  3.49823573e-10 
 1.97000000e+00  1.97000000e+00  1.97000000e+00  3.63116377e-10 
 1.98000000e+00  1.98000000e+00  1.98000000e+00  3.77062099e-10 
 1.99000000e+00  1.99000000e+00  1.99000000e+00  3.91693886e-10 
 2.00000000e+00  2.00000000e+00  2.00000000e+00  4.07046655e-10 
 2.01000000e+00  2.01000000e+00  2.01000000e+00  4.23157036e-10 
 2.02000000e+00  2.02000000e+00  2.02000000e+00  4.40063602e-10 
 2.03000000e+00  2.03000000e+00  2.03000000e+00  4.57806790e-10 
 2.04000000e+00  2.04000000e+00  2.04000000e+00  4.76429233e-10 
 2.05000000e+00  2.05000000e+00  2.05000000e+00  4.95975607e-10 
 2.06000000e+00  2.06000000e+00  2.06000000e+00  5.16492986e-10 
 2.07000000e+00  2.07000000e+00  2.07000000e+00  5.38030747e-10 
 2.08000000e+00  2.08000000e+00  2.08000000e+00  5.60640888e-10 
 2.09000000e+00  2.09000000e+00  2.09000000e+00  5.84378005e-10 
 2.10000000e+00  2.10000000e+00  2.10000000e+00  6.09299470e-10 
 2.11000000e+00  2.11000000e+00  2.11000000e+00  6.35465611e-10 
 2.12000000e+00  2.12000000e+00  2.12000000e+00  6.62939893e-10 
 2.13000000e+00  2.13000000e+00  2.13000000e+00  6.91788945e-10 
 2.14000000e+00  2.14000000e+00  2.14000000e+00  7.22082803e-10 
 2.15000000e+00  2.15000000e+00  2.15000000e+00  7.53895153e-10 
 2.16000000e+00  2.16000000e+00  2.16000000e+00  7.87303426e-10 
 2.17000000e+00  2.17000000e+00  2.17000000e+00  8.22388991e-10 
 2.18000000e+00  2.18000000e+00  2.18000000e+00  8.59237406e-10 
 2.19000000e+00  2.19000000e+00  2.19000000e+00  8.97938608e-10 
 2.20000000e+00  2.20000000e+00  2.20000000e+00  9.38587157e-10 
 2.21000000e+00  2.21000000e+00  2.21000000e+00  9.81282470e-10 
 2.22000000e+00  2.22000000e+00  2.22000000e+00  1.02612904e-09 
 2.23000000e+00  2.23000000e+00  2.23000000e+00  1.07323671e-09 
 2.24000000e+00  2.24000000e+00  2.24000000e+00  1.12272101e-09 
 2.25000000e+00  2.25000000e+00  2.25000000e+00  1.17470337e-09 
 2.26000000e+00  2.26000000e+00  2.26000000e+00  1.22931151e-09 
 2.27000000e+00  2.27000000e+00  2.27000000e+00  1.28667960e-09 
 2.28000000e+00  2.28000000e+00  2.28000000e+00  1.34694884e-09 
 2.29000000e+00  2.29000000e+00  2.29000000e+00  1.41026768e-09 
 2.30000000e+00  2.30000000e+00  2.30000000e+00  1.47679212e-09 
 2.31000000e+00  2.31000000e+00  2.31000000e+00  1.54668636e-09 
 2.32000000e+00  2.32000000e+00  2.32000000e+00  1.62012292e-09 
 2.33000000e+00  2.33000000e+00  2.33000000e+00  1.69728324e-09 
 2.34000000e+00  2.34000000e+00  2.34000000e+00  1.77835822e-09 
 2.35000000e+00  2.35000000e+00  2.35000000e+00  1.86354853e-09 
 2.36000000e+00  2.36000000e+00  2.36000000e+00  1.95306525e-09 
 2.37000000e+00  2.37000000e+00  2.37000000e+00  2.04713032e-09 
 2.38000000e+00  2.38000000e+00  2.38000000e+00  2.14597721e-09 
 2.39000000e+00  2.39000000e+00  2.39000000e+00  2.24985148e-09 
 2.40000000e+00  2.40000000e+00  2.40000000e+00  2.35901136e-09 
 2.41000000e+00  2.41000000e+00  2.41000000e+00  2.47372839e-09 
 2.42000000e+00  2.42000000e+00  2.42000000e+00  2.59428834e-09 
 2.43000000e+00  2.43000000e+00  2.43000000e+00  2.72099166e-09 
 2.44000000e+00  2.44000000e+00  2.44000000e+00  2.85415434e-09 
 2.45000000e+00  2.45000000e+00  2.45000000e+00  2.99410890e-09 
 2.46000000e+00  2.46000000e+00  2.46000000e+00  3.14120491e-09 
 2.47000000e+00  2.47000000e+00  2.47000000e+00  3.29581017e-09 
 2.48000000e+00  2.48000000e+00  2.48000000e+00  3.45831147e-09 
 2.49000000e+00  2.49000000e+00  2.49000000e+00  3.62911569e-09 
 2.50000000e+00  2.50000000e+00  2.50000000e+00  3.80865077e-09 
 2.51000000e+00  2.51000000e+00  2.51000000e+00  3.99736673e-09 
 2.52000000e+00  2.52000000e+00  2.52000000e+00  4.19573693e-09 
 2.53000000e+00  2.53000000e+00  2.53000000e+00  4.40425911e-09 
 2.54000000e+00  2.54000000e+00  2.54000000e+00  4.62345681e-09 
 2.55000000e+00  2.55000000e+00  2.55000000e+00  4.85388041e-09 
 2.56000000e+00  2.56000000e+00  2.56000000e+00  5.09610876e-09 
 2.57000000e+00  2.57000000e+00  2.57000000e+00  5.35075032e-09 
 2.58000000e+00  2.58000000e+00  2.58000000e+00  5.61844478e-09 
 2.59000000e+00  2.59000000e+00  2.59000000e+00  5.89986466e-09 
 2.60000000e+00  2.60000000e+00  2.60000000e+00  6.19571659e-09 
 2.61000000e+00  2.61000000e+00  2.61000000e+00  6.50674333e-09 
 2.62000000e+00  2.62000000e+00  2.62000000e+00  6.83372517e-09 
 2.63000000e+00  2.63000000e+00  2.63000000e+00  7.17748192e-09 
 2.64000000e+00  2.64000000e+00  2.64000000e+00  7.53887455e-09 
 2.65000000e+00  2.65000000e+00  2.65000000e+00  7.91880727e-09 
 2.66000000e+00  2.66000000e+00  2.66000000e+00  8.31822923e-09 
 2.67000000e+00  2.67000000e+00  2.67000000e+00  8.73813671e-09 
 2.68000000e+00  2.68000000e+00  2.68000000e+00  9.17957508e-09 
 2.69000000e+00  2.69000000e+00  2.69000000e+00  9.64364088e-09 
 2.70000000e+00  2.70000000e+00  2.70000000e+00  1.01314840e-08 
 2.71000000e+00  2.71000000e+00  2.71000000e+00  1.06443098e-08 
 2.72000000e+00  2.72000000e+00  2.72000000e+00  1.11833812e-08 
 2.73000000e+00  2.73000000e+00  2.73000000e+00  1.17500212e-08 
 2.74000000e+00  2.74000000e+00  2.74000000e+00  1.23456147e-08 
 2.75000000e+00  2.75000000e+00  2.75000000e+00  1.29716113e-08 
 2.76000000e+00  2.76000000e+00  2.76000000e+00  1.36295266e-08 
 2.77000000e+00  2.77000000e+00  2.77000000e+00  1.43209456e-08 
 2.78000000e+00  2.78000000e+00  2.78000000e+00  1.50475239e-08 
 2.79000000e+00  2.79000000e+00  2.79000000e+00  1.58109900e-08 
 2.80000000e+00  2.80000000e+00  2.80000000e+00  1.66131480e-08 
 2.81000000e+00  2.81000000e+00  2.81000000e+00  1.74558788e-08 
 2.82000000e+00  2.82000000e+00  2.82000000e+00  1.83411422e-08 
 2.83000000e+00  2.83000000e+00  2.83000000e+00  1.92709790e-08 
 2.84000000e+00  2.84000000e+00  2.84000000e+00  2.02475122e-08 
 2.85000000e+00  2.85000000e+00  2.85000000e+00  2.12729486e-08 
 2.86000000e+00  2.86000000e+00  2.86000000e+00  2.23495801e-08 
 2.87000000e+00  2.87000000e+00  2.87000000e+00  2.34797847e-08 
 2.88000000e+00  2.88000000e+00  2.88000000e+00  2.46660272e-08 
 2.89000000e+00  2.89000000e+00  2.89000000e+00  2.59108600e-08 
 2.90000000e+00  2.90000000e+00  2.90000000e+00  2.72169231e-08 
 2.91000000e+00  2.91000000e+00  2.91000000e+00  2.85869439e-08 
 2.92000000e+00  2.92000000e+00  2.92000000e+00  3.00237375e-08 
 2.93000000e+00  2.93000000e+00  2.93000000e+00  3.15302047e-08 
 2.94000000e+00  2.94000000e+00  2.94000000e+00  3.31093320e-08 
 2.95000000e+00  2.95000000e+00  2.95000000e+00  3.47641891e-08 
 2.96000000e+00  2.96000000e+00  2.96000000e+00  3.64979272e-08 
 2.97000000e+00  2.97000000e+00  2.97000000e+00  3.83137763e-08 
 2.98000000e+00  2.98000000e+00  2.98000000e+00  4.02150424e-08 
 2.99000000e+00  2.99000000e+00  2.99000000e+00  4.22051034e-08 
 3.00000000e+00  3.00000000e+00  3.00000000e+00  4.42874058e-08 
 3.01000000e+00  3.01000000e+00  3.01000000e+00  4.64654592e-08 
 3.02000000e+00  3.02000000e+00  3.02000000e+00  4.87428318e-08 
 3.03000000e+00  3.03000000e+00  3.03000000e+00  5.11231447e-08 
 3.04000000e+00  3.04000000e+00  3.04000000e+00  5.36100651e-08 
 3.05000000e+00  3.05000000e+00  3.05000000e+00  5.62073004e-08 
 3.06000000e+00  3.06000000e+00  3.06000000e+00  5.89185905e-08 
 3.07000000e+00  3.07000000e+00  3.07000000e+00  6.17477002e-08 
 3.08000000e+00  3.08000000e+00  3.08000000e+00  6.46984110e-08 
 3.09000000e+00  3.09000000e+00  3.09000000e+00  6.77745129e-08 
 3.10000000e+00  3.10000000e+00  3.10000000e+00  7.09797952e-08 
 3.11000000e+00  3.11000000e+00  3.11000000e+00  7.43180375e-08 
 3.12000000e+00  3.12000000e+00  3.12000000e+00  7.77930000e-08 
 3.13000000e+00  3.13000000e+00  3.13000000e+00  8.14084143e-08 
 3.14000000e+00  3.14000000e+00  3.14000000e+00  8.51679730e-08 
 3.15000000e+00  3.15000000e+00  3.15000000e+00  8.90753206e-08 
 3.16000000e+00  3.16000000e+00  3.16000000e+00  9.31340428e-08 
 3.17000000e+00  3.17000000e+00  3.17000000e+00  9.73476573e-08 
 3.18000000e+00  3.18000000e+00  3.18000000e+00  1.01719604e-07 
 3.19000000e+00  3.19000000e+00  3.19000000e+00  1.06253236e-07 
 3.20000000e+00  3.20000000e+00  3.20000000e+00  1.10951808e-07 
 3.21000000e+00  3.21000000e+00  3.21000000e+00  1.15818473e-07 
 3.22000000e+00  3.22000000e+00  3.22000000e+00  1.20856267e-07 
 3.23000000e+00  3.23000000e+00  3.23000000e+00  1.26068106e-07 
 3.24000000e+00  3.24000000e+00  3.24000000e+00  1.31456777e-07 
 3.25000000e+00  3.25000000e+00  3.25000000e+00  1.37024932e-07 
 3.26000000e+00  3.26000000e+00  3.26000000e+00  1.42775079e-07 
 3.27000000e+00  3.27000000e+00  3.27000000e+00  1.48709580e-07 
 3.28000000e+00  3.28000000e+00  3.28000000e+00  1.54830644e-07 
 3.29000000e+00  3.29000000e+00  3.29000000e+00  1.61140325e-07 
 3.30000000e+00  3.30000000e+00  3.30000000e+00  1.67640516e-07 
 3.31000000e+00  3.31000000e+00  3.31000000e+00  1.74332948e-07 
 3.32000000e+00  3.32000000e+00  3.32000000e+00  1.81219187e-07 
 3.33000000e+00  3.33000000e+00  3.33000000e+00  1.88300634e-07 
 3.34000000e+00  3.34000000e+00  3.34000000e+00  1.95578523e-07 
 3.35000000e+00  3.35000000e+00  3.35000000e+00  2.03053923e-07 
 3.36000000e+00  3.36000000e+00  3.36000000e+00  2.10727737e-07 
 3.37000000e+00  3.37000000e+00  3.37000000e+00  2.18600705e-07 
 3.38000000e+00  3.38000000e+00  3.38000000e+00  2.26673406e-07 
 3.39000000e+00  3.39000000e+00  3.39000000e+00  2.34946258e-07 
 3.40000000e+00  3.40000000e+00  3.40000000e+00  2.43419525e-07 
 3.41000000e+00  3.41000000e+00  3.41000000e+00  2.52093318e-07 
 3.42000000e+00  3.42000000e+00  3.42000000e+00  2.60967599e-07 
 3.43000000e+00  3.43000000e+00  3.43000000e+00  2.70042188e-07 
 3.44000000e+00  3.44000000e+00  3.44000000e+00  2.79316764e-07 
 3.45000000e+00  3.45000000e+00  3.45000000e+00  2.88790873e-07 
 3.46000000e+00  3.46000000e+00  3.46000000e+00  2.98463932e-07 
 3.47000000e+00  3.47000000e+00  3.47000000e+00  3.08335233e-07 
 3.48000000e+00  3.48000000e+00  3.48000000e+00  3.18403952e-07 
 3.49000000e+00  3.49000000e+00  3.49000000e+00  3.28669151e-07 
 3.50000000e+00  3.50000000e+00  3.50000000e+00  3.39129787e-07 
 3.51000000e+00  3.51000000e+00  3.51000000e+00  3.49784716e-07 
 3.52000000e+00  3.52000000e+00  3.52000000e+00  3.60632699e-07 
 3.53000000e+00  3.53000000e+00  3.53000000e+00  3.71672406e-07 
 3.54000000e+00  3.54000000e+00  3.54000000e+00  3.82902426e-07 
 3.55000000e+00  3.55000000e+00  3.55000000e+00  3.94321268e-07 
 3.56000000e+00  3.56000000e+00  3.56000000e+00  4.05927371e-07 
 3.57000000e+00  3.57000000e+00  3.57000000e+00  4.17719105e-07 
 3.58000000e+00  3.58000000e+00  3.58000000e+00  4.29694779e-07 
 3.59000000e+00  3.59000000e+00  3.59000000e+00  4.41852645e-07 
 3.60000000e+00  3.60000000e+00  3.60000000e+00  4.54190904e-07 
 3.61000000e+00  3.61000000e+00  3.61000000e+00  4.66707708e-07 
 3.62000000e+00  3.62000000e+00  3.62000000e+00  4.79401169e-07 
 3.63000000e+00  3.63000000e+00  3.63000000e+00  4.92269358e-07 
 3.64000000e+00  3.64000000e+00  3.64000000e+00  5.05310316e-07 
 3.65000000e+00  3.65000000e+00  3.65000000e+00  5.18522050e-07 
 3.66000000e+00  3.66000000e+00  3.66000000e+00  5.31902543e-07 
 3.67000000e+00  3.67000000e+00  3.67000000e+00  5.45449754e-07 
 3.68000000e+00  3.68000000e+00  3.68000000e+00  5.59161626e-07 
 3.69000000e+00  3.69000000e+00  3.69000000e+00  5.73036080e-07 
 3.70000000e+00  3.70000000e+00  3.70000000e+00  5.87071030e-07 
 3.71000000e+00  3.71000000e+00  3.71000000e+00  6.01264376e-07 
 3.72000000e+00  3.72000000e+00  3.72000000e+00  6.15614011e-07 
 3.73000000e+00  3.73000000e+00  3.73000000e+00  6.30117824e-07 
 3.74000000e+00  3.74000000e+00  3.74000000e+00  6.44773699e-07 
 3.75000000e+00  3.75000000e+00  3.75000000e+00  6.59579522e-07 
 3.76000000e+00  3.76000000e+00  3.76000000e+00  6.74533176e-07 
 3.77000000e+00  3.77000000e+00  3.77000000e+00  6.89632551e-07 
 3.78000000e+00  3.78000000e+00  3.78000000e+00  7.04875540e-07 
 3.79000000e+00  3.79000000e+00  3.79000000e+00  7.20260040e-07 
 3.80000000e+00  3.80000000e+00  3.80000000e+00  7.35783959e-07 
 3.81000000e+00  3.81000000e+00  3.81000000e+00  7.51445212e-07 
 3.82000000e+00  3.82000000e+00  3.82000000e+00  7.67241722e-07 
 3.83000000e+00  3.83000000e+00  3.83000000e+00  7.83171427e-07 
 3.84000000e+00  3.84000000e+00  3.84000000e+00  7.99232272e-07 
 3.85000000e+00  3.85000000e+00  3.85000000e+00  8.15422218e-07 
 3.86000000e+00  3.86000000e+00  3.86000000e+00  8.31739237e-07 
 3.87000000e+00  3.87000000e+00  3.87000000e+00  8.48181316e-07 
 3.88000000e+00  3.88000000e+00  3.88000000e+00  8.64746457e-07 
 3.89000000e+00  3.89000000e+00  3.89000000e+00  8.81432675e-07 
 3.90000000e+00  3.90000000e+00  3.90000000e+00  8.98238001e-07 
 3.91000000e+00  3.91000000e+00  3.91000000e+00  9.15160482e-07 
 3.92000000e+00  3.92000000e+00  3.92000000e+00  9.32198179e-07 
 3.93000000e+00  3.93000000e+00  3.93000000e+00  9.49349171e-07 
 3.94000000e+00  3.94000000e+00  3.94000000e+00  9.66611552e-07 
 3.95000000e+00  3.95000000e+00  3.95000000e+00  9.83983430e-07 
 3.96000000e+00  3.96000000e+00  3.96000000e+00  1.00146293e-06 
 3.97000000e+00  3.97000000e+00  3.97000000e+00  1.01904820e-06 
 3.98000000e+00  3.98000000e+00  3.98000000e+00  1.03673739e-06 
 3.99000000e+00  3.99000000e+00  3.99000000e+00  1.05452868e-06 
 4.00000000e+00  4.00000000e+00  4.00000000e+00  1.07242025e-06 
 4.01000000e+00  4.01000000e+00  4.01000000e+00  1.09041031e-06 
 4.02000000e+00  4.02000000e+00  4.02000000e+00  1.10849708e-06 
 4.03000000e+00  4.03000000e+00  4.03000000e+00  1.12667879e-06 
 4.04000000e+00  4.04000000e+00  4.04000000e+00  1.14495369e-06 
 4.05000000e+00  4.05000000e+00  4.05000000e+00  1.16332004e-06 
 4.06000000e+00  4.06000000e+00  4.06000000e+00  1.18177612e-06 
 4.07000000e+00  4.07000000e+00  4.07000000e+00  1.20032022e-06 
 4.08000000e+00  4.08000000e+00  4.08000000e+00  1.21895063e-06 
 4.09000000e+00  4.09000000e+00  4.09000000e+00  1.23766568e-06 
 4.10000000e+00  4.10000000e+00  4.10000000e+00  1.25646369e-06 
 4.11000000e+00  4.11000000e+00  4.11000000e+00  1.27534299e-06 
 4.12000000e+00  4.12000000e+00  4.12000000e+00  1.29430195e-06 
 4.13000000e+00  4.13000000e+00  4.13000000e+00  1.31333891e-06 
 4.14000000e+00  4.14000000e+00  4.14000000e+00  1.33245224e-06 
 4.15000000e+00  4.15000000e+00  4.15000000e+00  1.35164033e-06 
 4.16000000e+00  4.16000000e+00  4.16000000e+00  1.37090156e-06 
 4.17000000e+00  4.17000000e+00  4.17000000e+00  1.39023433e-06 
 4.18000000e+00  4.18000000e+00  4.18000000e+00  1.40963704e-06 
 4.19000000e+00  4.19000000e+00  4.19000000e+00  1.42910809e-06 
 4.20000000e+00  4.20000000e+00  4.20000000e+00  1.44864592e-06 
 4.21000000e+00  4.21000000e+00  4.21000000e+00  1.46824893e-06 
 4.22000000e+00  4.22000000e+00  4.22000000e+00  1.48791556e-06 
 4.23000000e+00  4.23000000e+00  4.23000000e+00  1.50764423e-06 
 4.24000000e+00  4.24000000e+00  4.24000000e+00  1.52743339e-06 
 4.25000000e+00  4.25000000e+00  4.25000000e+00  1.54728146e-06 
 4.26000000e+00  4.26000000e+00  4.26000000e+00  1.56718689e-06 
 4.27000000e+00  4.27000000e+00  4.27000000e+00  1.58714812e-06 
 4.28000000e+00  4.28000000e+00  4.28000000e+00  1.60716358e-06 
 4.29000000e+00  4.29000000e+00  4.29000000e+00  1.62723173e-06 
 4.30000000e+00  4.30000000e+00  4.30000000e+00  1.64735100e-06 
 4.31000000e+00  4.31000000e+00  4.31000000e+00  1.66751982e-06 
 4.32000000e+00  4.32000000e+00  4.32000000e+00  1.68773663e-06 
 4.33000000e+00  4.33000000e+00  4.33000000e+00  1.70799987e-06 
 4.34000000e+00  4.34000000e+00  4.34000000e+00  1.72830795e-06 
 4.35000000e+00  4.35000000e+00  4.35000000e+00  1.74865930e-06 
 4.36000000e+00  4.36000000e+00  4.36000000e+00  1.76905234e-06 
 4.37000000e+00  4.37000000e+00  4.37000000e+00  1.78948547e-06 
 4.38000000e+00  4.38000000e+00  4.38000000e+00  1.80995708e-06 
 4.39000000e+00  4.39000000e+00  4.39000000e+00  1.83046557e-06 
 4.40000000e+00  4.40000000e+00  4.40000000e+00  1.85100932e-06 
 4.41000000e+00  4.41000000e+00  4.41000000e+00  1.87158669e-06 
 4.42000000e+00  4.42000000e+00  4.42000000e+00  1.89219603e-06 
 4.43000000e+00  4.43000000e+00  4.43000000e+00  1.91283569e-06 
 4.44000000e+00  4.44000000e+00  4.44000000e+00  1.93350399e-06 
 4.45000000e+00  4.45000000e+00  4.45000000e+00  1.95419923e-06 
 4.46000000e+00  4.46000000e+00  4.46000000e+00  1.97491972e-06 
 4.47000000e+00  4.47000000e+00  4.47000000e+00  1.99566372e-06 
 4.48000000e+00  4.48000000e+00  4.48000000e+00  2.01642949e-06 
 4.49000000e+00  4.49000000e+00  4.49000000e+00  2.03721525e-06 
 4.50000000e+00  4.50000000e+00  4.50000000e+00  2.05801922e-06 
 4.51000000e+00  4.51000000e+00  4.51000000e+00  2.07883958e-06 
 4.52000000e+00  4.52000000e+00  4.52000000e+00  2.09967449e-06 
 4.53000000e+00  4.53000000e+00  4.53000000e+00  2.12052209e-06 
 4.54000000e+00  4.54000000e+00  4.54000000e+00  2.14138049e-06 
 4.55000000e+00  4.55000000e+00  4.55000000e+00  2.16224775e-06 
 4.56000000e+00  4.56000000e+00  4.56000000e+00  2.18312193e-06 
 4.57000000e+00  4.57000000e+00  4.57000000e+00  2.20400105e-06 
 4.58000000e+00  4.58000000e+00  4.58000000e+00  2.22488308e-06 
 4.59000000e+00  4.59000000e+00  4.59000000e+00  2.24576597e-06 
 4.60000000e+00  4.60000000e+00  4.60000000e+00  2.26664764e-06 
 4.61000000e+00  4.61000000e+00  4.61000000e+00  2.28752596e-06 
 4.62000000e+00  4.62000000e+00  4.62000000e+00  2.30839878e-06 
 4.63000000e+00  4.63000000e+00  4.63000000e+00  2.32926388e-06 
 4.64000000e+00  4.64000000e+00  4.64000000e+00  2.35011904e-06 
 4.65000000e+00  4.65000000e+00  4.65000000e+00  2.37096197e-06 
 4.66000000e+00  4.66000000e+00  4.66000000e+00  2.39179035e-06 
 4.67000000e+00  4.67000000e+00  4.67000000e+00  2.41260183e-06 
 4.68000000e+00  4.68000000e+00  4.68000000e+00  2.43339400e-06 
 4.69000000e+00  4.69000000e+00  4.69000000e+00  2.45416443e-06 
 4.70000000e+00  4.70000000e+00  4.70000000e+00  2.47491064e-06 
 4.71000000e+00  4.71000000e+00  4.71000000e+00  2.49563011e-06 
 4.72000000e+00  4.72000000e+00  4.72000000e+00  2.51632030e-06 
 4.73000000e+00  4.73000000e+00  4.73000000e+00  2.53697862e-06 
 4.74000000e+00  4.74000000e+00  4.74000000e+00  2.55760247e-06 
 4.75000000e+00  4.75000000e+00  4.75000000e+00  2.57818923e-06 
 4.76000000e+00  4.76000000e+00  4.76000000e+00  2.59873623e-06 
 4.77000000e+00  4.77000000e+00  4.77000000e+00  2.61924082e-06 
 4.78000000e+00  4.78000000e+00  4.78000000e+00  2.63970036e-06 
 4.79000000e+00  4.79000000e+00  4.79000000e+00  2.66011219e-06 
 4.80000000e+00  4.80000000e+00  4.80000000e+00  2.68047369e-06 
 4.81000000e+00  4.81000000e+00  4.81000000e+00  2.70078227e-06 
 4.82000000e+00  4.82000000e+00  4.82000000e+00  2.72103542e-06 
 4.83000000e+00  4.83000000e+00  4.83000000e+00  2.74123070e-06 
 4.84000000e+00  4.84000000e+00  4.84000000e+00  2.76136575e-06 
 4.85000000e+00  4.85000000e+00  4.85000000e+00  2.78143838e-06 
 4.86000000e+00  4.86000000e+00  4.86000000e+00  2.80144654e-06 
 4.87000000e+00  4.87000000e+00  4.87000000e+00  2.82138843e-06 
 4.88000000e+00  4.88000000e+00  4.88000000e+00  2.84126245e-06 
 4.89000000e+00  4.89000000e+00  4.89000000e+00  2.86106734e-06 
 4.90000000e+00  4.90000000e+00  4.90000000e+00  2.88080222e-06 
 4.91000000e+00  4.91000000e+00  4.91000000e+00  2.90046662e-06 
 4.92000000e+00  4.92000000e+00  4.92000000e+00  2.92006059e-06 
 4.93000000e+00  4.93000000e+00  4.93000000e+00  2.93958479e-06 
 4.94000000e+00  4.94000000e+00  4.94000000e+00  2.95904058e-06 
 4.95000000e+00  4.95000000e+00  4.95000000e+00  2.97843013e-06 
 4.96000000e+00  4.96000000e+00  4.96000000e+00  2.99775658e-06 
 4.97000000e+00  4.97000000e+00  4.97000000e+00  3.01702410e-06 
 4.98000000e+00  4.98000000e+00  4.98000000e+00  3.03623813e-06 
 4.99000000e+00  4.99000000e+00  4.99000000e+00  3.05540550e-06 
 5.00000000e+00  5.00000000e+00  5.00000000e+00  3.07453466e-06 
 5.01000000e+00  5.01000000e+00  5.01000000e+00  3.09363582e-06 
 5.02000000e+00  5.02000000e+00  5.02000000e+00  3.11272125e-06 
 5.03000000e+00  5.03000000e+00  5.03000000e+00  3.13180547e-06 
 5.04000000e+00  5.04000000e+00  5.04000000e+00  3.15090557e-06 
 5.05000000e+00  5.05000000e+00  5.05000000e+00  3.17004144e-06 
 5.06000000e+00  5.06000000e+00  5.06000000e+00  3.18923615e-06 
 5.07000000e+00  5.07000000e+00  5.07000000e+00  3.20851623e-06 
 5.08000000e+00  5.08000000e+00  5.08000000e+00  3.22791208e-06 
 5.09000000e+00  5.09000000e+00  5.09000000e+00  3.24745840e-06 
 5.10000000e+00  5.10000000e+00  5.10000000e+00  3.26719454e-06 
 5.11000000e+00  5.11000000e+00  5.11000000e+00  3.28716510e-06 
 5.12000000e+00  5.12000000e+00  5.12000000e+00  3.30742037e-06 
 5.13000000e+00  5.13000000e+00  5.13000000e+00  3.32801696e-06 
 5.14000000e+00  5.14000000e+00  5.14000000e+00  3.34901846e-06 
 5.15000000e+00  5.15000000e+00  5.15000000e+00  3.37049614e-06 
 5.16000000e+00  5.16000000e+00  5.16000000e+00  3.39252978e-06 
 5.17000000e+00  5.17000000e+00  5.17000000e+00  3.41520857e-06 
 5.18000000e+00  5.18000000e+00  5.18000000e+00  3.43863215e-06 
 5.19000000e+00  5.19000000e+00  5.19000000e+00  3.46291177e-06 
 5.20000000e+00  5.20000000e+00  5.20000000e+00  3.48817158e-06 
 5.21000000e+00  5.21000000e+00  5.21000000e+00  3.51455010e-06 
 5.22000000e+00  5.22000000e+00  5.22000000e+00  3.54220191e-06 
 5.23000000e+00  5.23000000e+00  5.23000000e+00  3.57129950e-06 
 5.24000000e+00  5.24000000e+00  5.24000000e+00  3.60203542e-06 
 5.25000000e+00  5.25000000e+00  5.25000000e+00  3.63462463e-06 
 5.26000000e+00  5.26000000e+00  5.26000000e+00  3.66930727e-06 
 5.27000000e+00  5.27000000e+00  5.27000000e+00  3.70635160e-06 
 5.28000000e+00  5.28000000e+00  5.28000000e+00  3.74605753e-06 
 5.29000000e+00  5.29000000e+00  5.29000000e+00  3.78876041e-06 
 5.30000000e+00  5.30000000e+00  5.30000000e+00  3.83483536e-06 
 5.31000000e+00  5.31000000e+00  5.31000000e+00  3.88470221e-06 
 5.32000000e+00  5.32000000e+00  5.32000000e+00  3.93883092e-06 
 5.33000000e+00  5.33000000e+00  5.33000000e+00  3.99774777e-06 
 5.34000000e+00  5.34000000e+00  5.34000000e+00  4.06204230e-06 
 5.35000000e+00  5.35000000e+00  5.35000000e+00  4.13237507e-06 
 5.36000000e+00  5.36000000e+00  5.36000000e+00  4.20948641e-06 
 5.37000000e+00  5.37000000e+00  5.37000000e+00  4.29420626e-06 
 5.38000000e+00  5.38000000e+00  5.38000000e+00  4.38746516e-06 
 5.39000000e+00  5.39000000e+00  5.39000000e+00  4.49030670e-06 
 5.40000000e+00  5.40000000e+00  5.40000000e+00  4.60390136e-06 
 5.41000000e+00  5.41000000e+00  5.41000000e+00  4.72956220e-06 
 5.42000000e+00  5.42000000e+00  5.42000000e+00  4.86876238e-06 
 5.43000000e+00  5.43000000e+00  5.43000000e+00  5.02315484e-06 
 5.44000000e+00  5.44000000e+00  5.44000000e+00  5.19459446e-06 
 5.45000000e+00  5.45000000e+00  5.45000000e+00  5.38516288e-06 
 5.46000000e+00  5.46000000e+00  5.46000000e+00  5.59719634e-06 
 5.47000000e+00  5.47000000e+00  5.47000000e+00  5.83331702e-06 
 5.48000000e+00  5.48000000e+00  5.48000000e+00  6.09646812e-06 
 5.49000000e+00  5.49000000e+00  5.49000000e+00  6.38995326e-06 
 5.50000000e+00  5.50000000e+00  5.50000000e+00  6.71748065e-06 
 5.51000000e+00  5.51000000e+00  5.51000000e+00  7.08321268e-06 
 5.52000000e+00  5.52000000e+00  5.52000000e+00  7.49182148e-06 
 5.53000000e+00  5.53000000e+00  5.53000000e+00  7.94855118e-06 
 5.54000000e+00  5.54000000e+00  5.54000000e+00  8.45928770e-06 
 5.55000000e+00  5.55000000e+00  5.55000000e+00  9.03063688e-06 
 5.56000000e+00  5.56000000e+00  5.56000000e+00  9.67001200e-06 
 5.57000000e+00  5.57000000e+00  5.57000000e+00  1.03857316e-05 
 5.58000000e+00  5.58000000e+00  5.58000000e+00  1.11871289e-05 
 5.59000000e+00  5.59000000e+00  5.59000000e+00  1.20846742e-05 
 5.60000000e+00  5.60000000e+00  5.60000000e+00  1.30901110e-05 
 5.61000000e+00  5.61000000e+00  5.61000000e+00  1.42166089e-05 
 5.62000000e+00  5.62000000e+00  5.62000000e+00  1.54789326e-05 
 5.63000000e+00  5.63000000e+00  5.63000000e+00  1.68936311e-05 
 5.64000000e+00  5.64000000e+00  5.64000000e+00  1.84792474e-05 
 5.65000000e+00  5.65000000e+00  5.65000000e+00  2.02565517e-05 
 5.66000000e+00  5.66000000e+00  5.66000000e+00  2.22487990e-05 
 5.67000000e+00  5.67000000e+00  5.67000000e+00  2.44820153e-05 
 5.68000000e+00  5.68000000e+00  5.68000000e+00  2.69853121e-05 
 5.69000000e+00  5.69000000e+00  5.69000000e+00  2.97912332e-05 
 5.70000000e+00  5.70000000e+00  5.70000000e+00  3.29361356e-05 
 5.71000000e+00  5.71000000e+00  5.71000000e+00  3.64606060e-05 
 5.72000000e+00  5.72000000e+00  5.72000000e+00  4.04099150e-05 
 5.73000000e+00  5.73000000e+00  5.73000000e+00  4.48345105e-05 
 5.74000000e+00  5.74000000e+00  5.74000000e+00  4.97905502e-05 
 5.75000000e+00  5.75000000e+00  5.75000000e+00  5.53404745e-05 
 5.76000000e+00  5.76000000e+00  5.76000000e+00  6.15536182e-05 
 5.77000000e+00  5.77000000e+00  5.77000000e+00  6.85068577e-05 
 5.78000000e+00  5.78000000e+00  5.78000000e+00  7.62852919e-05 
 5.79000000e+00  5.79000000e+00  5.79000000e+00  8.49829486e-05 
 5.80000000e+00  5.80000000e+00  5.80000000e+00  9.47035100e-05 
 5.81000000e+00  5.81000000e+00  5.81000000e+00  1.05561044e-04 
 5.82000000e+00  5.82000000e+00  5.82000000e+00  1.17680727e-04 
 5.83000000e+00  5.83000000e+00  5.83000000e+00  1.31199544e-04 
 5.84000000e+00  5.84000000e+00  5.84000000e+00  1.46266933e-04 
 5.85000000e+00  5.85000000e+00  5.85000000e+00  1.63045359e-04 
 5.86000000e+00  5.86000000e+00  5.86000000e+00  1.81710773e-04 
 5.87000000e+00  5.87000000e+00  5.87000000e+00  2.02452934e-04 
 5.88000000e+00  5.88000000e+00  5.88000000e+00  2.25475532e-04 
 5.89000000e+00  5.89000000e+00  5.89000000e+00  2.50996093e-04 
 5.90000000e+00  5.90000000e+00  5.90000000e+00  2.79245595e-04 
 5.91000000e+00  5.91000000e+00  5.91000000e+00  3.10467771e-04 
 5.92000000e+00  5.92000000e+00  5.92000000e+00  3.44918029e-04 
 5.93000000e+00  5.93000000e+00  5.93000000e+00  3.82861984e-04 
 5.94000000e+00  5.94000000e+00  5.94000000e+00  4.24573534e-04 
 5.95000000e+00  5.95000000e+00  5.95000000e+00  4.70332504e-04 
 5.96000000e+00  5.96000000e+00  5.96000000e+00  5.20421829e-04 
 5.97000000e+00  5.97000000e+00  5.97000000e+00  5.75124322e-04 
 5.98000000e+00  5.98000000e+00  5.98000000e+00  6.34719068e-04 
 5.99000000e+00  5.99000000e+00  5.99000000e+00  6.99477528e-04 
 6.00000000e+00  6.00000000e+00  6.00000000e+00  7.69659452e-04 
 6.01000000e+00  6.01000000e+00  6.01000000e+00  8.45508737e-04 
 6.02000000e+00  6.02000000e+00  6.02000000e+00  9.27249382e-04 
 6.03000000e+00  6.03000000e+00  6.03000000e+00  1.01508169e-03 
 6.04000000e+00  6.04000000e+00  6.04000000e+00  1.10917890e-03 
 6.05000000e+00  6.05000000e+00  6.05000000e+00  1.20968440e-03 
 6.06000000e+00  6.06000000e+00  6.06000000e+00  1.31670958e-03 
 6.07000000e+00  6.07000000e+00  6.07000000e+00  1.43033263e-03 
 6.08000000e+00  6.08000000e+00  6.08000000e+00  1.55059801e-03 
 6.09000000e+00  6.09000000e+00  6.09000000e+00  1.67751700e-03 
 6.10000000e+00  6.10000000e+00  6.10000000e+00  1.81106887e-03 
 6.11000000e+00  6.11000000e+00  6.11000000e+00  1.95120300e-03 
 6.12000000e+00  6.12000000e+00  6.12000000e+00  2.09784152e-03 
 6.13000000e+00  6.13000000e+00  6.13000000e+00  2.25088251e-03 
 6.14000000e+00  6.14000000e+00  6.14000000e+00  2.41020350e-03 
 6.15000000e+00  6.15000000e+00  6.15000000e+00  2.57566519e-03 
 6.16000000e+00  6.16000000e+00  6.16000000e+00  2.74711520e-03 
 6.17000000e+00  6.17000000e+00  6.17000000e+00  2.92439175e-03 
 6.18000000e+00  6.18000000e+00  6.18000000e+00  3.10732704e-03 
 6.19000000e+00  6.19000000e+00  6.19000000e+00  3.29575047e-03 
 6.20000000e+00  6.20000000e+00  6.20000000e+00  3.48949142e-03 
 6.21000000e+00  6.21000000e+00  6.21000000e+00  3.68838168e-03 
 6.22000000e+00  6.22000000e+00  6.22000000e+00  3.89225747e-03 
 6.23000000e+00  6.23000000e+00  6.23000000e+00  4.10096112e-03 
 6.24000000e+00  6.24000000e+00  6.24000000e+00  4.31434233e-03 
 6.25000000e+00  6.25000000e+00  6.25000000e+00  4.53225909e-03 
 6.26000000e+00  6.26000000e+00  6.26000000e+00  4.75457840e-03 
 6.27000000e+00  6.27000000e+00  6.27000000e+00  4.98117658e-03 
 6.28000000e+00  6.28000000e+00  6.28000000e+00  5.21193947e-03 
 6.29000000e+00  6.29000000e+00  6.29000000e+00  5.44676244e-03 
 6.30000000e+00  6.30000000e+00  6.30000000e+00  5.68555021e-03 
 6.31000000e+00  6.31000000e+00  6.31000000e+00  5.92821657e-03 
 6.32000000e+00  6.32000000e+00  6.32000000e+00  6.17468403e-03 
 6.33000000e+00  6.33000000e+00  6.33000000e+00  6.42488343e-03 
 6.34000000e+00  6.34000000e+00  6.34000000e+00  6.67875347e-03 
 6.35000000e+00  6.35000000e+00  6.35000000e+00  6.93624023e-03 
 6.36000000e+00  6.36000000e+00  6.36000000e+00  7.19729666e-03 
 6.37000000e+00  6.37000000e+00  6.37000000e+00  7.46188217e-03 
 6.38000000e+00  6.38000000e+00  6.38000000e+00  7.72996208e-03 
 6.39000000e+00  6.39000000e+00  6.39000000e+00  8.00150719e-03 
 6.40000000e+00  6.40000000e+00  6.40000000e+00  8.27649335e-03 
 6.41000000e+00  6.41000000e+00  6.41000000e+00  8.55490105e-03 
 6.42000000e+00  6.42000000e+00  6.42000000e+00  8.83671500e-03 
 6.43000000e+00  6.43000000e+00  6.43000000e+00  9.12192382e-03 
 6.44000000e+00  6.44000000e+00  6.44000000e+00  9.41051963e-03 
 6.45000000e+00  6.45000000e+00  6.45000000e+00  9.70249782e-03 
 6.46000000e+00  6.46000000e+00  6.46000000e+00  9.99785670e-03 
 6.47000000e+00  6.47000000e+00  6.47000000e+00  1.02965973e-02 
 6.48000000e+00  6.48000000e+00  6.48000000e+00  1.05987230e-02 
 6.49000000e+00  6.49000000e+00  6.49000000e+00  1.09042395e-02 
 6.50000000e+00  6.50000000e+00  6.50000000e+00  1.12131545e-02 
 6.51000000e+00  6.51000000e+00  6.51000000e+00  1.15254775e-02 
 6.52000000e+00  6.52000000e+00  6.52000000e+00  1.18412198e-02 
 6.53000000e+00  6.53000000e+00  6.53000000e+00  1.21603942e-02 
 6.54000000e+00  6.54000000e+00  6.54000000e+00  1.24830148e-02 
 6.55000000e+00  6.55000000e+00  6.55000000e+00  1.28090971e-02 
 6.56000000e+00  6.56000000e+00  6.56000000e+00  1.31386577e-02 
 6.57000000e+00  6.57000000e+00  6.57000000e+00  1.34717144e-02 
 6.58000000e+00  6.58000000e+00  6.58000000e+00  1.38082859e-02 
 6.59000000e+00  6.59000000e+00  6.59000000e+00  1.41483919e-02 
 6.60000000e+00  6.60000000e+00  6.60000000e+00  1.44920529e-02 
 6.61000000e+00  6.61000000e+00  6.61000000e+00  1.48392903e-02 
 6.62000000e+00  6.62000000e+00  6.62000000e+00  1.51901260e-02 
 6.63000000e+00  6.63000000e+00  6.63000000e+00  1.55445829e-02 
 6.64000000e+00  6.64000000e+00  6.64000000e+00  1.59026843e-02 
 6.65000000e+00  6.65000000e+00  6.65000000e+00  1.62644543e-02 
 6.66000000e+00  6.66000000e+00  6.66000000e+00  1.66299175e-02 
 6.67000000e+00  6.67000000e+00  6.67000000e+00  1.69990990e-02 
 6.68000000e+00  6.68000000e+00  6.68000000e+00  1.73720245e-02 
 6.69000000e+00  6.69000000e+00  6.69000000e+00  1.77487202e-02 
 6.70000000e+00  6.70000000e+00  6.70000000e+00  1.81292127e-02 
 6.71000000e+00  6.71000000e+00  6.71000000e+00  1.85135291e-02 
 6.72000000e+00  6.72000000e+00  6.72000000e+00  1.89016969e-02 
 6.73000000e+00  6.73000000e+00  6.73000000e+00  1.92937442e-02 
 6.74000000e+00  6.74000000e+00  6.74000000e+00  1.96896994e-02 
 6.75000000e+00  6.75000000e+00  6.75000000e+00  2.00895912e-02 
 6.76000000e+00  6.76000000e+00  6.76000000e+00  2.04934490e-02 
 6.77000000e+00  6.77000000e+00  6.77000000e+00  2.09013022e-02 
 6.78000000e+00  6.78000000e+00  6.78000000e+00  2.13131809e-02 
 6.79000000e+00  6.79000000e+00  6.79000000e+00  2.17291155e-02 
 6.80000000e+00  6.80000000e+00  6.80000000e+00  2.21491367e-02 
 6.81000000e+00  6.81000000e+00  6.81000000e+00  2.25732756e-02 
 6.82000000e+00  6.82000000e+00  6.82000000e+00  2.30015637e-02 
 6.83000000e+00  6.83000000e+00  6.83000000e+00  2.34340329e-02 
 6.84000000e+00  6.84000000e+00  6.84000000e+00  2.38707154e-02 
 6.85000000e+00  6.85000000e+00  6.85000000e+00  2.43116437e-02 
 6.86000000e+00  6.86000000e+00  6.86000000e+00  2.47568508e-02 
 6.87000000e+00  6.87000000e+00  6.87000000e+00  2.52063699e-02 
 6.88000000e+00  6.88000000e+00  6.88000000e+00  2.56602348e-02 
 6.89000000e+00  6.89000000e+00  6.89000000e+00  2.61184795e-02 
 6.90000000e+00  6.90000000e+00  6.90000000e+00  2.65811382e-02 
 6.91000000e+00  6.91000000e+00  6.91000000e+00  2.70482459e-02 
 6.92000000e+00  6.92000000e+00  6.92000000e+00  2.75198374e-02 
 6.93000000e+00  6.93000000e+00  6.93000000e+00  2.79959484e-02 
 6.94000000e+00  6.94000000e+00  6.94000000e+00  2.84766146e-02 
 6.95000000e+00  6.95000000e+00  6.95000000e+00  2.89618721e-02 
 6.96000000e+00  6.96000000e+00  6.96000000e+00  2.94517576e-02 
 6.97000000e+00  6.97000000e+00  6.97000000e+00  2.99463079e-02 
 6.98000000e+00  6.98000000e+00  6.98000000e+00  3.04455603e-02 
 6.99000000e+00  6.99000000e+00  6.99000000e+00  3.09495525e-02 
 7.00000000e+00  7.00000000e+00  7.00000000e+00  3.14583225e-02 
 7.01000000e+00  7.01000000e+00  7.01000000e+00  3.19719086e-02 
 7.02000000e+00  7.02000000e+00  7.02000000e+00  3.24903496e-02 
 7.03000000e+00  7.03000000e+00  7.03000000e+00  3.30136846e-02 
 7.04000000e+00  7.04000000e+00  7.04000000e+00  3.35419532e-02 
 7.05000000e+00  7.05000000e+00  7.05000000e+00  3.40751953e-02 
 7.06000000e+00  7.06000000e+00  7.06000000e+00  3.46134510e-02 
 7.07000000e+00  7.07000000e+00  7.07000000e+00  3.51567612e-02 
 7.08000000e+00  7.08000000e+00  7.08000000e+00  3.57051668e-02 
 7.09000000e+00  7.09000000e+00  7.09000000e+00  3.62587093e-02 
 7.10000000e+00  7.10000000e+00  7.10000000e+00  3.68174305e-02 
 7.11000000e+00  7.11000000e+00  7.11000000e+00  3.73813726e-02 
 7.12000000e+00  7.12000000e+00  7.12000000e+00  3.79505782e-02 
 7.13000000e+00  7.13000000e+00  7.13000000e+00  3.85250904e-02 
 7.14000000e+00  7.14000000e+00  7.14000000e+00  3.91049526e-02 
 7.15000000e+00  7.15000000e+00  7.15000000e+00  3.96902086e-02 
 7.16000000e+00  7.16000000e+00  7.16000000e+00  4.02809027e-02 
 7.17000000e+00  7.17000000e+00  7.17000000e+00  4.08770794e-02 
 7.18000000e+00  7.18000000e+00  7.18000000e+00  4.14787838e-02 
 7.19000000e+00  7.19000000e+00  7.19000000e+00  4.20860615e-02 
 7.20000000e+00  7.20000000e+00  7.20000000e+00  4.26989583e-02 
 7.21000000e+00  7.21000000e+00  7.21000000e+00  4.33175205e-02 
 7.22000000e+00  7.22000000e+00  7.22000000e+00  4.39417948e-02 
 7.23000000e+00  7.23000000e+00  7.23000000e+00  4.45718284e-02 
 7.24000000e+00  7.24000000e+00  7.24000000e+00  4.52076690e-02 
 7.25000000e+00  7.25000000e+00  7.25000000e+00  4.58493644e-02 
 7.26000000e+00  7.26000000e+00  7.26000000e+00  4.64969633e-02 
 7.27000000e+00  7.27000000e+00  7.27000000e+00  4.71505144e-02 
 7.28000000e+00  7.28000000e+00  7.28000000e+00  4.78100672e-02 
 7.29000000e+00  7.29000000e+00  7.29000000e+00  4.84756714e-02 
 7.30000000e+00  7.30000000e+00  7.30000000e+00  4.91473773e-02 
 7.31000000e+00  7.31000000e+00  7.31000000e+00  4.98252355e-02 
 7.32000000e+00  7.32000000e+00  7.32000000e+00  5.05092973e-02 
 7.33000000e+00  7.33000000e+00  7.33000000e+00  5.11996142e-02 
 7.34000000e+00  7.34000000e+00  7.34000000e+00  5.18962382e-02 
 7.35000000e+00  7.35000000e+00  7.35000000e+00  5.25992220e-02 
 7.36000000e+00  7.36000000e+00  7.36000000e+00  5.33086185e-02 
 7.37000000e+00  7.37000000e+00  7.37000000e+00  5.40244812e-02 
 7.38000000e+00  7.38000000e+00  7.38000000e+00  5.47468641e-02 
 7.39000000e+00  7.39000000e+00  7.39000000e+00  5.54758215e-02 
 7.40000000e+00  7.40000000e+00  7.40000000e+00  5.62114084e-02 
 7.41000000e+00  7.41000000e+00  7.41000000e+00  5.69536802e-02 
 7.42000000e+00  7.42000000e+00  7.42000000e+00  5.77026927e-02 
 7.43000000e+00  7.43000000e+00  7.43000000e+00  5.84585023e-02 
 7.44000000e+00  7.44000000e+00  7.44000000e+00  5.92211658e-02 
 7.45000000e+00  7.45000000e+00  7.45000000e+00  5.99907406e-02 
 7.46000000e+00  7.46000000e+00  7.46000000e+00  6.07672845e-02 
 7.47000000e+00  7.47000000e+00  7.47000000e+00  6.15508558e-02 
 7.48000000e+00  7.48000000e+00  7.48000000e+00  6.23415134e-02 
 7.49000000e+00  7.49000000e+00  7.49000000e+00  6.31393165e-02 
 7.50000000e+00  7.50000000e+00  7.50000000e+00  6.39443250e-02 
 7.51000000e+00  7.51000000e+00  7.51000000e+00  6.47565993e-02 
 7.52000000e+00  7.52000000e+00  7.52000000e+00  6.55762000e-02 
 7.53000000e+00  7.53000000e+00  7.53000000e+00  6.64031886e-02 
 7.54000000e+00  7.54000000e+00  7.54000000e+00  6.72376267e-02 
 7.55000000e+00  7.55000000e+00  7.55000000e+00  6.80795768e-02 
 7.56000000e+00  7.56000000e+00  7.56000000e+00  6.89291015e-02 
 7.57000000e+00  7.57000000e+00  7.57000000e+00  6.97862642e-02 
 7.58000000e+00  7.58000000e+00  7.58000000e+00  7.06511285e-02 
 7.59000000e+00  7.59000000e+00  7.59000000e+00  7.15237588e-02 
 7.60000000e+00  7.60000000e+00  7.60000000e+00  7.24042196e-02 
 7.61000000e+00  7.61000000e+00  7.61000000e+00  7.32925761e-02 
 7.62000000e+00  7.62000000e+00  7.62000000e+00  7.41888938e-02 
 7.63000000e+00  7.63000000e+00  7.63000000e+00  7.50932389e-02 
 7.64000000e+00  7.64000000e+00  7.64000000e+00  7.60056776e-02 
 7.65000000e+00  7.65000000e+00  7.65000000e+00  7.69262769e-02 
 7.66000000e+00  7.66000000e+00  7.66000000e+00  7.78551040e-02 
 7.67000000e+00  7.67000000e+00  7.67000000e+00  7.87922264e-02 
 7.68000000e+00  7.68000000e+00  7.68000000e+00  7.97377121e-02 
 7.69000000e+00  7.69000000e+00  7.69000000e+00  8.06916292e-02 
 7.70000000e+00  7.70000000e+00  7.70000000e+00  8.16540463e-02 
 7.71000000e+00  7.71000000e+00  7.71000000e+00  8.26250322e-02 
 7.72000000e+00  7.72000000e+00  7.72000000e+00  8.36046557e-02 
 7.73000000e+00  7.73000000e+00  7.73000000e+00  8.45929860e-02 
 7.74000000e+00  7.74000000e+00  7.74000000e+00  8.55900923e-02 
 7.75000000e+00  7.75000000e+00  7.75000000e+00  8.65960439e-02 
 7.76000000e+00  7.76000000e+00  7.76000000e+00  8.76109099e-02 
 7.77000000e+00  7.77000000e+00  7.77000000e+00  8.86347596e-02 
 7.78000000e+00  7.78000000e+00  7.78000000e+00  8.96676620e-02 
 7.79000000e+00  7.79000000e+00  7.79000000e+00  9.07096857e-02 
 7.80000000e+00  7.80000000e+00  7.80000000e+00  9.17608990e-02 
 7.81000000e+00  7.81000000e+00  7.81000000e+00  9.28213698e-02 
 7.82000000e+00  7.82000000e+00  7.82000000e+00  9.38911655e-02 
 7.83000000e+00  7.83000000e+00  7.83000000e+00  9.49703523e-02 
 7.84000000e+00  7.84000000e+00  7.84000000e+00  9.60589958e-02 
 7.85000000e+00  7.85000000e+00  7.85000000e+00  9.71571604e-02 
 7.86000000e+00  7.86000000e+00  7.86000000e+00  9.82649093e-02 
 7.87000000e+00  7.87000000e+00  7.87000000e+00  9.93823038e-02 
 7.88000000e+00  7.88000000e+00  7.88000000e+00  1.00509404e-01 
 7.89000000e+00  7.89000000e+00  7.89000000e+00  1.01646266e-01 
 7.90000000e+00  7.90000000e+00  7.90000000e+00  1.02792947e-01 
 7.91000000e+00  7.91000000e+00  7.91000000e+00  1.03949497e-01 
 7.92000000e+00  7.92000000e+00  7.92000000e+00  1.05115967e-01 
 7.93000000e+00  7.93000000e+00  7.93000000e+00  1.06292400e-01 
 7.94000000e+00  7.94000000e+00  7.94000000e+00  1.07478838e-01 
 7.95000000e+00  7.95000000e+00  7.95000000e+00  1.08675316e-01 
 7.96000000e+00  7.96000000e+00  7.96000000e+00  1.09881865e-01 
 7.97000000e+00  7.97000000e+00  7.97000000e+00  1.11098508e-01 
 7.98000000e+00  7.98000000e+00  7.98000000e+00  1.12325261e-01 
 7.99000000e+00  7.99000000e+00  7.99000000e+00  1.13562131e-01 
 8.00000000e+00  8.00000000e+00  8.00000000e+00  1.14809118e-01 
