 0.00000000e+00  4.48574120e-30 
 5.00000000e-03  2.30479319e-11 
 1.00000000e-02  4.33362351e-11 
 1.50000000e-02  6.11131929e-11 
 2.00000000e-02  7.66338855e-11 
 2.50000000e-02  9.01536061e-11 
 3.00000000e-02  1.01920983e-10 
 3.50000000e-02  1.12171652e-10 
 4.00000000e-02  1.21123175e-10 
 4.50000000e-02  1.28971654e-10 
 5.00000000e-02  1.35890102e-10 
 5.50000000e-02  1.42028385e-10 
 6.00000000e-02  1.47514373e-10 
 6.50000000e-02  1.52455862e-10 
 7.00000000e-02  1.56942905e-10 
 7.50000000e-02  1.61050244e-10 
 8.00000000e-02  1.64839654e-10 
 8.50000000e-02  1.68362076e-10 
 9.00000000e-02  1.71659483e-10 
 9.50000000e-02  1.74766481e-10 
 1.00000000e-01  1.77711647e-10 
 1.05000000e-01  1.80518636e-10 
 1.10000000e-01  1.83207083e-10 
 1.15000000e-01  1.85793348e-10 
 1.20000000e-01  1.88291111e-10 
 1.25000000e-01  1.90711856e-10 
 1.30000000e-01  1.93065264e-10 
 1.35000000e-01  1.95359533e-10 
 1.40000000e-01  1.97601633e-10 
 1.45000000e-01  1.99797516e-10 
 1.50000000e-01  2.01952285e-10 
 1.55000000e-01  2.04070338e-10 
 1.60000000e-01  2.06155475e-10 
 1.65000000e-01  2.08210998e-10 
 1.70000000e-01  2.10239784e-10 
 1.75000000e-01  2.12244353e-10 
 1.80000000e-01  2.14226917e-10 
 1.85000000e-01  2.16189429e-10 
 1.90000000e-01  2.18133614e-10 
 1.95000000e-01  2.20061008e-10 
 2.00000000e-01  2.21972976e-10 
 2.05000000e-01  2.23870742e-10 
 2.10000000e-01  2.25755399e-10 
 2.15000000e-01  2.27627936e-10 
 2.20000000e-01  2.29489242e-10 
 2.25000000e-01  2.31340120e-10 
 2.30000000e-01  2.33181302e-10 
 2.35000000e-01  2.35013453e-10 
 2.40000000e-01  2.36837179e-10 
 2.45000000e-01  2.38653035e-10 
 2.50000000e-01  2.40461526e-10 
 2.55000000e-01  2.42263122e-10 
 2.60000000e-01  2.44058249e-10 
 2.65000000e-01  2.45847306e-10 
 2.70000000e-01  2.47630659e-10 
 2.75000000e-01  2.49408645e-10 
 2.80000000e-01  2.51181577e-10 
 2.85000000e-01  2.52949754e-10 
 2.90000000e-01  2.54713441e-10 
 2.95000000e-01  2.56472894e-10 
 3.00000000e-01  2.58228350e-10 
 3.05000000e-01  2.59980028e-10 
 3.10000000e-01  2.61728136e-10 
 3.15000000e-01  2.63472869e-10 
 3.20000000e-01  2.65214407e-10 
 3.25000000e-01  2.66952926e-10 
 3.30000000e-01  2.68688577e-10 
 3.35000000e-01  2.70421522e-10 
 3.40000000e-01  2.72151901e-10 
 3.45000000e-01  2.73879845e-10 
 3.50000000e-01  2.75605486e-10 
 3.55000000e-01  2.77328941e-10 
 3.60000000e-01  2.79050327e-10 
 3.65000000e-01  2.80769750e-10 
 3.70000000e-01  2.82487317e-10 
 3.75000000e-01  2.84203122e-10 
 3.80000000e-01  2.85917253e-10 
 3.85000000e-01  2.87629812e-10 
 3.90000000e-01  2.89340873e-10 
 3.95000000e-01  2.91050515e-10 
 4.00000000e-01  2.92758822e-10 
 4.05000000e-01  2.94465860e-10 
 4.10000000e-01  2.96171702e-10 
 4.15000000e-01  2.97876413e-10 
 4.20000000e-01  2.99580063e-10 
 4.25000000e-01  3.01282704e-10 
 4.30000000e-01  3.02984404e-10 
 4.35000000e-01  3.04685214e-10 
 4.40000000e-01  3.06385190e-10 
 4.45000000e-01  3.08084388e-10 
 4.50000000e-01  3.09782858e-10 
 4.55000000e-01  3.11480639e-10 
 4.60000000e-01  3.13177786e-10 
 4.65000000e-01  3.14874348e-10 
 4.70000000e-01  3.16570364e-10 
 4.75000000e-01  3.18265871e-10 
 4.80000000e-01  3.19960918e-10 
 4.85000000e-01  3.21655547e-10 
 4.90000000e-01  3.23349783e-10 
 4.95000000e-01  3.25043685e-10 
 5.00000000e-01  3.26737271e-10 
 5.05000000e-01  3.28430577e-10 
 5.10000000e-01  3.30123644e-10 
 5.15000000e-01  3.31816510e-10 
 5.20000000e-01  3.33509199e-10 
 5.25000000e-01  3.35201736e-10 
 5.30000000e-01  3.36894176e-10 
 5.35000000e-01  3.38586529e-10 
 5.40000000e-01  3.40278823e-10 
 5.45000000e-01  3.41971098e-10 
 5.50000000e-01  3.43663374e-10 
 5.55000000e-01  3.45355683e-10 
 5.60000000e-01  3.47048057e-10 
 5.65000000e-01  3.48740512e-10 
 5.70000000e-01  3.50433084e-10 
 5.75000000e-01  3.52125782e-10 
 5.80000000e-01  3.53818649e-10 
 5.85000000e-01  3.55511703e-10 
 5.90000000e-01  3.57204968e-10 
 5.95000000e-01  3.58898469e-10 
 6.00000000e-01  3.60592220e-10 
 6.05000000e-01  3.62286256e-10 
 6.10000000e-01  3.63980597e-10 
 6.15000000e-01  3.65675266e-10 
 6.20000000e-01  3.67370273e-10 
 6.25000000e-01  3.69065658e-10 
 6.30000000e-01  3.70761429e-10 
 6.35000000e-01  3.72457612e-10 
 6.40000000e-01  3.74154231e-10 
 6.45000000e-01  3.75851298e-10 
 6.50000000e-01  3.77548841e-10 
 6.55000000e-01  3.79246882e-10 
 6.60000000e-01  3.80945440e-10 
 6.65000000e-01  3.82644519e-10 
 6.70000000e-01  3.84344160e-10 
 6.75000000e-01  3.86044372e-10 
 6.80000000e-01  3.87745175e-10 
 6.85000000e-01  3.89446588e-10 
 6.90000000e-01  3.91148638e-10 
 6.95000000e-01  3.92851323e-10 
 7.00000000e-01  3.94554687e-10 
 7.05000000e-01  3.96258733e-10 
 7.10000000e-01  3.97963478e-10 
 7.15000000e-01  3.99668951e-10 
 7.20000000e-01  4.01375157e-10 
 7.25000000e-01  4.03082131e-10 
 7.30000000e-01  4.04789877e-10 
 7.35000000e-01  4.06498413e-10 
 7.40000000e-01  4.08207772e-10 
 7.45000000e-01  4.09917952e-10 
 7.50000000e-01  4.11628982e-10 
 7.55000000e-01  4.13340881e-10 
 7.60000000e-01  4.15053665e-10 
 7.65000000e-01  4.16767342e-10 
 7.70000000e-01  4.18481933e-10 
 7.75000000e-01  4.20197469e-10 
 7.80000000e-01  4.21913949e-10 
 7.85000000e-01  4.23631402e-10 
 7.90000000e-01  4.25349850e-10 
 7.95000000e-01  4.27069302e-10 
 8.00000000e-01  4.28789768e-10 
 8.05000000e-01  4.30511264e-10 
 8.10000000e-01  4.32233835e-10 
 8.15000000e-01  4.33957480e-10 
 8.20000000e-01  4.35682217e-10 
 8.25000000e-01  4.37408057e-10 
 8.30000000e-01  4.39135023e-10 
 8.35000000e-01  4.40863143e-10 
 8.40000000e-01  4.42592412e-10 
 8.45000000e-01  4.44322874e-10 
 8.50000000e-01  4.46054526e-10 
 8.55000000e-01  4.47787382e-10 
 8.60000000e-01  4.49521476e-10 
 8.65000000e-01  4.51256823e-10 
 8.70000000e-01  4.52993438e-10 
 8.75000000e-01  4.54731353e-10 
 8.80000000e-01  4.56470540e-10 
 8.85000000e-01  4.58211057e-10 
 8.90000000e-01  4.59952928e-10 
 8.95000000e-01  4.61696142e-10 
 9.00000000e-01  4.63440745e-10 
 9.05000000e-01  4.65186737e-10 
 9.10000000e-01  4.66934141e-10 
 9.15000000e-01  4.68682981e-10 
 9.20000000e-01  4.70433255e-10 
 9.25000000e-01  4.72185014e-10 
 9.30000000e-01  4.73938259e-10 
 9.35000000e-01  4.75693013e-10 
 9.40000000e-01  4.77449282e-10 
 9.45000000e-01  4.79207102e-10 
 9.50000000e-01  4.80966482e-10 
 9.55000000e-01  4.82727452e-10 
 9.60000000e-01  4.84490024e-10 
 9.65000000e-01  4.86254224e-10 
 9.70000000e-01  4.88020059e-10 
 9.75000000e-01  4.89787573e-10 
 9.80000000e-01  4.91556753e-10 
 9.85000000e-01  4.93327651e-10 
 9.90000000e-01  4.95100272e-10 
 9.95000000e-01  4.96874632e-10 
 1.00000000e+00  4.98650765e-10 
 1.00500000e+00  5.00428693e-10 
 1.01000000e+00  5.02208413e-10 
 1.01500000e+00  5.03989976e-10 
 1.02000000e+00  5.05773385e-10 
 1.02500000e+00  5.07558667e-10 
 1.03000000e+00  5.09345860e-10 
 1.03500000e+00  5.11134961e-10 
 1.04000000e+00  5.12926013e-10 
 1.04500000e+00  5.14719011e-10 
 1.05000000e+00  5.16514014e-10 
 1.05500000e+00  5.18311020e-10 
 1.06000000e+00  5.20110061e-10 
 1.06500000e+00  5.21911167e-10 
 1.07000000e+00  5.23714340e-10 
 1.07500000e+00  5.25519630e-10 
 1.08000000e+00  5.27327058e-10 
 1.08500000e+00  5.29136629e-10 
 1.09000000e+00  5.30948392e-10 
 1.09500000e+00  5.32762355e-10 
 1.10000000e+00  5.34578542e-10 
 1.10500000e+00  5.36397002e-10 
 1.11000000e+00  5.38217723e-10 
 1.11500000e+00  5.40040770e-10 
 1.12000000e+00  5.41866147e-10 
 1.12500000e+00  5.43693877e-10 
 1.13000000e+00  5.45524020e-10 
 1.13500000e+00  5.47356554e-10 
 1.14000000e+00  5.49191544e-10 
 1.14500000e+00  5.51029011e-10 
 1.15000000e+00  5.52868977e-10 
 1.15500000e+00  5.54711457e-10 
 1.16000000e+00  5.56556508e-10 
 1.16500000e+00  5.58404156e-10 
 1.17000000e+00  5.60254413e-10 
 1.17500000e+00  5.62107323e-10 
 1.18000000e+00  5.63962914e-10 
 1.18500000e+00  5.65821209e-10 
 1.19000000e+00  5.67682241e-10 
 1.19500000e+00  5.69546053e-10 
 1.20000000e+00  5.71412675e-10 
 1.20500000e+00  5.73282127e-10 
 1.21000000e+00  5.75154443e-10 
 1.21500000e+00  5.77029665e-10 
 1.22000000e+00  5.78907811e-10 
 1.22500000e+00  5.80788956e-10 
 1.23000000e+00  5.82673085e-10 
 1.23500000e+00  5.84560244e-10 
 1.24000000e+00  5.86450491e-10 
 1.24500000e+00  5.88343824e-10 
 1.25000000e+00  5.90240331e-10 
 1.25500000e+00  5.92139997e-10 
 1.26000000e+00  5.94042889e-10 
 1.26500000e+00  5.95949034e-10 
 1.27000000e+00  5.97858477e-10 
 1.27500000e+00  5.99771241e-10 
 1.28000000e+00  6.01687377e-10 
 1.28500000e+00  6.03606931e-10 
 1.29000000e+00  6.05529912e-10 
 1.29500000e+00  6.07456399e-10 
 1.30000000e+00  6.09386404e-10 
 1.30500000e+00  6.11319981e-10 
 1.31000000e+00  6.13257162e-10 
 1.31500000e+00  6.15198019e-10 
 1.32000000e+00  6.17142540e-10 
 1.32500000e+00  6.19090824e-10 
 1.33000000e+00  6.21042882e-10 
 1.33500000e+00  6.22998762e-10 
 1.34000000e+00  6.24958518e-10 
 1.34500000e+00  6.26922184e-10 
 1.35000000e+00  6.28889818e-10 
 1.35500000e+00  6.30861458e-10 
 1.36000000e+00  6.32837153e-10 
 1.36500000e+00  6.34816952e-10 
 1.37000000e+00  6.36800890e-10 
 1.37500000e+00  6.38789035e-10 
 1.38000000e+00  6.40781444e-10 
 1.38500000e+00  6.42778136e-10 
 1.39000000e+00  6.44779189e-10 
 1.39500000e+00  6.46784637e-10 
 1.40000000e+00  6.48794519e-10 
 1.40500000e+00  6.50808927e-10 
 1.41000000e+00  6.52827895e-10 
 1.41500000e+00  6.54851468e-10 
 1.42000000e+00  6.56879707e-10 
 1.42500000e+00  6.58912669e-10 
 1.43000000e+00  6.60950412e-10 
 1.43500000e+00  6.62992983e-10 
 1.44000000e+00  6.65040447e-10 
 1.44500000e+00  6.67092878e-10 
 1.45000000e+00  6.69150302e-10 
 1.45500000e+00  6.71212795e-10 
 1.46000000e+00  6.73280422e-10 
 1.46500000e+00  6.75353242e-10 
 1.47000000e+00  6.77431313e-10 
 1.47500000e+00  6.79514689e-10 
 1.48000000e+00  6.81603437e-10 
 1.48500000e+00  6.83697647e-10 
 1.49000000e+00  6.85797369e-10 
 1.49500000e+00  6.87902633e-10 
 1.50000000e+00  6.90013558e-10 
 1.50500000e+00  6.92130187e-10 
 1.51000000e+00  6.94252599e-10 
 1.51500000e+00  6.96380860e-10 
 1.52000000e+00  6.98515018e-10 
 1.52500000e+00  7.00655177e-10 
 1.53000000e+00  7.02801381e-10 
 1.53500000e+00  7.04953740e-10 
 1.54000000e+00  7.07112281e-10 
 1.54500000e+00  7.09277116e-10 
 1.55000000e+00  7.11448311e-10 
 1.55500000e+00  7.13625937e-10 
 1.56000000e+00  7.15810065e-10 
 1.56500000e+00  7.18000785e-10 
 1.57000000e+00  7.20198174e-10 
 1.57500000e+00  7.22402316e-10 
 1.58000000e+00  7.24613295e-10 
 1.58500000e+00  7.26831178e-10 
 1.59000000e+00  7.29056076e-10 
 1.59500000e+00  7.31288016e-10 
 1.60000000e+00  7.33527163e-10 
 1.60500000e+00  7.35773557e-10 
 1.61000000e+00  7.38027319e-10 
 1.61500000e+00  7.40288475e-10 
 1.62000000e+00  7.42557155e-10 
 1.62500000e+00  7.44833481e-10 
 1.63000000e+00  7.47117497e-10 
 1.63500000e+00  7.49409330e-10 
 1.64000000e+00  7.51709055e-10 
 1.64500000e+00  7.54016766e-10 
 1.65000000e+00  7.56332600e-10 
 1.65500000e+00  7.58656602e-10 
 1.66000000e+00  7.60988896e-10 
 1.66500000e+00  7.63329613e-10 
 1.67000000e+00  7.65678783e-10 
 1.67500000e+00  7.68036599e-10 
 1.68000000e+00  7.70403101e-10 
 1.68500000e+00  7.72778415e-10 
 1.69000000e+00  7.75162655e-10 
 1.69500000e+00  7.77555924e-10 
 1.70000000e+00  7.79958358e-10 
 1.70500000e+00  7.82370017e-10 
 1.71000000e+00  7.84791068e-10 
 1.71500000e+00  7.87221589e-10 
 1.72000000e+00  7.89661711e-10 
 1.72500000e+00  7.92111571e-10 
 1.73000000e+00  7.94571256e-10 
 1.73500000e+00  7.97040921e-10 
 1.74000000e+00  7.99520669e-10 
 1.74500000e+00  8.02010624e-10 
 1.75000000e+00  8.04510913e-10 
 1.75500000e+00  8.07021659e-10 
 1.76000000e+00  8.09543029e-10 
 1.76500000e+00  8.12075085e-10 
 1.77000000e+00  8.14618021e-10 
 1.77500000e+00  8.17171972e-10 
 1.78000000e+00  8.19737034e-10 
 1.78500000e+00  8.22313385e-10 
 1.79000000e+00  8.24901126e-10 
 1.79500000e+00  8.27500417e-10 
 1.80000000e+00  8.30111417e-10 
 1.80500000e+00  8.32734247e-10 
 1.81000000e+00  8.35369073e-10 
 1.81500000e+00  8.38016019e-10 
 1.82000000e+00  8.40675284e-10 
 1.82500000e+00  8.43346979e-10 
 1.83000000e+00  8.46031267e-10 
 1.83500000e+00  8.48728298e-10 
 1.84000000e+00  8.51438266e-10 
 1.84500000e+00  8.54161315e-10 
 1.85000000e+00  8.56897605e-10 
 1.85500000e+00  8.59647280e-10 
 1.86000000e+00  8.62410560e-10 
 1.86500000e+00  8.65187577e-10 
 1.87000000e+00  8.67978517e-10 
 1.87500000e+00  8.70783533e-10 
 1.88000000e+00  8.73602812e-10 
 1.88500000e+00  8.76436563e-10 
 1.89000000e+00  8.79284908e-10 
 1.89500000e+00  8.82148101e-10 
 1.90000000e+00  8.85026268e-10 
 1.90500000e+00  8.87919661e-10 
 1.91000000e+00  8.90828399e-10 
 1.91500000e+00  8.93752726e-10 
 1.92000000e+00  8.96692820e-10 
 1.92500000e+00  8.99648900e-10 
 1.93000000e+00  9.02621151e-10 
 1.93500000e+00  9.05609764e-10 
 1.94000000e+00  9.08614938e-10 
 1.94500000e+00  9.11636916e-10 
 1.95000000e+00  9.14675917e-10 
 1.95500000e+00  9.17732127e-10 
 1.96000000e+00  9.20805747e-10 
 1.96500000e+00  9.23897052e-10 
 1.97000000e+00  9.27006235e-10 
 1.97500000e+00  9.30133529e-10 
 1.98000000e+00  9.33279147e-10 
 1.98500000e+00  9.36443335e-10 
 1.99000000e+00  9.39626325e-10 
 1.99500000e+00  9.42828371e-10 
 2.00000000e+00  9.46049703e-10 
 2.00500000e+00  9.49290560e-10 
 2.01000000e+00  9.52551190e-10 
 2.01500000e+00  9.55831843e-10 
 2.02000000e+00  9.59132795e-10 
 2.02500000e+00  9.62454285e-10 
 2.03000000e+00  9.65796554e-10 
 2.03500000e+00  9.69159924e-10 
 2.04000000e+00  9.72544608e-10 
 2.04500000e+00  9.75950889e-10 
 2.05000000e+00  9.79379091e-10 
 2.05500000e+00  9.82829431e-10 
 2.06000000e+00  9.86302229e-10 
 2.06500000e+00  9.89797743e-10 
 2.07000000e+00  9.93316292e-10 
 2.07500000e+00  9.96858151e-10 
 2.08000000e+00  1.00042363e-09 
 2.08500000e+00  1.00401304e-09 
 2.09000000e+00  1.00762665e-09 
 2.09500000e+00  1.01126477e-09 
 2.10000000e+00  1.01492776e-09 
 2.10500000e+00  1.01861593e-09 
 2.11000000e+00  1.02232953e-09 
 2.11500000e+00  1.02606898e-09 
 2.12000000e+00  1.02983459e-09 
 2.12500000e+00  1.03362662e-09 
 2.13000000e+00  1.03744552e-09 
 2.13500000e+00  1.04129155e-09 
 2.14000000e+00  1.04516508e-09 
 2.14500000e+00  1.04906650e-09 
 2.15000000e+00  1.05299611e-09 
 2.15500000e+00  1.05695430e-09 
 2.16000000e+00  1.06094148e-09 
 2.16500000e+00  1.06495796e-09 
 2.17000000e+00  1.06900411e-09 
 2.17500000e+00  1.07308035e-09 
 2.18000000e+00  1.07718705e-09 
 2.18500000e+00  1.08132463e-09 
 2.19000000e+00  1.08549346e-09 
 2.19500000e+00  1.08969392e-09 
 2.20000000e+00  1.09392649e-09 
 2.20500000e+00  1.09819151e-09 
 2.21000000e+00  1.10248941e-09 
 2.21500000e+00  1.10682065e-09 
 2.22000000e+00  1.11118563e-09 
 2.22500000e+00  1.11558479e-09 
 2.23000000e+00  1.12001857e-09 
 2.23500000e+00  1.12448742e-09 
 2.24000000e+00  1.12899182e-09 
 2.24500000e+00  1.13353214e-09 
 2.25000000e+00  1.13810899e-09 
 2.25500000e+00  1.14272269e-09 
 2.26000000e+00  1.14737383e-09 
 2.26500000e+00  1.15206281e-09 
 2.27000000e+00  1.15679016e-09 
 2.27500000e+00  1.16155639e-09 
 2.28000000e+00  1.16636198e-09 
 2.28500000e+00  1.17120740e-09 
 2.29000000e+00  1.17609326e-09 
 2.29500000e+00  1.18102003e-09 
 2.30000000e+00  1.18598821e-09 
 2.30500000e+00  1.19099838e-09 
 2.31000000e+00  1.19605106e-09 
 2.31500000e+00  1.20114683e-09 
 2.32000000e+00  1.20628621e-09 
 2.32500000e+00  1.21146979e-09 
 2.33000000e+00  1.21669814e-09 
 2.33500000e+00  1.22197182e-09 
 2.34000000e+00  1.22729145e-09 
 2.34500000e+00  1.23265760e-09 
 2.35000000e+00  1.23807087e-09 
 2.35500000e+00  1.24353190e-09 
 2.36000000e+00  1.24904131e-09 
 2.36500000e+00  1.25459969e-09 
 2.37000000e+00  1.26020769e-09 
 2.37500000e+00  1.26586598e-09 
 2.38000000e+00  1.27157516e-09 
 2.38500000e+00  1.27733595e-09 
 2.39000000e+00  1.28314895e-09 
 2.39500000e+00  1.28901496e-09 
 2.40000000e+00  1.29493454e-09 
 2.40500000e+00  1.30090843e-09 
 2.41000000e+00  1.30693735e-09 
 2.41500000e+00  1.31302200e-09 
 2.42000000e+00  1.31916313e-09 
 2.42500000e+00  1.32536145e-09 
 2.43000000e+00  1.33161771e-09 
 2.43500000e+00  1.33793262e-09 
 2.44000000e+00  1.34430703e-09 
 2.44500000e+00  1.35074166e-09 
 2.45000000e+00  1.35723730e-09 
 2.45500000e+00  1.36379473e-09 
 2.46000000e+00  1.37041479e-09 
 2.46500000e+00  1.37709829e-09 
 2.47000000e+00  1.38384601e-09 
 2.47500000e+00  1.39065880e-09 
 2.48000000e+00  1.39753756e-09 
 2.48500000e+00  1.40448310e-09 
 2.49000000e+00  1.41149632e-09 
 2.49500000e+00  1.41857809e-09 
 2.50000000e+00  1.42572927e-09 
 2.50500000e+00  1.43295079e-09 
 2.51000000e+00  1.44024361e-09 
 2.51500000e+00  1.44760855e-09 
 2.52000000e+00  1.45504671e-09 
 2.52500000e+00  1.46255885e-09 
 2.53000000e+00  1.47014610e-09 
 2.53500000e+00  1.47780935e-09 
 2.54000000e+00  1.48554964e-09 
 2.54500000e+00  1.49336792e-09 
 2.55000000e+00  1.50126523e-09 
 2.55500000e+00  1.50924265e-09 
 2.56000000e+00  1.51730115e-09 
 2.56500000e+00  1.52544186e-09 
 2.57000000e+00  1.53366580e-09 
 2.57500000e+00  1.54197406e-09 
 2.58000000e+00  1.55036774e-09 
 2.58500000e+00  1.55884796e-09 
 2.59000000e+00  1.56741589e-09 
 2.59500000e+00  1.57607260e-09 
 2.60000000e+00  1.58481931e-09 
 2.60500000e+00  1.59365718e-09 
 2.61000000e+00  1.60258737e-09 
 2.61500000e+00  1.61161111e-09 
 2.62000000e+00  1.62072964e-09 
 2.62500000e+00  1.62994416e-09 
 2.63000000e+00  1.63925598e-09 
 2.63500000e+00  1.64866627e-09 
 2.64000000e+00  1.65817641e-09 
 2.64500000e+00  1.66778768e-09 
 2.65000000e+00  1.67750136e-09 
 2.65500000e+00  1.68731886e-09 
 2.66000000e+00  1.69724148e-09 
 2.66500000e+00  1.70727063e-09 
 2.67000000e+00  1.71740766e-09 
 2.67500000e+00  1.72765402e-09 
 2.68000000e+00  1.73801111e-09 
 2.68500000e+00  1.74848038e-09 
 2.69000000e+00  1.75906330e-09 
 2.69500000e+00  1.76976138e-09 
 2.70000000e+00  1.78057612e-09 
 2.70500000e+00  1.79150898e-09 
 2.71000000e+00  1.80256159e-09 
 2.71500000e+00  1.81373548e-09 
 2.72000000e+00  1.82503225e-09 
 2.72500000e+00  1.83645347e-09 
 2.73000000e+00  1.84800079e-09 
 2.73500000e+00  1.85967586e-09 
 2.74000000e+00  1.87148035e-09 
 2.74500000e+00  1.88341597e-09 
 2.75000000e+00  1.89548438e-09 
 2.75500000e+00  1.90768736e-09 
 2.76000000e+00  1.92002668e-09 
 2.76500000e+00  1.93250410e-09 
 2.77000000e+00  1.94512141e-09 
 2.77500000e+00  1.95788049e-09 
 2.78000000e+00  1.97078318e-09 
 2.78500000e+00  1.98383130e-09 
 2.79000000e+00  1.99702683e-09 
 2.79500000e+00  2.01037163e-09 
 2.80000000e+00  2.02386772e-09 
 2.80500000e+00  2.03751704e-09 
 2.81000000e+00  2.05132154e-09 
 2.81500000e+00  2.06528342e-09 
 2.82000000e+00  2.07940456e-09 
 2.82500000e+00  2.09368714e-09 
 2.83000000e+00  2.10813325e-09 
 2.83500000e+00  2.12274500e-09 
 2.84000000e+00  2.13752457e-09 
 2.84500000e+00  2.15247420e-09 
 2.85000000e+00  2.16759611e-09 
 2.85500000e+00  2.18289248e-09 
 2.86000000e+00  2.19836566e-09 
 2.86500000e+00  2.21401793e-09 
 2.87000000e+00  2.22985165e-09 
 2.87500000e+00  2.24586921e-09 
 2.88000000e+00  2.26207297e-09 
 2.88500000e+00  2.27846544e-09 
 2.89000000e+00  2.29504899e-09 
 2.89500000e+00  2.31182618e-09 
 2.90000000e+00  2.32879958e-09 
 2.90500000e+00  2.34597170e-09 
 2.91000000e+00  2.36334517e-09 
 2.91500000e+00  2.38092255e-09 
 2.92000000e+00  2.39870663e-09 
 2.92500000e+00  2.41670004e-09 
 2.93000000e+00  2.43490549e-09 
 2.93500000e+00  2.45332583e-09 
 2.94000000e+00  2.47196385e-09 
 2.94500000e+00  2.49082240e-09 
 2.95000000e+00  2.50990434e-09 
 2.95500000e+00  2.52921260e-09 
 2.96000000e+00  2.54875017e-09 
 2.96500000e+00  2.56851999e-09 
 2.97000000e+00  2.58852516e-09 
 2.97500000e+00  2.60876873e-09 
 2.98000000e+00  2.62925384e-09 
 2.98500000e+00  2.64998366e-09 
 2.99000000e+00  2.67096133e-09 
 2.99500000e+00  2.69219018e-09 
 3.00000000e+00  2.71367341e-09 
 3.00500000e+00  2.73541440e-09 
 3.01000000e+00  2.75741652e-09 
 3.01500000e+00  2.77968317e-09 
 3.02000000e+00  2.80221786e-09 
 3.02500000e+00  2.82502401e-09 
 3.03000000e+00  2.84810521e-09 
 3.03500000e+00  2.87146511e-09 
 3.04000000e+00  2.89510730e-09 
 3.04500000e+00  2.91903547e-09 
 3.05000000e+00  2.94325342e-09 
 3.05500000e+00  2.96776482e-09 
 3.06000000e+00  2.99257366e-09 
 3.06500000e+00  3.01768375e-09 
 3.07000000e+00  3.04309903e-09 
 3.07500000e+00  3.06882347e-09 
 3.08000000e+00  3.09486115e-09 
 3.08500000e+00  3.12121620e-09 
 3.09000000e+00  3.14789273e-09 
 3.09500000e+00  3.17489492e-09 
 3.10000000e+00  3.20222710e-09 
 3.10500000e+00  3.22989350e-09 
 3.11000000e+00  3.25789854e-09 
 3.11500000e+00  3.28624665e-09 
 3.12000000e+00  3.31494232e-09 
 3.12500000e+00  3.34399008e-09 
 3.13000000e+00  3.37339453e-09 
 3.13500000e+00  3.40316035e-09 
 3.14000000e+00  3.43329227e-09 
 3.14500000e+00  3.46379505e-09 
 3.15000000e+00  3.49467354e-09 
 3.15500000e+00  3.52593270e-09 
 3.16000000e+00  3.55757746e-09 
 3.16500000e+00  3.58961281e-09 
 3.17000000e+00  3.62204397e-09 
 3.17500000e+00  3.65487607e-09 
 3.18000000e+00  3.68811434e-09 
 3.18500000e+00  3.72176405e-09 
 3.19000000e+00  3.75583065e-09 
 3.19500000e+00  3.79031953e-09 
 3.20000000e+00  3.82523622e-09 
 3.20500000e+00  3.86058636e-09 
 3.21000000e+00  3.89637555e-09 
 3.21500000e+00  3.93260955e-09 
 3.22000000e+00  3.96929420e-09 
 3.22500000e+00  4.00643531e-09 
 3.23000000e+00  4.04403894e-09 
 3.23500000e+00  4.08211104e-09 
 3.24000000e+00  4.12065779e-09 
 3.24500000e+00  4.15968538e-09 
 3.25000000e+00  4.19920008e-09 
 3.25500000e+00  4.23920821e-09 
 3.26000000e+00  4.27971628e-09 
 3.26500000e+00  4.32073080e-09 
 3.27000000e+00  4.36225836e-09 
 3.27500000e+00  4.40430565e-09 
 3.28000000e+00  4.44687951e-09 
 3.28500000e+00  4.48998677e-09 
 3.29000000e+00  4.53363433e-09 
 3.29500000e+00  4.57782939e-09 
 3.30000000e+00  4.62257900e-09 
 3.30500000e+00  4.66789035e-09 
 3.31000000e+00  4.71377089e-09 
 3.31500000e+00  4.76022793e-09 
 3.32000000e+00  4.80726909e-09 
 3.32500000e+00  4.85490192e-09 
 3.33000000e+00  4.90313413e-09 
 3.33500000e+00  4.95197359e-09 
 3.34000000e+00  5.00142822e-09 
 3.34500000e+00  5.05150592e-09 
 3.35000000e+00  5.10221498e-09 
 3.35500000e+00  5.15356353e-09 
 3.36000000e+00  5.20555994e-09 
 3.36500000e+00  5.25821262e-09 
 3.37000000e+00  5.31153013e-09 
 3.37500000e+00  5.36552118e-09 
 3.38000000e+00  5.42019449e-09 
 3.38500000e+00  5.47555899e-09 
 3.39000000e+00  5.53162363e-09 
 3.39500000e+00  5.58839754e-09 
 3.40000000e+00  5.64589000e-09 
 3.40500000e+00  5.70411035e-09 
 3.41000000e+00  5.76306802e-09 
 3.41500000e+00  5.82277266e-09 
 3.42000000e+00  5.88323393e-09 
 3.42500000e+00  5.94446177e-09 
 3.43000000e+00  6.00646607e-09 
 3.43500000e+00  6.06925698e-09 
 3.44000000e+00  6.13284465e-09 
 3.44500000e+00  6.19723958e-09 
 3.45000000e+00  6.26245217e-09 
 3.45500000e+00  6.32849306e-09 
 3.46000000e+00  6.39537303e-09 
 3.46500000e+00  6.46310294e-09 
 3.47000000e+00  6.53169394e-09 
 3.47500000e+00  6.60115711e-09 
 3.48000000e+00  6.67150385e-09 
 3.48500000e+00  6.74274560e-09 
 3.49000000e+00  6.81489401e-09 
 3.49500000e+00  6.88796081e-09 
 3.50000000e+00  6.96195796e-09 
 3.50500000e+00  7.03689752e-09 
 3.51000000e+00  7.11279169e-09 
 3.51500000e+00  7.18965291e-09 
 3.52000000e+00  7.26749369e-09 
 3.52500000e+00  7.34632673e-09 
 3.53000000e+00  7.42616491e-09 
 3.53500000e+00  7.50702125e-09 
 3.54000000e+00  7.58890897e-09 
 3.54500000e+00  7.67184139e-09 
 3.55000000e+00  7.75583209e-09 
 3.55500000e+00  7.84089472e-09 
 3.56000000e+00  7.92704321e-09 
 3.56500000e+00  8.01429157e-09 
 3.57000000e+00  8.10265407e-09 
 3.57500000e+00  8.19214514e-09 
 3.58000000e+00  8.28277933e-09 
 3.58500000e+00  8.37457149e-09 
 3.59000000e+00  8.46753651e-09 
 3.59500000e+00  8.56168960e-09 
 3.60000000e+00  8.65704612e-09 
 3.60500000e+00  8.75362159e-09 
 3.61000000e+00  8.85143174e-09 
 3.61500000e+00  8.95049256e-09 
 3.62000000e+00  9.05082015e-09 
 3.62500000e+00  9.15243091e-09 
 3.63000000e+00  9.25534135e-09 
 3.63500000e+00  9.35956820e-09 
 3.64000000e+00  9.46512847e-09 
 3.64500000e+00  9.57203935e-09 
 3.65000000e+00  9.68031823e-09 
 3.65500000e+00  9.78998274e-09 
 3.66000000e+00  9.90105072e-09 
 3.66500000e+00  1.00135402e-08 
 3.67000000e+00  1.01274695e-08 
 3.67500000e+00  1.02428571e-08 
 3.68000000e+00  1.03597219e-08 
 3.68500000e+00  1.04780827e-08 
 3.69000000e+00  1.05979587e-08 
 3.69500000e+00  1.07193695e-08 
 3.70000000e+00  1.08423348e-08 
 3.70500000e+00  1.09668745e-08 
 3.71000000e+00  1.10930087e-08 
 3.71500000e+00  1.12207580e-08 
 3.72000000e+00  1.13501429e-08 
 3.72500000e+00  1.14811846e-08 
 3.73000000e+00  1.16139042e-08 
 3.73500000e+00  1.17483232e-08 
 3.74000000e+00  1.18844633e-08 
 3.74500000e+00  1.20223465e-08 
 3.75000000e+00  1.21619951e-08 
 3.75500000e+00  1.23034317e-08 
 3.76000000e+00  1.24466790e-08 
 3.76500000e+00  1.25917603e-08 
 3.77000000e+00  1.27386989e-08 
 3.77500000e+00  1.28875185e-08 
 3.78000000e+00  1.30382430e-08 
 3.78500000e+00  1.31908966e-08 
 3.79000000e+00  1.33455041e-08 
 3.79500000e+00  1.35020902e-08 
 3.80000000e+00  1.36606801e-08 
 3.80500000e+00  1.38212993e-08 
 3.81000000e+00  1.39839735e-08 
 3.81500000e+00  1.41487287e-08 
 3.82000000e+00  1.43155915e-08 
 3.82500000e+00  1.44845886e-08 
 3.83000000e+00  1.46557469e-08 
 3.83500000e+00  1.48290938e-08 
 3.84000000e+00  1.50046571e-08 
 3.84500000e+00  1.51824648e-08 
 3.85000000e+00  1.53625451e-08 
 3.85500000e+00  1.55449269e-08 
 3.86000000e+00  1.57296392e-08 
 3.86500000e+00  1.59167113e-08 
 3.87000000e+00  1.61061730e-08 
 3.87500000e+00  1.62980544e-08 
 3.88000000e+00  1.64923859e-08 
 3.88500000e+00  1.66891983e-08 
 3.89000000e+00  1.68885229e-08 
 3.89500000e+00  1.70903911e-08 
 3.90000000e+00  1.72948349e-08 
 3.90500000e+00  1.75018865e-08 
 3.91000000e+00  1.77115787e-08 
 3.91500000e+00  1.79239443e-08 
 3.92000000e+00  1.81390169e-08 
 3.92500000e+00  1.83568303e-08 
 3.93000000e+00  1.85774187e-08 
 3.93500000e+00  1.88008167e-08 
 3.94000000e+00  1.90270593e-08 
 3.94500000e+00  1.92561819e-08 
 3.95000000e+00  1.94882203e-08 
 3.95500000e+00  1.97232108e-08 
 3.96000000e+00  1.99611899e-08 
 3.96500000e+00  2.02021947e-08 
 3.97000000e+00  2.04462628e-08 
 3.97500000e+00  2.06934320e-08 
 3.98000000e+00  2.09437406e-08 
 3.98500000e+00  2.11972275e-08 
 3.99000000e+00  2.14539318e-08 
 3.99500000e+00  2.17138931e-08 
 4.00000000e+00  2.19771516e-08 
 4.00500000e+00  2.22437477e-08 
 4.01000000e+00  2.25137226e-08 
 4.01500000e+00  2.27871175e-08 
 4.02000000e+00  2.30639745e-08 
 4.02500000e+00  2.33443359e-08 
 4.03000000e+00  2.36282445e-08 
 4.03500000e+00  2.39157435e-08 
 4.04000000e+00  2.42068769e-08 
 4.04500000e+00  2.45016888e-08 
 4.05000000e+00  2.48002240e-08 
 4.05500000e+00  2.51025276e-08 
 4.06000000e+00  2.54086455e-08 
 4.06500000e+00  2.57186238e-08 
 4.07000000e+00  2.60325091e-08 
 4.07500000e+00  2.63503487e-08 
 4.08000000e+00  2.66721902e-08 
 4.08500000e+00  2.69980820e-08 
 4.09000000e+00  2.73280727e-08 
 4.09500000e+00  2.76622114e-08 
 4.10000000e+00  2.80005480e-08 
 4.10500000e+00  2.83431327e-08 
 4.11000000e+00  2.86900163e-08 
 4.11500000e+00  2.90412501e-08 
 4.12000000e+00  2.93968860e-08 
 4.12500000e+00  2.97569762e-08 
 4.13000000e+00  3.01215739e-08 
 4.13500000e+00  3.04907322e-08 
 4.14000000e+00  3.08645054e-08 
 4.14500000e+00  3.12429479e-08 
 4.15000000e+00  3.16261148e-08 
 4.15500000e+00  3.20140618e-08 
 4.16000000e+00  3.24068450e-08 
 4.16500000e+00  3.28045213e-08 
 4.17000000e+00  3.32071479e-08 
 4.17500000e+00  3.36147827e-08 
 4.18000000e+00  3.40274842e-08 
 4.18500000e+00  3.44453114e-08 
 4.19000000e+00  3.48683240e-08 
 4.19500000e+00  3.52965820e-08 
 4.20000000e+00  3.57301462e-08 
 4.20500000e+00  3.61690780e-08 
 4.21000000e+00  3.66134393e-08 
 4.21500000e+00  3.70632927e-08 
 4.22000000e+00  3.75187010e-08 
 4.22500000e+00  3.79797283e-08 
 4.23000000e+00  3.84464385e-08 
 4.23500000e+00  3.89188967e-08 
 4.24000000e+00  3.93971683e-08 
 4.24500000e+00  3.98813194e-08 
 4.25000000e+00  4.03714167e-08 
 4.25500000e+00  4.08675274e-08 
 4.26000000e+00  4.13697195e-08 
 4.26500000e+00  4.18780615e-08 
 4.27000000e+00  4.23926224e-08 
 4.27500000e+00  4.29134721e-08 
 4.28000000e+00  4.34406808e-08 
 4.28500000e+00  4.39743195e-08 
 4.29000000e+00  4.45144598e-08 
 4.29500000e+00  4.50611739e-08 
 4.30000000e+00  4.56145346e-08 
 4.30500000e+00  4.61746154e-08 
 4.31000000e+00  4.67414903e-08 
 4.31500000e+00  4.73152340e-08 
 4.32000000e+00  4.78959219e-08 
 4.32500000e+00  4.84836299e-08 
 4.33000000e+00  4.90784346e-08 
 4.33500000e+00  4.96804132e-08 
 4.34000000e+00  5.02896434e-08 
 4.34500000e+00  5.09062039e-08 
 4.35000000e+00  5.15301738e-08 
 4.35500000e+00  5.21616327e-08 
 4.36000000e+00  5.28006612e-08 
 4.36500000e+00  5.34473402e-08 
 4.37000000e+00  5.41017513e-08 
 4.37500000e+00  5.47639769e-08 
 4.38000000e+00  5.54340999e-08 
 4.38500000e+00  5.61122039e-08 
 4.39000000e+00  5.67983732e-08 
 4.39500000e+00  5.74926926e-08 
 4.40000000e+00  5.81952476e-08 
 4.40500000e+00  5.89061245e-08 
 4.41000000e+00  5.96254099e-08 
 4.41500000e+00  6.03531914e-08 
 4.42000000e+00  6.10895570e-08 
 4.42500000e+00  6.18345955e-08 
 4.43000000e+00  6.25883964e-08 
 4.43500000e+00  6.33510496e-08 
 4.44000000e+00  6.41226457e-08 
 4.44500000e+00  6.49032763e-08 
 4.45000000e+00  6.56930333e-08 
 4.45500000e+00  6.64920093e-08 
 4.46000000e+00  6.73002977e-08 
 4.46500000e+00  6.81179923e-08 
 4.47000000e+00  6.89451879e-08 
 4.47500000e+00  6.97819798e-08 
 4.48000000e+00  7.06284637e-08 
 4.48500000e+00  7.14847364e-08 
 4.49000000e+00  7.23508951e-08 
 4.49500000e+00  7.32270378e-08 
 4.50000000e+00  7.41132631e-08 
 4.50500000e+00  7.50096702e-08 
 4.51000000e+00  7.59163590e-08 
 4.51500000e+00  7.68334303e-08 
 4.52000000e+00  7.77609851e-08 
 4.52500000e+00  7.86991257e-08 
 4.53000000e+00  7.96479546e-08 
 4.53500000e+00  8.06075752e-08 
 4.54000000e+00  8.15780915e-08 
 4.54500000e+00  8.25596083e-08 
 4.55000000e+00  8.35522310e-08 
 4.55500000e+00  8.45560657e-08 
 4.56000000e+00  8.55712193e-08 
 4.56500000e+00  8.65977995e-08 
 4.57000000e+00  8.76359145e-08 
 4.57500000e+00  8.86856734e-08 
 4.58000000e+00  8.97471859e-08 
 4.58500000e+00  9.08205625e-08 
 4.59000000e+00  9.19059147e-08 
 4.59500000e+00  9.30033543e-08 
 4.60000000e+00  9.41129942e-08 
 4.60500000e+00  9.52349481e-08 
 4.61000000e+00  9.63693302e-08 
 4.61500000e+00  9.75162559e-08 
 4.62000000e+00  9.86758412e-08 
 4.62500000e+00  9.98482028e-08 
 4.63000000e+00  1.01033459e-07 
 4.63500000e+00  1.02231727e-07 
 4.64000000e+00  1.03443128e-07 
 4.64500000e+00  1.04667781e-07 
 4.65000000e+00  1.05905808e-07 
 4.65500000e+00  1.07157330e-07 
 4.66000000e+00  1.08422472e-07 
 4.66500000e+00  1.09701357e-07 
 4.67000000e+00  1.10994111e-07 
 4.67500000e+00  1.12300858e-07 
 4.68000000e+00  1.13621728e-07 
 4.68500000e+00  1.14956847e-07 
 4.69000000e+00  1.16306345e-07 
 4.69500000e+00  1.17670353e-07 
 4.70000000e+00  1.19049003e-07 
 4.70500000e+00  1.20442426e-07 
 4.71000000e+00  1.21850758e-07 
 4.71500000e+00  1.23274133e-07 
 4.72000000e+00  1.24712689e-07 
 4.72500000e+00  1.26166562e-07 
 4.73000000e+00  1.27635894e-07 
 4.73500000e+00  1.29120823e-07 
 4.74000000e+00  1.30621494e-07 
 4.74500000e+00  1.32138048e-07 
 4.75000000e+00  1.33670633e-07 
 4.75500000e+00  1.35219395e-07 
 4.76000000e+00  1.36784483e-07 
 4.76500000e+00  1.38366046e-07 
 4.77000000e+00  1.39964239e-07 
 4.77500000e+00  1.41579214e-07 
 4.78000000e+00  1.43211129e-07 
 4.78500000e+00  1.44860141e-07 
 4.79000000e+00  1.46526410e-07 
 4.79500000e+00  1.48210100e-07 
 4.80000000e+00  1.49911375e-07 
 4.80500000e+00  1.51630402e-07 
 4.81000000e+00  1.53367351e-07 
 4.81500000e+00  1.55122395e-07 
 4.82000000e+00  1.56895707e-07 
 4.82500000e+00  1.58687467e-07 
 4.83000000e+00  1.60497854e-07 
 4.83500000e+00  1.62327052e-07 
 4.84000000e+00  1.64175247e-07 
 4.84500000e+00  1.66042631e-07 
 4.85000000e+00  1.67929395e-07 
 4.85500000e+00  1.69835738e-07 
 4.86000000e+00  1.71761859e-07 
 4.86500000e+00  1.73707963e-07 
 4.87000000e+00  1.75674259e-07 
 4.87500000e+00  1.77660959e-07 
 4.88000000e+00  1.79668280e-07 
 4.88500000e+00  1.81696443e-07 
 4.89000000e+00  1.83745676e-07 
 4.89500000e+00  1.85816208e-07 
 4.90000000e+00  1.87908277e-07 
 4.90500000e+00  1.90022124e-07 
 4.91000000e+00  1.92157997e-07 
 4.91500000e+00  1.94316148e-07 
 4.92000000e+00  1.96496837e-07 
 4.92500000e+00  1.98700330e-07 
 4.93000000e+00  2.00926898e-07 
 4.93500000e+00  2.03176822e-07 
 4.94000000e+00  2.05450386e-07 
 4.94500000e+00  2.07747887e-07 
 4.95000000e+00  2.10069624e-07 
 4.95500000e+00  2.12415909e-07 
 4.96000000e+00  2.14787060e-07 
 4.96500000e+00  2.17183405e-07 
 4.97000000e+00  2.19605281e-07 
 4.97500000e+00  2.22053034e-07 
 4.98000000e+00  2.24527022e-07 
 4.98500000e+00  2.27027612e-07 
 4.99000000e+00  2.29555184e-07 
 4.99500000e+00  2.32110127e-07 
 5.00000000e+00  2.34692844e-07 
 5.00500000e+00  2.37303751e-07 
 5.01000000e+00  2.39943276e-07 
 5.01500000e+00  2.42611861e-07 
 5.02000000e+00  2.45309963e-07 
 5.02500000e+00  2.48038053e-07 
 5.03000000e+00  2.50796621e-07 
 5.03500000e+00  2.53586168e-07 
 5.04000000e+00  2.56407218e-07 
 5.04500000e+00  2.59260308e-07 
 5.05000000e+00  2.62145998e-07 
 5.05500000e+00  2.65064864e-07 
 5.06000000e+00  2.68017504e-07 
 5.06500000e+00  2.71004539e-07 
 5.07000000e+00  2.74026609e-07 
 5.07500000e+00  2.77084381e-07 
 5.08000000e+00  2.80178543e-07 
 5.08500000e+00  2.83309811e-07 
 5.09000000e+00  2.86478927e-07 
 5.09500000e+00  2.89686660e-07 
 5.10000000e+00  2.92933809e-07 
 5.10500000e+00  2.96221204e-07 
 5.11000000e+00  2.99549705e-07 
 5.11500000e+00  3.02920207e-07 
 5.12000000e+00  3.06333639e-07 
 5.12500000e+00  3.09790967e-07 
 5.13000000e+00  3.13293194e-07 
 5.13500000e+00  3.16841364e-07 
 5.14000000e+00  3.20436561e-07 
 5.14500000e+00  3.24079914e-07 
 5.15000000e+00  3.27772596e-07 
 5.15500000e+00  3.31515831e-07 
 5.16000000e+00  3.35310887e-07 
 5.16500000e+00  3.39159090e-07 
 5.17000000e+00  3.43061816e-07 
 5.17500000e+00  3.47020500e-07 
 5.18000000e+00  3.51036637e-07 
 5.18500000e+00  3.55111783e-07 
 5.19000000e+00  3.59247559e-07 
 5.19500000e+00  3.63445657e-07 
 5.20000000e+00  3.67707838e-07 
 5.20500000e+00  3.72035938e-07 
 5.21000000e+00  3.76431871e-07 
 5.21500000e+00  3.80897635e-07 
 5.22000000e+00  3.85435311e-07 
 5.22500000e+00  3.90047073e-07 
 5.23000000e+00  3.94735186e-07 
 5.23500000e+00  3.99502015e-07 
 5.24000000e+00  4.04350029e-07 
 5.24500000e+00  4.09281802e-07 
 5.25000000e+00  4.14300024e-07 
 5.25500000e+00  4.19407503e-07 
 5.26000000e+00  4.24607169e-07 
 5.26500000e+00  4.29902086e-07 
 5.27000000e+00  4.35295451e-07 
 5.27500000e+00  4.40790604e-07 
 5.28000000e+00  4.46391036e-07 
 5.28500000e+00  4.52100395e-07 
 5.29000000e+00  4.57922492e-07 
 5.29500000e+00  4.63861311e-07 
 5.30000000e+00  4.69921016e-07 
 5.30500000e+00  4.76105962e-07 
 5.31000000e+00  4.82420700e-07 
 5.31500000e+00  4.88869992e-07 
 5.32000000e+00  4.95458817e-07 
 5.32500000e+00  5.02192382e-07 
 5.33000000e+00  5.09076136e-07 
 5.33500000e+00  5.16115779e-07 
 5.34000000e+00  5.23317275e-07 
 5.34500000e+00  5.30686867e-07 
 5.35000000e+00  5.38231087e-07 
 5.35500000e+00  5.45956773e-07 
 5.36000000e+00  5.53871085e-07 
 5.36500000e+00  5.61981517e-07 
 5.37000000e+00  5.70295917e-07 
 5.37500000e+00  5.78822506e-07 
 5.38000000e+00  5.87569890e-07 
 5.38500000e+00  5.96547086e-07 
 5.39000000e+00  6.05763542e-07 
 5.39500000e+00  6.15229152e-07 
 5.40000000e+00  6.24954288e-07 
 5.40500000e+00  6.34949816e-07 
 5.41000000e+00  6.45227125e-07 
 5.41500000e+00  6.55798155e-07 
 5.42000000e+00  6.66675419e-07 
 5.42500000e+00  6.77872038e-07 
 5.43000000e+00  6.89401769e-07 
 5.43500000e+00  7.01279040e-07 
 5.44000000e+00  7.13518979e-07 
 5.44500000e+00  7.26137456e-07 
 5.45000000e+00  7.39151118e-07 
 5.45500000e+00  7.52577428e-07 
 5.46000000e+00  7.66434711e-07 
 5.46500000e+00  7.80742192e-07 
 5.47000000e+00  7.95520051e-07 
 5.47500000e+00  8.10789464e-07 
 5.48000000e+00  8.26572661e-07 
 5.48500000e+00  8.42892979e-07 
 5.49000000e+00  8.59774916e-07 
 5.49500000e+00  8.77244199e-07 
 5.50000000e+00  8.95327842e-07 
 5.50500000e+00  9.14054215e-07 
 5.51000000e+00  9.33453118e-07 
 5.51500000e+00  9.53555854e-07 
 5.52000000e+00  9.74395306e-07 
 5.52500000e+00  9.96006027e-07 
 5.53000000e+00  1.01842432e-06 
 5.53500000e+00  1.04168834e-06 
 5.54000000e+00  1.06583819e-06 
 5.54500000e+00  1.09091601e-06 
 5.55000000e+00  1.11696610e-06 
 5.55500000e+00  1.14403506e-06 
 5.56000000e+00  1.17217185e-06 
 5.56500000e+00  1.20142798e-06 
 5.57000000e+00  1.23185761e-06 
 5.57500000e+00  1.26351770e-06 
 5.58000000e+00  1.29646817e-06 
 5.58500000e+00  1.33077206e-06 
 5.59000000e+00  1.36649567e-06 
 5.59500000e+00  1.40370879e-06 
 5.60000000e+00  1.44248484e-06 
 5.60500000e+00  1.48290110e-06 
 5.61000000e+00  1.52503890e-06 
 5.61500000e+00  1.56898384e-06 
 5.62000000e+00  1.61482607e-06 
 5.62500000e+00  1.66266045e-06 
 5.63000000e+00  1.71258691e-06 
 5.63500000e+00  1.76471064e-06 
 5.64000000e+00  1.81914246e-06 
 5.64500000e+00  1.87599906e-06 
 5.65000000e+00  1.93540337e-06 
 5.65500000e+00  1.99748489e-06 
 5.66000000e+00  2.06238006e-06 
 5.66500000e+00  2.13023264e-06 
 5.67000000e+00  2.20119411e-06 
 5.67500000e+00  2.27542413e-06 
 5.68000000e+00  2.35309097e-06 
 5.68500000e+00  2.43437201e-06 
 5.69000000e+00  2.51945422e-06 
 5.69500000e+00  2.60853474e-06 
 5.70000000e+00  2.70182142e-06 
 5.70500000e+00  2.79953346e-06 
 5.71000000e+00  2.90190200e-06 
 5.71500000e+00  3.00917083e-06 
 5.72000000e+00  3.12159712e-06 
 5.72500000e+00  3.23945213e-06 
 5.73000000e+00  3.36302205e-06 
 5.73500000e+00  3.49260884e-06 
 5.74000000e+00  3.62853114e-06 
 5.74500000e+00  3.77112519e-06 
 5.75000000e+00  3.92074588e-06 
 5.75500000e+00  4.07776777e-06 
 5.76000000e+00  4.24258626e-06 
 5.76500000e+00  4.41561878e-06 
 5.77000000e+00  4.59730602e-06 
 5.77500000e+00  4.78811334e-06 
 5.78000000e+00  4.98853213e-06 
 5.78500000e+00  5.19908133e-06 
 5.79000000e+00  5.42030906e-06 
 5.79500000e+00  5.65279427e-06 
 5.80000000e+00  5.89714856e-06 
 5.80500000e+00  6.15401805e-06 
 5.81000000e+00  6.42408541e-06 
 5.81500000e+00  6.70807201e-06 
 5.82000000e+00  7.00674014e-06 
 5.82500000e+00  7.32089541e-06 
 5.83000000e+00  7.65138933e-06 
 5.83500000e+00  7.99912195e-06 
 5.84000000e+00  8.36504475e-06 
 5.84500000e+00  8.75016365e-06 
 5.85000000e+00  9.15554219e-06 
 5.85500000e+00  9.58230499e-06 
 5.86000000e+00  1.00316413e-05 
 5.86500000e+00  1.05048089e-05 
 5.87000000e+00  1.10031379e-05 
 5.87500000e+00  1.15280356e-05 
 5.88000000e+00  1.20809904e-05 
 5.88500000e+00  1.26635770e-05 
 5.89000000e+00  1.32774615e-05 
 5.89500000e+00  1.39244069e-05 
 5.90000000e+00  1.46062785e-05 
 5.90500000e+00  1.53250506e-05 
 5.91000000e+00  1.60828126e-05 
 5.91500000e+00  1.68817761e-05 
 5.92000000e+00  1.77242821e-05 
 5.92500000e+00  1.86128086e-05 
 5.93000000e+00  1.95499794e-05 
 5.93500000e+00  2.05385724e-05 
 5.94000000e+00  2.15815287e-05 
 5.94500000e+00  2.26819633e-05 
 5.95000000e+00  2.38431744e-05 
 5.95500000e+00  2.50686555e-05 
 5.96000000e+00  2.63621066e-05 
 5.96500000e+00  2.77274471e-05 
 5.97000000e+00  2.91688288e-05 
 5.97500000e+00  3.06906498e-05 
 5.98000000e+00  3.22975701e-05 
 5.98500000e+00  3.39945270e-05 
 5.99000000e+00  3.57867520e-05 
 5.99500000e+00  3.76797888e-05 
 6.00000000e+00  3.96795124e-05 
 6.00500000e+00  4.17921490e-05 
 6.01000000e+00  4.40242976e-05 
 6.01500000e+00  4.63829527e-05 
 6.02000000e+00  4.88755285e-05 
 6.02500000e+00  5.15098844e-05 
 6.03000000e+00  5.42943523e-05 
 6.03500000e+00  5.72377653e-05 
 6.04000000e+00  6.03494886e-05 
 6.04500000e+00  6.36394517e-05 
 6.05000000e+00  6.71181834e-05 
 6.05500000e+00  7.07968479e-05 
 6.06000000e+00  7.46872841e-05 
 6.06500000e+00  7.88020466e-05 
 6.07000000e+00  8.31544498e-05 
 6.07500000e+00  8.77586141e-05 
 6.08000000e+00  9.26295153e-05 
 6.08500000e+00  9.77830367e-05 
 6.09000000e+00  1.03236025e-04 
 6.09500000e+00  1.09006349e-04 
 6.10000000e+00  1.15112962e-04 
 6.10500000e+00  1.21575968e-04 
 6.11000000e+00  1.28416691e-04 
 6.11500000e+00  1.35657750e-04 
 6.12000000e+00  1.43323141e-04 
 6.12500000e+00  1.51438313e-04 
 6.13000000e+00  1.60030264e-04 
 6.13500000e+00  1.69127632e-04 
 6.14000000e+00  1.78760791e-04 
 6.14500000e+00  1.88961963e-04 
 6.15000000e+00  1.99765321e-04 
 6.15500000e+00  2.11207115e-04 
 6.16000000e+00  2.23325790e-04 
 6.16500000e+00  2.36162119e-04 
 6.17000000e+00  2.49759345e-04 
 6.17500000e+00  2.64163324e-04 
 6.18000000e+00  2.79422684e-04 
 6.18500000e+00  2.95588984e-04 
 6.19000000e+00  3.12716891e-04 
 6.19500000e+00  3.30864359e-04 
 6.20000000e+00  3.50092824e-04 
 6.20500000e+00  3.70467402e-04 
 6.21000000e+00  3.92057106e-04 
 6.21500000e+00  4.14935067e-04 
 6.22000000e+00  4.39178768e-04 
 6.22500000e+00  4.64870294e-04 
 6.23000000e+00  4.92096588e-04 
 6.23500000e+00  5.20949723e-04 
 6.24000000e+00  5.51527186e-04 
 6.24500000e+00  5.83932176e-04 
 6.25000000e+00  6.18273912e-04 
 6.25500000e+00  6.54667956e-04 
 6.26000000e+00  6.93236552e-04 
 6.26500000e+00  7.34108975e-04 
 6.27000000e+00  7.77421895e-04 
 6.27500000e+00  8.23319751e-04 
 6.28000000e+00  8.71955145e-04 
 6.28500000e+00  9.23489243e-04 
 6.29000000e+00  9.78092185e-04 
 6.29500000e+00  1.03594351e-03 
 6.30000000e+00  1.09723261e-03 
 6.30500000e+00  1.16215914e-03 
 6.31000000e+00  1.23093349e-03 
 6.31500000e+00  1.30377725e-03 
 6.32000000e+00  1.38092366e-03 
 6.32500000e+00  1.46261808e-03 
 6.33000000e+00  1.54911844e-03 
 6.33500000e+00  1.64069570e-03 
 6.34000000e+00  1.73763434e-03 
 6.34500000e+00  1.84023274e-03 
 6.35000000e+00  1.94880365e-03 
 6.35500000e+00  2.06367458e-03 
 6.36000000e+00  2.18518816e-03 
 6.36500000e+00  2.31370255e-03 
 6.37000000e+00  2.44959167e-03 
 6.37500000e+00  2.59324555e-03 
 6.38000000e+00  2.74507049e-03 
 6.38500000e+00  2.90548924e-03 
 6.39000000e+00  3.07494110e-03 
 6.39500000e+00  3.25388195e-03 
 6.40000000e+00  3.44278414e-03 
 6.40500000e+00  3.64213640e-03 
 6.41000000e+00  3.85244352e-03 
 6.41500000e+00  4.07422602e-03 
 6.42000000e+00  4.30801966e-03 
 6.42500000e+00  4.55437480e-03 
 6.43000000e+00  4.81385566e-03 
 6.43500000e+00  5.08703945e-03 
 6.44000000e+00  5.37451527e-03 
 6.44500000e+00  5.67688293e-03 
 6.45000000e+00  5.99475159e-03 
 6.45500000e+00  6.32873821e-03 
 6.46000000e+00  6.67946589e-03 
 6.46500000e+00  7.04756193e-03 
 6.47000000e+00  7.43365593e-03 
 6.47500000e+00  7.83837749e-03 
 6.48000000e+00  8.26235400e-03 
 6.48500000e+00  8.70620811e-03 
 6.49000000e+00  9.17055524e-03 
 6.49500000e+00  9.65600084e-03 
 6.50000000e+00  1.01631377e-02 
 6.50500000e+00  1.06925433e-02 
 6.51000000e+00  1.12447766e-02 
 6.51500000e+00  1.18203756e-02 
 6.52000000e+00  1.24198547e-02 
 6.52500000e+00  1.30437014e-02 
 6.53000000e+00  1.36923745e-02 
 6.53500000e+00  1.43663009e-02 
 6.54000000e+00  1.50658739e-02 
 6.54500000e+00  1.57914511e-02 
 6.55000000e+00  1.65433522e-02 
 6.55500000e+00  1.73218579e-02 
 6.56000000e+00  1.81272083e-02 
 6.56500000e+00  1.89596022e-02 
 6.57000000e+00  1.98191967e-02 
 6.57500000e+00  2.07061062e-02 
 6.58000000e+00  2.16204034e-02 
 6.58500000e+00  2.25621191e-02 
 6.59000000e+00  2.35312431e-02 
 6.59500000e+00  2.45277255e-02 
 6.60000000e+00  2.55514778e-02 
 6.60500000e+00  2.66023745e-02 
 6.61000000e+00  2.76802555e-02 
 6.61500000e+00  2.87849278e-02 
 6.62000000e+00  2.99161677e-02 
 6.62500000e+00  3.10737239e-02 
 6.63000000e+00  3.22573193e-02 
 6.63500000e+00  3.34666544e-02 
 6.64000000e+00  3.47014095e-02 
 6.64500000e+00  3.59612475e-02 
 6.65000000e+00  3.72458171e-02 
 6.65500000e+00  3.85547546e-02 
 6.66000000e+00  3.98876874e-02 
 6.66500000e+00  4.12442358e-02 
 6.67000000e+00  4.26240158e-02 
 6.67500000e+00  4.40266409e-02 
 6.68000000e+00  4.54517248e-02 
 6.68500000e+00  4.68988827e-02 
 6.69000000e+00  4.83677336e-02 
 6.69500000e+00  4.98579015e-02 
 6.70000000e+00  5.13690172e-02 
 6.70500000e+00  5.29007192e-02 
 6.71000000e+00  5.44526553e-02 
 6.71500000e+00  5.60244831e-02 
 6.72000000e+00  5.76158711e-02 
 6.72500000e+00  5.92264992e-02 
 6.73000000e+00  6.08560594e-02 
 6.73500000e+00  6.25042562e-02 
 6.74000000e+00  6.41708068e-02 
 6.74500000e+00  6.58554416e-02 
 6.75000000e+00  6.75579038e-02 
 6.75500000e+00  6.92779499e-02 
 6.76000000e+00  7.10153495e-02 
 6.76500000e+00  7.27698852e-02 
 6.77000000e+00  7.45413523e-02 
 6.77500000e+00  7.63295589e-02 
 6.78000000e+00  7.81343254e-02 
 6.78500000e+00  7.99554841e-02 
 6.79000000e+00  8.17928792e-02 
 6.79500000e+00  8.36463663e-02 
 6.80000000e+00  8.55158120e-02 
 6.80500000e+00  8.74010936e-02 
 6.81000000e+00  8.93020987e-02 
 6.81500000e+00  9.12187246e-02 
 6.82000000e+00  9.31508785e-02 
 6.82500000e+00  9.50984763e-02 
 6.83000000e+00  9.70614428e-02 
 6.83500000e+00  9.90397113e-02 
 6.84000000e+00  1.01033223e-01 
 6.84500000e+00  1.03041926e-01 
 6.85000000e+00  1.05065776e-01 
 6.85500000e+00  1.07104737e-01 
 6.86000000e+00  1.09158778e-01 
 6.86500000e+00  1.11227874e-01 
 6.87000000e+00  1.13312007e-01 
 6.87500000e+00  1.15411164e-01 
 6.88000000e+00  1.17525336e-01 
 6.88500000e+00  1.19654523e-01 
 6.89000000e+00  1.21798724e-01 
 6.89500000e+00  1.23957949e-01 
 6.90000000e+00  1.26132206e-01 
 6.90500000e+00  1.28321511e-01 
 6.91000000e+00  1.30525883e-01 
 6.91500000e+00  1.32745344e-01 
 6.92000000e+00  1.34979920e-01 
 6.92500000e+00  1.37229640e-01 
 6.93000000e+00  1.39494535e-01 
 6.93500000e+00  1.41774641e-01 
 6.94000000e+00  1.44069995e-01 
 6.94500000e+00  1.46380638e-01 
 6.95000000e+00  1.48706611e-01 
 6.95500000e+00  1.51047960e-01 
 6.96000000e+00  1.53404731e-01 
 6.96500000e+00  1.55776974e-01 
 6.97000000e+00  1.58164740e-01 
 6.97500000e+00  1.60568081e-01 
 6.98000000e+00  1.62987053e-01 
 6.98500000e+00  1.65421711e-01 
 6.99000000e+00  1.67872113e-01 
 6.99500000e+00  1.70338319e-01 
 7.00000000e+00  1.72820389e-01 
 7.00500000e+00  1.75318386e-01 
 7.01000000e+00  1.77832373e-01 
 7.01500000e+00  1.80362414e-01 
 7.02000000e+00  1.82908576e-01 
 7.02500000e+00  1.85470925e-01 
 7.03000000e+00  1.88049529e-01 
 7.03500000e+00  1.90644458e-01 
 7.04000000e+00  1.93255781e-01 
 7.04500000e+00  1.95883570e-01 
 7.05000000e+00  1.98527897e-01 
 7.05500000e+00  2.01188833e-01 
 7.06000000e+00  2.03866454e-01 
 7.06500000e+00  2.06560834e-01 
 7.07000000e+00  2.09272048e-01 
 7.07500000e+00  2.12000172e-01 
 7.08000000e+00  2.14745283e-01 
 7.08500000e+00  2.17507459e-01 
 7.09000000e+00  2.20286778e-01 
 7.09500000e+00  2.23083320e-01 
 7.10000000e+00  2.25897164e-01 
 7.10500000e+00  2.28728392e-01 
 7.11000000e+00  2.31577083e-01 
 7.11500000e+00  2.34443321e-01 
 7.12000000e+00  2.37327188e-01 
 7.12500000e+00  2.40228766e-01 
 7.13000000e+00  2.43148141e-01 
 7.13500000e+00  2.46085397e-01 
 7.14000000e+00  2.49040618e-01 
 7.14500000e+00  2.52013892e-01 
 7.15000000e+00  2.55005304e-01 
 7.15500000e+00  2.58014941e-01 
 7.16000000e+00  2.61042892e-01 
 7.16500000e+00  2.64089244e-01 
 7.17000000e+00  2.67154088e-01 
 7.17500000e+00  2.70237512e-01 
 7.18000000e+00  2.73339608e-01 
 7.18500000e+00  2.76460466e-01 
 7.19000000e+00  2.79600177e-01 
 7.19500000e+00  2.82758835e-01 
 7.20000000e+00  2.85936531e-01 
 7.20500000e+00  2.89133360e-01 
 7.21000000e+00  2.92349417e-01 
 7.21500000e+00  2.95584795e-01 
 7.22000000e+00  2.98839590e-01 
 7.22500000e+00  3.02113899e-01 
 7.23000000e+00  3.05407818e-01 
 7.23500000e+00  3.08721445e-01 
 7.24000000e+00  3.12054879e-01 
 7.24500000e+00  3.15408217e-01 
 7.25000000e+00  3.18781560e-01 
 7.25500000e+00  3.22175008e-01 
 7.26000000e+00  3.25588661e-01 
 7.26500000e+00  3.29022621e-01 
 7.27000000e+00  3.32476991e-01 
 7.27500000e+00  3.35951872e-01 
 7.28000000e+00  3.39447369e-01 
 7.28500000e+00  3.42963586e-01 
 7.29000000e+00  3.46500628e-01 
 7.29500000e+00  3.50058599e-01 
 7.30000000e+00  3.53637607e-01 
 7.30500000e+00  3.57237758e-01 
 7.31000000e+00  3.60859160e-01 
 7.31500000e+00  3.64501920e-01 
 7.32000000e+00  3.68166148e-01 
 7.32500000e+00  3.71851952e-01 
 7.33000000e+00  3.75559443e-01 
 7.33500000e+00  3.79288731e-01 
 7.34000000e+00  3.83039928e-01 
 7.34500000e+00  3.86813146e-01 
 7.35000000e+00  3.90608495e-01 
 7.35500000e+00  3.94426091e-01 
 7.36000000e+00  3.98266044e-01 
 7.36500000e+00  4.02128471e-01 
 7.37000000e+00  4.06013485e-01 
 7.37500000e+00  4.09921200e-01 
 7.38000000e+00  4.13851732e-01 
 7.38500000e+00  4.17805197e-01 
 7.39000000e+00  4.21781710e-01 
 7.39500000e+00  4.25781388e-01 
 7.40000000e+00  4.29804346e-01 
 7.40500000e+00  4.33850703e-01 
 7.41000000e+00  4.37920573e-01 
 7.41500000e+00  4.42014076e-01 
 7.42000000e+00  4.46131326e-01 
 7.42500000e+00  4.50272441e-01 
 7.43000000e+00  4.54437538e-01 
 7.43500000e+00  4.58626733e-01 
 7.44000000e+00  4.62840142e-01 
 7.44500000e+00  4.67077881e-01 
 7.45000000e+00  4.71340066e-01 
 7.45500000e+00  4.75626810e-01 
 7.46000000e+00  4.79938227e-01 
 7.46500000e+00  4.84274430e-01 
 7.47000000e+00  4.88635532e-01 
 7.47500000e+00  4.93021641e-01 
 7.48000000e+00  4.97432867e-01 
 7.48500000e+00  5.01869318e-01 
 7.49000000e+00  5.06331099e-01 
 7.49500000e+00  5.10818313e-01 
 7.50000000e+00  5.15331061e-01 
 7.50500000e+00  5.19869440e-01 
 7.51000000e+00  5.24433548e-01 
 7.51500000e+00  5.29023474e-01 
 7.52000000e+00  5.33639307e-01 
 7.52500000e+00  5.38281132e-01 
 7.53000000e+00  5.42949027e-01 
 7.53500000e+00  5.47643068e-01 
 7.54000000e+00  5.52363322e-01 
 7.54500000e+00  5.57109853e-01 
 7.55000000e+00  5.61882716e-01 
 7.55500000e+00  5.66681960e-01 
 7.56000000e+00  5.71507625e-01 
 7.56500000e+00  5.76359742e-01 
 7.57000000e+00  5.81238332e-01 
 7.57500000e+00  5.86143406e-01 
 7.58000000e+00  5.91074961e-01 
 7.58500000e+00  5.96032984e-01 
 7.59000000e+00  6.01017443e-01 
 7.59500000e+00  6.06028295e-01 
 7.60000000e+00  6.11065476e-01 
 7.60500000e+00  6.16128905e-01 
 7.61000000e+00  6.21218479e-01 
 7.61500000e+00  6.26334072e-01 
 7.62000000e+00  6.31475533e-01 
 7.62500000e+00  6.36642683e-01 
 7.63000000e+00  6.41835314e-01 
 7.63500000e+00  6.47053182e-01 
 7.64000000e+00  6.52296009e-01 
 7.64500000e+00  6.57563474e-01 
 7.65000000e+00  6.62855215e-01 
 7.65500000e+00  6.68170820e-01 
 7.66000000e+00  6.73509822e-01 
 7.66500000e+00  6.78871699e-01 
 7.67000000e+00  6.84255861e-01 
 7.67500000e+00  6.89661652e-01 
 7.68000000e+00  6.95088334e-01 
 7.68500000e+00  7.00535087e-01 
 7.69000000e+00  7.06000996e-01 
 7.69500000e+00  7.11485046e-01 
 7.70000000e+00  7.16986107e-01 
 7.70500000e+00  7.22502929e-01 
 7.71000000e+00  7.28034124e-01 
 7.71500000e+00  7.33578161e-01 
 7.72000000e+00  7.39133345e-01 
 7.72500000e+00  7.44697808e-01 
 7.73000000e+00  7.50269490e-01 
 7.73500000e+00  7.55846126e-01 
 7.74000000e+00  7.61425228e-01 
 7.74500000e+00  7.67004065e-01 
 7.75000000e+00  7.72579652e-01 
 7.75500000e+00  7.78148726e-01 
 7.76000000e+00  7.83707738e-01 
 7.76500000e+00  7.89252829e-01 
 7.77000000e+00  7.94779832e-01 
 7.77500000e+00  8.00284253e-01 
 7.78000000e+00  8.05761280e-01 
 7.78500000e+00  8.11205786e-01 
 7.79000000e+00  8.16612350e-01 
 7.79500000e+00  8.21975289e-01 
 7.80000000e+00  8.27288707e-01 
 7.80500000e+00  8.32546571e-01 
 7.81000000e+00  8.37742797e-01 
 7.81500000e+00  8.42871383e-01 
 7.82000000e+00  8.47926555e-01 
 7.82500000e+00  8.52902961e-01 
 7.83000000e+00  8.57795880e-01 
 7.83500000e+00  8.62601479e-01 
 7.84000000e+00  8.67317070e-01 
 7.84500000e+00  8.71941396e-01 
 7.85000000e+00  8.76474894e-01 
 7.85500000e+00  8.80919940e-01 
 7.86000000e+00  8.85281034e-01 
 7.86500000e+00  8.89564900e-01 
 7.87000000e+00  8.93780489e-01 
 7.87500000e+00  8.97938832e-01 
 7.88000000e+00  9.02052771e-01 
 7.88500000e+00  9.06136539e-01 
 7.89000000e+00  9.10205224e-01 
 7.89500000e+00  9.14274162e-01 
 7.90000000e+00  9.18358299e-01 
 7.90500000e+00  9.22471597e-01 
 7.91000000e+00  9.26626529e-01 
 7.91500000e+00  9.30833720e-01 
 7.92000000e+00  9.35101745e-01 
 7.92500000e+00  9.39437086e-01 
 7.93000000e+00  9.43844227e-01 
 7.93500000e+00  9.48325856e-01 
 7.94000000e+00  9.52883125e-01 
 7.94500000e+00  9.57515936e-01 
 7.95000000e+00  9.62223228e-01 
 7.95500000e+00  9.67003232e-01 
 7.96000000e+00  9.71853699e-01 
 7.96500000e+00  9.76772082e-01 
 7.97000000e+00  9.81755683e-01 
 7.97500000e+00  9.86801760e-01 
 7.98000000e+00  9.91907609e-01 
 7.98500000e+00  9.97070616e-01 
 7.99000000e+00  1.00228830e+00 
 7.99500000e+00  1.00755832e+00 
 8.00000000e+00  1.01287850e+00 
