 0.00000000e+00  7.78342325e-28 
 5.00000000e-03  1.26197734e-08 
 1.00000000e-02  2.40984618e-08 
 1.50000000e-02  3.44959037e-08 
 2.00000000e-02  4.38765633e-08 
 2.50000000e-02  5.23089519e-08 
 3.00000000e-02  5.98647443e-08 
 3.50000000e-02  6.66176208e-08 
 4.00000000e-02  7.26419084e-08 
 4.50000000e-02  7.80111265e-08 
 5.00000000e-02  8.27965667e-08 
 5.50000000e-02  8.70660256e-08 
 6.00000000e-02  9.08827869e-08 
 6.50000000e-02  9.43049082e-08 
 7.00000000e-02  9.73848240e-08 
 7.50000000e-02  1.00169239e-07 
 8.00000000e-02  1.02699262e-07 
 8.50000000e-02  1.05010718e-07 
 9.00000000e-02  1.07134574e-07 
 9.50000000e-02  1.09097429e-07 
 1.00000000e-01  1.10922019e-07 
 1.05000000e-01  1.12627716e-07 
 1.10000000e-01  1.14230986e-07 
 1.15000000e-01  1.15745812e-07 
 1.20000000e-01  1.17184065e-07 
 1.25000000e-01  1.18555825e-07 
 1.30000000e-01  1.19869666e-07 
 1.35000000e-01  1.21132888e-07 
 1.40000000e-01  1.22351721e-07 
 1.45000000e-01  1.23531494e-07 
 1.50000000e-01  1.24676776e-07 
 1.55000000e-01  1.25791495e-07 
 1.60000000e-01  1.26879040e-07 
 1.65000000e-01  1.27942340e-07 
 1.70000000e-01  1.28983936e-07 
 1.75000000e-01  1.30006040e-07 
 1.80000000e-01  1.31010582e-07 
 1.85000000e-01  1.31999253e-07 
 1.90000000e-01  1.32973535e-07 
 1.95000000e-01  1.33934736e-07 
 2.00000000e-01  1.34884012e-07 
 2.05000000e-01  1.35822386e-07 
 2.10000000e-01  1.36750766e-07 
 2.15000000e-01  1.37669965e-07 
 2.20000000e-01  1.38580705e-07 
 2.25000000e-01  1.39483637e-07 
 2.30000000e-01  1.40379343e-07 
 2.35000000e-01  1.41268350e-07 
 2.40000000e-01  1.42151131e-07 
 2.45000000e-01  1.43028117e-07 
 2.50000000e-01  1.43899699e-07 
 2.55000000e-01  1.44766230e-07 
 2.60000000e-01  1.45628034e-07 
 2.65000000e-01  1.46485409e-07 
 2.70000000e-01  1.47338623e-07 
 2.75000000e-01  1.48187927e-07 
 2.80000000e-01  1.49033548e-07 
 2.85000000e-01  1.49875699e-07 
 2.90000000e-01  1.50714573e-07 
 2.95000000e-01  1.51550351e-07 
 3.00000000e-01  1.52383199e-07 
 3.05000000e-01  1.53213273e-07 
 3.10000000e-01  1.54040717e-07 
 3.15000000e-01  1.54865665e-07 
 3.20000000e-01  1.55688243e-07 
 3.25000000e-01  1.56508568e-07 
 3.30000000e-01  1.57326749e-07 
 3.35000000e-01  1.58142890e-07 
 3.40000000e-01  1.58957087e-07 
 3.45000000e-01  1.59769431e-07 
 3.50000000e-01  1.60580007e-07 
 3.55000000e-01  1.61388896e-07 
 3.60000000e-01  1.62196175e-07 
 3.65000000e-01  1.63001914e-07 
 3.70000000e-01  1.63806183e-07 
 3.75000000e-01  1.64609045e-07 
 3.80000000e-01  1.65410562e-07 
 3.85000000e-01  1.66210792e-07 
 3.90000000e-01  1.67009790e-07 
 3.95000000e-01  1.67807609e-07 
 4.00000000e-01  1.68604298e-07 
 4.05000000e-01  1.69399906e-07 
 4.10000000e-01  1.70194478e-07 
 4.15000000e-01  1.70988058e-07 
 4.20000000e-01  1.71780686e-07 
 4.25000000e-01  1.72572404e-07 
 4.30000000e-01  1.73363249e-07 
 4.35000000e-01  1.74153258e-07 
 4.40000000e-01  1.74942465e-07 
 4.45000000e-01  1.75730906e-07 
 4.50000000e-01  1.76518611e-07 
 4.55000000e-01  1.77305613e-07 
 4.60000000e-01  1.78091941e-07 
 4.65000000e-01  1.78877624e-07 
 4.70000000e-01  1.79662690e-07 
 4.75000000e-01  1.80447167e-07 
 4.80000000e-01  1.81231079e-07 
 4.85000000e-01  1.82014452e-07 
 4.90000000e-01  1.82797311e-07 
 4.95000000e-01  1.83579679e-07 
 5.00000000e-01  1.84361578e-07 
 5.05000000e-01  1.85143031e-07 
 5.10000000e-01  1.85924059e-07 
 5.15000000e-01  1.86704683e-07 
 5.20000000e-01  1.87484922e-07 
 5.25000000e-01  1.88264797e-07 
 5.30000000e-01  1.89044326e-07 
 5.35000000e-01  1.89823528e-07 
 5.40000000e-01  1.90602421e-07 
 5.45000000e-01  1.91381022e-07 
 5.50000000e-01  1.92159348e-07 
 5.55000000e-01  1.92937416e-07 
 5.60000000e-01  1.93715243e-07 
 5.65000000e-01  1.94492843e-07 
 5.70000000e-01  1.95270233e-07 
 5.75000000e-01  1.96047428e-07 
 5.80000000e-01  1.96824442e-07 
 5.85000000e-01  1.97601289e-07 
 5.90000000e-01  1.98377985e-07 
 5.95000000e-01  1.99154542e-07 
 6.00000000e-01  1.99930975e-07 
 6.05000000e-01  2.00707296e-07 
 6.10000000e-01  2.01483519e-07 
 6.15000000e-01  2.02259656e-07 
 6.20000000e-01  2.03035721e-07 
 6.25000000e-01  2.03811724e-07 
 6.30000000e-01  2.04587680e-07 
 6.35000000e-01  2.05363598e-07 
 6.40000000e-01  2.06139492e-07 
 6.45000000e-01  2.06915373e-07 
 6.50000000e-01  2.07691252e-07 
 6.55000000e-01  2.08467140e-07 
 6.60000000e-01  2.09243049e-07 
 6.65000000e-01  2.10018989e-07 
 6.70000000e-01  2.10794972e-07 
 6.75000000e-01  2.11571006e-07 
 6.80000000e-01  2.12347105e-07 
 6.85000000e-01  2.13123276e-07 
 6.90000000e-01  2.13899532e-07 
 6.95000000e-01  2.14675882e-07 
 7.00000000e-01  2.15452335e-07 
 7.05000000e-01  2.16228903e-07 
 7.10000000e-01  2.17005594e-07 
 7.15000000e-01  2.17782418e-07 
 7.20000000e-01  2.18559386e-07 
 7.25000000e-01  2.19336506e-07 
 7.30000000e-01  2.20113788e-07 
 7.35000000e-01  2.20891241e-07 
 7.40000000e-01  2.21668876e-07 
 7.45000000e-01  2.22446700e-07 
 7.50000000e-01  2.23224723e-07 
 7.55000000e-01  2.24002954e-07 
 7.60000000e-01  2.24781403e-07 
 7.65000000e-01  2.25560078e-07 
 7.70000000e-01  2.26338988e-07 
 7.75000000e-01  2.27118142e-07 
 7.80000000e-01  2.27897549e-07 
 7.85000000e-01  2.28677217e-07 
 7.90000000e-01  2.29457156e-07 
 7.95000000e-01  2.30237374e-07 
 8.00000000e-01  2.31017879e-07 
 8.05000000e-01  2.31798681e-07 
 8.10000000e-01  2.32579788e-07 
 8.15000000e-01  2.33361208e-07 
 8.20000000e-01  2.34142950e-07 
 8.25000000e-01  2.34925023e-07 
 8.30000000e-01  2.35707435e-07 
 8.35000000e-01  2.36490194e-07 
 8.40000000e-01  2.37273309e-07 
 8.45000000e-01  2.38056788e-07 
 8.50000000e-01  2.38840640e-07 
 8.55000000e-01  2.39624873e-07 
 8.60000000e-01  2.40409495e-07 
 8.65000000e-01  2.41194515e-07 
 8.70000000e-01  2.41979941e-07 
 8.75000000e-01  2.42765782e-07 
 8.80000000e-01  2.43552046e-07 
 8.85000000e-01  2.44338740e-07 
 8.90000000e-01  2.45125874e-07 
 8.95000000e-01  2.45913456e-07 
 9.00000000e-01  2.46701494e-07 
 9.05000000e-01  2.47489996e-07 
 9.10000000e-01  2.48278971e-07 
 9.15000000e-01  2.49068427e-07 
 9.20000000e-01  2.49858373e-07 
 9.25000000e-01  2.50648816e-07 
 9.30000000e-01  2.51439766e-07 
 9.35000000e-01  2.52231230e-07 
 9.40000000e-01  2.53023217e-07 
 9.45000000e-01  2.53815735e-07 
 9.50000000e-01  2.54608793e-07 
 9.55000000e-01  2.55402399e-07 
 9.60000000e-01  2.56196561e-07 
 9.65000000e-01  2.56991289e-07 
 9.70000000e-01  2.57786590e-07 
 9.75000000e-01  2.58582473e-07 
 9.80000000e-01  2.59378947e-07 
 9.85000000e-01  2.60176020e-07 
 9.90000000e-01  2.60973700e-07 
 9.95000000e-01  2.61771997e-07 
 1.00000000e+00  2.62570918e-07 
 1.00500000e+00  2.63370474e-07 
 1.01000000e+00  2.64170671e-07 
 1.01500000e+00  2.64971520e-07 
 1.02000000e+00  2.65773028e-07 
 1.02500000e+00  2.66575205e-07 
 1.03000000e+00  2.67378060e-07 
 1.03500000e+00  2.68181601e-07 
 1.04000000e+00  2.68985837e-07 
 1.04500000e+00  2.69790777e-07 
 1.05000000e+00  2.70596430e-07 
 1.05500000e+00  2.71402806e-07 
 1.06000000e+00  2.72209913e-07 
 1.06500000e+00  2.73017761e-07 
 1.07000000e+00  2.73826358e-07 
 1.07500000e+00  2.74635714e-07 
 1.08000000e+00  2.75445839e-07 
 1.08500000e+00  2.76256740e-07 
 1.09000000e+00  2.77068429e-07 
 1.09500000e+00  2.77880914e-07 
 1.10000000e+00  2.78694205e-07 
 1.10500000e+00  2.79508312e-07 
 1.11000000e+00  2.80323243e-07 
 1.11500000e+00  2.81139009e-07 
 1.12000000e+00  2.81955620e-07 
 1.12500000e+00  2.82773085e-07 
 1.13000000e+00  2.83591414e-07 
 1.13500000e+00  2.84410617e-07 
 1.14000000e+00  2.85230704e-07 
 1.14500000e+00  2.86051685e-07 
 1.15000000e+00  2.86873570e-07 
 1.15500000e+00  2.87696370e-07 
 1.16000000e+00  2.88520095e-07 
 1.16500000e+00  2.89344754e-07 
 1.17000000e+00  2.90170359e-07 
 1.17500000e+00  2.90996921e-07 
 1.18000000e+00  2.91824448e-07 
 1.18500000e+00  2.92652953e-07 
 1.19000000e+00  2.93482446e-07 
 1.19500000e+00  2.94312938e-07 
 1.20000000e+00  2.95144439e-07 
 1.20500000e+00  2.95976961e-07 
 1.21000000e+00  2.96810515e-07 
 1.21500000e+00  2.97645112e-07 
 1.22000000e+00  2.98480763e-07 
 1.22500000e+00  2.99317479e-07 
 1.23000000e+00  3.00155273e-07 
 1.23500000e+00  3.00994155e-07 
 1.24000000e+00  3.01834137e-07 
 1.24500000e+00  3.02675231e-07 
 1.25000000e+00  3.03517449e-07 
 1.25500000e+00  3.04360802e-07 
 1.26000000e+00  3.05205304e-07 
 1.26500000e+00  3.06050965e-07 
 1.27000000e+00  3.06897798e-07 
 1.27500000e+00  3.07745815e-07 
 1.28000000e+00  3.08595029e-07 
 1.28500000e+00  3.09445453e-07 
 1.29000000e+00  3.10297099e-07 
 1.29500000e+00  3.11149980e-07 
 1.30000000e+00  3.12004108e-07 
 1.30500000e+00  3.12859498e-07 
 1.31000000e+00  3.13716161e-07 
 1.31500000e+00  3.14574112e-07 
 1.32000000e+00  3.15433363e-07 
 1.32500000e+00  3.16293928e-07 
 1.33000000e+00  3.17155821e-07 
 1.33500000e+00  3.18019056e-07 
 1.34000000e+00  3.18883646e-07 
 1.34500000e+00  3.19749606e-07 
 1.35000000e+00  3.20616949e-07 
 1.35500000e+00  3.21485690e-07 
 1.36000000e+00  3.22355843e-07 
 1.36500000e+00  3.23227423e-07 
 1.37000000e+00  3.24100445e-07 
 1.37500000e+00  3.24974923e-07 
 1.38000000e+00  3.25850873e-07 
 1.38500000e+00  3.26728309e-07 
 1.39000000e+00  3.27607247e-07 
 1.39500000e+00  3.28487702e-07 
 1.40000000e+00  3.29369690e-07 
 1.40500000e+00  3.30253227e-07 
 1.41000000e+00  3.31138328e-07 
 1.41500000e+00  3.32025010e-07 
 1.42000000e+00  3.32913288e-07 
 1.42500000e+00  3.33803180e-07 
 1.43000000e+00  3.34694701e-07 
 1.43500000e+00  3.35587869e-07 
 1.44000000e+00  3.36482700e-07 
 1.44500000e+00  3.37379211e-07 
 1.45000000e+00  3.38277420e-07 
 1.45500000e+00  3.39177344e-07 
 1.46000000e+00  3.40079000e-07 
 1.46500000e+00  3.40982406e-07 
 1.47000000e+00  3.41887581e-07 
 1.47500000e+00  3.42794542e-07 
 1.48000000e+00  3.43703308e-07 
 1.48500000e+00  3.44613896e-07 
 1.49000000e+00  3.45526327e-07 
 1.49500000e+00  3.46440618e-07 
 1.50000000e+00  3.47356789e-07 
 1.50500000e+00  3.48274859e-07 
 1.51000000e+00  3.49194848e-07 
 1.51500000e+00  3.50116774e-07 
 1.52000000e+00  3.51040659e-07 
 1.52500000e+00  3.51966522e-07 
 1.53000000e+00  3.52894384e-07 
 1.53500000e+00  3.53824265e-07 
 1.54000000e+00  3.54756185e-07 
 1.54500000e+00  3.55690166e-07 
 1.55000000e+00  3.56626229e-07 
 1.55500000e+00  3.57564396e-07 
 1.56000000e+00  3.58504687e-07 
 1.56500000e+00  3.59447125e-07 
 1.57000000e+00  3.60391733e-07 
 1.57500000e+00  3.61338531e-07 
 1.58000000e+00  3.62287544e-07 
 1.58500000e+00  3.63238793e-07 
 1.59000000e+00  3.64192302e-07 
 1.59500000e+00  3.65148094e-07 
 1.60000000e+00  3.66106193e-07 
 1.60500000e+00  3.67066622e-07 
 1.61000000e+00  3.68029406e-07 
 1.61500000e+00  3.68994569e-07 
 1.62000000e+00  3.69962135e-07 
 1.62500000e+00  3.70932130e-07 
 1.63000000e+00  3.71904578e-07 
 1.63500000e+00  3.72879506e-07 
 1.64000000e+00  3.73856938e-07 
 1.64500000e+00  3.74836901e-07 
 1.65000000e+00  3.75819421e-07 
 1.65500000e+00  3.76804525e-07 
 1.66000000e+00  3.77792239e-07 
 1.66500000e+00  3.78782590e-07 
 1.67000000e+00  3.79775607e-07 
 1.67500000e+00  3.80771316e-07 
 1.68000000e+00  3.81769747e-07 
 1.68500000e+00  3.82770926e-07 
 1.69000000e+00  3.83774883e-07 
 1.69500000e+00  3.84781648e-07 
 1.70000000e+00  3.85791248e-07 
 1.70500000e+00  3.86803715e-07 
 1.71000000e+00  3.87819077e-07 
 1.71500000e+00  3.88837366e-07 
 1.72000000e+00  3.89858611e-07 
 1.72500000e+00  3.90882844e-07 
 1.73000000e+00  3.91910097e-07 
 1.73500000e+00  3.92940400e-07 
 1.74000000e+00  3.93973787e-07 
 1.74500000e+00  3.95010289e-07 
 1.75000000e+00  3.96049939e-07 
 1.75500000e+00  3.97092770e-07 
 1.76000000e+00  3.98138816e-07 
 1.76500000e+00  3.99188111e-07 
 1.77000000e+00  4.00240690e-07 
 1.77500000e+00  4.01296585e-07 
 1.78000000e+00  4.02355834e-07 
 1.78500000e+00  4.03418471e-07 
 1.79000000e+00  4.04484532e-07 
 1.79500000e+00  4.05554054e-07 
 1.80000000e+00  4.06627073e-07 
 1.80500000e+00  4.07703626e-07 
 1.81000000e+00  4.08783751e-07 
 1.81500000e+00  4.09867486e-07 
 1.82000000e+00  4.10954868e-07 
 1.82500000e+00  4.12045938e-07 
 1.83000000e+00  4.13140734e-07 
 1.83500000e+00  4.14239297e-07 
 1.84000000e+00  4.15341665e-07 
 1.84500000e+00  4.16447880e-07 
 1.85000000e+00  4.17557984e-07 
 1.85500000e+00  4.18672016e-07 
 1.86000000e+00  4.19790021e-07 
 1.86500000e+00  4.20912040e-07 
 1.87000000e+00  4.22038116e-07 
 1.87500000e+00  4.23168293e-07 
 1.88000000e+00  4.24302615e-07 
 1.88500000e+00  4.25441126e-07 
 1.89000000e+00  4.26583872e-07 
 1.89500000e+00  4.27730899e-07 
 1.90000000e+00  4.28882251e-07 
 1.90500000e+00  4.30037977e-07 
 1.91000000e+00  4.31198123e-07 
 1.91500000e+00  4.32362737e-07 
 1.92000000e+00  4.33531867e-07 
 1.92500000e+00  4.34705562e-07 
 1.93000000e+00  4.35883873e-07 
 1.93500000e+00  4.37066848e-07 
 1.94000000e+00  4.38254538e-07 
 1.94500000e+00  4.39446996e-07 
 1.95000000e+00  4.40644271e-07 
 1.95500000e+00  4.41846418e-07 
 1.96000000e+00  4.43053489e-07 
 1.96500000e+00  4.44265538e-07 
 1.97000000e+00  4.45482618e-07 
 1.97500000e+00  4.46704786e-07 
 1.98000000e+00  4.47932097e-07 
 1.98500000e+00  4.49164606e-07 
 1.99000000e+00  4.50402372e-07 
 1.99500000e+00  4.51645451e-07 
 2.00000000e+00  4.52893902e-07 
 2.00500000e+00  4.54147784e-07 
 2.01000000e+00  4.55407156e-07 
 2.01500000e+00  4.56672080e-07 
 2.02000000e+00  4.57942615e-07 
 2.02500000e+00  4.59218825e-07 
 2.03000000e+00  4.60500772e-07 
 2.03500000e+00  4.61788519e-07 
 2.04000000e+00  4.63082130e-07 
 2.04500000e+00  4.64381670e-07 
 2.05000000e+00  4.65687206e-07 
 2.05500000e+00  4.66998802e-07 
 2.06000000e+00  4.68316527e-07 
 2.06500000e+00  4.69640449e-07 
 2.07000000e+00  4.70970637e-07 
 2.07500000e+00  4.72307160e-07 
 2.08000000e+00  4.73650089e-07 
 2.08500000e+00  4.74999495e-07 
 2.09000000e+00  4.76355452e-07 
 2.09500000e+00  4.77718031e-07 
 2.10000000e+00  4.79087308e-07 
 2.10500000e+00  4.80463357e-07 
 2.11000000e+00  4.81846254e-07 
 2.11500000e+00  4.83236075e-07 
 2.12000000e+00  4.84632900e-07 
 2.12500000e+00  4.86036806e-07 
 2.13000000e+00  4.87447873e-07 
 2.13500000e+00  4.88866182e-07 
 2.14000000e+00  4.90291814e-07 
 2.14500000e+00  4.91724853e-07 
 2.15000000e+00  4.93165382e-07 
 2.15500000e+00  4.94613485e-07 
 2.16000000e+00  4.96069249e-07 
 2.16500000e+00  4.97532760e-07 
 2.17000000e+00  4.99004107e-07 
 2.17500000e+00  5.00483378e-07 
 2.18000000e+00  5.01970663e-07 
 2.18500000e+00  5.03466054e-07 
 2.19000000e+00  5.04969643e-07 
 2.19500000e+00  5.06481523e-07 
 2.20000000e+00  5.08001790e-07 
 2.20500000e+00  5.09530539e-07 
 2.21000000e+00  5.11067868e-07 
 2.21500000e+00  5.12613874e-07 
 2.22000000e+00  5.14168657e-07 
 2.22500000e+00  5.15732318e-07 
 2.23000000e+00  5.17304959e-07 
 2.23500000e+00  5.18886684e-07 
 2.24000000e+00  5.20477596e-07 
 2.24500000e+00  5.22077803e-07 
 2.25000000e+00  5.23687411e-07 
 2.25500000e+00  5.25306529e-07 
 2.26000000e+00  5.26935267e-07 
 2.26500000e+00  5.28573737e-07 
 2.27000000e+00  5.30222052e-07 
 2.27500000e+00  5.31880325e-07 
 2.28000000e+00  5.33548673e-07 
 2.28500000e+00  5.35227213e-07 
 2.29000000e+00  5.36916064e-07 
 2.29500000e+00  5.38615345e-07 
 2.30000000e+00  5.40325180e-07 
 2.30500000e+00  5.42045691e-07 
 2.31000000e+00  5.43777003e-07 
 2.31500000e+00  5.45519243e-07 
 2.32000000e+00  5.47272539e-07 
 2.32500000e+00  5.49037021e-07 
 2.33000000e+00  5.50812822e-07 
 2.33500000e+00  5.52600073e-07 
 2.34000000e+00  5.54398910e-07 
 2.34500000e+00  5.56209470e-07 
 2.35000000e+00  5.58031891e-07 
 2.35500000e+00  5.59866315e-07 
 2.36000000e+00  5.61712882e-07 
 2.36500000e+00  5.63571738e-07 
 2.37000000e+00  5.65443028e-07 
 2.37500000e+00  5.67326900e-07 
 2.38000000e+00  5.69223504e-07 
 2.38500000e+00  5.71132992e-07 
 2.39000000e+00  5.73055518e-07 
 2.39500000e+00  5.74991237e-07 
 2.40000000e+00  5.76940308e-07 
 2.40500000e+00  5.78902891e-07 
 2.41000000e+00  5.80879147e-07 
 2.41500000e+00  5.82869241e-07 
 2.42000000e+00  5.84873340e-07 
 2.42500000e+00  5.86891613e-07 
 2.43000000e+00  5.88924230e-07 
 2.43500000e+00  5.90971365e-07 
 2.44000000e+00  5.93033193e-07 
 2.44500000e+00  5.95109892e-07 
 2.45000000e+00  5.97201644e-07 
 2.45500000e+00  5.99308630e-07 
 2.46000000e+00  6.01431036e-07 
 2.46500000e+00  6.03569050e-07 
 2.47000000e+00  6.05722862e-07 
 2.47500000e+00  6.07892665e-07 
 2.48000000e+00  6.10078655e-07 
 2.48500000e+00  6.12281030e-07 
 2.49000000e+00  6.14499991e-07 
 2.49500000e+00  6.16735742e-07 
 2.50000000e+00  6.18988489e-07 
 2.50500000e+00  6.21258442e-07 
 2.51000000e+00  6.23545812e-07 
 2.51500000e+00  6.25850816e-07 
 2.52000000e+00  6.28173670e-07 
 2.52500000e+00  6.30514598e-07 
 2.53000000e+00  6.32873821e-07 
 2.53500000e+00  6.35251569e-07 
 2.54000000e+00  6.37648072e-07 
 2.54500000e+00  6.40063562e-07 
 2.55000000e+00  6.42498278e-07 
 2.55500000e+00  6.44952460e-07 
 2.56000000e+00  6.47426350e-07 
 2.56500000e+00  6.49920198e-07 
 2.57000000e+00  6.52434252e-07 
 2.57500000e+00  6.54968767e-07 
 2.58000000e+00  6.57524002e-07 
 2.58500000e+00  6.60100217e-07 
 2.59000000e+00  6.62697677e-07 
 2.59500000e+00  6.65316652e-07 
 2.60000000e+00  6.67957414e-07 
 2.60500000e+00  6.70620239e-07 
 2.61000000e+00  6.73305409e-07 
 2.61500000e+00  6.76013207e-07 
 2.62000000e+00  6.78743923e-07 
 2.62500000e+00  6.81497849e-07 
 2.63000000e+00  6.84275283e-07 
 2.63500000e+00  6.87076526e-07 
 2.64000000e+00  6.89901883e-07 
 2.64500000e+00  6.92751664e-07 
 2.65000000e+00  6.95626185e-07 
 2.65500000e+00  6.98525765e-07 
 2.66000000e+00  7.01450728e-07 
 2.66500000e+00  7.04401401e-07 
 2.67000000e+00  7.07378119e-07 
 2.67500000e+00  7.10381221e-07 
 2.68000000e+00  7.13411049e-07 
 2.68500000e+00  7.16467952e-07 
 2.69000000e+00  7.19552283e-07 
 2.69500000e+00  7.22664402e-07 
 2.70000000e+00  7.25804673e-07 
 2.70500000e+00  7.28973465e-07 
 2.71000000e+00  7.32171154e-07 
 2.71500000e+00  7.35398119e-07 
 2.72000000e+00  7.38654749e-07 
 2.72500000e+00  7.41941434e-07 
 2.73000000e+00  7.45258574e-07 
 2.73500000e+00  7.48606571e-07 
 2.74000000e+00  7.51985838e-07 
 2.74500000e+00  7.55396789e-07 
 2.75000000e+00  7.58839848e-07 
 2.75500000e+00  7.62315445e-07 
 2.76000000e+00  7.65824015e-07 
 2.76500000e+00  7.69366001e-07 
 2.77000000e+00  7.72941851e-07 
 2.77500000e+00  7.76552023e-07 
 2.78000000e+00  7.80196979e-07 
 2.78500000e+00  7.83877190e-07 
 2.79000000e+00  7.87593134e-07 
 2.79500000e+00  7.91345295e-07 
 2.80000000e+00  7.95134166e-07 
 2.80500000e+00  7.98960248e-07 
 2.81000000e+00  8.02824049e-07 
 2.81500000e+00  8.06726085e-07 
 2.82000000e+00  8.10666879e-07 
 2.82500000e+00  8.14646966e-07 
 2.83000000e+00  8.18666884e-07 
 2.83500000e+00  8.22727184e-07 
 2.84000000e+00  8.26828424e-07 
 2.84500000e+00  8.30971171e-07 
 2.85000000e+00  8.35156001e-07 
 2.85500000e+00  8.39383499e-07 
 2.86000000e+00  8.43654259e-07 
 2.86500000e+00  8.47968887e-07 
 2.87000000e+00  8.52327994e-07 
 2.87500000e+00  8.56732207e-07 
 2.88000000e+00  8.61182157e-07 
 2.88500000e+00  8.65678489e-07 
 2.89000000e+00  8.70221859e-07 
 2.89500000e+00  8.74812930e-07 
 2.90000000e+00  8.79452379e-07 
 2.90500000e+00  8.84140894e-07 
 2.91000000e+00  8.88879172e-07 
 2.91500000e+00  8.93667924e-07 
 2.92000000e+00  8.98507871e-07 
 2.92500000e+00  9.03399746e-07 
 2.93000000e+00  9.08344296e-07 
 2.93500000e+00  9.13342279e-07 
 2.94000000e+00  9.18394464e-07 
 2.94500000e+00  9.23501636e-07 
 2.95000000e+00  9.28664592e-07 
 2.95500000e+00  9.33884141e-07 
 2.96000000e+00  9.39161107e-07 
 2.96500000e+00  9.44496328e-07 
 2.97000000e+00  9.49890656e-07 
 2.97500000e+00  9.55344956e-07 
 2.98000000e+00  9.60860110e-07 
 2.98500000e+00  9.66437014e-07 
 2.99000000e+00  9.72076579e-07 
 2.99500000e+00  9.77779732e-07 
 3.00000000e+00  9.83547415e-07 
 3.00500000e+00  9.89380589e-07 
 3.01000000e+00  9.95280228e-07 
 3.01500000e+00  1.00124732e-06 
 3.02000000e+00  1.00728289e-06 
 3.02500000e+00  1.01338795e-06 
 3.03000000e+00  1.01956355e-06 
 3.03500000e+00  1.02581075e-06 
 3.04000000e+00  1.03213064e-06 
 3.04500000e+00  1.03852432e-06 
 3.05000000e+00  1.04499290e-06 
 3.05500000e+00  1.05153754e-06 
 3.06000000e+00  1.05815938e-06 
 3.06500000e+00  1.06485961e-06 
 3.07000000e+00  1.07163944e-06 
 3.07500000e+00  1.07850008e-06 
 3.08000000e+00  1.08544278e-06 
 3.08500000e+00  1.09246882e-06 
 3.09000000e+00  1.09957948e-06 
 3.09500000e+00  1.10677607e-06 
 3.10000000e+00  1.11405994e-06 
 3.10500000e+00  1.12143245e-06 
 3.11000000e+00  1.12889498e-06 
 3.11500000e+00  1.13644895e-06 
 3.12000000e+00  1.14409579e-06 
 3.12500000e+00  1.15183697e-06 
 3.13000000e+00  1.15967399e-06 
 3.13500000e+00  1.16760836e-06 
 3.14000000e+00  1.17564162e-06 
 3.14500000e+00  1.18377536e-06 
 3.15000000e+00  1.19201119e-06 
 3.15500000e+00  1.20035073e-06 
 3.16000000e+00  1.20879565e-06 
 3.16500000e+00  1.21734765e-06 
 3.17000000e+00  1.22600847e-06 
 3.17500000e+00  1.23477985e-06 
 3.18000000e+00  1.24366360e-06 
 3.18500000e+00  1.25266155e-06 
 3.19000000e+00  1.26177555e-06 
 3.19500000e+00  1.27100752e-06 
 3.20000000e+00  1.28035938e-06 
 3.20500000e+00  1.28983311e-06 
 3.21000000e+00  1.29943072e-06 
 3.21500000e+00  1.30915426e-06 
 3.22000000e+00  1.31900581e-06 
 3.22500000e+00  1.32898751e-06 
 3.23000000e+00  1.33910154e-06 
 3.23500000e+00  1.34935009e-06 
 3.24000000e+00  1.35973543e-06 
 3.24500000e+00  1.37025987e-06 
 3.25000000e+00  1.38092573e-06 
 3.25500000e+00  1.39173543e-06 
 3.26000000e+00  1.40269139e-06 
 3.26500000e+00  1.41379611e-06 
 3.27000000e+00  1.42505212e-06 
 3.27500000e+00  1.43646201e-06 
 3.28000000e+00  1.44802841e-06 
 3.28500000e+00  1.45975403e-06 
 3.29000000e+00  1.47164160e-06 
 3.29500000e+00  1.48369394e-06 
 3.30000000e+00  1.49591388e-06 
 3.30500000e+00  1.50830436e-06 
 3.31000000e+00  1.52086834e-06 
 3.31500000e+00  1.53360886e-06 
 3.32000000e+00  1.54652902e-06 
 3.32500000e+00  1.55963197e-06 
 3.33000000e+00  1.57292095e-06 
 3.33500000e+00  1.58639924e-06 
 3.34000000e+00  1.60007020e-06 
 3.34500000e+00  1.61393727e-06 
 3.35000000e+00  1.62800393e-06 
 3.35500000e+00  1.64227377e-06 
 3.36000000e+00  1.65675043e-06 
 3.36500000e+00  1.67143763e-06 
 3.37000000e+00  1.68633917e-06 
 3.37500000e+00  1.70145893e-06 
 3.38000000e+00  1.71680088e-06 
 3.38500000e+00  1.73236906e-06 
 3.39000000e+00  1.74816760e-06 
 3.39500000e+00  1.76420072e-06 
 3.40000000e+00  1.78047273e-06 
 3.40500000e+00  1.79698803e-06 
 3.41000000e+00  1.81375111e-06 
 3.41500000e+00  1.83076657e-06 
 3.42000000e+00  1.84803909e-06 
 3.42500000e+00  1.86557347e-06 
 3.43000000e+00  1.88337459e-06 
 3.43500000e+00  1.90144747e-06 
 3.44000000e+00  1.91979720e-06 
 3.44500000e+00  1.93842901e-06 
 3.45000000e+00  1.95734823e-06 
 3.45500000e+00  1.97656031e-06 
 3.46000000e+00  1.99607082e-06 
 3.46500000e+00  2.01588545e-06 
 3.47000000e+00  2.03601003e-06 
 3.47500000e+00  2.05645049e-06 
 3.48000000e+00  2.07721293e-06 
 3.48500000e+00  2.09830354e-06 
 3.49000000e+00  2.11972869e-06 
 3.49500000e+00  2.14149486e-06 
 3.50000000e+00  2.16360870e-06 
 3.50500000e+00  2.18607700e-06 
 3.51000000e+00  2.20890669e-06 
 3.51500000e+00  2.23210488e-06 
 3.52000000e+00  2.25567881e-06 
 3.52500000e+00  2.27963593e-06 
 3.53000000e+00  2.30398381e-06 
 3.53500000e+00  2.32873023e-06 
 3.54000000e+00  2.35388312e-06 
 3.54500000e+00  2.37945061e-06 
 3.55000000e+00  2.40544101e-06 
 3.55500000e+00  2.43186283e-06 
 3.56000000e+00  2.45872475e-06 
 3.56500000e+00  2.48603569e-06 
 3.57000000e+00  2.51380475e-06 
 3.57500000e+00  2.54204124e-06 
 3.58000000e+00  2.57075471e-06 
 3.58500000e+00  2.59995491e-06 
 3.59000000e+00  2.62965182e-06 
 3.59500000e+00  2.65985567e-06 
 3.60000000e+00  2.69057692e-06 
 3.60500000e+00  2.72182628e-06 
 3.61000000e+00  2.75361472e-06 
 3.61500000e+00  2.78595345e-06 
 3.62000000e+00  2.81885396e-06 
 3.62500000e+00  2.85232802e-06 
 3.63000000e+00  2.88638767e-06 
 3.63500000e+00  2.92104525e-06 
 3.64000000e+00  2.95631338e-06 
 3.64500000e+00  2.99220499e-06 
 3.65000000e+00  3.02873333e-06 
 3.65500000e+00  3.06591197e-06 
 3.66000000e+00  3.10375479e-06 
 3.66500000e+00  3.14227604e-06 
 3.67000000e+00  3.18149028e-06 
 3.67500000e+00  3.22141246e-06 
 3.68000000e+00  3.26205787e-06 
 3.68500000e+00  3.30344218e-06 
 3.69000000e+00  3.34558146e-06 
 3.69500000e+00  3.38849216e-06 
 3.70000000e+00  3.43219115e-06 
 3.70500000e+00  3.47669570e-06 
 3.71000000e+00  3.52202353e-06 
 3.71500000e+00  3.56819279e-06 
 3.72000000e+00  3.61522207e-06 
 3.72500000e+00  3.66313045e-06 
 3.73000000e+00  3.71193746e-06 
 3.73500000e+00  3.76166316e-06 
 3.74000000e+00  3.81232807e-06 
 3.74500000e+00  3.86395327e-06 
 3.75000000e+00  3.91656033e-06 
 3.75500000e+00  3.97017140e-06 
 3.76000000e+00  4.02480918e-06 
 3.76500000e+00  4.08049695e-06 
 3.77000000e+00  4.13725859e-06 
 3.77500000e+00  4.19511858e-06 
 3.78000000e+00  4.25410203e-06 
 3.78500000e+00  4.31423470e-06 
 3.79000000e+00  4.37554302e-06 
 3.79500000e+00  4.43805408e-06 
 3.80000000e+00  4.50179570e-06 
 3.80500000e+00  4.56679641e-06 
 3.81000000e+00  4.63308546e-06 
 3.81500000e+00  4.70069289e-06 
 3.82000000e+00  4.76964952e-06 
 3.82500000e+00  4.83998697e-06 
 3.83000000e+00  4.91173769e-06 
 3.83500000e+00  4.98493498e-06 
 3.84000000e+00  5.05961303e-06 
 3.84500000e+00  5.13580692e-06 
 3.85000000e+00  5.21355267e-06 
 3.85500000e+00  5.29288724e-06 
 3.86000000e+00  5.37384859e-06 
 3.86500000e+00  5.45647568e-06 
 3.87000000e+00  5.54080851e-06 
 3.87500000e+00  5.62688815e-06 
 3.88000000e+00  5.71475678e-06 
 3.88500000e+00  5.80445771e-06 
 3.89000000e+00  5.89603542e-06 
 3.89500000e+00  5.98953557e-06 
 3.90000000e+00  6.08500509e-06 
 3.90500000e+00  6.18249215e-06 
 3.91000000e+00  6.28204625e-06 
 3.91500000e+00  6.38371823e-06 
 3.92000000e+00  6.48756031e-06 
 3.92500000e+00  6.59362615e-06 
 3.93000000e+00  6.70197088e-06 
 3.93500000e+00  6.81265114e-06 
 3.94000000e+00  6.92572513e-06 
 3.94500000e+00  7.04125265e-06 
 3.95000000e+00  7.15929516e-06 
 3.95500000e+00  7.27991583e-06 
 3.96000000e+00  7.40317956e-06 
 3.96500000e+00  7.52915307e-06 
 3.97000000e+00  7.65790494e-06 
 3.97500000e+00  7.78950567e-06 
 3.98000000e+00  7.92402773e-06 
 3.98500000e+00  8.06154562e-06 
 3.99000000e+00  8.20213592e-06 
 3.99500000e+00  8.34587740e-06 
 4.00000000e+00  8.49285103e-06 
 4.00500000e+00  8.64314007e-06 
 4.01000000e+00  8.79683016e-06 
 4.01500000e+00  8.95400934e-06 
 4.02000000e+00  9.11476818e-06 
 4.02500000e+00  9.27919983e-06 
 4.03000000e+00  9.44740010e-06 
 4.03500000e+00  9.61946754e-06 
 4.04000000e+00  9.79550352e-06 
 4.04500000e+00  9.97561235e-06 
 4.05000000e+00  1.01599013e-05 
 4.05500000e+00  1.03484808e-05 
 4.06000000e+00  1.05414644e-05 
 4.06500000e+00  1.07389691e-05 
 4.07000000e+00  1.09411150e-05 
 4.07500000e+00  1.11480260e-05 
 4.08000000e+00  1.13598294e-05 
 4.08500000e+00  1.15766564e-05 
 4.09000000e+00  1.17986419e-05 
 4.09500000e+00  1.20259247e-05 
 4.10000000e+00  1.22586480e-05 
 4.10500000e+00  1.24969588e-05 
 4.11000000e+00  1.27410087e-05 
 4.11500000e+00  1.29909538e-05 
 4.12000000e+00  1.32469546e-05 
 4.12500000e+00  1.35091766e-05 
 4.13000000e+00  1.37777901e-05 
 4.13500000e+00  1.40529705e-05 
 4.14000000e+00  1.43348984e-05 
 4.14500000e+00  1.46237598e-05 
 4.15000000e+00  1.49197464e-05 
 4.15500000e+00  1.52230555e-05 
 4.16000000e+00  1.55338904e-05 
 4.16500000e+00  1.58524605e-05 
 4.17000000e+00  1.61789816e-05 
 4.17500000e+00  1.65136759e-05 
 4.18000000e+00  1.68567725e-05 
 4.18500000e+00  1.72085072e-05 
 4.19000000e+00  1.75691232e-05 
 4.19500000e+00  1.79388710e-05 
 4.20000000e+00  1.83180089e-05 
 4.20500000e+00  1.87068028e-05 
 4.21000000e+00  1.91055271e-05 
 4.21500000e+00  1.95144643e-05 
 4.22000000e+00  1.99339058e-05 
 4.22500000e+00  2.03641519e-05 
 4.23000000e+00  2.08055122e-05 
 4.23500000e+00  2.12583058e-05 
 4.24000000e+00  2.17228617e-05 
 4.24500000e+00  2.21995193e-05 
 4.25000000e+00  2.26886282e-05 
 4.25500000e+00  2.31905491e-05 
 4.26000000e+00  2.37056540e-05 
 4.26500000e+00  2.42343264e-05 
 4.27000000e+00  2.47769618e-05 
 4.27500000e+00  2.53339681e-05 
 4.28000000e+00  2.59057662e-05 
 4.28500000e+00  2.64927899e-05 
 4.29000000e+00  2.70954869e-05 
 4.29500000e+00  2.77143191e-05 
 4.30000000e+00  2.83497628e-05 
 4.30500000e+00  2.90023094e-05 
 4.31000000e+00  2.96724661e-05 
 4.31500000e+00  3.03607559e-05 
 4.32000000e+00  3.10677188e-05 
 4.32500000e+00  3.17939117e-05 
 4.33000000e+00  3.25399094e-05 
 4.33500000e+00  3.33063051e-05 
 4.34000000e+00  3.40937111e-05 
 4.34500000e+00  3.49027591e-05 
 4.35000000e+00  3.57341013e-05 
 4.35500000e+00  3.65884108e-05 
 4.36000000e+00  3.74663824e-05 
 4.36500000e+00  3.83687334e-05 
 4.37000000e+00  3.92962041e-05 
 4.37500000e+00  4.02495591e-05 
 4.38000000e+00  4.12295874e-05 
 4.38500000e+00  4.22371039e-05 
 4.39000000e+00  4.32729500e-05 
 4.39500000e+00  4.43379943e-05 
 4.40000000e+00  4.54331340e-05 
 4.40500000e+00  4.65592954e-05 
 4.41000000e+00  4.77174351e-05 
 4.41500000e+00  4.89085414e-05 
 4.42000000e+00  5.01336344e-05 
 4.42500000e+00  5.13937683e-05 
 4.43000000e+00  5.26900317e-05 
 4.43500000e+00  5.40235489e-05 
 4.44000000e+00  5.53954817e-05 
 4.44500000e+00  5.68070300e-05 
 4.45000000e+00  5.82594334e-05 
 4.45500000e+00  5.97539726e-05 
 4.46000000e+00  6.12919708e-05 
 4.46500000e+00  6.28747949e-05 
 4.47000000e+00  6.45038577e-05 
 4.47500000e+00  6.61806184e-05 
 4.48000000e+00  6.79065855e-05 
 4.48500000e+00  6.96833172e-05 
 4.49000000e+00  7.15124242e-05 
 4.49500000e+00  7.33955708e-05 
 4.50000000e+00  7.53344771e-05 
 4.50500000e+00  7.73309208e-05 
 4.51000000e+00  7.93867393e-05 
 4.51500000e+00  8.15038318e-05 
 4.52000000e+00  8.36841610e-05 
 4.52500000e+00  8.59297560e-05 
 4.53000000e+00  8.82427141e-05 
 4.53500000e+00  9.06252034e-05 
 4.54000000e+00  9.30794651e-05 
 4.54500000e+00  9.56078160e-05 
 4.55000000e+00  9.82126514e-05 
 4.55500000e+00  1.00896448e-04 
 4.56000000e+00  1.03661765e-04 
 4.56500000e+00  1.06511250e-04 
 4.57000000e+00  1.09447640e-04 
 4.57500000e+00  1.12473764e-04 
 4.58000000e+00  1.15592548e-04 
 4.58500000e+00  1.18807017e-04 
 4.59000000e+00  1.22120300e-04 
 4.59500000e+00  1.25535631e-04 
 4.60000000e+00  1.29056354e-04 
 4.60500000e+00  1.32685928e-04 
 4.61000000e+00  1.36427930e-04 
 4.61500000e+00  1.40286058e-04 
 4.62000000e+00  1.44264138e-04 
 4.62500000e+00  1.48366123e-04 
 4.63000000e+00  1.52596106e-04 
 4.63500000e+00  1.56958315e-04 
 4.64000000e+00  1.61457125e-04 
 4.64500000e+00  1.66097060e-04 
 4.65000000e+00  1.70882799e-04 
 4.65500000e+00  1.75819181e-04 
 4.66000000e+00  1.80911208e-04 
 4.66500000e+00  1.86164057e-04 
 4.67000000e+00  1.91583078e-04 
 4.67500000e+00  1.97173807e-04 
 4.68000000e+00  2.02941967e-04 
 4.68500000e+00  2.08893478e-04 
 4.69000000e+00  2.15034461e-04 
 4.69500000e+00  2.21371247e-04 
 4.70000000e+00  2.27910381e-04 
 4.70500000e+00  2.34658634e-04 
 4.71000000e+00  2.41623007e-04 
 4.71500000e+00  2.48810738e-04 
 4.72000000e+00  2.56229313e-04 
 4.72500000e+00  2.63886472e-04 
 4.73000000e+00  2.71790218e-04 
 4.73500000e+00  2.79948827e-04 
 4.74000000e+00  2.88370855e-04 
 4.74500000e+00  2.97065146e-04 
 4.75000000e+00  3.06040847e-04 
 4.75500000e+00  3.15307411e-04 
 4.76000000e+00  3.24874613e-04 
 4.76500000e+00  3.34752554e-04 
 4.77000000e+00  3.44951678e-04 
 4.77500000e+00  3.55482779e-04 
 4.78000000e+00  3.66357012e-04 
 4.78500000e+00  3.77585906e-04 
 4.79000000e+00  3.89181376e-04 
 4.79500000e+00  4.01155734e-04 
 4.80000000e+00  4.13521700e-04 
 4.80500000e+00  4.26292417e-04 
 4.81000000e+00  4.39481463e-04 
 4.81500000e+00  4.53102864e-04 
 4.82000000e+00  4.67171107e-04 
 4.82500000e+00  4.81701156e-04 
 4.83000000e+00  4.96708463e-04 
 4.83500000e+00  5.12208983e-04 
 4.84000000e+00  5.28219192e-04 
 4.84500000e+00  5.44756098e-04 
 4.85000000e+00  5.61837255e-04 
 4.85500000e+00  5.79480784e-04 
 4.86000000e+00  5.97705385e-04 
 4.86500000e+00  6.16530352e-04 
 4.87000000e+00  6.35975592e-04 
 4.87500000e+00  6.56061637e-04 
 4.88000000e+00  6.76809667e-04 
 4.88500000e+00  6.98241520e-04 
 4.89000000e+00  7.20379714e-04 
 4.89500000e+00  7.43247458e-04 
 4.90000000e+00  7.66868678e-04 
 4.90500000e+00  7.91268025e-04 
 4.91000000e+00  8.16470896e-04 
 4.91500000e+00  8.42503455e-04 
 4.92000000e+00  8.69392642e-04 
 4.92500000e+00  8.97166198e-04 
 4.93000000e+00  9.25852676e-04 
 4.93500000e+00  9.55481463e-04 
 4.94000000e+00  9.86082793e-04 
 4.94500000e+00  1.01768777e-03 
 4.95000000e+00  1.05032836e-03 
 4.95500000e+00  1.08403746e-03 
 4.96000000e+00  1.11884884e-03 
 4.96500000e+00  1.15479724e-03 
 4.97000000e+00  1.19191830e-03 
 4.97500000e+00  1.23024865e-03 
 4.98000000e+00  1.26982587e-03 
 4.98500000e+00  1.31068852e-03 
 4.99000000e+00  1.35287619e-03 
 4.99500000e+00  1.39642942e-03 
 5.00000000e+00  1.44138981e-03 
 5.00500000e+00  1.48779996e-03 
 5.01000000e+00  1.53570352e-03 
 5.01500000e+00  1.58514516e-03 
 5.02000000e+00  1.63617060e-03 
 5.02500000e+00  1.68882662e-03 
 5.03000000e+00  1.74316105e-03 
 5.03500000e+00  1.79922274e-03 
 5.04000000e+00  1.85706164e-03 
 5.04500000e+00  1.91672872e-03 
 5.05000000e+00  1.97827599e-03 
 5.05500000e+00  2.04175650e-03 
 5.06000000e+00  2.10722436e-03 
 5.06500000e+00  2.17473464e-03 
 5.07000000e+00  2.24434348e-03 
 5.07500000e+00  2.31610796e-03 
 5.08000000e+00  2.39008615e-03 
 5.08500000e+00  2.46633709e-03 
 5.09000000e+00  2.54492072e-03 
 5.09500000e+00  2.62589791e-03 
 5.10000000e+00  2.70933039e-03 
 5.10500000e+00  2.79528074e-03 
 5.11000000e+00  2.88381235e-03 
 5.11500000e+00  2.97498939e-03 
 5.12000000e+00  3.06887676e-03 
 5.12500000e+00  3.16554005e-03 
 5.13000000e+00  3.26504550e-03 
 5.13500000e+00  3.36745997e-03 
 5.14000000e+00  3.47285082e-03 
 5.14500000e+00  3.58128596e-03 
 5.15000000e+00  3.69283370e-03 
 5.15500000e+00  3.80756274e-03 
 5.16000000e+00  3.92554210e-03 
 5.16500000e+00  4.04684103e-03 
 5.17000000e+00  4.17152900e-03 
 5.17500000e+00  4.29967557e-03 
 5.18000000e+00  4.43135034e-03 
 5.18500000e+00  4.56662289e-03 
 5.19000000e+00  4.70556269e-03 
 5.19500000e+00  4.84823904e-03 
 5.20000000e+00  4.99472095e-03 
 5.20500000e+00  5.14507712e-03 
 5.21000000e+00  5.29937581e-03 
 5.21500000e+00  5.45768479e-03 
 5.22000000e+00  5.62007122e-03 
 5.22500000e+00  5.78660163e-03 
 5.23000000e+00  5.95734177e-03 
 5.23500000e+00  6.13235659e-03 
 5.24000000e+00  6.31171011e-03 
 5.24500000e+00  6.49546537e-03 
 5.25000000e+00  6.68368434e-03 
 5.25500000e+00  6.87642785e-03 
 5.26000000e+00  7.07375551e-03 
 5.26500000e+00  7.27572563e-03 
 5.27000000e+00  7.48239520e-03 
 5.27500000e+00  7.69381973e-03 
 5.28000000e+00  7.91005327e-03 
 5.28500000e+00  8.13114831e-03 
 5.29000000e+00  8.35715575e-03 
 5.29500000e+00  8.58812479e-03 
 5.30000000e+00  8.82410296e-03 
 5.30500000e+00  9.06513602e-03 
 5.31000000e+00  9.31126791e-03 
 5.31500000e+00  9.56254077e-03 
 5.32000000e+00  9.81899486e-03 
 5.32500000e+00  1.00806685e-02 
 5.33000000e+00  1.03475983e-02 
 5.33500000e+00  1.06198186e-02 
 5.34000000e+00  1.08973621e-02 
 5.34500000e+00  1.11802594e-02 
 5.35000000e+00  1.14685391e-02 
 5.35500000e+00  1.17622281e-02 
 5.36000000e+00  1.20613509e-02 
 5.36500000e+00  1.23659306e-02 
 5.37000000e+00  1.26759880e-02 
 5.37500000e+00  1.29915422e-02 
 5.38000000e+00  1.33126102e-02 
 5.38500000e+00  1.36392074e-02 
 5.39000000e+00  1.39713472e-02 
 5.39500000e+00  1.43090414e-02 
 5.40000000e+00  1.46522999e-02 
 5.40500000e+00  1.50011310e-02 
 5.41000000e+00  1.53555412e-02 
 5.41500000e+00  1.57155355e-02 
 5.42000000e+00  1.60811174e-02 
 5.42500000e+00  1.64522888e-02 
 5.43000000e+00  1.68290501e-02 
 5.43500000e+00  1.72114005e-02 
 5.44000000e+00  1.75993376e-02 
 5.44500000e+00  1.79928580e-02 
 5.45000000e+00  1.83919568e-02 
 5.45500000e+00  1.87966281e-02 
 5.46000000e+00  1.92068650e-02 
 5.46500000e+00  1.96226592e-02 
 5.47000000e+00  2.00440018e-02 
 5.47500000e+00  2.04708827e-02 
 5.48000000e+00  2.09032913e-02 
 5.48500000e+00  2.13412157e-02 
 5.49000000e+00  2.17846437e-02 
 5.49500000e+00  2.22335623e-02 
 5.50000000e+00  2.26879577e-02 
 5.50500000e+00  2.31478156e-02 
 5.51000000e+00  2.36131215e-02 
 5.51500000e+00  2.40838600e-02 
 5.52000000e+00  2.45600155e-02 
 5.52500000e+00  2.50415722e-02 
 5.53000000e+00  2.55285137e-02 
 5.53500000e+00  2.60208235e-02 
 5.54000000e+00  2.65184849e-02 
 5.54500000e+00  2.70214809e-02 
 5.55000000e+00  2.75297947e-02 
 5.55500000e+00  2.80434091e-02 
 5.56000000e+00  2.85623070e-02 
 5.56500000e+00  2.90864712e-02 
 5.57000000e+00  2.96158847e-02 
 5.57500000e+00  3.01505303e-02 
 5.58000000e+00  3.06903913e-02 
 5.58500000e+00  3.12354508e-02 
 5.59000000e+00  3.17856922e-02 
 5.59500000e+00  3.23410989e-02 
 5.60000000e+00  3.29016549e-02 
 5.60500000e+00  3.34673440e-02 
 5.61000000e+00  3.40381505e-02 
 5.61500000e+00  3.46140591e-02 
 5.62000000e+00  3.51950544e-02 
 5.62500000e+00  3.57811217e-02 
 5.63000000e+00  3.63722465e-02 
 5.63500000e+00  3.69684146e-02 
 5.64000000e+00  3.75696122e-02 
 5.64500000e+00  3.81758258e-02 
 5.65000000e+00  3.87870425e-02 
 5.65500000e+00  3.94032497e-02 
 5.66000000e+00  4.00244349e-02 
 5.66500000e+00  4.06505866e-02 
 5.67000000e+00  4.12816932e-02 
 5.67500000e+00  4.19177437e-02 
 5.68000000e+00  4.25587278e-02 
 5.68500000e+00  4.32046351e-02 
 5.69000000e+00  4.38554562e-02 
 5.69500000e+00  4.45111818e-02 
 5.70000000e+00  4.51718030e-02 
 5.70500000e+00  4.58373117e-02 
 5.71000000e+00  4.65076999e-02 
 5.71500000e+00  4.71829602e-02 
 5.72000000e+00  4.78630856e-02 
 5.72500000e+00  4.85480695e-02 
 5.73000000e+00  4.92379061e-02 
 5.73500000e+00  4.99325894e-02 
 5.74000000e+00  5.06321145e-02 
 5.74500000e+00  5.13364765e-02 
 5.75000000e+00  5.20456712e-02 
 5.75500000e+00  5.27596945e-02 
 5.76000000e+00  5.34785432e-02 
 5.76500000e+00  5.42022142e-02 
 5.77000000e+00  5.49307048e-02 
 5.77500000e+00  5.56640129e-02 
 5.78000000e+00  5.64021367e-02 
 5.78500000e+00  5.71450749e-02 
 5.79000000e+00  5.78928266e-02 
 5.79500000e+00  5.86453911e-02 
 5.80000000e+00  5.94027684e-02 
 5.80500000e+00  6.01649587e-02 
 5.81000000e+00  6.09319626e-02 
 5.81500000e+00  6.17037811e-02 
 5.82000000e+00  6.24804157e-02 
 5.82500000e+00  6.32618680e-02 
 5.83000000e+00  6.40481403e-02 
 5.83500000e+00  6.48392349e-02 
 5.84000000e+00  6.56351549e-02 
 5.84500000e+00  6.64359032e-02 
 5.85000000e+00  6.72414836e-02 
 5.85500000e+00  6.80518999e-02 
 5.86000000e+00  6.88671563e-02 
 5.86500000e+00  6.96872573e-02 
 5.87000000e+00  7.05122079e-02 
 5.87500000e+00  7.13420133e-02 
 5.88000000e+00  7.21766789e-02 
 5.88500000e+00  7.30162106e-02 
 5.89000000e+00  7.38606145e-02 
 5.89500000e+00  7.47098971e-02 
 5.90000000e+00  7.55640651e-02 
 5.90500000e+00  7.64231255e-02 
 5.91000000e+00  7.72870857e-02 
 5.91500000e+00  7.81559533e-02 
 5.92000000e+00  7.90297360e-02 
 5.92500000e+00  7.99084422e-02 
 5.93000000e+00  8.07920802e-02 
 5.93500000e+00  8.16806587e-02 
 5.94000000e+00  8.25741866e-02 
 5.94500000e+00  8.34726733e-02 
 5.95000000e+00  8.43761282e-02 
 5.95500000e+00  8.52845610e-02 
 5.96000000e+00  8.61979816e-02 
 5.96500000e+00  8.71164004e-02 
 5.97000000e+00  8.80398277e-02 
 5.97500000e+00  8.89682744e-02 
 5.98000000e+00  8.99017512e-02 
 5.98500000e+00  9.08402695e-02 
 5.99000000e+00  9.17838406e-02 
 5.99500000e+00  9.27324760e-02 
 6.00000000e+00  9.36861878e-02 
 6.00500000e+00  9.46449879e-02 
 6.01000000e+00  9.56088887e-02 
 6.01500000e+00  9.65779026e-02 
 6.02000000e+00  9.75520424e-02 
 6.02500000e+00  9.85313210e-02 
 6.03000000e+00  9.95157516e-02 
 6.03500000e+00  1.00505347e-01 
 6.04000000e+00  1.01500122e-01 
 6.04500000e+00  1.02500089e-01 
 6.05000000e+00  1.03505263e-01 
 6.05500000e+00  1.04515657e-01 
 6.06000000e+00  1.05531287e-01 
 6.06500000e+00  1.06552166e-01 
 6.07000000e+00  1.07578309e-01 
 6.07500000e+00  1.08609731e-01 
 6.08000000e+00  1.09646448e-01 
 6.08500000e+00  1.10688474e-01 
 6.09000000e+00  1.11735826e-01 
 6.09500000e+00  1.12788517e-01 
 6.10000000e+00  1.13846566e-01 
 6.10500000e+00  1.14909987e-01 
 6.11000000e+00  1.15978797e-01 
 6.11500000e+00  1.17053012e-01 
 6.12000000e+00  1.18132648e-01 
 6.12500000e+00  1.19217723e-01 
 6.13000000e+00  1.20308253e-01 
 6.13500000e+00  1.21404256e-01 
 6.14000000e+00  1.22505748e-01 
 6.14500000e+00  1.23612747e-01 
 6.15000000e+00  1.24725271e-01 
 6.15500000e+00  1.25843337e-01 
 6.16000000e+00  1.26966964e-01 
 6.16500000e+00  1.28096168e-01 
 6.17000000e+00  1.29230970e-01 
 6.17500000e+00  1.30371386e-01 
 6.18000000e+00  1.31517437e-01 
 6.18500000e+00  1.32669139e-01 
 6.19000000e+00  1.33826513e-01 
 6.19500000e+00  1.34989578e-01 
 6.20000000e+00  1.36158352e-01 
 6.20500000e+00  1.37332855e-01 
 6.21000000e+00  1.38513106e-01 
 6.21500000e+00  1.39699126e-01 
 6.22000000e+00  1.40890935e-01 
 6.22500000e+00  1.42088551e-01 
 6.23000000e+00  1.43291997e-01 
 6.23500000e+00  1.44501291e-01 
 6.24000000e+00  1.45716454e-01 
 6.24500000e+00  1.46937508e-01 
 6.25000000e+00  1.48164473e-01 
 6.25500000e+00  1.49397369e-01 
 6.26000000e+00  1.50636219e-01 
 6.26500000e+00  1.51881044e-01 
 6.27000000e+00  1.53131864e-01 
 6.27500000e+00  1.54388702e-01 
 6.28000000e+00  1.55651580e-01 
 6.28500000e+00  1.56920519e-01 
 6.29000000e+00  1.58195541e-01 
 6.29500000e+00  1.59476669e-01 
 6.30000000e+00  1.60763926e-01 
 6.30500000e+00  1.62057334e-01 
 6.31000000e+00  1.63356915e-01 
 6.31500000e+00  1.64662692e-01 
 6.32000000e+00  1.65974690e-01 
 6.32500000e+00  1.67292930e-01 
 6.33000000e+00  1.68617436e-01 
 6.33500000e+00  1.69948232e-01 
 6.34000000e+00  1.71285342e-01 
 6.34500000e+00  1.72628789e-01 
 6.35000000e+00  1.73978598e-01 
 6.35500000e+00  1.75334792e-01 
 6.36000000e+00  1.76697396e-01 
 6.36500000e+00  1.78066434e-01 
 6.37000000e+00  1.79441932e-01 
 6.37500000e+00  1.80823914e-01 
 6.38000000e+00  1.82212404e-01 
 6.38500000e+00  1.83607429e-01 
 6.39000000e+00  1.85009013e-01 
 6.39500000e+00  1.86417182e-01 
 6.40000000e+00  1.87831962e-01 
 6.40500000e+00  1.89253378e-01 
 6.41000000e+00  1.90681456e-01 
 6.41500000e+00  1.92116222e-01 
 6.42000000e+00  1.93557704e-01 
 6.42500000e+00  1.95005926e-01 
 6.43000000e+00  1.96460916e-01 
 6.43500000e+00  1.97922701e-01 
 6.44000000e+00  1.99391307e-01 
 6.44500000e+00  2.00866762e-01 
 6.45000000e+00  2.02349093e-01 
 6.45500000e+00  2.03838327e-01 
 6.46000000e+00  2.05334492e-01 
 6.46500000e+00  2.06837615e-01 
 6.47000000e+00  2.08347726e-01 
 6.47500000e+00  2.09864851e-01 
 6.48000000e+00  2.11389019e-01 
 6.48500000e+00  2.12920259e-01 
 6.49000000e+00  2.14458598e-01 
 6.49500000e+00  2.16004067e-01 
 6.50000000e+00  2.17556694e-01 
 6.50500000e+00  2.19116507e-01 
 6.51000000e+00  2.20683537e-01 
 6.51500000e+00  2.22257813e-01 
 6.52000000e+00  2.23839364e-01 
 6.52500000e+00  2.25428220e-01 
 6.53000000e+00  2.27024412e-01 
 6.53500000e+00  2.28627968e-01 
 6.54000000e+00  2.30238921e-01 
 6.54500000e+00  2.31857300e-01 
 6.55000000e+00  2.33483136e-01 
 6.55500000e+00  2.35116460e-01 
 6.56000000e+00  2.36757303e-01 
 6.56500000e+00  2.38405696e-01 
 6.57000000e+00  2.40061670e-01 
 6.57500000e+00  2.41725258e-01 
 6.58000000e+00  2.43396490e-01 
 6.58500000e+00  2.45075400e-01 
 6.59000000e+00  2.46762018e-01 
 6.59500000e+00  2.48456378e-01 
 6.60000000e+00  2.50158512e-01 
 6.60500000e+00  2.51868452e-01 
 6.61000000e+00  2.53586231e-01 
 6.61500000e+00  2.55311883e-01 
 6.62000000e+00  2.57045441e-01 
 6.62500000e+00  2.58786938e-01 
 6.63000000e+00  2.60536407e-01 
 6.63500000e+00  2.62293883e-01 
 6.64000000e+00  2.64059400e-01 
 6.64500000e+00  2.65832991e-01 
 6.65000000e+00  2.67614692e-01 
 6.65500000e+00  2.69404536e-01 
 6.66000000e+00  2.71202559e-01 
 6.66500000e+00  2.73008795e-01 
 6.67000000e+00  2.74823279e-01 
 6.67500000e+00  2.76646048e-01 
 6.68000000e+00  2.78477136e-01 
 6.68500000e+00  2.80316579e-01 
 6.69000000e+00  2.82164413e-01 
 6.69500000e+00  2.84020674e-01 
 6.70000000e+00  2.85885399e-01 
 6.70500000e+00  2.87758625e-01 
 6.71000000e+00  2.89640387e-01 
 6.71500000e+00  2.91530723e-01 
 6.72000000e+00  2.93429669e-01 
 6.72500000e+00  2.95337265e-01 
 6.73000000e+00  2.97253546e-01 
 6.73500000e+00  2.99178550e-01 
 6.74000000e+00  3.01112317e-01 
 6.74500000e+00  3.03054883e-01 
 6.75000000e+00  3.05006287e-01 
 6.75500000e+00  3.06966568e-01 
 6.76000000e+00  3.08935765e-01 
 6.76500000e+00  3.10913916e-01 
 6.77000000e+00  3.12901061e-01 
 6.77500000e+00  3.14897239e-01 
 6.78000000e+00  3.16902491e-01 
 6.78500000e+00  3.18916855e-01 
 6.79000000e+00  3.20940372e-01 
 6.79500000e+00  3.22973082e-01 
 6.80000000e+00  3.25015027e-01 
 6.80500000e+00  3.27066245e-01 
 6.81000000e+00  3.29126780e-01 
 6.81500000e+00  3.31196671e-01 
 6.82000000e+00  3.33275960e-01 
 6.82500000e+00  3.35364690e-01 
 6.83000000e+00  3.37462900e-01 
 6.83500000e+00  3.39570635e-01 
 6.84000000e+00  3.41687936e-01 
 6.84500000e+00  3.43814846e-01 
 6.85000000e+00  3.45951408e-01 
 6.85500000e+00  3.48097664e-01 
 6.86000000e+00  3.50253657e-01 
 6.86500000e+00  3.52419433e-01 
 6.87000000e+00  3.54595033e-01 
 6.87500000e+00  3.56780503e-01 
 6.88000000e+00  3.58975885e-01 
 6.88500000e+00  3.61181226e-01 
 6.89000000e+00  3.63396569e-01 
 6.89500000e+00  3.65621960e-01 
 6.90000000e+00  3.67857443e-01 
 6.90500000e+00  3.70103064e-01 
 6.91000000e+00  3.72358869e-01 
 6.91500000e+00  3.74624903e-01 
 6.92000000e+00  3.76901213e-01 
 6.92500000e+00  3.79187846e-01 
 6.93000000e+00  3.81484847e-01 
 6.93500000e+00  3.83792264e-01 
 6.94000000e+00  3.86110144e-01 
 6.94500000e+00  3.88438534e-01 
 6.95000000e+00  3.90777482e-01 
 6.95500000e+00  3.93127037e-01 
 6.96000000e+00  3.95487245e-01 
 6.96500000e+00  3.97858156e-01 
 6.97000000e+00  4.00239819e-01 
 6.97500000e+00  4.02632282e-01 
 6.98000000e+00  4.05035594e-01 
 6.98500000e+00  4.07449805e-01 
 6.99000000e+00  4.09874965e-01 
 6.99500000e+00  4.12311124e-01 
 7.00000000e+00  4.14758332e-01 
 7.00500000e+00  4.17216639e-01 
 7.01000000e+00  4.19686097e-01 
 7.01500000e+00  4.22166757e-01 
 7.02000000e+00  4.24658669e-01 
 7.02500000e+00  4.27161886e-01 
 7.03000000e+00  4.29676459e-01 
 7.03500000e+00  4.32202440e-01 
 7.04000000e+00  4.34739883e-01 
 7.04500000e+00  4.37288839e-01 
 7.05000000e+00  4.39849362e-01 
 7.05500000e+00  4.42421505e-01 
 7.06000000e+00  4.45005322e-01 
 7.06500000e+00  4.47600865e-01 
 7.07000000e+00  4.50208190e-01 
 7.07500000e+00  4.52827351e-01 
 7.08000000e+00  4.55458402e-01 
 7.08500000e+00  4.58101398e-01 
 7.09000000e+00  4.60756394e-01 
 7.09500000e+00  4.63423446e-01 
 7.10000000e+00  4.66102609e-01 
 7.10500000e+00  4.68793940e-01 
 7.11000000e+00  4.71497495e-01 
 7.11500000e+00  4.74213330e-01 
 7.12000000e+00  4.76941501e-01 
 7.12500000e+00  4.79682067e-01 
 7.13000000e+00  4.82435084e-01 
 7.13500000e+00  4.85200611e-01 
 7.14000000e+00  4.87978703e-01 
 7.14500000e+00  4.90769421e-01 
 7.15000000e+00  4.93572823e-01 
 7.15500000e+00  4.96388966e-01 
 7.16000000e+00  4.99217909e-01 
 7.16500000e+00  5.02059713e-01 
 7.17000000e+00  5.04914436e-01 
 7.17500000e+00  5.07782138e-01 
 7.18000000e+00  5.10662879e-01 
 7.18500000e+00  5.13556718e-01 
 7.19000000e+00  5.16463717e-01 
 7.19500000e+00  5.19383935e-01 
 7.20000000e+00  5.22317434e-01 
 7.20500000e+00  5.25264274e-01 
 7.21000000e+00  5.28224517e-01 
 7.21500000e+00  5.31198223e-01 
 7.22000000e+00  5.34185456e-01 
 7.22500000e+00  5.37186275e-01 
 7.23000000e+00  5.40200743e-01 
 7.23500000e+00  5.43228923e-01 
 7.24000000e+00  5.46270876e-01 
 7.24500000e+00  5.49326665e-01 
 7.25000000e+00  5.52396353e-01 
 7.25500000e+00  5.55480001e-01 
 7.26000000e+00  5.58577673e-01 
 7.26500000e+00  5.61689431e-01 
 7.27000000e+00  5.64815338e-01 
 7.27500000e+00  5.67955458e-01 
 7.28000000e+00  5.71109853e-01 
 7.28500000e+00  5.74278585e-01 
 7.29000000e+00  5.77461719e-01 
 7.29500000e+00  5.80659317e-01 
 7.30000000e+00  5.83871441e-01 
 7.30500000e+00  5.87098155e-01 
 7.31000000e+00  5.90339521e-01 
 7.31500000e+00  5.93595601e-01 
 7.32000000e+00  5.96866459e-01 
 7.32500000e+00  6.00152155e-01 
 7.33000000e+00  6.03452753e-01 
 7.33500000e+00  6.06768313e-01 
 7.34000000e+00  6.10098897e-01 
 7.34500000e+00  6.13444565e-01 
 7.35000000e+00  6.16805379e-01 
 7.35500000e+00  6.20181397e-01 
 7.36000000e+00  6.23572680e-01 
 7.36500000e+00  6.26979287e-01 
 7.37000000e+00  6.30401275e-01 
 7.37500000e+00  6.33838702e-01 
 7.38000000e+00  6.37291624e-01 
 7.38500000e+00  6.40760097e-01 
 7.39000000e+00  6.44244177e-01 
 7.39500000e+00  6.47743916e-01 
 7.40000000e+00  6.51259368e-01 
 7.40500000e+00  6.54790583e-01 
 7.41000000e+00  6.58337612e-01 
 7.41500000e+00  6.61900502e-01 
 7.42000000e+00  6.65479301e-01 
 7.42500000e+00  6.69074054e-01 
 7.43000000e+00  6.72684803e-01 
 7.43500000e+00  6.76311590e-01 
 7.44000000e+00  6.79954453e-01 
 7.44500000e+00  6.83613429e-01 
 7.45000000e+00  6.87288550e-01 
 7.45500000e+00  6.90979849e-01 
 7.46000000e+00  6.94687352e-01 
 7.46500000e+00  6.98411084e-01 
 7.47000000e+00  7.02151065e-01 
 7.47500000e+00  7.05907312e-01 
 7.48000000e+00  7.09679837e-01 
 7.48500000e+00  7.13468648e-01 
 7.49000000e+00  7.17273749e-01 
 7.49500000e+00  7.21095136e-01 
 7.50000000e+00  7.24932802e-01 
 7.50500000e+00  7.28786731e-01 
 7.51000000e+00  7.32656903e-01 
 7.51500000e+00  7.36543289e-01 
 7.52000000e+00  7.40445852e-01 
 7.52500000e+00  7.44364547e-01 
 7.53000000e+00  7.48299320e-01 
 7.53500000e+00  7.52250107e-01 
 7.54000000e+00  7.56216832e-01 
 7.54500000e+00  7.60199408e-01 
 7.55000000e+00  7.64197736e-01 
 7.55500000e+00  7.68211702e-01 
 7.56000000e+00  7.72241178e-01 
 7.56500000e+00  7.76286020e-01 
 7.57000000e+00  7.80346065e-01 
 7.57500000e+00  7.84421133e-01 
 7.58000000e+00  7.88511021e-01 
 7.58500000e+00  7.92615507e-01 
 7.59000000e+00  7.96734341e-01 
 7.59500000e+00  8.00867249e-01 
 7.60000000e+00  8.05013928e-01 
 7.60500000e+00  8.09174044e-01 
 7.61000000e+00  8.13347227e-01 
 7.61500000e+00  8.17533073e-01 
 7.62000000e+00  8.21731136e-01 
 7.62500000e+00  8.25940928e-01 
 7.63000000e+00  8.30161913e-01 
 7.63500000e+00  8.34393501e-01 
 7.64000000e+00  8.38635051e-01 
 7.64500000e+00  8.42885855e-01 
 7.65000000e+00  8.47145143e-01 
 7.65500000e+00  8.51412070e-01 
 7.66000000e+00  8.55685715e-01 
 7.66500000e+00  8.59965068e-01 
 7.67000000e+00  8.64249031e-01 
 7.67500000e+00  8.68536401e-01 
 7.68000000e+00  8.72825870e-01 
 7.68500000e+00  8.77116011e-01 
 7.69000000e+00  8.81405273e-01 
 7.69500000e+00  8.85691966e-01 
 7.70000000e+00  8.89974259e-01 
 7.70500000e+00  8.94250166e-01 
 7.71000000e+00  8.98517538e-01 
 7.71500000e+00  9.02774056e-01 
 7.72000000e+00  9.07017225e-01 
 7.72500000e+00  9.11244368e-01 
 7.73000000e+00  9.15452629e-01 
 7.73500000e+00  9.19638971e-01 
 7.74000000e+00  9.23800191e-01 
 7.74500000e+00  9.27932933e-01 
 7.75000000e+00  9.32033718e-01 
 7.75500000e+00  9.36098981e-01 
 7.76000000e+00  9.40125130e-01 
 7.76500000e+00  9.44108614e-01 
 7.77000000e+00  9.48046024e-01 
 7.77500000e+00  9.51934209e-01 
 7.78000000e+00  9.55770419e-01 
 7.78500000e+00  9.59552475e-01 
 7.79000000e+00  9.63278961e-01 
 7.79500000e+00  9.66949429e-01 
 7.80000000e+00  9.70564606e-01 
 7.80500000e+00  9.74126585e-01 
 7.81000000e+00  9.77638988e-01 
 7.81500000e+00  9.81107048e-01 
 7.82000000e+00  9.84537617e-01 
 7.82500000e+00  9.87939059e-01 
 7.83000000e+00  9.91321009e-01 
 7.83500000e+00  9.94694035e-01 
 7.84000000e+00  9.98069195e-01 
 7.84500000e+00  1.00145754e+00 
 7.85000000e+00  1.00486964e+00 
 7.85500000e+00  1.00831513e+00 
 7.86000000e+00  1.01180238e+00 
 7.86500000e+00  1.01533831e+00 
 7.87000000e+00  1.01892824e+00 
 7.87500000e+00  1.02257600e+00 
 7.88000000e+00  1.02628399e+00 
 7.88500000e+00  1.03005340e+00 
 7.89000000e+00  1.03388439e+00 
 7.89500000e+00  1.03777631e+00 
 7.90000000e+00  1.04172791e+00 
 7.90500000e+00  1.04573753e+00 
 7.91000000e+00  1.04980320e+00 
 7.91500000e+00  1.05392281e+00 
 7.92000000e+00  1.05809416e+00 
 7.92500000e+00  1.06231507e+00 
 7.93000000e+00  1.06658341e+00 
 7.93500000e+00  1.07089710e+00 
 7.94000000e+00  1.07525421e+00 
 7.94500000e+00  1.07965291e+00 
 7.95000000e+00  1.08409147e+00 
 7.95500000e+00  1.08856831e+00 
 7.96000000e+00  1.09308197e+00 
 7.96500000e+00  1.09763109e+00 
 7.97000000e+00  1.10221445e+00 
 7.97500000e+00  1.10683090e+00 
 7.98000000e+00  1.11147941e+00 
 7.98500000e+00  1.11615902e+00 
 7.99000000e+00  1.12086888e+00 
 7.99500000e+00  1.12560819e+00 
 8.00000000e+00  1.13037622e+00 
