 0.00000000e+00  3.00589070e-29 
 5.00000000e-03  7.76309900e-10 
 1.00000000e-02  1.47168139e-09 
 1.50000000e-02  2.09168045e-09 
 2.00000000e-02  2.64219580e-09 
 2.50000000e-02  3.12933629e-09 
 3.00000000e-02  3.55930358e-09 
 3.50000000e-02  3.93825132e-09 
 4.00000000e-02  4.27214492e-09 
 4.50000000e-02  4.56663628e-09 
 5.00000000e-02  4.82696445e-09 
 5.50000000e-02  5.05788889e-09 
 6.00000000e-02  5.26365595e-09 
 6.50000000e-02  5.44799525e-09 
 7.00000000e-02  5.61413961e-09 
 7.50000000e-02  5.76486122e-09 
 8.00000000e-02  5.90251728e-09 
 8.50000000e-02  6.02909946e-09 
 9.00000000e-02  6.14628305e-09 
 9.50000000e-02  6.25547325e-09 
 1.00000000e-01  6.35784693e-09 
 1.05000000e-01  6.45438942e-09 
 1.10000000e-01  6.54592621e-09 
 1.15000000e-01  6.63314981e-09 
 1.20000000e-01  6.71664231e-09 
 1.25000000e-01  6.79689423e-09 
 1.30000000e-01  6.87432006e-09 
 1.35000000e-01  6.94927114e-09 
 1.40000000e-01  7.02204626e-09 
 1.45000000e-01  7.09290042e-09 
 1.50000000e-01  7.16205198e-09 
 1.55000000e-01  7.22968863e-09 
 1.60000000e-01  7.29597226e-09 
 1.65000000e-01  7.36104302e-09 
 1.70000000e-01  7.42502269e-09 
 1.75000000e-01  7.48801742e-09 
 1.80000000e-01  7.55012010e-09 
 1.85000000e-01  7.61141230e-09 
 1.90000000e-01  7.67196585e-09 
 1.95000000e-01  7.73184425e-09 
 2.00000000e-01  7.79110382e-09 
 2.05000000e-01  7.84979462e-09 
 2.10000000e-01  7.90796136e-09 
 2.15000000e-01  7.96564401e-09 
 2.20000000e-01  8.02287847e-09 
 2.25000000e-01  8.07969705e-09 
 2.30000000e-01  8.13612890e-09 
 2.35000000e-01  8.19220041e-09 
 2.40000000e-01  8.24793552e-09 
 2.45000000e-01  8.30335599e-09 
 2.50000000e-01  8.35848168e-09 
 2.55000000e-01  8.41333076e-09 
 2.60000000e-01  8.46791982e-09 
 2.65000000e-01  8.52226413e-09 
 2.70000000e-01  8.57637774e-09 
 2.75000000e-01  8.63027359e-09 
 2.80000000e-01  8.68396363e-09 
 2.85000000e-01  8.73745895e-09 
 2.90000000e-01  8.79076979e-09 
 2.95000000e-01  8.84390570e-09 
 3.00000000e-01  8.89687556e-09 
 3.05000000e-01  8.94968764e-09 
 3.10000000e-01  9.00234966e-09 
 3.15000000e-01  9.05486886e-09 
 3.20000000e-01  9.10725200e-09 
 3.25000000e-01  9.15950543e-09 
 3.30000000e-01  9.21163512e-09 
 3.35000000e-01  9.26364669e-09 
 3.40000000e-01  9.31554541e-09 
 3.45000000e-01  9.36733628e-09 
 3.50000000e-01  9.41902401e-09 
 3.55000000e-01  9.47061304e-09 
 3.60000000e-01  9.52210761e-09 
 3.65000000e-01  9.57351170e-09 
 3.70000000e-01  9.62482911e-09 
 3.75000000e-01  9.67606343e-09 
 3.80000000e-01  9.72721810e-09 
 3.85000000e-01  9.77829636e-09 
 3.90000000e-01  9.82930133e-09 
 3.95000000e-01  9.88023597e-09 
 4.00000000e-01  9.93110310e-09 
 4.05000000e-01  9.98190541e-09 
 4.10000000e-01  1.00326455e-08 
 4.15000000e-01  1.00833258e-08 
 4.20000000e-01  1.01339488e-08 
 4.25000000e-01  1.01845165e-08 
 4.30000000e-01  1.02350314e-08 
 4.35000000e-01  1.02854953e-08 
 4.40000000e-01  1.03359104e-08 
 4.45000000e-01  1.03862786e-08 
 4.50000000e-01  1.04366016e-08 
 4.55000000e-01  1.04868813e-08 
 4.60000000e-01  1.05371195e-08 
 4.65000000e-01  1.05873176e-08 
 4.70000000e-01  1.06374775e-08 
 4.75000000e-01  1.06876005e-08 
 4.80000000e-01  1.07376881e-08 
 4.85000000e-01  1.07877419e-08 
 4.90000000e-01  1.08377631e-08 
 4.95000000e-01  1.08877532e-08 
 5.00000000e-01  1.09377133e-08 
 5.05000000e-01  1.09876448e-08 
 5.10000000e-01  1.10375489e-08 
 5.15000000e-01  1.10874267e-08 
 5.20000000e-01  1.11372794e-08 
 5.25000000e-01  1.11871081e-08 
 5.30000000e-01  1.12369139e-08 
 5.35000000e-01  1.12866977e-08 
 5.40000000e-01  1.13364607e-08 
 5.45000000e-01  1.13862037e-08 
 5.50000000e-01  1.14359277e-08 
 5.55000000e-01  1.14856337e-08 
 5.60000000e-01  1.15353226e-08 
 5.65000000e-01  1.15849952e-08 
 5.70000000e-01  1.16346523e-08 
 5.75000000e-01  1.16842948e-08 
 5.80000000e-01  1.17339236e-08 
 5.85000000e-01  1.17835393e-08 
 5.90000000e-01  1.18331428e-08 
 5.95000000e-01  1.18827348e-08 
 6.00000000e-01  1.19323160e-08 
 6.05000000e-01  1.19818871e-08 
 6.10000000e-01  1.20314489e-08 
 6.15000000e-01  1.20810020e-08 
 6.20000000e-01  1.21305470e-08 
 6.25000000e-01  1.21800846e-08 
 6.30000000e-01  1.22296155e-08 
 6.35000000e-01  1.22791402e-08 
 6.40000000e-01  1.23286594e-08 
 6.45000000e-01  1.23781736e-08 
 6.50000000e-01  1.24276834e-08 
 6.55000000e-01  1.24771895e-08 
 6.60000000e-01  1.25266922e-08 
 6.65000000e-01  1.25761922e-08 
 6.70000000e-01  1.26256900e-08 
 6.75000000e-01  1.26751862e-08 
 6.80000000e-01  1.27246811e-08 
 6.85000000e-01  1.27741754e-08 
 6.90000000e-01  1.28236695e-08 
 6.95000000e-01  1.28731639e-08 
 7.00000000e-01  1.29226591e-08 
 7.05000000e-01  1.29721555e-08 
 7.10000000e-01  1.30216535e-08 
 7.15000000e-01  1.30711537e-08 
 7.20000000e-01  1.31206565e-08 
 7.25000000e-01  1.31701622e-08 
 7.30000000e-01  1.32196714e-08 
 7.35000000e-01  1.32691844e-08 
 7.40000000e-01  1.33187017e-08 
 7.45000000e-01  1.33682236e-08 
 7.50000000e-01  1.34177505e-08 
 7.55000000e-01  1.34672829e-08 
 7.60000000e-01  1.35168211e-08 
 7.65000000e-01  1.35663655e-08 
 7.70000000e-01  1.36159165e-08 
 7.75000000e-01  1.36654744e-08 
 7.80000000e-01  1.37150396e-08 
 7.85000000e-01  1.37646125e-08 
 7.90000000e-01  1.38141934e-08 
 7.95000000e-01  1.38637827e-08 
 8.00000000e-01  1.39133806e-08 
 8.05000000e-01  1.39629877e-08 
 8.10000000e-01  1.40126041e-08 
 8.15000000e-01  1.40622302e-08 
 8.20000000e-01  1.41118664e-08 
 8.25000000e-01  1.41615130e-08 
 8.30000000e-01  1.42111702e-08 
 8.35000000e-01  1.42608385e-08 
 8.40000000e-01  1.43105181e-08 
 8.45000000e-01  1.43602093e-08 
 8.50000000e-01  1.44099125e-08 
 8.55000000e-01  1.44596279e-08 
 8.60000000e-01  1.45093559e-08 
 8.65000000e-01  1.45590967e-08 
 8.70000000e-01  1.46088507e-08 
 8.75000000e-01  1.46586181e-08 
 8.80000000e-01  1.47083993e-08 
 8.85000000e-01  1.47581945e-08 
 8.90000000e-01  1.48080040e-08 
 8.95000000e-01  1.48578281e-08 
 9.00000000e-01  1.49076672e-08 
 9.05000000e-01  1.49575213e-08 
 9.10000000e-01  1.50073910e-08 
 9.15000000e-01  1.50572763e-08 
 9.20000000e-01  1.51071777e-08 
 9.25000000e-01  1.51570953e-08 
 9.30000000e-01  1.52070295e-08 
 9.35000000e-01  1.52569806e-08 
 9.40000000e-01  1.53069487e-08 
 9.45000000e-01  1.53569342e-08 
 9.50000000e-01  1.54069374e-08 
 9.55000000e-01  1.54569584e-08 
 9.60000000e-01  1.55069976e-08 
 9.65000000e-01  1.55570553e-08 
 9.70000000e-01  1.56071316e-08 
 9.75000000e-01  1.56572270e-08 
 9.80000000e-01  1.57073416e-08 
 9.85000000e-01  1.57574756e-08 
 9.90000000e-01  1.58076294e-08 
 9.95000000e-01  1.58578033e-08 
 1.00000000e+00  1.59079974e-08 
 1.00500000e+00  1.59582121e-08 
 1.01000000e+00  1.60084475e-08 
 1.01500000e+00  1.60587041e-08 
 1.02000000e+00  1.61089819e-08 
 1.02500000e+00  1.61592814e-08 
 1.03000000e+00  1.62096027e-08 
 1.03500000e+00  1.62599461e-08 
 1.04000000e+00  1.63103118e-08 
 1.04500000e+00  1.63607002e-08 
 1.05000000e+00  1.64111115e-08 
 1.05500000e+00  1.64615459e-08 
 1.06000000e+00  1.65120037e-08 
 1.06500000e+00  1.65624852e-08 
 1.07000000e+00  1.66129907e-08 
 1.07500000e+00  1.66635203e-08 
 1.08000000e+00  1.67140744e-08 
 1.08500000e+00  1.67646532e-08 
 1.09000000e+00  1.68152569e-08 
 1.09500000e+00  1.68658860e-08 
 1.10000000e+00  1.69165405e-08 
 1.10500000e+00  1.69672208e-08 
 1.11000000e+00  1.70179272e-08 
 1.11500000e+00  1.70686598e-08 
 1.12000000e+00  1.71194191e-08 
 1.12500000e+00  1.71702052e-08 
 1.13000000e+00  1.72210184e-08 
 1.13500000e+00  1.72718589e-08 
 1.14000000e+00  1.73227272e-08 
 1.14500000e+00  1.73736234e-08 
 1.15000000e+00  1.74245478e-08 
 1.15500000e+00  1.74755007e-08 
 1.16000000e+00  1.75264823e-08 
 1.16500000e+00  1.75774930e-08 
 1.17000000e+00  1.76285330e-08 
 1.17500000e+00  1.76796026e-08 
 1.18000000e+00  1.77307021e-08 
 1.18500000e+00  1.77818318e-08 
 1.19000000e+00  1.78329919e-08 
 1.19500000e+00  1.78841828e-08 
 1.20000000e+00  1.79354046e-08 
 1.20500000e+00  1.79866579e-08 
 1.21000000e+00  1.80379427e-08 
 1.21500000e+00  1.80892594e-08 
 1.22000000e+00  1.81406084e-08 
 1.22500000e+00  1.81919899e-08 
 1.23000000e+00  1.82434041e-08 
 1.23500000e+00  1.82948515e-08 
 1.24000000e+00  1.83463323e-08 
 1.24500000e+00  1.83978469e-08 
 1.25000000e+00  1.84493954e-08 
 1.25500000e+00  1.85009783e-08 
 1.26000000e+00  1.85525959e-08 
 1.26500000e+00  1.86042485e-08 
 1.27000000e+00  1.86559363e-08 
 1.27500000e+00  1.87076598e-08 
 1.28000000e+00  1.87594192e-08 
 1.28500000e+00  1.88112149e-08 
 1.29000000e+00  1.88630472e-08 
 1.29500000e+00  1.89149164e-08 
 1.30000000e+00  1.89668229e-08 
 1.30500000e+00  1.90187670e-08 
 1.31000000e+00  1.90707491e-08 
 1.31500000e+00  1.91227695e-08 
 1.32000000e+00  1.91748285e-08 
 1.32500000e+00  1.92269265e-08 
 1.33000000e+00  1.92790638e-08 
 1.33500000e+00  1.93312408e-08 
 1.34000000e+00  1.93834580e-08 
 1.34500000e+00  1.94357155e-08 
 1.35000000e+00  1.94880139e-08 
 1.35500000e+00  1.95403534e-08 
 1.36000000e+00  1.95927345e-08 
 1.36500000e+00  1.96451575e-08 
 1.37000000e+00  1.96976228e-08 
 1.37500000e+00  1.97501308e-08 
 1.38000000e+00  1.98026819e-08 
 1.38500000e+00  1.98552764e-08 
 1.39000000e+00  1.99079149e-08 
 1.39500000e+00  1.99605976e-08 
 1.40000000e+00  2.00133250e-08 
 1.40500000e+00  2.00660976e-08 
 1.41000000e+00  2.01189156e-08 
 1.41500000e+00  2.01717796e-08 
 1.42000000e+00  2.02246899e-08 
 1.42500000e+00  2.02776470e-08 
 1.43000000e+00  2.03306514e-08 
 1.43500000e+00  2.03837034e-08 
 1.44000000e+00  2.04368035e-08 
 1.44500000e+00  2.04899523e-08 
 1.45000000e+00  2.05431500e-08 
 1.45500000e+00  2.05963971e-08 
 1.46000000e+00  2.06496943e-08 
 1.46500000e+00  2.07030418e-08 
 1.47000000e+00  2.07564402e-08 
 1.47500000e+00  2.08098900e-08 
 1.48000000e+00  2.08633916e-08 
 1.48500000e+00  2.09169456e-08 
 1.49000000e+00  2.09705525e-08 
 1.49500000e+00  2.10242126e-08 
 1.50000000e+00  2.10779267e-08 
 1.50500000e+00  2.11316951e-08 
 1.51000000e+00  2.11855184e-08 
 1.51500000e+00  2.12393972e-08 
 1.52000000e+00  2.12933319e-08 
 1.52500000e+00  2.13473231e-08 
 1.53000000e+00  2.14013713e-08 
 1.53500000e+00  2.14554772e-08 
 1.54000000e+00  2.15096413e-08 
 1.54500000e+00  2.15638641e-08 
 1.55000000e+00  2.16181462e-08 
 1.55500000e+00  2.16724883e-08 
 1.56000000e+00  2.17268908e-08 
 1.56500000e+00  2.17813545e-08 
 1.57000000e+00  2.18358798e-08 
 1.57500000e+00  2.18904675e-08 
 1.58000000e+00  2.19451181e-08 
 1.58500000e+00  2.19998323e-08 
 1.59000000e+00  2.20546107e-08 
 1.59500000e+00  2.21094539e-08 
 1.60000000e+00  2.21643627e-08 
 1.60500000e+00  2.22193376e-08 
 1.61000000e+00  2.22743794e-08 
 1.61500000e+00  2.23294887e-08 
 1.62000000e+00  2.23846663e-08 
 1.62500000e+00  2.24399128e-08 
 1.63000000e+00  2.24952289e-08 
 1.63500000e+00  2.25506153e-08 
 1.64000000e+00  2.26060729e-08 
 1.64500000e+00  2.26616022e-08 
 1.65000000e+00  2.27172041e-08 
 1.65500000e+00  2.27728793e-08 
 1.66000000e+00  2.28286287e-08 
 1.66500000e+00  2.28844528e-08 
 1.67000000e+00  2.29403527e-08 
 1.67500000e+00  2.29963289e-08 
 1.68000000e+00  2.30523825e-08 
 1.68500000e+00  2.31085141e-08 
 1.69000000e+00  2.31647246e-08 
 1.69500000e+00  2.32210149e-08 
 1.70000000e+00  2.32773858e-08 
 1.70500000e+00  2.33338382e-08 
 1.71000000e+00  2.33903729e-08 
 1.71500000e+00  2.34469909e-08 
 1.72000000e+00  2.35036930e-08 
 1.72500000e+00  2.35604801e-08 
 1.73000000e+00  2.36173533e-08 
 1.73500000e+00  2.36743134e-08 
 1.74000000e+00  2.37313614e-08 
 1.74500000e+00  2.37884982e-08 
 1.75000000e+00  2.38457248e-08 
 1.75500000e+00  2.39030423e-08 
 1.76000000e+00  2.39604515e-08 
 1.76500000e+00  2.40179537e-08 
 1.77000000e+00  2.40755497e-08 
 1.77500000e+00  2.41332406e-08 
 1.78000000e+00  2.41910276e-08 
 1.78500000e+00  2.42489116e-08 
 1.79000000e+00  2.43068938e-08 
 1.79500000e+00  2.43649752e-08 
 1.80000000e+00  2.44231571e-08 
 1.80500000e+00  2.44814405e-08 
 1.81000000e+00  2.45398266e-08 
 1.81500000e+00  2.45983166e-08 
 1.82000000e+00  2.46569117e-08 
 1.82500000e+00  2.47156130e-08 
 1.83000000e+00  2.47744219e-08 
 1.83500000e+00  2.48333394e-08 
 1.84000000e+00  2.48923670e-08 
 1.84500000e+00  2.49515058e-08 
 1.85000000e+00  2.50107573e-08 
 1.85500000e+00  2.50701226e-08 
 1.86000000e+00  2.51296031e-08 
 1.86500000e+00  2.51892002e-08 
 1.87000000e+00  2.52489152e-08 
 1.87500000e+00  2.53087495e-08 
 1.88000000e+00  2.53687046e-08 
 1.88500000e+00  2.54287818e-08 
 1.89000000e+00  2.54889827e-08 
 1.89500000e+00  2.55493086e-08 
 1.90000000e+00  2.56097612e-08 
 1.90500000e+00  2.56703418e-08 
 1.91000000e+00  2.57310520e-08 
 1.91500000e+00  2.57918935e-08 
 1.92000000e+00  2.58528677e-08 
 1.92500000e+00  2.59139763e-08 
 1.93000000e+00  2.59752209e-08 
 1.93500000e+00  2.60366031e-08 
 1.94000000e+00  2.60981246e-08 
 1.94500000e+00  2.61597872e-08 
 1.95000000e+00  2.62215925e-08 
 1.95500000e+00  2.62835423e-08 
 1.96000000e+00  2.63456384e-08 
 1.96500000e+00  2.64078825e-08 
 1.97000000e+00  2.64702765e-08 
 1.97500000e+00  2.65328222e-08 
 1.98000000e+00  2.65955215e-08 
 1.98500000e+00  2.66583764e-08 
 1.99000000e+00  2.67213887e-08 
 1.99500000e+00  2.67845604e-08 
 2.00000000e+00  2.68478935e-08 
 2.00500000e+00  2.69113901e-08 
 2.01000000e+00  2.69750521e-08 
 2.01500000e+00  2.70388816e-08 
 2.02000000e+00  2.71028808e-08 
 2.02500000e+00  2.71670518e-08 
 2.03000000e+00  2.72313968e-08 
 2.03500000e+00  2.72959179e-08 
 2.04000000e+00  2.73606174e-08 
 2.04500000e+00  2.74254977e-08 
 2.05000000e+00  2.74905609e-08 
 2.05500000e+00  2.75558093e-08 
 2.06000000e+00  2.76212455e-08 
 2.06500000e+00  2.76868718e-08 
 2.07000000e+00  2.77526906e-08 
 2.07500000e+00  2.78187043e-08 
 2.08000000e+00  2.78849157e-08 
 2.08500000e+00  2.79513270e-08 
 2.09000000e+00  2.80179410e-08 
 2.09500000e+00  2.80847603e-08 
 2.10000000e+00  2.81517875e-08 
 2.10500000e+00  2.82190254e-08 
 2.11000000e+00  2.82864767e-08 
 2.11500000e+00  2.83541442e-08 
 2.12000000e+00  2.84220306e-08 
 2.12500000e+00  2.84901390e-08 
 2.13000000e+00  2.85584721e-08 
 2.13500000e+00  2.86270330e-08 
 2.14000000e+00  2.86958246e-08 
 2.14500000e+00  2.87648500e-08 
 2.15000000e+00  2.88341123e-08 
 2.15500000e+00  2.89036146e-08 
 2.16000000e+00  2.89733601e-08 
 2.16500000e+00  2.90433520e-08 
 2.17000000e+00  2.91135936e-08 
 2.17500000e+00  2.91840883e-08 
 2.18000000e+00  2.92548394e-08 
 2.18500000e+00  2.93258503e-08 
 2.19000000e+00  2.93971245e-08 
 2.19500000e+00  2.94686656e-08 
 2.20000000e+00  2.95404772e-08 
 2.20500000e+00  2.96125628e-08 
 2.21000000e+00  2.96849262e-08 
 2.21500000e+00  2.97575711e-08 
 2.22000000e+00  2.98305014e-08 
 2.22500000e+00  2.99037209e-08 
 2.23000000e+00  2.99772335e-08 
 2.23500000e+00  3.00510432e-08 
 2.24000000e+00  3.01251541e-08 
 2.24500000e+00  3.01995702e-08 
 2.25000000e+00  3.02742957e-08 
 2.25500000e+00  3.03493350e-08 
 2.26000000e+00  3.04246921e-08 
 2.26500000e+00  3.05003716e-08 
 2.27000000e+00  3.05763778e-08 
 2.27500000e+00  3.06527153e-08 
 2.28000000e+00  3.07293886e-08 
 2.28500000e+00  3.08064022e-08 
 2.29000000e+00  3.08837611e-08 
 2.29500000e+00  3.09614698e-08 
 2.30000000e+00  3.10395333e-08 
 2.30500000e+00  3.11179565e-08 
 2.31000000e+00  3.11967443e-08 
 2.31500000e+00  3.12759020e-08 
 2.32000000e+00  3.13554345e-08 
 2.32500000e+00  3.14353471e-08 
 2.33000000e+00  3.15156453e-08 
 2.33500000e+00  3.15963342e-08 
 2.34000000e+00  3.16774195e-08 
 2.34500000e+00  3.17589067e-08 
 2.35000000e+00  3.18408014e-08 
 2.35500000e+00  3.19231094e-08 
 2.36000000e+00  3.20058365e-08 
 2.36500000e+00  3.20889887e-08 
 2.37000000e+00  3.21725718e-08 
 2.37500000e+00  3.22565920e-08 
 2.38000000e+00  3.23410556e-08 
 2.38500000e+00  3.24259687e-08 
 2.39000000e+00  3.25113379e-08 
 2.39500000e+00  3.25971695e-08 
 2.40000000e+00  3.26834702e-08 
 2.40500000e+00  3.27702467e-08 
 2.41000000e+00  3.28575057e-08 
 2.41500000e+00  3.29452541e-08 
 2.42000000e+00  3.30334990e-08 
 2.42500000e+00  3.31222475e-08 
 2.43000000e+00  3.32115068e-08 
 2.43500000e+00  3.33012842e-08 
 2.44000000e+00  3.33915872e-08 
 2.44500000e+00  3.34824235e-08 
 2.45000000e+00  3.35738006e-08 
 2.45500000e+00  3.36657264e-08 
 2.46000000e+00  3.37582088e-08 
 2.46500000e+00  3.38512559e-08 
 2.47000000e+00  3.39448759e-08 
 2.47500000e+00  3.40390771e-08 
 2.48000000e+00  3.41338679e-08 
 2.48500000e+00  3.42292569e-08 
 2.49000000e+00  3.43252529e-08 
 2.49500000e+00  3.44218647e-08 
 2.50000000e+00  3.45191013e-08 
 2.50500000e+00  3.46169718e-08 
 2.51000000e+00  3.47154856e-08 
 2.51500000e+00  3.48146519e-08 
 2.52000000e+00  3.49144805e-08 
 2.52500000e+00  3.50149811e-08 
 2.53000000e+00  3.51161635e-08 
 2.53500000e+00  3.52180377e-08 
 2.54000000e+00  3.53206141e-08 
 2.54500000e+00  3.54239029e-08 
 2.55000000e+00  3.55279147e-08 
 2.55500000e+00  3.56326602e-08 
 2.56000000e+00  3.57381502e-08 
 2.56500000e+00  3.58443958e-08 
 2.57000000e+00  3.59514082e-08 
 2.57500000e+00  3.60591987e-08 
 2.58000000e+00  3.61677791e-08 
 2.58500000e+00  3.62771610e-08 
 2.59000000e+00  3.63873564e-08 
 2.59500000e+00  3.64983774e-08 
 2.60000000e+00  3.66102364e-08 
 2.60500000e+00  3.67229459e-08 
 2.61000000e+00  3.68365187e-08 
 2.61500000e+00  3.69509676e-08 
 2.62000000e+00  3.70663058e-08 
 2.62500000e+00  3.71825468e-08 
 2.63000000e+00  3.72997040e-08 
 2.63500000e+00  3.74177912e-08 
 2.64000000e+00  3.75368226e-08 
 2.64500000e+00  3.76568122e-08 
 2.65000000e+00  3.77777746e-08 
 2.65500000e+00  3.78997245e-08 
 2.66000000e+00  3.80226767e-08 
 2.66500000e+00  3.81466466e-08 
 2.67000000e+00  3.82716495e-08 
 2.67500000e+00  3.83977011e-08 
 2.68000000e+00  3.85248173e-08 
 2.68500000e+00  3.86530142e-08 
 2.69000000e+00  3.87823084e-08 
 2.69500000e+00  3.89127165e-08 
 2.70000000e+00  3.90442555e-08 
 2.70500000e+00  3.91769427e-08 
 2.71000000e+00  3.93107955e-08 
 2.71500000e+00  3.94458319e-08 
 2.72000000e+00  3.95820698e-08 
 2.72500000e+00  3.97195277e-08 
 2.73000000e+00  3.98582243e-08 
 2.73500000e+00  3.99981786e-08 
 2.74000000e+00  4.01394098e-08 
 2.74500000e+00  4.02819375e-08 
 2.75000000e+00  4.04257818e-08 
 2.75500000e+00  4.05709627e-08 
 2.76000000e+00  4.07175010e-08 
 2.76500000e+00  4.08654175e-08 
 2.77000000e+00  4.10147334e-08 
 2.77500000e+00  4.11654703e-08 
 2.78000000e+00  4.13176502e-08 
 2.78500000e+00  4.14712953e-08 
 2.79000000e+00  4.16264284e-08 
 2.79500000e+00  4.17830723e-08 
 2.80000000e+00  4.19412505e-08 
 2.80500000e+00  4.21009867e-08 
 2.81000000e+00  4.22623050e-08 
 2.81500000e+00  4.24252301e-08 
 2.82000000e+00  4.25897868e-08 
 2.82500000e+00  4.27560004e-08 
 2.83000000e+00  4.29238967e-08 
 2.83500000e+00  4.30935018e-08 
 2.84000000e+00  4.32648422e-08 
 2.84500000e+00  4.34379450e-08 
 2.85000000e+00  4.36128376e-08 
 2.85500000e+00  4.37895478e-08 
 2.86000000e+00  4.39681039e-08 
 2.86500000e+00  4.41485347e-08 
 2.87000000e+00  4.43308693e-08 
 2.87500000e+00  4.45151376e-08 
 2.88000000e+00  4.47013695e-08 
 2.88500000e+00  4.48895959e-08 
 2.89000000e+00  4.50798477e-08 
 2.89500000e+00  4.52721566e-08 
 2.90000000e+00  4.54665548e-08 
 2.90500000e+00  4.56630747e-08 
 2.91000000e+00  4.58617497e-08 
 2.91500000e+00  4.60626133e-08 
 2.92000000e+00  4.62656997e-08 
 2.92500000e+00  4.64710437e-08 
 2.93000000e+00  4.66786805e-08 
 2.93500000e+00  4.68886461e-08 
 2.94000000e+00  4.71009768e-08 
 2.94500000e+00  4.73157096e-08 
 2.95000000e+00  4.75328819e-08 
 2.95500000e+00  4.77525321e-08 
 2.96000000e+00  4.79746988e-08 
 2.96500000e+00  4.81994213e-08 
 2.97000000e+00  4.84267396e-08 
 2.97500000e+00  4.86566943e-08 
 2.98000000e+00  4.88893265e-08 
 2.98500000e+00  4.91246781e-08 
 2.99000000e+00  4.93627916e-08 
 2.99500000e+00  4.96037102e-08 
 3.00000000e+00  4.98474775e-08 
 3.00500000e+00  5.00941381e-08 
 3.01000000e+00  5.03437372e-08 
 3.01500000e+00  5.05963205e-08 
 3.02000000e+00  5.08519347e-08 
 3.02500000e+00  5.11106269e-08 
 3.03000000e+00  5.13724451e-08 
 3.03500000e+00  5.16374380e-08 
 3.04000000e+00  5.19056551e-08 
 3.04500000e+00  5.21771465e-08 
 3.05000000e+00  5.24519632e-08 
 3.05500000e+00  5.27301567e-08 
 3.06000000e+00  5.30117796e-08 
 3.06500000e+00  5.32968851e-08 
 3.07000000e+00  5.35855273e-08 
 3.07500000e+00  5.38777609e-08 
 3.08000000e+00  5.41736415e-08 
 3.08500000e+00  5.44732258e-08 
 3.09000000e+00  5.47765708e-08 
 3.09500000e+00  5.50837349e-08 
 3.10000000e+00  5.53947768e-08 
 3.10500000e+00  5.57097565e-08 
 3.11000000e+00  5.60287347e-08 
 3.11500000e+00  5.63517728e-08 
 3.12000000e+00  5.66789335e-08 
 3.12500000e+00  5.70102799e-08 
 3.13000000e+00  5.73458765e-08 
 3.13500000e+00  5.76857883e-08 
 3.14000000e+00  5.80300814e-08 
 3.14500000e+00  5.83788230e-08 
 3.15000000e+00  5.87320810e-08 
 3.15500000e+00  5.90899242e-08 
 3.16000000e+00  5.94524227e-08 
 3.16500000e+00  5.98196472e-08 
 3.17000000e+00  6.01916697e-08 
 3.17500000e+00  6.05685629e-08 
 3.18000000e+00  6.09504008e-08 
 3.18500000e+00  6.13372582e-08 
 3.19000000e+00  6.17292110e-08 
 3.19500000e+00  6.21263361e-08 
 3.20000000e+00  6.25287115e-08 
 3.20500000e+00  6.29364162e-08 
 3.21000000e+00  6.33495302e-08 
 3.21500000e+00  6.37681348e-08 
 3.22000000e+00  6.41923122e-08 
 3.22500000e+00  6.46221456e-08 
 3.23000000e+00  6.50577196e-08 
 3.23500000e+00  6.54991196e-08 
 3.24000000e+00  6.59464323e-08 
 3.24500000e+00  6.63997456e-08 
 3.25000000e+00  6.68591483e-08 
 3.25500000e+00  6.73247305e-08 
 3.26000000e+00  6.77965835e-08 
 3.26500000e+00  6.82747996e-08 
 3.27000000e+00  6.87594725e-08 
 3.27500000e+00  6.92506969e-08 
 3.28000000e+00  6.97485690e-08 
 3.28500000e+00  7.02531857e-08 
 3.29000000e+00  7.07646455e-08 
 3.29500000e+00  7.12830481e-08 
 3.30000000e+00  7.18084944e-08 
 3.30500000e+00  7.23410865e-08 
 3.31000000e+00  7.28809278e-08 
 3.31500000e+00  7.34281229e-08 
 3.32000000e+00  7.39827777e-08 
 3.32500000e+00  7.45449996e-08 
 3.33000000e+00  7.51148971e-08 
 3.33500000e+00  7.56925800e-08 
 3.34000000e+00  7.62781594e-08 
 3.34500000e+00  7.68717479e-08 
 3.35000000e+00  7.74734594e-08 
 3.35500000e+00  7.80834089e-08 
 3.36000000e+00  7.87017132e-08 
 3.36500000e+00  7.93284900e-08 
 3.37000000e+00  7.99638589e-08 
 3.37500000e+00  8.06079405e-08 
 3.38000000e+00  8.12608570e-08 
 3.38500000e+00  8.19227319e-08 
 3.39000000e+00  8.25936902e-08 
 3.39500000e+00  8.32738585e-08 
 3.40000000e+00  8.39633646e-08 
 3.40500000e+00  8.46623380e-08 
 3.41000000e+00  8.53709095e-08 
 3.41500000e+00  8.60892115e-08 
 3.42000000e+00  8.68173780e-08 
 3.42500000e+00  8.75555444e-08 
 3.43000000e+00  8.83038476e-08 
 3.43500000e+00  8.90624263e-08 
 3.44000000e+00  8.98314206e-08 
 3.44500000e+00  9.06109721e-08 
 3.45000000e+00  9.14012242e-08 
 3.45500000e+00  9.22023219e-08 
 3.46000000e+00  9.30144118e-08 
 3.46500000e+00  9.38376422e-08 
 3.47000000e+00  9.46721629e-08 
 3.47500000e+00  9.55181257e-08 
 3.48000000e+00  9.63756839e-08 
 3.48500000e+00  9.72449927e-08 
 3.49000000e+00  9.81262089e-08 
 3.49500000e+00  9.90194911e-08 
 3.50000000e+00  9.99249999e-08 
 3.50500000e+00  1.00842898e-07 
 3.51000000e+00  1.01773348e-07 
 3.51500000e+00  1.02716518e-07 
 3.52000000e+00  1.03672575e-07 
 3.52500000e+00  1.04641689e-07 
 3.53000000e+00  1.05624031e-07 
 3.53500000e+00  1.06619776e-07 
 3.54000000e+00  1.07629100e-07 
 3.54500000e+00  1.08652180e-07 
 3.55000000e+00  1.09689196e-07 
 3.55500000e+00  1.10740331e-07 
 3.56000000e+00  1.11805769e-07 
 3.56500000e+00  1.12885697e-07 
 3.57000000e+00  1.13980302e-07 
 3.57500000e+00  1.15089776e-07 
 3.58000000e+00  1.16214313e-07 
 3.58500000e+00  1.17354108e-07 
 3.59000000e+00  1.18509359e-07 
 3.59500000e+00  1.19680267e-07 
 3.60000000e+00  1.20867034e-07 
 3.60500000e+00  1.22069866e-07 
 3.61000000e+00  1.23288972e-07 
 3.61500000e+00  1.24524561e-07 
 3.62000000e+00  1.25776848e-07 
 3.62500000e+00  1.27046049e-07 
 3.63000000e+00  1.28332383e-07 
 3.63500000e+00  1.29636071e-07 
 3.64000000e+00  1.30957338e-07 
 3.64500000e+00  1.32296413e-07 
 3.65000000e+00  1.33653525e-07 
 3.65500000e+00  1.35028910e-07 
 3.66000000e+00  1.36422804e-07 
 3.66500000e+00  1.37835448e-07 
 3.67000000e+00  1.39267085e-07 
 3.67500000e+00  1.40717963e-07 
 3.68000000e+00  1.42188333e-07 
 3.68500000e+00  1.43678449e-07 
 3.69000000e+00  1.45188569e-07 
 3.69500000e+00  1.46718955e-07 
 3.70000000e+00  1.48269873e-07 
 3.70500000e+00  1.49841592e-07 
 3.71000000e+00  1.51434386e-07 
 3.71500000e+00  1.53048533e-07 
 3.72000000e+00  1.54684315e-07 
 3.72500000e+00  1.56342019e-07 
 3.73000000e+00  1.58021935e-07 
 3.73500000e+00  1.59724360e-07 
 3.74000000e+00  1.61449593e-07 
 3.74500000e+00  1.63197940e-07 
 3.75000000e+00  1.64969712e-07 
 3.75500000e+00  1.66765223e-07 
 3.76000000e+00  1.68584794e-07 
 3.76500000e+00  1.70428751e-07 
 3.77000000e+00  1.72297425e-07 
 3.77500000e+00  1.74191154e-07 
 3.78000000e+00  1.76110281e-07 
 3.78500000e+00  1.78055154e-07 
 3.79000000e+00  1.80026129e-07 
 3.79500000e+00  1.82023567e-07 
 3.80000000e+00  1.84047837e-07 
 3.80500000e+00  1.86099312e-07 
 3.81000000e+00  1.88178374e-07 
 3.81500000e+00  1.90285413e-07 
 3.82000000e+00  1.92420823e-07 
 3.82500000e+00  1.94585008e-07 
 3.83000000e+00  1.96778378e-07 
 3.83500000e+00  1.99001353e-07 
 3.84000000e+00  2.01254359e-07 
 3.84500000e+00  2.03537831e-07 
 3.85000000e+00  2.05852213e-07 
 3.85500000e+00  2.08197957e-07 
 3.86000000e+00  2.10575525e-07 
 3.86500000e+00  2.12985387e-07 
 3.87000000e+00  2.15428023e-07 
 3.87500000e+00  2.17903924e-07 
 3.88000000e+00  2.20413589e-07 
 3.88500000e+00  2.22957529e-07 
 3.89000000e+00  2.25536264e-07 
 3.89500000e+00  2.28150328e-07 
 3.90000000e+00  2.30800262e-07 
 3.90500000e+00  2.33486621e-07 
 3.91000000e+00  2.36209973e-07 
 3.91500000e+00  2.38970896e-07 
 3.92000000e+00  2.41769981e-07 
 3.92500000e+00  2.44607833e-07 
 3.93000000e+00  2.47485069e-07 
 3.93500000e+00  2.50402321e-07 
 3.94000000e+00  2.53360233e-07 
 3.94500000e+00  2.56359465e-07 
 3.95000000e+00  2.59400693e-07 
 3.95500000e+00  2.62484605e-07 
 3.96000000e+00  2.65611908e-07 
 3.96500000e+00  2.68783322e-07 
 3.97000000e+00  2.71999586e-07 
 3.97500000e+00  2.75261454e-07 
 3.98000000e+00  2.78569701e-07 
 3.98500000e+00  2.81925116e-07 
 3.99000000e+00  2.85328509e-07 
 3.99500000e+00  2.88780709e-07 
 4.00000000e+00  2.92282562e-07 
 4.00500000e+00  2.95834937e-07 
 4.01000000e+00  2.99438723e-07 
 4.01500000e+00  3.03094831e-07 
 4.02000000e+00  3.06804191e-07 
 4.02500000e+00  3.10567758e-07 
 4.03000000e+00  3.14386511e-07 
 4.03500000e+00  3.18261450e-07 
 4.04000000e+00  3.22193602e-07 
 4.04500000e+00  3.26184018e-07 
 4.05000000e+00  3.30233774e-07 
 4.05500000e+00  3.34343974e-07 
 4.06000000e+00  3.38515749e-07 
 4.06500000e+00  3.42750259e-07 
 4.07000000e+00  3.47048692e-07 
 4.07500000e+00  3.51412265e-07 
 4.08000000e+00  3.55842227e-07 
 4.08500000e+00  3.60339858e-07 
 4.09000000e+00  3.64906470e-07 
 4.09500000e+00  3.69543409e-07 
 4.10000000e+00  3.74252054e-07 
 4.10500000e+00  3.79033822e-07 
 4.11000000e+00  3.83890163e-07 
 4.11500000e+00  3.88822566e-07 
 4.12000000e+00  3.93832558e-07 
 4.12500000e+00  3.98921705e-07 
 4.13000000e+00  4.04091614e-07 
 4.13500000e+00  4.09343934e-07 
 4.14000000e+00  4.14680356e-07 
 4.14500000e+00  4.20102615e-07 
 4.15000000e+00  4.25612493e-07 
 4.15500000e+00  4.31211818e-07 
 4.16000000e+00  4.36902464e-07 
 4.16500000e+00  4.42686357e-07 
 4.17000000e+00  4.48565473e-07 
 4.17500000e+00  4.54541840e-07 
 4.18000000e+00  4.60617540e-07 
 4.18500000e+00  4.66794709e-07 
 4.19000000e+00  4.73075543e-07 
 4.19500000e+00  4.79462294e-07 
 4.20000000e+00  4.85957274e-07 
 4.20500000e+00  4.92562859e-07 
 4.21000000e+00  4.99281488e-07 
 4.21500000e+00  5.06115665e-07 
 4.22000000e+00  5.13067962e-07 
 4.22500000e+00  5.20141020e-07 
 4.23000000e+00  5.27337552e-07 
 4.23500000e+00  5.34660345e-07 
 4.24000000e+00  5.42112261e-07 
 4.24500000e+00  5.49696241e-07 
 4.25000000e+00  5.57415305e-07 
 4.25500000e+00  5.65272556e-07 
 4.26000000e+00  5.73271182e-07 
 4.26500000e+00  5.81414459e-07 
 4.27000000e+00  5.89705752e-07 
 4.27500000e+00  5.98148520e-07 
 4.28000000e+00  6.06746315e-07 
 4.28500000e+00  6.15502791e-07 
 4.29000000e+00  6.24421701e-07 
 4.29500000e+00  6.33506900e-07 
 4.30000000e+00  6.42762355e-07 
 4.30500000e+00  6.52192138e-07 
 4.31000000e+00  6.61800439e-07 
 4.31500000e+00  6.71591562e-07 
 4.32000000e+00  6.81569934e-07 
 4.32500000e+00  6.91740103e-07 
 4.33000000e+00  7.02106747e-07 
 4.33500000e+00  7.12674676e-07 
 4.34000000e+00  7.23448832e-07 
 4.34500000e+00  7.34434300e-07 
 4.35000000e+00  7.45636307e-07 
 4.35500000e+00  7.57060229e-07 
 4.36000000e+00  7.68711592e-07 
 4.36500000e+00  7.80596082e-07 
 4.37000000e+00  7.92719544e-07 
 4.37500000e+00  8.05087991e-07 
 4.38000000e+00  8.17707608e-07 
 4.38500000e+00  8.30584755e-07 
 4.39000000e+00  8.43725976e-07 
 4.39500000e+00  8.57137999e-07 
 4.40000000e+00  8.70827750e-07 
 4.40500000e+00  8.84802351e-07 
 4.41000000e+00  8.99069130e-07 
 4.41500000e+00  9.13635625e-07 
 4.42000000e+00  9.28509594e-07 
 4.42500000e+00  9.43699018e-07 
 4.43000000e+00  9.59212109e-07 
 4.43500000e+00  9.75057319e-07 
 4.44000000e+00  9.91243342e-07 
 4.44500000e+00  1.00777913e-06 
 4.45000000e+00  1.02467389e-06 
 4.45500000e+00  1.04193711e-06 
 4.46000000e+00  1.05957854e-06 
 4.46500000e+00  1.07760821e-06 
 4.47000000e+00  1.09603648e-06 
 4.47500000e+00  1.11487398e-06 
 4.48000000e+00  1.13413165e-06 
 4.48500000e+00  1.15382079e-06 
 4.49000000e+00  1.17395299e-06 
 4.49500000e+00  1.19454021e-06 
 4.50000000e+00  1.21559475e-06 
 4.50500000e+00  1.23712928e-06 
 4.51000000e+00  1.25915684e-06 
 4.51500000e+00  1.28169088e-06 
 4.52000000e+00  1.30474522e-06 
 4.52500000e+00  1.32833410e-06 
 4.53000000e+00  1.35247221e-06 
 4.53500000e+00  1.37717464e-06 
 4.54000000e+00  1.40245696e-06 
 4.54500000e+00  1.42833519e-06 
 4.55000000e+00  1.45482584e-06 
 4.55500000e+00  1.48194592e-06 
 4.56000000e+00  1.50971295e-06 
 4.56500000e+00  1.53814497e-06 
 4.57000000e+00  1.56726057e-06 
 4.57500000e+00  1.59707889e-06 
 4.58000000e+00  1.62761968e-06 
 4.58500000e+00  1.65890326e-06 
 4.59000000e+00  1.69095058e-06 
 4.59500000e+00  1.72378323e-06 
 4.60000000e+00  1.75742344e-06 
 4.60500000e+00  1.79189413e-06 
 4.61000000e+00  1.82721893e-06 
 4.61500000e+00  1.86342217e-06 
 4.62000000e+00  1.90052894e-06 
 4.62500000e+00  1.93856510e-06 
 4.63000000e+00  1.97755730e-06 
 4.63500000e+00  2.01753300e-06 
 4.64000000e+00  2.05852053e-06 
 4.64500000e+00  2.10054906e-06 
 4.65000000e+00  2.14364870e-06 
 4.65500000e+00  2.18785045e-06 
 4.66000000e+00  2.23318631e-06 
 4.66500000e+00  2.27968923e-06 
 4.67000000e+00  2.32739322e-06 
 4.67500000e+00  2.37633333e-06 
 4.68000000e+00  2.42654570e-06 
 4.68500000e+00  2.47806761e-06 
 4.69000000e+00  2.53093747e-06 
 4.69500000e+00  2.58519493e-06 
 4.70000000e+00  2.64088087e-06 
 4.70500000e+00  2.69803744e-06 
 4.71000000e+00  2.75670811e-06 
 4.71500000e+00  2.81693773e-06 
 4.72000000e+00  2.87877257e-06 
 4.72500000e+00  2.94226032e-06 
 4.73000000e+00  3.00745022e-06 
 4.73500000e+00  3.07439303e-06 
 4.74000000e+00  3.14314114e-06 
 4.74500000e+00  3.21374858e-06 
 4.75000000e+00  3.28627110e-06 
 4.75500000e+00  3.36076624e-06 
 4.76000000e+00  3.43729334e-06 
 4.76500000e+00  3.51591364e-06 
 4.77000000e+00  3.59669034e-06 
 4.77500000e+00  3.67968866e-06 
 4.78000000e+00  3.76497588e-06 
 4.78500000e+00  3.85262146e-06 
 4.79000000e+00  3.94269708e-06 
 4.79500000e+00  4.03527671e-06 
 4.80000000e+00  4.13043671e-06 
 4.80500000e+00  4.22825588e-06 
 4.81000000e+00  4.32881557e-06 
 4.81500000e+00  4.43219975e-06 
 4.82000000e+00  4.53849511e-06 
 4.82500000e+00  4.64779113e-06 
 4.83000000e+00  4.76018020e-06 
 4.83500000e+00  4.87575769e-06 
 4.84000000e+00  4.99462207e-06 
 4.84500000e+00  5.11687501e-06 
 4.85000000e+00  5.24262150e-06 
 4.85500000e+00  5.37196994e-06 
 4.86000000e+00  5.50503226e-06 
 4.86500000e+00  5.64192404e-06 
 4.87000000e+00  5.78276467e-06 
 4.87500000e+00  5.92767742e-06 
 4.88000000e+00  6.07678960e-06 
 4.88500000e+00  6.23023272e-06 
 4.89000000e+00  6.38814258e-06 
 4.89500000e+00  6.55065947e-06 
 4.90000000e+00  6.71792830e-06 
 4.90500000e+00  6.89009874e-06 
 4.91000000e+00  7.06732543e-06 
 4.91500000e+00  7.24976808e-06 
 4.92000000e+00  7.43759172e-06 
 4.92500000e+00  7.63096684e-06 
 4.93000000e+00  7.83006958e-06 
 4.93500000e+00  8.03508191e-06 
 4.94000000e+00  8.24619190e-06 
 4.94500000e+00  8.46359383e-06 
 4.95000000e+00  8.68748847e-06 
 4.95500000e+00  8.91808330e-06 
 4.96000000e+00  9.15559272e-06 
 4.96500000e+00  9.40023830e-06 
 4.97000000e+00  9.65224902e-06 
 4.97500000e+00  9.91186155e-06 
 4.98000000e+00  1.01793205e-05 
 4.98500000e+00  1.04548786e-05 
 4.99000000e+00  1.07387973e-05 
 4.99500000e+00  1.10313467e-05 
 5.00000000e+00  1.13328059e-05 
 5.00500000e+00  1.16434636e-05 
 5.01000000e+00  1.19636183e-05 
 5.01500000e+00  1.22935783e-05 
 5.02000000e+00  1.26336626e-05 
 5.02500000e+00  1.29842009e-05 
 5.03000000e+00  1.33455341e-05 
 5.03500000e+00  1.37180148e-05 
 5.04000000e+00  1.41020073e-05 
 5.04500000e+00  1.44978886e-05 
 5.05000000e+00  1.49060484e-05 
 5.05500000e+00  1.53268896e-05 
 5.06000000e+00  1.57608290e-05 
 5.06500000e+00  1.62082977e-05 
 5.07000000e+00  1.66697413e-05 
 5.07500000e+00  1.71456209e-05 
 5.08000000e+00  1.76364132e-05 
 5.08500000e+00  1.81426114e-05 
 5.09000000e+00  1.86647257e-05 
 5.09500000e+00  1.92032837e-05 
 5.10000000e+00  1.97588312e-05 
 5.10500000e+00  2.03319327e-05 
 5.11000000e+00  2.09231724e-05 
 5.11500000e+00  2.15331545e-05 
 5.12000000e+00  2.21625040e-05 
 5.12500000e+00  2.28118677e-05 
 5.13000000e+00  2.34819148e-05 
 5.13500000e+00  2.41733374e-05 
 5.14000000e+00  2.48868519e-05 
 5.14500000e+00  2.56231994e-05 
 5.15000000e+00  2.63831469e-05 
 5.15500000e+00  2.71674879e-05 
 5.16000000e+00  2.79770436e-05 
 5.16500000e+00  2.88126637e-05 
 5.17000000e+00  2.96752278e-05 
 5.17500000e+00  3.05656459e-05 
 5.18000000e+00  3.14848599e-05 
 5.18500000e+00  3.24338446e-05 
 5.19000000e+00  3.34136090e-05 
 5.19500000e+00  3.44251973e-05 
 5.20000000e+00  3.54696903e-05 
 5.20500000e+00  3.65482067e-05 
 5.21000000e+00  3.76619047e-05 
 5.21500000e+00  3.88119828e-05 
 5.22000000e+00  3.99996818e-05 
 5.22500000e+00  4.12262863e-05 
 5.23000000e+00  4.24931259e-05 
 5.23500000e+00  4.38015771e-05 
 5.24000000e+00  4.51530651e-05 
 5.24500000e+00  4.65490650e-05 
 5.25000000e+00  4.79911045e-05 
 5.25500000e+00  4.94807647e-05 
 5.26000000e+00  5.10196832e-05 
 5.26500000e+00  5.26095550e-05 
 5.27000000e+00  5.42521354e-05 
 5.27500000e+00  5.59492418e-05 
 5.28000000e+00  5.77027560e-05 
 5.28500000e+00  5.95146265e-05 
 5.29000000e+00  6.13868712e-05 
 5.29500000e+00  6.33215792e-05 
 5.30000000e+00  6.53209141e-05 
 5.30500000e+00  6.73871165e-05 
 5.31000000e+00  6.95225064e-05 
 5.31500000e+00  7.17294865e-05 
 5.32000000e+00  7.40105450e-05 
 5.32500000e+00  7.63682586e-05 
 5.33000000e+00  7.88052961e-05 
 5.33500000e+00  8.13244210e-05 
 5.34000000e+00  8.39284958e-05 
 5.34500000e+00  8.66204845e-05 
 5.35000000e+00  8.94034575e-05 
 5.35500000e+00  9.22805944e-05 
 5.36000000e+00  9.52551883e-05 
 5.36500000e+00  9.83306501e-05 
 5.37000000e+00  1.01510512e-04 
 5.37500000e+00  1.04798434e-04 
 5.38000000e+00  1.08198205e-04 
 5.38500000e+00  1.11713749e-04 
 5.39000000e+00  1.15349133e-04 
 5.39500000e+00  1.19108568e-04 
 5.40000000e+00  1.22996413e-04 
 5.40500000e+00  1.27017186e-04 
 5.41000000e+00  1.31175567e-04 
 5.41500000e+00  1.35476400e-04 
 5.42000000e+00  1.39924706e-04 
 5.42500000e+00  1.44525682e-04 
 5.43000000e+00  1.49284713e-04 
 5.43500000e+00  1.54207376e-04 
 5.44000000e+00  1.59299447e-04 
 5.44500000e+00  1.64566907e-04 
 5.45000000e+00  1.70015954e-04 
 5.45500000e+00  1.75653004e-04 
 5.46000000e+00  1.81484704e-04 
 5.46500000e+00  1.87517936e-04 
 5.47000000e+00  1.93759829e-04 
 5.47500000e+00  2.00217765e-04 
 5.48000000e+00  2.06899391e-04 
 5.48500000e+00  2.13812624e-04 
 5.49000000e+00  2.20965662e-04 
 5.49500000e+00  2.28366997e-04 
 5.50000000e+00  2.36025420e-04 
 5.50500000e+00  2.43950035e-04 
 5.51000000e+00  2.52150270e-04 
 5.51500000e+00  2.60635884e-04 
 5.52000000e+00  2.69416984e-04 
 5.52500000e+00  2.78504031e-04 
 5.53000000e+00  2.87907859e-04 
 5.53500000e+00  2.97639681e-04 
 5.54000000e+00  3.07711106e-04 
 5.54500000e+00  3.18134151e-04 
 5.55000000e+00  3.28921254e-04 
 5.55500000e+00  3.40085289e-04 
 5.56000000e+00  3.51639582e-04 
 5.56500000e+00  3.63597921e-04 
 5.57000000e+00  3.75974580e-04 
 5.57500000e+00  3.88784323e-04 
 5.58000000e+00  4.02042433e-04 
 5.58500000e+00  4.15764717e-04 
 5.59000000e+00  4.29967531e-04 
 5.59500000e+00  4.44667796e-04 
 5.60000000e+00  4.59883012e-04 
 5.60500000e+00  4.75631283e-04 
 5.61000000e+00  4.91931330e-04 
 5.61500000e+00  5.08802512e-04 
 5.62000000e+00  5.26264849e-04 
 5.62500000e+00  5.44339037e-04 
 5.63000000e+00  5.63046475e-04 
 5.63500000e+00  5.82409278e-04 
 5.64000000e+00  6.02450307e-04 
 5.64500000e+00  6.23193185e-04 
 5.65000000e+00  6.44662324e-04 
 5.65500000e+00  6.66882943e-04 
 5.66000000e+00  6.89881096e-04 
 5.66500000e+00  7.13683691e-04 
 5.67000000e+00  7.38318519e-04 
 5.67500000e+00  7.63814275e-04 
 5.68000000e+00  7.90200584e-04 
 5.68500000e+00  8.17508025e-04 
 5.69000000e+00  8.45768158e-04 
 5.69500000e+00  8.75013547e-04 
 5.70000000e+00  9.05277791e-04 
 5.70500000e+00  9.36595542e-04 
 5.71000000e+00  9.69002539e-04 
 5.71500000e+00  1.00253563e-03 
 5.72000000e+00  1.03723280e-03 
 5.72500000e+00  1.07313319e-03 
 5.73000000e+00  1.11027715e-03 
 5.73500000e+00  1.14870622e-03 
 5.74000000e+00  1.18846319e-03 
 5.74500000e+00  1.22959213e-03 
 5.75000000e+00  1.27213839e-03 
 5.75500000e+00  1.31614863e-03 
 5.76000000e+00  1.36167088e-03 
 5.76500000e+00  1.40875451e-03 
 5.77000000e+00  1.45745030e-03 
 5.77500000e+00  1.50781044e-03 
 5.78000000e+00  1.55988853e-03 
 5.78500000e+00  1.61373968e-03 
 5.79000000e+00  1.66942042e-03 
 5.79500000e+00  1.72698882e-03 
 5.80000000e+00  1.78650444e-03 
 5.80500000e+00  1.84802838e-03 
 5.81000000e+00  1.91162328e-03 
 5.81500000e+00  1.97735336e-03 
 5.82000000e+00  2.04528439e-03 
 5.82500000e+00  2.11548372e-03 
 5.83000000e+00  2.18802031e-03 
 5.83500000e+00  2.26296468e-03 
 5.84000000e+00  2.34038897e-03 
 5.84500000e+00  2.42036693e-03 
 5.85000000e+00  2.50297388e-03 
 5.85500000e+00  2.58828674e-03 
 5.86000000e+00  2.67638401e-03 
 5.86500000e+00  2.76734579e-03 
 5.87000000e+00  2.86125369e-03 
 5.87500000e+00  2.95819091e-03 
 5.88000000e+00  3.05824214e-03 
 5.88500000e+00  3.16149358e-03 
 5.89000000e+00  3.26803289e-03 
 5.89500000e+00  3.37794916e-03 
 5.90000000e+00  3.49133291e-03 
 5.90500000e+00  3.60827597e-03 
 5.91000000e+00  3.72887153e-03 
 5.91500000e+00  3.85321402e-03 
 5.92000000e+00  3.98139908e-03 
 5.92500000e+00  4.11352351e-03 
 5.93000000e+00  4.24968522e-03 
 5.93500000e+00  4.38998310e-03 
 5.94000000e+00  4.53451703e-03 
 5.94500000e+00  4.68338775e-03 
 5.95000000e+00  4.83669680e-03 
 5.95500000e+00  4.99454644e-03 
 5.96000000e+00  5.15703953e-03 
 5.96500000e+00  5.32427947e-03 
 5.97000000e+00  5.49637010e-03 
 5.97500000e+00  5.67341557e-03 
 5.98000000e+00  5.85552026e-03 
 5.98500000e+00  6.04278869e-03 
 5.99000000e+00  6.23532533e-03 
 5.99500000e+00  6.43323458e-03 
 6.00000000e+00  6.63662059e-03 
 6.00500000e+00  6.84558716e-03 
 6.01000000e+00  7.06023763e-03 
 6.01500000e+00  7.28067471e-03 
 6.02000000e+00  7.50700042e-03 
 6.02500000e+00  7.73931589e-03 
 6.03000000e+00  7.97772131e-03 
 6.03500000e+00  8.22231574e-03 
 6.04000000e+00  8.47319701e-03 
 6.04500000e+00  8.73046160e-03 
 6.05000000e+00  8.99420449e-03 
 6.05500000e+00  9.26451907e-03 
 6.06000000e+00  9.54149698e-03 
 6.06500000e+00  9.82522805e-03 
 6.07000000e+00  1.01158001e-02 
 6.07500000e+00  1.04132990e-02 
 6.08000000e+00  1.07178082e-02 
 6.08500000e+00  1.10294091e-02 
 6.09000000e+00  1.13481807e-02 
 6.09500000e+00  1.16741995e-02 
 6.10000000e+00  1.20075393e-02 
 6.10500000e+00  1.23482715e-02 
 6.11000000e+00  1.26964647e-02 
 6.11500000e+00  1.30521847e-02 
 6.12000000e+00  1.34154946e-02 
 6.12500000e+00  1.37864545e-02 
 6.13000000e+00  1.41651216e-02 
 6.13500000e+00  1.45515503e-02 
 6.14000000e+00  1.49457917e-02 
 6.14500000e+00  1.53478943e-02 
 6.15000000e+00  1.57579033e-02 
 6.15500000e+00  1.61758610e-02 
 6.16000000e+00  1.66018068e-02 
 6.16500000e+00  1.70357769e-02 
 6.17000000e+00  1.74778046e-02 
 6.17500000e+00  1.79279203e-02 
 6.18000000e+00  1.83861516e-02 
 6.18500000e+00  1.88525231e-02 
 6.19000000e+00  1.93270565e-02 
 6.19500000e+00  1.98097709e-02 
 6.20000000e+00  2.03006827e-02 
 6.20500000e+00  2.07998056e-02 
 6.21000000e+00  2.13071507e-02 
 6.21500000e+00  2.18227267e-02 
 6.22000000e+00  2.23465400e-02 
 6.22500000e+00  2.28785944e-02 
 6.23000000e+00  2.34188918e-02 
 6.23500000e+00  2.39674318e-02 
 6.24000000e+00  2.45242119e-02 
 6.24500000e+00  2.50892279e-02 
 6.25000000e+00  2.56624734e-02 
 6.25500000e+00  2.62439407e-02 
 6.26000000e+00  2.68336202e-02 
 6.26500000e+00  2.74315007e-02 
 6.27000000e+00  2.80375698e-02 
 6.27500000e+00  2.86518137e-02 
 6.28000000e+00  2.92742172e-02 
 6.28500000e+00  2.99047642e-02 
 6.29000000e+00  3.05434376e-02 
 6.29500000e+00  3.11902191e-02 
 6.30000000e+00  3.18450899e-02 
 6.30500000e+00  3.25080303e-02 
 6.31000000e+00  3.31790200e-02 
 6.31500000e+00  3.38580382e-02 
 6.32000000e+00  3.45450636e-02 
 6.32500000e+00  3.52400745e-02 
 6.33000000e+00  3.59430489e-02 
 6.33500000e+00  3.66539649e-02 
 6.34000000e+00  3.73727999e-02 
 6.34500000e+00  3.80995319e-02 
 6.35000000e+00  3.88341384e-02 
 6.35500000e+00  3.95765973e-02 
 6.36000000e+00  4.03268864e-02 
 6.36500000e+00  4.10849840e-02 
 6.37000000e+00  4.18508685e-02 
 6.37500000e+00  4.26245186e-02 
 6.38000000e+00  4.34059136e-02 
 6.38500000e+00  4.41950328e-02 
 6.39000000e+00  4.49918565e-02 
 6.39500000e+00  4.57963650e-02 
 6.40000000e+00  4.66085397e-02 
 6.40500000e+00  4.74283621e-02 
 6.41000000e+00  4.82558147e-02 
 6.41500000e+00  4.90908804e-02 
 6.42000000e+00  4.99335428e-02 
 6.42500000e+00  5.07837865e-02 
 6.43000000e+00  5.16415965e-02 
 6.43500000e+00  5.25069587e-02 
 6.44000000e+00  5.33798598e-02 
 6.44500000e+00  5.42602873e-02 
 6.45000000e+00  5.51482294e-02 
 6.45500000e+00  5.60436753e-02 
 6.46000000e+00  5.69466149e-02 
 6.46500000e+00  5.78570390e-02 
 6.47000000e+00  5.87749391e-02 
 6.47500000e+00  5.97003078e-02 
 6.48000000e+00  6.06331384e-02 
 6.48500000e+00  6.15734252e-02 
 6.49000000e+00  6.25211632e-02 
 6.49500000e+00  6.34763483e-02 
 6.50000000e+00  6.44389773e-02 
 6.50500000e+00  6.54090480e-02 
 6.51000000e+00  6.63865588e-02 
 6.51500000e+00  6.73715092e-02 
 6.52000000e+00  6.83638993e-02 
 6.52500000e+00  6.93637304e-02 
 6.53000000e+00  7.03710042e-02 
 6.53500000e+00  7.13857236e-02 
 6.54000000e+00  7.24078922e-02 
 6.54500000e+00  7.34375144e-02 
 6.55000000e+00  7.44745954e-02 
 6.55500000e+00  7.55191413e-02 
 6.56000000e+00  7.65711590e-02 
 6.56500000e+00  7.76306559e-02 
 6.57000000e+00  7.86976406e-02 
 6.57500000e+00  7.97721222e-02 
 6.58000000e+00  8.08541107e-02 
 6.58500000e+00  8.19436167e-02 
 6.59000000e+00  8.30406516e-02 
 6.59500000e+00  8.41452275e-02 
 6.60000000e+00  8.52573575e-02 
 6.60500000e+00  8.63770549e-02 
 6.61000000e+00  8.75043341e-02 
 6.61500000e+00  8.86392100e-02 
 6.62000000e+00  8.97816983e-02 
 6.62500000e+00  9.09318153e-02 
 6.63000000e+00  9.20895778e-02 
 6.63500000e+00  9.32550035e-02 
 6.64000000e+00  9.44281107e-02 
 6.64500000e+00  9.56089181e-02 
 6.65000000e+00  9.67974453e-02 
 6.65500000e+00  9.79937123e-02 
 6.66000000e+00  9.91977399e-02 
 6.66500000e+00  1.00409549e-01 
 6.67000000e+00  1.01629162e-01 
 6.67500000e+00  1.02856601e-01 
 6.68000000e+00  1.04091889e-01 
 6.68500000e+00  1.05335049e-01 
 6.69000000e+00  1.06586106e-01 
 6.69500000e+00  1.07845084e-01 
 6.70000000e+00  1.09112008e-01 
 6.70500000e+00  1.10386904e-01 
 6.71000000e+00  1.11669798e-01 
 6.71500000e+00  1.12960717e-01 
 6.72000000e+00  1.14259687e-01 
 6.72500000e+00  1.15566737e-01 
 6.73000000e+00  1.16881894e-01 
 6.73500000e+00  1.18205187e-01 
 6.74000000e+00  1.19536646e-01 
 6.74500000e+00  1.20876299e-01 
 6.75000000e+00  1.22224176e-01 
 6.75500000e+00  1.23580309e-01 
 6.76000000e+00  1.24944727e-01 
 6.76500000e+00  1.26317462e-01 
 6.77000000e+00  1.27698546e-01 
 6.77500000e+00  1.29088011e-01 
 6.78000000e+00  1.30485889e-01 
 6.78500000e+00  1.31892213e-01 
 6.79000000e+00  1.33307017e-01 
 6.79500000e+00  1.34730335e-01 
 6.80000000e+00  1.36162200e-01 
 6.80500000e+00  1.37602647e-01 
 6.81000000e+00  1.39051712e-01 
 6.81500000e+00  1.40509429e-01 
 6.82000000e+00  1.41975834e-01 
 6.82500000e+00  1.43450963e-01 
 6.83000000e+00  1.44934854e-01 
 6.83500000e+00  1.46427542e-01 
 6.84000000e+00  1.47929064e-01 
 6.84500000e+00  1.49439460e-01 
 6.85000000e+00  1.50958765e-01 
 6.85500000e+00  1.52487020e-01 
 6.86000000e+00  1.54024262e-01 
 6.86500000e+00  1.55570530e-01 
 6.87000000e+00  1.57125864e-01 
 6.87500000e+00  1.58690304e-01 
 6.88000000e+00  1.60263890e-01 
 6.88500000e+00  1.61846661e-01 
 6.89000000e+00  1.63438660e-01 
 6.89500000e+00  1.65039926e-01 
 6.90000000e+00  1.66650503e-01 
 6.90500000e+00  1.68270430e-01 
 6.91000000e+00  1.69899751e-01 
 6.91500000e+00  1.71538508e-01 
 6.92000000e+00  1.73186744e-01 
 6.92500000e+00  1.74844502e-01 
 6.93000000e+00  1.76511825e-01 
 6.93500000e+00  1.78188758e-01 
 6.94000000e+00  1.79875344e-01 
 6.94500000e+00  1.81571629e-01 
 6.95000000e+00  1.83277656e-01 
 6.95500000e+00  1.84993472e-01 
 6.96000000e+00  1.86719121e-01 
 6.96500000e+00  1.88454650e-01 
 6.97000000e+00  1.90200105e-01 
 6.97500000e+00  1.91955531e-01 
 6.98000000e+00  1.93720977e-01 
 6.98500000e+00  1.95496490e-01 
 6.99000000e+00  1.97282116e-01 
 6.99500000e+00  1.99077903e-01 
 7.00000000e+00  2.00883901e-01 
 7.00500000e+00  2.02700157e-01 
 7.01000000e+00  2.04526721e-01 
 7.01500000e+00  2.06363641e-01 
 7.02000000e+00  2.08210967e-01 
 7.02500000e+00  2.10068750e-01 
 7.03000000e+00  2.11937038e-01 
 7.03500000e+00  2.13815883e-01 
 7.04000000e+00  2.15705336e-01 
 7.04500000e+00  2.17605448e-01 
 7.05000000e+00  2.19516271e-01 
 7.05500000e+00  2.21437856e-01 
 7.06000000e+00  2.23370256e-01 
 7.06500000e+00  2.25313524e-01 
 7.07000000e+00  2.27267712e-01 
 7.07500000e+00  2.29232874e-01 
 7.08000000e+00  2.31209063e-01 
 7.08500000e+00  2.33196334e-01 
 7.09000000e+00  2.35194741e-01 
 7.09500000e+00  2.37204339e-01 
 7.10000000e+00  2.39225183e-01 
 7.10500000e+00  2.41257328e-01 
 7.11000000e+00  2.43300831e-01 
 7.11500000e+00  2.45355747e-01 
 7.12000000e+00  2.47422133e-01 
 7.12500000e+00  2.49500046e-01 
 7.13000000e+00  2.51589544e-01 
 7.13500000e+00  2.53690684e-01 
 7.14000000e+00  2.55803524e-01 
 7.14500000e+00  2.57928122e-01 
 7.15000000e+00  2.60064538e-01 
 7.15500000e+00  2.62212831e-01 
 7.16000000e+00  2.64373060e-01 
 7.16500000e+00  2.66545286e-01 
 7.17000000e+00  2.68729568e-01 
 7.17500000e+00  2.70925968e-01 
 7.18000000e+00  2.73134546e-01 
 7.18500000e+00  2.75355364e-01 
 7.19000000e+00  2.77588485e-01 
 7.19500000e+00  2.79833970e-01 
 7.20000000e+00  2.82091882e-01 
 7.20500000e+00  2.84362285e-01 
 7.21000000e+00  2.86645242e-01 
 7.21500000e+00  2.88940817e-01 
 7.22000000e+00  2.91249075e-01 
 7.22500000e+00  2.93570080e-01 
 7.23000000e+00  2.95903897e-01 
 7.23500000e+00  2.98250593e-01 
 7.24000000e+00  3.00610233e-01 
 7.24500000e+00  3.02982883e-01 
 7.25000000e+00  3.05368612e-01 
 7.25500000e+00  3.07767486e-01 
 7.26000000e+00  3.10179572e-01 
 7.26500000e+00  3.12604940e-01 
 7.27000000e+00  3.15043657e-01 
 7.27500000e+00  3.17495794e-01 
 7.28000000e+00  3.19961419e-01 
 7.28500000e+00  3.22440603e-01 
 7.29000000e+00  3.24933415e-01 
 7.29500000e+00  3.27439928e-01 
 7.30000000e+00  3.29960211e-01 
 7.30500000e+00  3.32494338e-01 
 7.31000000e+00  3.35042380e-01 
 7.31500000e+00  3.37604410e-01 
 7.32000000e+00  3.40180502e-01 
 7.32500000e+00  3.42770728e-01 
 7.33000000e+00  3.45375163e-01 
 7.33500000e+00  3.47993881e-01 
 7.34000000e+00  3.50626958e-01 
 7.34500000e+00  3.53274469e-01 
 7.35000000e+00  3.55936490e-01 
 7.35500000e+00  3.58613097e-01 
 7.36000000e+00  3.61304367e-01 
 7.36500000e+00  3.64010377e-01 
 7.37000000e+00  3.66731206e-01 
 7.37500000e+00  3.69466931e-01 
 7.38000000e+00  3.72217631e-01 
 7.38500000e+00  3.74983386e-01 
 7.39000000e+00  3.77764274e-01 
 7.39500000e+00  3.80560376e-01 
 7.40000000e+00  3.83371773e-01 
 7.40500000e+00  3.86198545e-01 
 7.41000000e+00  3.89040775e-01 
 7.41500000e+00  3.91898542e-01 
 7.42000000e+00  3.94771931e-01 
 7.42500000e+00  3.97661024e-01 
 7.43000000e+00  4.00565903e-01 
 7.43500000e+00  4.03486653e-01 
 7.44000000e+00  4.06423357e-01 
 7.44500000e+00  4.09376099e-01 
 7.45000000e+00  4.12344965e-01 
 7.45500000e+00  4.15330040e-01 
 7.46000000e+00  4.18331409e-01 
 7.46500000e+00  4.21349157e-01 
 7.47000000e+00  4.24383372e-01 
 7.47500000e+00  4.27434140e-01 
 7.48000000e+00  4.30501546e-01 
 7.48500000e+00  4.33585680e-01 
 7.49000000e+00  4.36686627e-01 
 7.49500000e+00  4.39804476e-01 
 7.50000000e+00  4.42939315e-01 
 7.50500000e+00  4.46091231e-01 
 7.51000000e+00  4.49260313e-01 
 7.51500000e+00  4.52446650e-01 
 7.52000000e+00  4.55650329e-01 
 7.52500000e+00  4.58871440e-01 
 7.53000000e+00  4.62110071e-01 
 7.53500000e+00  4.65366311e-01 
 7.54000000e+00  4.68640248e-01 
 7.54500000e+00  4.71931971e-01 
 7.55000000e+00  4.75241569e-01 
 7.55500000e+00  4.78569130e-01 
 7.56000000e+00  4.81914741e-01 
 7.56500000e+00  4.85278491e-01 
 7.57000000e+00  4.88660467e-01 
 7.57500000e+00  4.92060755e-01 
 7.58000000e+00  4.95479442e-01 
 7.58500000e+00  4.98916615e-01 
 7.59000000e+00  5.02372357e-01 
 7.59500000e+00  5.05846753e-01 
 7.60000000e+00  5.09339887e-01 
 7.60500000e+00  5.12851840e-01 
 7.61000000e+00  5.16382695e-01 
 7.61500000e+00  5.19932531e-01 
 7.62000000e+00  5.23501426e-01 
 7.62500000e+00  5.27089457e-01 
 7.63000000e+00  5.30696701e-01 
 7.63500000e+00  5.34323229e-01 
 7.64000000e+00  5.37969113e-01 
 7.64500000e+00  5.41634422e-01 
 7.65000000e+00  5.45319223e-01 
 7.65500000e+00  5.49023578e-01 
 7.66000000e+00  5.52747549e-01 
 7.66500000e+00  5.56491193e-01 
 7.67000000e+00  5.60254562e-01 
 7.67500000e+00  5.64037707e-01 
 7.68000000e+00  5.67840673e-01 
 7.68500000e+00  5.71663501e-01 
 7.69000000e+00  5.75506225e-01 
 7.69500000e+00  5.79368877e-01 
 7.70000000e+00  5.83251479e-01 
 7.70500000e+00  5.87154048e-01 
 7.71000000e+00  5.91076595e-01 
 7.71500000e+00  5.95019123e-01 
 7.72000000e+00  5.98981624e-01 
 7.72500000e+00  6.02964085e-01 
 7.73000000e+00  6.06966478e-01 
 7.73500000e+00  6.10988769e-01 
 7.74000000e+00  6.15030909e-01 
 7.74500000e+00  6.19092839e-01 
 7.75000000e+00  6.23174483e-01 
 7.75500000e+00  6.27275753e-01 
 7.76000000e+00  6.31396542e-01 
 7.76500000e+00  6.35536728e-01 
 7.77000000e+00  6.39696169e-01 
 7.77500000e+00  6.43874701e-01 
 7.78000000e+00  6.48072139e-01 
 7.78500000e+00  6.52288273e-01 
 7.79000000e+00  6.56522866e-01 
 7.79500000e+00  6.60775652e-01 
 7.80000000e+00  6.65046336e-01 
 7.80500000e+00  6.69334586e-01 
 7.81000000e+00  6.73640036e-01 
 7.81500000e+00  6.77962277e-01 
 7.82000000e+00  6.82300859e-01 
 7.82500000e+00  6.86655285e-01 
 7.83000000e+00  6.91025006e-01 
 7.83500000e+00  6.95409418e-01 
 7.84000000e+00  6.99807857e-01 
 7.84500000e+00  7.04219596e-01 
 7.85000000e+00  7.08643835e-01 
 7.85500000e+00  7.13079701e-01 
 7.86000000e+00  7.17526237e-01 
 7.86500000e+00  7.21982397e-01 
 7.87000000e+00  7.26447044e-01 
 7.87500000e+00  7.30918933e-01 
 7.88000000e+00  7.35396712e-01 
 7.88500000e+00  7.39878912e-01 
 7.89000000e+00  7.44363936e-01 
 7.89500000e+00  7.48850055e-01 
 7.90000000e+00  7.53335395e-01 
 7.90500000e+00  7.57817936e-01 
 7.91000000e+00  7.62295497e-01 
 7.91500000e+00  7.66765736e-01 
 7.92000000e+00  7.71226139e-01 
 7.92500000e+00  7.75674021e-01 
 7.93000000e+00  7.80106519e-01 
 7.93500000e+00  7.84520599e-01 
 7.94000000e+00  7.88913056e-01 
 7.94500000e+00  7.93280526e-01 
 7.95000000e+00  7.97619498e-01 
 7.95500000e+00  8.01926342e-01 
 7.96000000e+00  8.06197329e-01 
 7.96500000e+00  8.10428682e-01 
 7.97000000e+00  8.14616614e-01 
 7.97500000e+00  8.18757398e-01 
 7.98000000e+00  8.22847436e-01 
 7.98500000e+00  8.26883348e-01 
 7.99000000e+00  8.30862071e-01 
 7.99500000e+00  8.34780968e-01 
 8.00000000e+00  8.38637953e-01 
