 0.00000000e+00 -1.02920511e-31 
 5.00000000e-03  2.30461972e-11 
 1.00000000e-02  4.33327900e-11 
 1.50000000e-02  6.11080583e-11 
 2.00000000e-02  7.66270785e-11 
 2.50000000e-02  9.01451401e-11 
 3.00000000e-02  1.01910869e-10 
 3.50000000e-02  1.12159894e-10 
 4.00000000e-02  1.21109778e-10 
 4.50000000e-02  1.28956619e-10 
 5.00000000e-02  1.35873423e-10 
 5.50000000e-02  1.42010057e-10 
 6.00000000e-02  1.47494386e-10 
 6.50000000e-02  1.52434202e-10 
 7.00000000e-02  1.56919556e-10 
 7.50000000e-02  1.61025187e-10 
 8.00000000e-02  1.64812865e-10 
 8.50000000e-02  1.68333528e-10 
 9.00000000e-02  1.71629145e-10 
 9.50000000e-02  1.74734321e-10 
 1.00000000e-01  1.77677627e-10 
 1.05000000e-01  1.80482712e-10 
 1.10000000e-01  1.83169212e-10 
 1.15000000e-01  1.85753479e-10 
 1.20000000e-01  1.88249190e-10 
 1.25000000e-01  1.90667821e-10 
 1.30000000e-01  1.93019054e-10 
 1.35000000e-01  1.95311080e-10 
 1.40000000e-01  1.97550862e-10 
 1.45000000e-01  1.99744348e-10 
 1.50000000e-01  2.01896637e-10 
 1.55000000e-01  2.04012118e-10 
 1.60000000e-01  2.06094587e-10 
 1.65000000e-01  2.08147341e-10 
 1.70000000e-01  2.10173249e-10 
 1.75000000e-01  2.12174827e-10 
 1.80000000e-01  2.14154275e-10 
 1.85000000e-01  2.16113544e-10 
 1.90000000e-01  2.18054355e-10 
 1.95000000e-01  2.19978227e-10 
 2.00000000e-01  2.21886528e-10 
 2.05000000e-01  2.23780465e-10 
 2.10000000e-01  2.25661135e-10 
 2.15000000e-01  2.27529509e-10 
 2.20000000e-01  2.29386475e-10 
 2.25000000e-01  2.31232827e-10 
 2.30000000e-01  2.33069295e-10 
 2.35000000e-01  2.34896525e-10 
 2.40000000e-01  2.36715125e-10 
 2.45000000e-01  2.38525639e-10 
 2.50000000e-01  2.40328568e-10 
 2.55000000e-01  2.42124373e-10 
 2.60000000e-01  2.43913479e-10 
 2.65000000e-01  2.45696268e-10 
 2.70000000e-01  2.47473111e-10 
 2.75000000e-01  2.49244333e-10 
 2.80000000e-01  2.51010249e-10 
 2.85000000e-01  2.52771141e-10 
 2.90000000e-01  2.54527278e-10 
 2.95000000e-01  2.56278910e-10 
 3.00000000e-01  2.58026269e-10 
 3.05000000e-01  2.59769578e-10 
 3.10000000e-01  2.61509030e-10 
 3.15000000e-01  2.63244824e-10 
 3.20000000e-01  2.64977138e-10 
 3.25000000e-01  2.66706138e-10 
 3.30000000e-01  2.68431987e-10 
 3.35000000e-01  2.70154831e-10 
 3.40000000e-01  2.71874818e-10 
 3.45000000e-01  2.73592072e-10 
 3.50000000e-01  2.75306734e-10 
 3.55000000e-01  2.77018913e-10 
 3.60000000e-01  2.78728724e-10 
 3.65000000e-01  2.80436276e-10 
 3.70000000e-01  2.82141675e-10 
 3.75000000e-01  2.83845017e-10 
 3.80000000e-01  2.85546394e-10 
 3.85000000e-01  2.87245896e-10 
 3.90000000e-01  2.88943603e-10 
 3.95000000e-01  2.90639603e-10 
 4.00000000e-01  2.92333975e-10 
 4.05000000e-01  2.94026782e-10 
 4.10000000e-01  2.95718100e-10 
 4.15000000e-01  2.97407998e-10 
 4.20000000e-01  2.99096543e-10 
 4.25000000e-01  3.00783794e-10 
 4.30000000e-01  3.02469812e-10 
 4.35000000e-01  3.04154647e-10 
 4.40000000e-01  3.05838370e-10 
 4.45000000e-01  3.07521019e-10 
 4.50000000e-01  3.09202655e-10 
 4.55000000e-01  3.10883319e-10 
 4.60000000e-01  3.12563059e-10 
 4.65000000e-01  3.14241923e-10 
 4.70000000e-01  3.15919959e-10 
 4.75000000e-01  3.17597206e-10 
 4.80000000e-01  3.19273706e-10 
 4.85000000e-01  3.20949498e-10 
 4.90000000e-01  3.22624613e-10 
 4.95000000e-01  3.24299095e-10 
 5.00000000e-01  3.25972984e-10 
 5.05000000e-01  3.27646306e-10 
 5.10000000e-01  3.29319098e-10 
 5.15000000e-01  3.30991389e-10 
 5.20000000e-01  3.32663221e-10 
 5.25000000e-01  3.34334612e-10 
 5.30000000e-01  3.36005596e-10 
 5.35000000e-01  3.37676209e-10 
 5.40000000e-01  3.39346463e-10 
 5.45000000e-01  3.41016398e-10 
 5.50000000e-01  3.42686039e-10 
 5.55000000e-01  3.44355410e-10 
 5.60000000e-01  3.46024536e-10 
 5.65000000e-01  3.47693431e-10 
 5.70000000e-01  3.49362133e-10 
 5.75000000e-01  3.51030659e-10 
 5.80000000e-01  3.52699029e-10 
 5.85000000e-01  3.54367268e-10 
 5.90000000e-01  3.56035402e-10 
 5.95000000e-01  3.57703435e-10 
 6.00000000e-01  3.59371412e-10 
 6.05000000e-01  3.61039325e-10 
 6.10000000e-01  3.62707225e-10 
 6.15000000e-01  3.64375098e-10 
 6.20000000e-01  3.66042985e-10 
 6.25000000e-01  3.67710888e-10 
 6.30000000e-01  3.69378837e-10 
 6.35000000e-01  3.71046851e-10 
 6.40000000e-01  3.72714935e-10 
 6.45000000e-01  3.74383121e-10 
 6.50000000e-01  3.76051400e-10 
 6.55000000e-01  3.77719821e-10 
 6.60000000e-01  3.79388374e-10 
 6.65000000e-01  3.81057080e-10 
 6.70000000e-01  3.82725953e-10 
 6.75000000e-01  3.84395018e-10 
 6.80000000e-01  3.86064286e-10 
 6.85000000e-01  3.87733758e-10 
 6.90000000e-01  3.89403474e-10 
 6.95000000e-01  3.91073417e-10 
 7.00000000e-01  3.92743623e-10 
 7.05000000e-01  3.94414093e-10 
 7.10000000e-01  3.96084852e-10 
 7.15000000e-01  3.97755912e-10 
 7.20000000e-01  3.99427260e-10 
 7.25000000e-01  4.01098946e-10 
 7.30000000e-01  4.02770958e-10 
 7.35000000e-01  4.04443316e-10 
 7.40000000e-01  4.06116046e-10 
 7.45000000e-01  4.07789134e-10 
 7.50000000e-01  4.09462610e-10 
 7.55000000e-01  4.11136479e-10 
 7.60000000e-01  4.12810758e-10 
 7.65000000e-01  4.14485450e-10 
 7.70000000e-01  4.16160571e-10 
 7.75000000e-01  4.17836138e-10 
 7.80000000e-01  4.19512164e-10 
 7.85000000e-01  4.21188647e-10 
 7.90000000e-01  4.22865603e-10 
 7.95000000e-01  4.24543058e-10 
 8.00000000e-01  4.26221010e-10 
 8.05000000e-01  4.27899470e-10 
 8.10000000e-01  4.29578449e-10 
 8.15000000e-01  4.31257972e-10 
 8.20000000e-01  4.32938044e-10 
 8.25000000e-01  4.34618652e-10 
 8.30000000e-01  4.36299839e-10 
 8.35000000e-01  4.37981605e-10 
 8.40000000e-01  4.39663948e-10 
 8.45000000e-01  4.41346913e-10 
 8.50000000e-01  4.43030478e-10 
 8.55000000e-01  4.44714671e-10 
 8.60000000e-01  4.46399491e-10 
 8.65000000e-01  4.48084963e-10 
 8.70000000e-01  4.49771105e-10 
 8.75000000e-01  4.51457907e-10 
 8.80000000e-01  4.53145397e-10 
 8.85000000e-01  4.54833568e-10 
 8.90000000e-01  4.56522443e-10 
 8.95000000e-01  4.58212049e-10 
 9.00000000e-01  4.59902385e-10 
 9.05000000e-01  4.61593449e-10 
 9.10000000e-01  4.63285282e-10 
 9.15000000e-01  4.64977867e-10 
 9.20000000e-01  4.66671226e-10 
 9.25000000e-01  4.68365374e-10 
 9.30000000e-01  4.70060347e-10 
 9.35000000e-01  4.71756107e-10 
 9.40000000e-01  4.73452721e-10 
 9.45000000e-01  4.75150155e-10 
 9.50000000e-01  4.76848447e-10 
 9.55000000e-01  4.78547606e-10 
 9.60000000e-01  4.80247661e-10 
 9.65000000e-01  4.81948590e-10 
 9.70000000e-01  4.83650444e-10 
 9.75000000e-01  4.85353203e-10 
 9.80000000e-01  4.87056910e-10 
 9.85000000e-01  4.88761557e-10 
 9.90000000e-01  4.90467171e-10 
 9.95000000e-01  4.92173769e-10 
 1.00000000e+00  4.93881354e-10 
 1.00500000e+00  4.95589947e-10 
 1.01000000e+00  4.97299574e-10 
 1.01500000e+00  4.99010229e-10 
 1.02000000e+00  5.00721936e-10 
 1.02500000e+00  5.02434727e-10 
 1.03000000e+00  5.04148589e-10 
 1.03500000e+00  5.05863559e-10 
 1.04000000e+00  5.07579649e-10 
 1.04500000e+00  5.09296872e-10 
 1.05000000e+00  5.11015254e-10 
 1.05500000e+00  5.12734797e-10 
 1.06000000e+00  5.14455536e-10 
 1.06500000e+00  5.16177484e-10 
 1.07000000e+00  5.17900633e-10 
 1.07500000e+00  5.19625043e-10 
 1.08000000e+00  5.21350708e-10 
 1.08500000e+00  5.23077654e-10 
 1.09000000e+00  5.24805896e-10 
 1.09500000e+00  5.26535448e-10 
 1.10000000e+00  5.28266339e-10 
 1.10500000e+00  5.29998588e-10 
 1.11000000e+00  5.31732231e-10 
 1.11500000e+00  5.33467262e-10 
 1.12000000e+00  5.35203708e-10 
 1.12500000e+00  5.36941594e-10 
 1.13000000e+00  5.38680953e-10 
 1.13500000e+00  5.40421774e-10 
 1.14000000e+00  5.42164115e-10 
 1.14500000e+00  5.43907981e-10 
 1.15000000e+00  5.45653418e-10 
 1.15500000e+00  5.47400407e-10 
 1.16000000e+00  5.49148985e-10 
 1.16500000e+00  5.50899216e-10 
 1.17000000e+00  5.52651090e-10 
 1.17500000e+00  5.54404629e-10 
 1.18000000e+00  5.56159850e-10 
 1.18500000e+00  5.57916802e-10 
 1.19000000e+00  5.59675520e-10 
 1.19500000e+00  5.61436001e-10 
 1.20000000e+00  5.63198289e-10 
 1.20500000e+00  5.64962412e-10 
 1.21000000e+00  5.66728381e-10 
 1.21500000e+00  5.68496223e-10 
 1.22000000e+00  5.70265987e-10 
 1.22500000e+00  5.72037703e-10 
 1.23000000e+00  5.73811401e-10 
 1.23500000e+00  5.75587081e-10 
 1.24000000e+00  5.77364791e-10 
 1.24500000e+00  5.79144573e-10 
 1.25000000e+00  5.80926448e-10 
 1.25500000e+00  5.82710441e-10 
 1.26000000e+00  5.84496601e-10 
 1.26500000e+00  5.86284948e-10 
 1.27000000e+00  5.88075517e-10 
 1.27500000e+00  5.89868344e-10 
 1.28000000e+00  5.91663460e-10 
 1.28500000e+00  5.93460902e-10 
 1.29000000e+00  5.95260693e-10 
 1.29500000e+00  5.97062893e-10 
 1.30000000e+00  5.98867514e-10 
 1.30500000e+00  6.00674582e-10 
 1.31000000e+00  6.02484188e-10 
 1.31500000e+00  6.04296325e-10 
 1.32000000e+00  6.06111047e-10 
 1.32500000e+00  6.07928393e-10 
 1.33000000e+00  6.09748391e-10 
 1.33500000e+00  6.11571085e-10 
 1.34000000e+00  6.13396511e-10 
 1.34500000e+00  6.15224725e-10 
 1.35000000e+00  6.17055756e-10 
 1.35500000e+00  6.18889661e-10 
 1.36000000e+00  6.20726459e-10 
 1.36500000e+00  6.22566217e-10 
 1.37000000e+00  6.24408968e-10 
 1.37500000e+00  6.26254751e-10 
 1.38000000e+00  6.28103621e-10 
 1.38500000e+00  6.29955606e-10 
 1.39000000e+00  6.31810785e-10 
 1.39500000e+00  6.33669187e-10 
 1.40000000e+00  6.35530850e-10 
 1.40500000e+00  6.37395846e-10 
 1.41000000e+00  6.39264197e-10 
 1.41500000e+00  6.41135991e-10 
 1.42000000e+00  6.43011232e-10 
 1.42500000e+00  6.44890006e-10 
 1.43000000e+00  6.46772355e-10 
 1.43500000e+00  6.48658326e-10 
 1.44000000e+00  6.50547972e-10 
 1.44500000e+00  6.52441375e-10 
 1.45000000e+00  6.54338554e-10 
 1.45500000e+00  6.56239566e-10 
 1.46000000e+00  6.58144500e-10 
 1.46500000e+00  6.60053391e-10 
 1.47000000e+00  6.61966305e-10 
 1.47500000e+00  6.63883281e-10 
 1.48000000e+00  6.65804424e-10 
 1.48500000e+00  6.67729754e-10 
 1.49000000e+00  6.69659343e-10 
 1.49500000e+00  6.71593262e-10 
 1.50000000e+00  6.73531580e-10 
 1.50500000e+00  6.75474338e-10 
 1.51000000e+00  6.77421618e-10 
 1.51500000e+00  6.79373497e-10 
 1.52000000e+00  6.81330025e-10 
 1.52500000e+00  6.83291281e-10 
 1.53000000e+00  6.85257329e-10 
 1.53500000e+00  6.87228243e-10 
 1.54000000e+00  6.89204090e-10 
 1.54500000e+00  6.91184947e-10 
 1.55000000e+00  6.93170889e-10 
 1.55500000e+00  6.95162006e-10 
 1.56000000e+00  6.97158335e-10 
 1.56500000e+00  6.99159977e-10 
 1.57000000e+00  7.01167038e-10 
 1.57500000e+00  7.03179548e-10 
 1.58000000e+00  7.05197626e-10 
 1.58500000e+00  7.07221327e-10 
 1.59000000e+00  7.09250748e-10 
 1.59500000e+00  7.11285944e-10 
 1.60000000e+00  7.13327068e-10 
 1.60500000e+00  7.15374174e-10 
 1.61000000e+00  7.17427320e-10 
 1.61500000e+00  7.19486654e-10 
 1.62000000e+00  7.21552212e-10 
 1.62500000e+00  7.23624126e-10 
 1.63000000e+00  7.25702472e-10 
 1.63500000e+00  7.27787362e-10 
 1.64000000e+00  7.29878860e-10 
 1.64500000e+00  7.31977119e-10 
 1.65000000e+00  7.34082200e-10 
 1.65500000e+00  7.36194194e-10 
 1.66000000e+00  7.38313241e-10 
 1.66500000e+00  7.40439429e-10 
 1.67000000e+00  7.42572854e-10 
 1.67500000e+00  7.44713665e-10 
 1.68000000e+00  7.46861917e-10 
 1.68500000e+00  7.49017774e-10 
 1.69000000e+00  7.51181327e-10 
 1.69500000e+00  7.53352665e-10 
 1.70000000e+00  7.55531956e-10 
 1.70500000e+00  7.57719303e-10 
 1.71000000e+00  7.59914810e-10 
 1.71500000e+00  7.62118618e-10 
 1.72000000e+00  7.64330860e-10 
 1.72500000e+00  7.66551639e-10 
 1.73000000e+00  7.68781113e-10 
 1.73500000e+00  7.71019402e-10 
 1.74000000e+00  7.73266623e-10 
 1.74500000e+00  7.75522941e-10 
 1.75000000e+00  7.77788474e-10 
 1.75500000e+00  7.80063379e-10 
 1.76000000e+00  7.82347780e-10 
 1.76500000e+00  7.84641855e-10 
 1.77000000e+00  7.86945717e-10 
 1.77500000e+00  7.89259538e-10 
 1.78000000e+00  7.91583456e-10 
 1.78500000e+00  7.93917660e-10 
 1.79000000e+00  7.96262266e-10 
 1.79500000e+00  7.98617458e-10 
 1.80000000e+00  8.00983391e-10 
 1.80500000e+00  8.03360228e-10 
 1.81000000e+00  8.05748171e-10 
 1.81500000e+00  8.08147356e-10 
 1.82000000e+00  8.10557979e-10 
 1.82500000e+00  8.12980182e-10 
 1.83000000e+00  8.15414198e-10 
 1.83500000e+00  8.17860152e-10 
 1.84000000e+00  8.20318296e-10 
 1.84500000e+00  8.22788791e-10 
 1.85000000e+00  8.25271792e-10 
 1.85500000e+00  8.27767564e-10 
 1.86000000e+00  8.30276247e-10 
 1.86500000e+00  8.32798081e-10 
 1.87000000e+00  8.35333281e-10 
 1.87500000e+00  8.37882014e-10 
 1.88000000e+00  8.40444531e-10 
 1.88500000e+00  8.43021040e-10 
 1.89000000e+00  8.45611748e-10 
 1.89500000e+00  8.48216881e-10 
 1.90000000e+00  8.50836695e-10 
 1.90500000e+00  8.53471403e-10 
 1.91000000e+00  8.56121239e-10 
 1.91500000e+00  8.58786434e-10 
 1.92000000e+00  8.61467281e-10 
 1.92500000e+00  8.64163958e-10 
 1.93000000e+00  8.66876743e-10 
 1.93500000e+00  8.69605930e-10 
 1.94000000e+00  8.72351751e-10 
 1.94500000e+00  8.75114460e-10 
 1.95000000e+00  8.77894352e-10 
 1.95500000e+00  8.80691680e-10 
 1.96000000e+00  8.83506740e-10 
 1.96500000e+00  8.86339794e-10 
 1.97000000e+00  8.89191178e-10 
 1.97500000e+00  8.92061144e-10 
 1.98000000e+00  8.94950001e-10 
 1.98500000e+00  8.97858048e-10 
 1.99000000e+00  9.00785618e-10 
 1.99500000e+00  9.03732999e-10 
 2.00000000e+00  9.06700516e-10 
 2.00500000e+00  9.09688516e-10 
 2.01000000e+00  9.12697305e-10 
 2.01500000e+00  9.15727241e-10 
 2.02000000e+00  9.18778628e-10 
 2.02500000e+00  9.21851866e-10 
 2.03000000e+00  9.24947255e-10 
 2.03500000e+00  9.28065200e-10 
 2.04000000e+00  9.31206044e-10 
 2.04500000e+00  9.34370174e-10 
 2.05000000e+00  9.37557973e-10 
 2.05500000e+00  9.40769808e-10 
 2.06000000e+00  9.44006067e-10 
 2.06500000e+00  9.47267140e-10 
 2.07000000e+00  9.50553492e-10 
 2.07500000e+00  9.53865478e-10 
 2.08000000e+00  9.57203529e-10 
 2.08500000e+00  9.60568076e-10 
 2.09000000e+00  9.63959564e-10 
 2.09500000e+00  9.67378430e-10 
 2.10000000e+00  9.70825108e-10 
 2.10500000e+00  9.74300074e-10 
 2.11000000e+00  9.77803767e-10 
 2.11500000e+00  9.81336677e-10 
 2.12000000e+00  9.84899275e-10 
 2.12500000e+00  9.88492055e-10 
 2.13000000e+00  9.92115523e-10 
 2.13500000e+00  9.95770154e-10 
 2.14000000e+00  9.99456528e-10 
 2.14500000e+00  1.00317506e-09 
 2.15000000e+00  1.00692638e-09 
 2.15500000e+00  1.01071102e-09 
 2.16000000e+00  1.01452947e-09 
 2.16500000e+00  1.01838231e-09 
 2.17000000e+00  1.02227013e-09 
 2.17500000e+00  1.02619351e-09 
 2.18000000e+00  1.03015301e-09 
 2.18500000e+00  1.03414927e-09 
 2.19000000e+00  1.03818288e-09 
 2.19500000e+00  1.04225444e-09 
 2.20000000e+00  1.04636457e-09 
 2.20500000e+00  1.05051396e-09 
 2.21000000e+00  1.05470324e-09 
 2.21500000e+00  1.05893304e-09 
 2.22000000e+00  1.06320410e-09 
 2.22500000e+00  1.06751705e-09 
 2.23000000e+00  1.07187262e-09 
 2.23500000e+00  1.07627147e-09 
 2.24000000e+00  1.08071437e-09 
 2.24500000e+00  1.08520205e-09 
 2.25000000e+00  1.08973524e-09 
 2.25500000e+00  1.09431470e-09 
 2.26000000e+00  1.09894121e-09 
 2.26500000e+00  1.10361555e-09 
 2.27000000e+00  1.10833852e-09 
 2.27500000e+00  1.11311091e-09 
 2.28000000e+00  1.11793360e-09 
 2.28500000e+00  1.12280739e-09 
 2.29000000e+00  1.12773313e-09 
 2.29500000e+00  1.13271172e-09 
 2.30000000e+00  1.13774402e-09 
 2.30500000e+00  1.14283093e-09 
 2.31000000e+00  1.14797337e-09 
 2.31500000e+00  1.15317228e-09 
 2.32000000e+00  1.15842859e-09 
 2.32500000e+00  1.16374328e-09 
 2.33000000e+00  1.16911731e-09 
 2.33500000e+00  1.17455169e-09 
 2.34000000e+00  1.18004745e-09 
 2.34500000e+00  1.18560559e-09 
 2.35000000e+00  1.19122714e-09 
 2.35500000e+00  1.19691323e-09 
 2.36000000e+00  1.20266489e-09 
 2.36500000e+00  1.20848324e-09 
 2.37000000e+00  1.21436942e-09 
 2.37500000e+00  1.22032454e-09 
 2.38000000e+00  1.22634981e-09 
 2.38500000e+00  1.23244634e-09 
 2.39000000e+00  1.23861539e-09 
 2.39500000e+00  1.24485817e-09 
 2.40000000e+00  1.25117589e-09 
 2.40500000e+00  1.25756987e-09 
 2.41000000e+00  1.26404133e-09 
 2.41500000e+00  1.27059165e-09 
 2.42000000e+00  1.27722210e-09 
 2.42500000e+00  1.28393407e-09 
 2.43000000e+00  1.29072894e-09 
 2.43500000e+00  1.29760809e-09 
 2.44000000e+00  1.30457293e-09 
 2.44500000e+00  1.31162496e-09 
 2.45000000e+00  1.31876562e-09 
 2.45500000e+00  1.32599642e-09 
 2.46000000e+00  1.33331889e-09 
 2.46500000e+00  1.34073457e-09 
 2.47000000e+00  1.34824505e-09 
 2.47500000e+00  1.35585194e-09 
 2.48000000e+00  1.36355683e-09 
 2.48500000e+00  1.37136147e-09 
 2.49000000e+00  1.37926746e-09 
 2.49500000e+00  1.38727659e-09 
 2.50000000e+00  1.39539058e-09 
 2.50500000e+00  1.40361121e-09 
 2.51000000e+00  1.41194030e-09 
 2.51500000e+00  1.42037968e-09 
 2.52000000e+00  1.42893124e-09 
 2.52500000e+00  1.43759686e-09 
 2.53000000e+00  1.44637853e-09 
 2.53500000e+00  1.45527818e-09 
 2.54000000e+00  1.46429785e-09 
 2.54500000e+00  1.47343956e-09 
 2.55000000e+00  1.48270539e-09 
 2.55500000e+00  1.49209748e-09 
 2.56000000e+00  1.50161794e-09 
 2.56500000e+00  1.51126900e-09 
 2.57000000e+00  1.52105287e-09 
 2.57500000e+00  1.53097181e-09 
 2.58000000e+00  1.54102813e-09 
 2.58500000e+00  1.55122421e-09 
 2.59000000e+00  1.56156235e-09 
 2.59500000e+00  1.57204511e-09 
 2.60000000e+00  1.58267484e-09 
 2.60500000e+00  1.59345409e-09 
 2.61000000e+00  1.60438543e-09 
 2.61500000e+00  1.61547147e-09 
 2.62000000e+00  1.62671485e-09 
 2.62500000e+00  1.63811823e-09 
 2.63000000e+00  1.64968442e-09 
 2.63500000e+00  1.66141615e-09 
 2.64000000e+00  1.67331629e-09 
 2.64500000e+00  1.68538771e-09 
 2.65000000e+00  1.69763337e-09 
 2.65500000e+00  1.71005624e-09 
 2.66000000e+00  1.72265937e-09 
 2.66500000e+00  1.73544586e-09 
 2.67000000e+00  1.74841884e-09 
 2.67500000e+00  1.76158156e-09 
 2.68000000e+00  1.77493721e-09 
 2.68500000e+00  1.78848920e-09 
 2.69000000e+00  1.80224082e-09 
 2.69500000e+00  1.81619558e-09 
 2.70000000e+00  1.83035692e-09 
 2.70500000e+00  1.84472845e-09 
 2.71000000e+00  1.85931376e-09 
 2.71500000e+00  1.87411653e-09 
 2.72000000e+00  1.88914057e-09 
 2.72500000e+00  1.90438961e-09 
 2.73000000e+00  1.91986760e-09 
 2.73500000e+00  1.93557846e-09 
 2.74000000e+00  1.95152623e-09 
 2.74500000e+00  1.96771499e-09 
 2.75000000e+00  1.98414895e-09 
 2.75500000e+00  2.00083231e-09 
 2.76000000e+00  2.01776941e-09 
 2.76500000e+00  2.03496463e-09 
 2.77000000e+00  2.05242243e-09 
 2.77500000e+00  2.07014737e-09 
 2.78000000e+00  2.08814411e-09 
 2.78500000e+00  2.10641735e-09 
 2.79000000e+00  2.12497184e-09 
 2.79500000e+00  2.14381257e-09 
 2.80000000e+00  2.16294440e-09 
 2.80500000e+00  2.18237244e-09 
 2.81000000e+00  2.20210186e-09 
 2.81500000e+00  2.22213788e-09 
 2.82000000e+00  2.24248582e-09 
 2.82500000e+00  2.26315113e-09 
 2.83000000e+00  2.28413935e-09 
 2.83500000e+00  2.30545610e-09 
 2.84000000e+00  2.32710708e-09 
 2.84500000e+00  2.34909818e-09 
 2.85000000e+00  2.37143527e-09 
 2.85500000e+00  2.39412446e-09 
 2.86000000e+00  2.41717180e-09 
 2.86500000e+00  2.44058371e-09 
 2.87000000e+00  2.46436642e-09 
 2.87500000e+00  2.48852648e-09 
 2.88000000e+00  2.51307047e-09 
 2.88500000e+00  2.53800516e-09 
 2.89000000e+00  2.56333738e-09 
 2.89500000e+00  2.58907409e-09 
 2.90000000e+00  2.61522238e-09 
 2.90500000e+00  2.64178948e-09 
 2.91000000e+00  2.66878277e-09 
 2.91500000e+00  2.69620971e-09 
 2.92000000e+00  2.72407793e-09 
 2.92500000e+00  2.75239522e-09 
 2.93000000e+00  2.78116946e-09 
 2.93500000e+00  2.81040871e-09 
 2.94000000e+00  2.84012114e-09 
 2.94500000e+00  2.87031510e-09 
 2.95000000e+00  2.90099910e-09 
 2.95500000e+00  2.93218180e-09 
 2.96000000e+00  2.96387194e-09 
 2.96500000e+00  2.99607859e-09 
 2.97000000e+00  3.02881075e-09 
 2.97500000e+00  3.06207787e-09 
 2.98000000e+00  3.09588928e-09 
 2.98500000e+00  3.13025473e-09 
 2.99000000e+00  3.16518395e-09 
 2.99500000e+00  3.20068700e-09 
 3.00000000e+00  3.23677400e-09 
 3.00500000e+00  3.27345536e-09 
 3.01000000e+00  3.31074160e-09 
 3.01500000e+00  3.34864352e-09 
 3.02000000e+00  3.38717202e-09 
 3.02500000e+00  3.42633825e-09 
 3.03000000e+00  3.46615360e-09 
 3.03500000e+00  3.50662959e-09 
 3.04000000e+00  3.54777802e-09 
 3.04500000e+00  3.58961083e-09 
 3.05000000e+00  3.63214027e-09 
 3.05500000e+00  3.67537878e-09 
 3.06000000e+00  3.71933903e-09 
 3.06500000e+00  3.76403387e-09 
 3.07000000e+00  3.80947649e-09 
 3.07500000e+00  3.85568020e-09 
 3.08000000e+00  3.90265870e-09 
 3.08500000e+00  3.95042581e-09 
 3.09000000e+00  3.99899571e-09 
 3.09500000e+00  4.04838270e-09 
 3.10000000e+00  4.09860158e-09 
 3.10500000e+00  4.14966712e-09 
 3.11000000e+00  4.20159461e-09 
 3.11500000e+00  4.25439956e-09 
 3.12000000e+00  4.30809769e-09 
 3.12500000e+00  4.36270511e-09 
 3.13000000e+00  4.41823809e-09 
 3.13500000e+00  4.47471338e-09 
 3.14000000e+00  4.53214793e-09 
 3.14500000e+00  4.59055902e-09 
 3.15000000e+00  4.64996426e-09 
 3.15500000e+00  4.71038152e-09 
 3.16000000e+00  4.77182920e-09 
 3.16500000e+00  4.83432574e-09 
 3.17000000e+00  4.89789020e-09 
 3.17500000e+00  4.96254182e-09 
 3.18000000e+00  5.02830026e-09 
 3.18500000e+00  5.09518554e-09 
 3.19000000e+00  5.16321802e-09 
 3.19500000e+00  5.23241846e-09 
 3.20000000e+00  5.30280808e-09 
 3.20500000e+00  5.37440833e-09 
 3.21000000e+00  5.44724118e-09 
 3.21500000e+00  5.52132892e-09 
 3.22000000e+00  5.59669433e-09 
 3.22500000e+00  5.67336058e-09 
 3.23000000e+00  5.75135124e-09 
 3.23500000e+00  5.83069039e-09 
 3.24000000e+00  5.91140242e-09 
 3.24500000e+00  5.99351227e-09 
 3.25000000e+00  6.07704536e-09 
 3.25500000e+00  6.16202752e-09 
 3.26000000e+00  6.24848499e-09 
 3.26500000e+00  6.33644465e-09 
 3.27000000e+00  6.42593373e-09 
 3.27500000e+00  6.51698004e-09 
 3.28000000e+00  6.60961184e-09 
 3.28500000e+00  6.70385798e-09 
 3.29000000e+00  6.79974779e-09 
 3.29500000e+00  6.89731107e-09 
 3.30000000e+00  6.99657826e-09 
 3.30500000e+00  7.09758034e-09 
 3.31000000e+00  7.20034876e-09 
 3.31500000e+00  7.30491565e-09 
 3.32000000e+00  7.41131365e-09 
 3.32500000e+00  7.51957601e-09 
 3.33000000e+00  7.62973658e-09 
 3.33500000e+00  7.74182979e-09 
 3.34000000e+00  7.85589075e-09 
 3.34500000e+00  7.97195510e-09 
 3.35000000e+00  8.09005917e-09 
 3.35500000e+00  8.21023997e-09 
 3.36000000e+00  8.33253509e-09 
 3.36500000e+00  8.45698282e-09 
 3.37000000e+00  8.58362212e-09 
 3.37500000e+00  8.71249268e-09 
 3.38000000e+00  8.84363478e-09 
 3.38500000e+00  8.97708952e-09 
 3.39000000e+00  9.11289862e-09 
 3.39500000e+00  9.25110455e-09 
 3.40000000e+00  9.39175058e-09 
 3.40500000e+00  9.53488063e-09 
 3.41000000e+00  9.68053946e-09 
 3.41500000e+00  9.82877252e-09 
 3.42000000e+00  9.97962604e-09 
 3.42500000e+00  1.01331471e-08 
 3.43000000e+00  1.02893836e-08 
 3.43500000e+00  1.04483840e-08 
 3.44000000e+00  1.06101980e-08 
 3.44500000e+00  1.07748756e-08 
 3.45000000e+00  1.09424681e-08 
 3.45500000e+00  1.11130274e-08 
 3.46000000e+00  1.12866064e-08 
 3.46500000e+00  1.14632586e-08 
 3.47000000e+00  1.16430387e-08 
 3.47500000e+00  1.18260021e-08 
 3.48000000e+00  1.20122050e-08 
 3.48500000e+00  1.22017048e-08 
 3.49000000e+00  1.23945595e-08 
 3.49500000e+00  1.25908282e-08 
 3.50000000e+00  1.27905708e-08 
 3.50500000e+00  1.29938483e-08 
 3.51000000e+00  1.32007225e-08 
 3.51500000e+00  1.34112562e-08 
 3.52000000e+00  1.36255132e-08 
 3.52500000e+00  1.38435582e-08 
 3.53000000e+00  1.40654568e-08 
 3.53500000e+00  1.42912759e-08 
 3.54000000e+00  1.45210829e-08 
 3.54500000e+00  1.47549466e-08 
 3.55000000e+00  1.49929366e-08 
 3.55500000e+00  1.52351235e-08 
 3.56000000e+00  1.54815791e-08 
 3.56500000e+00  1.57323760e-08 
 3.57000000e+00  1.59875879e-08 
 3.57500000e+00  1.62472895e-08 
 3.58000000e+00  1.65115564e-08 
 3.58500000e+00  1.67804656e-08 
 3.59000000e+00  1.70540948e-08 
 3.59500000e+00  1.73325228e-08 
 3.60000000e+00  1.76158295e-08 
 3.60500000e+00  1.79040958e-08 
 3.61000000e+00  1.81974035e-08 
 3.61500000e+00  1.84958357e-08 
 3.62000000e+00  1.87994764e-08 
 3.62500000e+00  1.91084106e-08 
 3.63000000e+00  1.94227243e-08 
 3.63500000e+00  1.97425048e-08 
 3.64000000e+00  2.00678399e-08 
 3.64500000e+00  2.03988190e-08 
 3.65000000e+00  2.07355322e-08 
 3.65500000e+00  2.10780707e-08 
 3.66000000e+00  2.14265266e-08 
 3.66500000e+00  2.17809932e-08 
 3.67000000e+00  2.21415645e-08 
 3.67500000e+00  2.25083358e-08 
 3.68000000e+00  2.28814033e-08 
 3.68500000e+00  2.32608640e-08 
 3.69000000e+00  2.36468160e-08 
 3.69500000e+00  2.40393582e-08 
 3.70000000e+00  2.44385907e-08 
 3.70500000e+00  2.48446144e-08 
 3.71000000e+00  2.52575309e-08 
 3.71500000e+00  2.56774431e-08 
 3.72000000e+00  2.61044543e-08 
 3.72500000e+00  2.65386692e-08 
 3.73000000e+00  2.69801928e-08 
 3.73500000e+00  2.74291314e-08 
 3.74000000e+00  2.78855918e-08 
 3.74500000e+00  2.83496818e-08 
 3.75000000e+00  2.88215097e-08 
 3.75500000e+00  2.93011850e-08 
 3.76000000e+00  2.97888174e-08 
 3.76500000e+00  3.02845178e-08 
 3.77000000e+00  3.07883974e-08 
 3.77500000e+00  3.13005683e-08 
 3.78000000e+00  3.18211432e-08 
 3.78500000e+00  3.23502354e-08 
 3.79000000e+00  3.28879586e-08 
 3.79500000e+00  3.34344274e-08 
 3.80000000e+00  3.39897568e-08 
 3.80500000e+00  3.45540621e-08 
 3.81000000e+00  3.51274595e-08 
 3.81500000e+00  3.57100652e-08 
 3.82000000e+00  3.63019961e-08 
 3.82500000e+00  3.69033694e-08 
 3.83000000e+00  3.75143027e-08 
 3.83500000e+00  3.81349139e-08 
 3.84000000e+00  3.87653213e-08 
 3.84500000e+00  3.94056432e-08 
 3.85000000e+00  4.00559984e-08 
 3.85500000e+00  4.07165058e-08 
 3.86000000e+00  4.13872845e-08 
 3.86500000e+00  4.20684536e-08 
 3.87000000e+00  4.27601325e-08 
 3.87500000e+00  4.34624406e-08 
 3.88000000e+00  4.41754971e-08 
 3.88500000e+00  4.48994216e-08 
 3.89000000e+00  4.56343334e-08 
 3.89500000e+00  4.63803517e-08 
 3.90000000e+00  4.71375958e-08 
 3.90500000e+00  4.79061848e-08 
 3.91000000e+00  4.86862374e-08 
 3.91500000e+00  4.94778723e-08 
 3.92000000e+00  5.02812080e-08 
 3.92500000e+00  5.10963627e-08 
 3.93000000e+00  5.19234541e-08 
 3.93500000e+00  5.27625997e-08 
 3.94000000e+00  5.36139168e-08 
 3.94500000e+00  5.44775219e-08 
 3.95000000e+00  5.53535316e-08 
 3.95500000e+00  5.62420614e-08 
 3.96000000e+00  5.71432268e-08 
 3.96500000e+00  5.80571426e-08 
 3.97000000e+00  5.89839231e-08 
 3.97500000e+00  5.99236818e-08 
 3.98000000e+00  6.08765320e-08 
 3.98500000e+00  6.18425861e-08 
 3.99000000e+00  6.28219557e-08 
 3.99500000e+00  6.38147521e-08 
 4.00000000e+00  6.48210855e-08 
 4.00500000e+00  6.58410658e-08 
 4.01000000e+00  6.68748017e-08 
 4.01500000e+00  6.79224015e-08 
 4.02000000e+00  6.89839725e-08 
 4.02500000e+00  7.00596214e-08 
 4.03000000e+00  7.11494539e-08 
 4.03500000e+00  7.22535749e-08 
 4.04000000e+00  7.33720884e-08 
 4.04500000e+00  7.45050979e-08 
 4.05000000e+00  7.56527055e-08 
 4.05500000e+00  7.68150130e-08 
 4.06000000e+00  7.79921208e-08 
 4.06500000e+00  7.91841288e-08 
 4.07000000e+00  8.03911359e-08 
 4.07500000e+00  8.16132400e-08 
 4.08000000e+00  8.28505383e-08 
 4.08500000e+00  8.41031270e-08 
 4.09000000e+00  8.53711016e-08 
 4.09500000e+00  8.66545565e-08 
 4.10000000e+00  8.79535853e-08 
 4.10500000e+00  8.92682810e-08 
 4.11000000e+00  9.05987355e-08 
 4.11500000e+00  9.19450400e-08 
 4.12000000e+00  9.33072847e-08 
 4.12500000e+00  9.46855595e-08 
 4.13000000e+00  9.60799530e-08 
 4.13500000e+00  9.74905534e-08 
 4.14000000e+00  9.89174481e-08 
 4.14500000e+00  1.00360724e-07 
 4.15000000e+00  1.01820466e-07 
 4.15500000e+00  1.03296762e-07 
 4.16000000e+00  1.04789694e-07 
 4.16500000e+00  1.06299349e-07 
 4.17000000e+00  1.07825809e-07 
 4.17500000e+00  1.09369158e-07 
 4.18000000e+00  1.10929479e-07 
 4.18500000e+00  1.12506855e-07 
 4.19000000e+00  1.14101367e-07 
 4.19500000e+00  1.15713099e-07 
 4.20000000e+00  1.17342131e-07 
 4.20500000e+00  1.18988546e-07 
 4.21000000e+00  1.20652425e-07 
 4.21500000e+00  1.22333849e-07 
 4.22000000e+00  1.24032901e-07 
 4.22500000e+00  1.25749663e-07 
 4.23000000e+00  1.27484215e-07 
 4.23500000e+00  1.29236642e-07 
 4.24000000e+00  1.31007024e-07 
 4.24500000e+00  1.32795446e-07 
 4.25000000e+00  1.34601990e-07 
 4.25500000e+00  1.36426742e-07 
 4.26000000e+00  1.38269786e-07 
 4.26500000e+00  1.40131207e-07 
 4.27000000e+00  1.42011094e-07 
 4.27500000e+00  1.43909532e-07 
 4.28000000e+00  1.45826612e-07 
 4.28500000e+00  1.47762422e-07 
 4.29000000e+00  1.49717056e-07 
 4.29500000e+00  1.51690604e-07 
 4.30000000e+00  1.53683163e-07 
 4.30500000e+00  1.55694828e-07 
 4.31000000e+00  1.57725697e-07 
 4.31500000e+00  1.59775871e-07 
 4.32000000e+00  1.61845452e-07 
 4.32500000e+00  1.63934544e-07 
 4.33000000e+00  1.66043254e-07 
 4.33500000e+00  1.68171692e-07 
 4.34000000e+00  1.70319971e-07 
 4.34500000e+00  1.72488205e-07 
 4.35000000e+00  1.74676514e-07 
 4.35500000e+00  1.76885019e-07 
 4.36000000e+00  1.79113846e-07 
 4.36500000e+00  1.81363122e-07 
 4.37000000e+00  1.83632982e-07 
 4.37500000e+00  1.85923563e-07 
 4.38000000e+00  1.88235004e-07 
 4.38500000e+00  1.90567454e-07 
 4.39000000e+00  1.92921061e-07 
 4.39500000e+00  1.95295982e-07 
 4.40000000e+00  1.97692378e-07 
 4.40500000e+00  2.00110414e-07 
 4.41000000e+00  2.02550264e-07 
 4.41500000e+00  2.05012105e-07 
 4.42000000e+00  2.07496123e-07 
 4.42500000e+00  2.10002507e-07 
 4.43000000e+00  2.12531457e-07 
 4.43500000e+00  2.15083178e-07 
 4.44000000e+00  2.17657883e-07 
 4.44500000e+00  2.20255793e-07 
 4.45000000e+00  2.22877137e-07 
 4.45500000e+00  2.25522153e-07 
 4.46000000e+00  2.28191088e-07 
 4.46500000e+00  2.30884199e-07 
 4.47000000e+00  2.33601750e-07 
 4.47500000e+00  2.36344020e-07 
 4.48000000e+00  2.39111295e-07 
 4.48500000e+00  2.41903872e-07 
 4.49000000e+00  2.44722063e-07 
 4.49500000e+00  2.47566189e-07 
 4.50000000e+00  2.50436584e-07 
 4.50500000e+00  2.53333597e-07 
 4.51000000e+00  2.56257588e-07 
 4.51500000e+00  2.59208934e-07 
 4.52000000e+00  2.62188025e-07 
 4.52500000e+00  2.65195266e-07 
 4.53000000e+00  2.68231081e-07 
 4.53500000e+00  2.71295907e-07 
 4.54000000e+00  2.74390201e-07 
 4.54500000e+00  2.77514437e-07 
 4.55000000e+00  2.80669110e-07 
 4.55500000e+00  2.83854732e-07 
 4.56000000e+00  2.87071836e-07 
 4.56500000e+00  2.90320978e-07 
 4.57000000e+00  2.93602734e-07 
 4.57500000e+00  2.96917705e-07 
 4.58000000e+00  3.00266515e-07 
 4.58500000e+00  3.03649813e-07 
 4.59000000e+00  3.07068275e-07 
 4.59500000e+00  3.10522602e-07 
 4.60000000e+00  3.14013527e-07 
 4.60500000e+00  3.17541808e-07 
 4.61000000e+00  3.21108236e-07 
 4.61500000e+00  3.24713634e-07 
 4.62000000e+00  3.28358857e-07 
 4.62500000e+00  3.32044794e-07 
 4.63000000e+00  3.35772372e-07 
 4.63500000e+00  3.39542553e-07 
 4.64000000e+00  3.43356340e-07 
 4.64500000e+00  3.47214774e-07 
 4.65000000e+00  3.51118940e-07 
 4.65500000e+00  3.55069965e-07 
 4.66000000e+00  3.59069024e-07 
 4.66500000e+00  3.63117337e-07 
 4.67000000e+00  3.67216176e-07 
 4.67500000e+00  3.71366861e-07 
 4.68000000e+00  3.75570768e-07 
 4.68500000e+00  3.79829328e-07 
 4.69000000e+00  3.84144031e-07 
 4.69500000e+00  3.88516425e-07 
 4.70000000e+00  3.92948124e-07 
 4.70500000e+00  3.97440804e-07 
 4.71000000e+00  4.01996213e-07 
 4.71500000e+00  4.06616168e-07 
 4.72000000e+00  4.11302558e-07 
 4.72500000e+00  4.16057354e-07 
 4.73000000e+00  4.20882603e-07 
 4.73500000e+00  4.25780436e-07 
 4.74000000e+00  4.30753074e-07 
 4.74500000e+00  4.35802826e-07 
 4.75000000e+00  4.40932097e-07 
 4.75500000e+00  4.46143388e-07 
 4.76000000e+00  4.51439306e-07 
 4.76500000e+00  4.56822563e-07 
 4.77000000e+00  4.62295982e-07 
 4.77500000e+00  4.67862503e-07 
 4.78000000e+00  4.73525187e-07 
 4.78500000e+00  4.79287220e-07 
 4.79000000e+00  4.85151921e-07 
 4.79500000e+00  4.91122745e-07 
 4.80000000e+00  4.97203289e-07 
 4.80500000e+00  5.03397300e-07 
 4.81000000e+00  5.09708680e-07 
 4.81500000e+00  5.16141493e-07 
 4.82000000e+00  5.22699971e-07 
 4.82500000e+00  5.29388521e-07 
 4.83000000e+00  5.36211736e-07 
 4.83500000e+00  5.43174397e-07 
 4.84000000e+00  5.50281487e-07 
 4.84500000e+00  5.57538196e-07 
 4.85000000e+00  5.64949931e-07 
 4.85500000e+00  5.72522325e-07 
 4.86000000e+00  5.80261246e-07 
 4.86500000e+00  5.88172811e-07 
 4.87000000e+00  5.96263391e-07 
 4.87500000e+00  6.04539627e-07 
 4.88000000e+00  6.13008438e-07 
 4.88500000e+00  6.21677035e-07 
 4.89000000e+00  6.30552935e-07 
 4.89500000e+00  6.39643970e-07 
 4.90000000e+00  6.48958306e-07 
 4.90500000e+00  6.58504454e-07 
 4.91000000e+00  6.68291285e-07 
 4.91500000e+00  6.78328048e-07 
 4.92000000e+00  6.88624386e-07 
 4.92500000e+00  6.99190351e-07 
 4.93000000e+00  7.10036425e-07 
 4.93500000e+00  7.21173538e-07 
 4.94000000e+00  7.32613086e-07 
 4.94500000e+00  7.44366954e-07 
 4.95000000e+00  7.56447536e-07 
 4.95500000e+00  7.68867758e-07 
 4.96000000e+00  7.81641104e-07 
 4.96500000e+00  7.94781635e-07 
 4.97000000e+00  8.08304019e-07 
 4.97500000e+00  8.22223559e-07 
 4.98000000e+00  8.36556217e-07 
 4.98500000e+00  8.51318648e-07 
 4.99000000e+00  8.66528228e-07 
 4.99500000e+00  8.82203085e-07 
 5.00000000e+00  8.98362138e-07 
 5.00500000e+00  9.15025127e-07 
 5.01000000e+00  9.32212652e-07 
 5.01500000e+00  9.49946214e-07 
 5.02000000e+00  9.68248251e-07 
 5.02500000e+00  9.87142183e-07 
 5.03000000e+00  1.00665246e-06 
 5.03500000e+00  1.02680459e-06 
 5.04000000e+00  1.04762522e-06 
 5.04500000e+00  1.06914217e-06 
 5.05000000e+00  1.09138445e-06 
 5.05500000e+00  1.11438240e-06 
 5.06000000e+00  1.13816767e-06 
 5.06500000e+00  1.16277331e-06 
 5.07000000e+00  1.18823384e-06 
 5.07500000e+00  1.21458530e-06 
 5.08000000e+00  1.24186535e-06 
 5.08500000e+00  1.27011330e-06 
 5.09000000e+00  1.29937023e-06 
 5.09500000e+00  1.32967905e-06 
 5.10000000e+00  1.36108456e-06 
 5.10500000e+00  1.39363359e-06 
 5.11000000e+00  1.42737505e-06 
 5.11500000e+00  1.46236004e-06 
 5.12000000e+00  1.49864197e-06 
 5.12500000e+00  1.53627664e-06 
 5.13000000e+00  1.57532234e-06 
 5.13500000e+00  1.61584001e-06 
 5.14000000e+00  1.65789333e-06 
 5.14500000e+00  1.70154885e-06 
 5.15000000e+00  1.74687615e-06 
 5.15500000e+00  1.79394792e-06 
 5.16000000e+00  1.84284018e-06 
 5.16500000e+00  1.89363238e-06 
 5.17000000e+00  1.94640760e-06 
 5.17500000e+00  2.00125268e-06 
 5.18000000e+00  2.05825841e-06 
 5.18500000e+00  2.11751975e-06 
 5.19000000e+00  2.17913598e-06 
 5.19500000e+00  2.24321091e-06 
 5.20000000e+00  2.30985312e-06 
 5.20500000e+00  2.37917615e-06 
 5.21000000e+00  2.45129877e-06 
 5.21500000e+00  2.52634520e-06 
 5.22000000e+00  2.60444535e-06 
 5.22500000e+00  2.68573517e-06 
 5.23000000e+00  2.77035681e-06 
 5.23500000e+00  2.85845905e-06 
 5.24000000e+00  2.95019750e-06 
 5.24500000e+00  3.04573500e-06 
 5.25000000e+00  3.14524192e-06 
 5.25500000e+00  3.24889654e-06 
 5.26000000e+00  3.35688543e-06 
 5.26500000e+00  3.46940383e-06 
 5.27000000e+00  3.58665606e-06 
 5.27500000e+00  3.70885598e-06 
 5.28000000e+00  3.83622743e-06 
 5.28500000e+00  3.96900470e-06 
 5.29000000e+00  4.10743304e-06 
 5.29500000e+00  4.25176920e-06 
 5.30000000e+00  4.40228194e-06 
 5.30500000e+00  4.55925268e-06 
 5.31000000e+00  4.72297602e-06 
 5.31500000e+00  4.89376044e-06 
 5.32000000e+00  5.07192895e-06 
 5.32500000e+00  5.25781980e-06 
 5.33000000e+00  5.45178717e-06 
 5.33500000e+00  5.65420203e-06 
 5.34000000e+00  5.86545286e-06 
 5.34500000e+00  6.08594655e-06 
 5.35000000e+00  6.31610930e-06 
 5.35500000e+00  6.55638750e-06 
 5.36000000e+00  6.80724880e-06 
 5.36500000e+00  7.06918306e-06 
 5.37000000e+00  7.34270347e-06 
 5.37500000e+00  7.62834769e-06 
 5.38000000e+00  7.92667905e-06 
 5.38500000e+00  8.23828775e-06 
 5.39000000e+00  8.56379226e-06 
 5.39500000e+00  8.90384061e-06 
 5.40000000e+00  9.25911192e-06 
 5.40500000e+00  9.63031786e-06 
 5.41000000e+00  1.00182043e-05 
 5.41500000e+00  1.04235529e-05 
 5.42000000e+00  1.08471829e-05 
 5.42500000e+00  1.12899532e-05 
 5.43000000e+00  1.17527639e-05 
 5.43500000e+00  1.22365586e-05 
 5.44000000e+00  1.27423265e-05 
 5.44500000e+00  1.32711044e-05 
 5.45000000e+00  1.38239797e-05 
 5.45500000e+00  1.44020921e-05 
 5.46000000e+00  1.50066366e-05 
 5.46500000e+00  1.56388665e-05 
 5.47000000e+00  1.63000956e-05 
 5.47500000e+00  1.69917018e-05 
 5.48000000e+00  1.77151298e-05 
 5.48500000e+00  1.84718949e-05 
 5.49000000e+00  1.92635863e-05 
 5.49500000e+00  2.00918704e-05 
 5.50000000e+00  2.09584953e-05 
 5.50500000e+00  2.18652943e-05 
 5.51000000e+00  2.28141905e-05 
 5.51500000e+00  2.38072010e-05 
 5.52000000e+00  2.48464420e-05 
 5.52500000e+00  2.59341329e-05 
 5.53000000e+00  2.70726026e-05 
 5.53500000e+00  2.82642938e-05 
 5.54000000e+00  2.95117697e-05 
 5.54500000e+00  3.08177191e-05 
 5.55000000e+00  3.21849635e-05 
 5.55500000e+00  3.36164630e-05 
 5.56000000e+00  3.51153238e-05 
 5.56500000e+00  3.66848050e-05 
 5.57000000e+00  3.83283266e-05 
 5.57500000e+00  4.00494776e-05 
 5.58000000e+00  4.18520241e-05 
 5.58500000e+00  4.37399182e-05 
 5.59000000e+00  4.57173079e-05 
 5.59500000e+00  4.77885459e-05 
 5.60000000e+00  4.99582007e-05 
 5.60500000e+00  5.22310670e-05 
 5.61000000e+00  5.46121771e-05 
 5.61500000e+00  5.71068128e-05 
 5.62000000e+00  5.97205177e-05 
 5.62500000e+00  6.24591104e-05 
 5.63000000e+00  6.53286986e-05 
 5.63500000e+00  6.83356929e-05 
 5.64000000e+00  7.14868224e-05 
 5.64500000e+00  7.47891504e-05 
 5.65000000e+00  7.82500911e-05 
 5.65500000e+00  8.18774273e-05 
 5.66000000e+00  8.56793284e-05 
 5.66500000e+00  8.96643701e-05 
 5.67000000e+00  9.38415541e-05 
 5.67500000e+00  9.82203300e-05 
 5.68000000e+00  1.02810617e-04 
 5.68500000e+00  1.07622826e-04 
 5.69000000e+00  1.12667889e-04 
 5.69500000e+00  1.17957277e-04 
 5.70000000e+00  1.23503033e-04 
 5.70500000e+00  1.29317799e-04 
 5.71000000e+00  1.35414842e-04 
 5.71500000e+00  1.41808091e-04 
 5.72000000e+00  1.48512164e-04 
 5.72500000e+00  1.55542402e-04 
 5.73000000e+00  1.62914911e-04 
 5.73500000e+00  1.70646590e-04 
 5.74000000e+00  1.78755178e-04 
 5.74500000e+00  1.87259288e-04 
 5.75000000e+00  1.96178454e-04 
 5.75500000e+00  2.05533175e-04 
 5.76000000e+00  2.15344959e-04 
 5.76500000e+00  2.25636374e-04 
 5.77000000e+00  2.36431098e-04 
 5.77500000e+00  2.47753971e-04 
 5.78000000e+00  2.59631052e-04 
 5.78500000e+00  2.72089675e-04 
 5.79000000e+00  2.85158511e-04 
 5.79500000e+00  2.98867630e-04 
 5.80000000e+00  3.13248565e-04 
 5.80500000e+00  3.28334381e-04 
 5.81000000e+00  3.44159746e-04 
 5.81500000e+00  3.60761005e-04 
 5.82000000e+00  3.78176256e-04 
 5.82500000e+00  3.96445428e-04 
 5.83000000e+00  4.15610366e-04 
 5.83500000e+00  4.35714917e-04 
 5.84000000e+00  4.56805013e-04 
 5.84500000e+00  4.78928771e-04 
 5.85000000e+00  5.02136581e-04 
 5.85500000e+00  5.26481209e-04 
 5.86000000e+00  5.52017895e-04 
 5.86500000e+00  5.78804459e-04 
 5.87000000e+00  6.06901408e-04 
 5.87500000e+00  6.36372048e-04 
 5.88000000e+00  6.67282598e-04 
 5.88500000e+00  6.99702302e-04 
 5.89000000e+00  7.33703554e-04 
 5.89500000e+00  7.69362020e-04 
 5.90000000e+00  8.06756758e-04 
 5.90500000e+00  8.45970349e-04 
 5.91000000e+00  8.87089026e-04 
 5.91500000e+00  9.30202804e-04 
 5.92000000e+00  9.75405612e-04 
 5.92500000e+00  1.02279543e-03 
 5.93000000e+00  1.07247441e-03 
 5.93500000e+00  1.12454904e-03 
 5.94000000e+00  1.17913025e-03 
 5.94500000e+00  1.23633355e-03 
 5.95000000e+00  1.29627918e-03 
 5.95500000e+00  1.35909223e-03 
 5.96000000e+00  1.42490275e-03 
 5.96500000e+00  1.49384590e-03 
 5.97000000e+00  1.56606208e-03 
 5.97500000e+00  1.64169699e-03 
 5.98000000e+00  1.72090180e-03 
 5.98500000e+00  1.80383322e-03 
 5.99000000e+00  1.89065358e-03 
 5.99500000e+00  1.98153094e-03 
 6.00000000e+00  2.07663915e-03 
 6.00500000e+00  2.17615790e-03 
 6.01000000e+00  2.28027277e-03 
 6.01500000e+00  2.38917526e-03 
 6.02000000e+00  2.50306281e-03 
 6.02500000e+00  2.62213876e-03 
 6.03000000e+00  2.74661238e-03 
 6.03500000e+00  2.87669876e-03 
 6.04000000e+00  3.01261878e-03 
 6.04500000e+00  3.15459900e-03 
 6.05000000e+00  3.30287151e-03 
 6.05500000e+00  3.45767383e-03 
 6.06000000e+00  3.61924869e-03 
 6.06500000e+00  3.78784381e-03 
 6.07000000e+00  3.96371169e-03 
 6.07500000e+00  4.14710930e-03 
 6.08000000e+00  4.33829777e-03 
 6.08500000e+00  4.53754206e-03 
 6.09000000e+00  4.74511054e-03 
 6.09500000e+00  4.96127460e-03 
 6.10000000e+00  5.18630819e-03 
 6.10500000e+00  5.42048729e-03 
 6.11000000e+00  5.66408942e-03 
 6.11500000e+00  5.91739307e-03 
 6.12000000e+00  6.18067708e-03 
 6.12500000e+00  6.45422005e-03 
 6.13000000e+00  6.73829963e-03 
 6.13500000e+00  7.03319191e-03 
 6.14000000e+00  7.33917063e-03 
 6.14500000e+00  7.65650655e-03 
 6.15000000e+00  7.98546662e-03 
 6.15500000e+00  8.32631328e-03 
 6.16000000e+00  8.67930370e-03 
 6.16500000e+00  9.04468900e-03 
 6.17000000e+00  9.42271353e-03 
 6.17500000e+00  9.81361407e-03 
 6.18000000e+00  1.02176192e-02 
 6.18500000e+00  1.06349484e-02 
 6.19000000e+00  1.10658116e-02 
 6.19500000e+00  1.15104085e-02 
 6.20000000e+00  1.19689276e-02 
 6.20500000e+00  1.24415464e-02 
 6.21000000e+00  1.29284299e-02 
 6.21500000e+00  1.34297310e-02 
 6.22000000e+00  1.39455896e-02 
 6.22500000e+00  1.44761325e-02 
 6.23000000e+00  1.50214730e-02 
 6.23500000e+00  1.55817108e-02 
 6.24000000e+00  1.61569316e-02 
 6.24500000e+00  1.67472074e-02 
 6.25000000e+00  1.73525965e-02 
 6.25500000e+00  1.79731431e-02 
 6.26000000e+00  1.86088780e-02 
 6.26500000e+00  1.92598185e-02 
 6.27000000e+00  1.99259688e-02 
 6.27500000e+00  2.06073204e-02 
 6.28000000e+00  2.13038522e-02 
 6.28500000e+00  2.20155315e-02 
 6.29000000e+00  2.27423139e-02 
 6.29500000e+00  2.34841442e-02 
 6.30000000e+00  2.42409571e-02 
 6.30500000e+00  2.50126773e-02 
 6.31000000e+00  2.57992209e-02 
 6.31500000e+00  2.66004952e-02 
 6.32000000e+00  2.74164001e-02 
 6.32500000e+00  2.82468285e-02 
 6.33000000e+00  2.90916670e-02 
 6.33500000e+00  2.99507965e-02 
 6.34000000e+00  3.08240931e-02 
 6.34500000e+00  3.17114287e-02 
 6.35000000e+00  3.26126715e-02 
 6.35500000e+00  3.35276870e-02 
 6.36000000e+00  3.44563381e-02 
 6.36500000e+00  3.53984864e-02 
 6.37000000e+00  3.63539919e-02 
 6.37500000e+00  3.73227145e-02 
 6.38000000e+00  3.83045138e-02 
 6.38500000e+00  3.92992497e-02 
 6.39000000e+00  4.03067833e-02 
 6.39500000e+00  4.13269767e-02 
 6.40000000e+00  4.23596939e-02 
 6.40500000e+00  4.34048008e-02 
 6.41000000e+00  4.44621656e-02 
 6.41500000e+00  4.55316594e-02 
 6.42000000e+00  4.66131559e-02 
 6.42500000e+00  4.77065322e-02 
 6.43000000e+00  4.88116685e-02 
 6.43500000e+00  4.99284488e-02 
 6.44000000e+00  5.10567605e-02 
 6.44500000e+00  5.21964949e-02 
 6.45000000e+00  5.33475473e-02 
 6.45500000e+00  5.45098167e-02 
 6.46000000e+00  5.56832065e-02 
 6.46500000e+00  5.68676239e-02 
 6.47000000e+00  5.80629802e-02 
 6.47500000e+00  5.92691911e-02 
 6.48000000e+00  6.04861762e-02 
 6.48500000e+00  6.17138591e-02 
 6.49000000e+00  6.29521676e-02 
 6.49500000e+00  6.42010336e-02 
 6.50000000e+00  6.54603929e-02 
 6.50500000e+00  6.67301852e-02 
 6.51000000e+00  6.80103541e-02 
 6.51500000e+00  6.93008470e-02 
 6.52000000e+00  7.06016149e-02 
 6.52500000e+00  7.19126128e-02 
 6.53000000e+00  7.32337987e-02 
 6.53500000e+00  7.45651347e-02 
 6.54000000e+00  7.59065857e-02 
 6.54500000e+00  7.72581204e-02 
 6.55000000e+00  7.86197103e-02 
 6.55500000e+00  7.99913304e-02 
 6.56000000e+00  8.13729583e-02 
 6.56500000e+00  8.27645750e-02 
 6.57000000e+00  8.41661639e-02 
 6.57500000e+00  8.55777115e-02 
 6.58000000e+00  8.69992068e-02 
 6.58500000e+00  8.84306414e-02 
 6.59000000e+00  8.98720093e-02 
 6.59500000e+00  9.13233072e-02 
 6.60000000e+00  9.27845339e-02 
 6.60500000e+00  9.42556903e-02 
 6.61000000e+00  9.57367798e-02 
 6.61500000e+00  9.72278077e-02 
 6.62000000e+00  9.87287813e-02 
 6.62500000e+00  1.00239710e-01 
 6.63000000e+00  1.01760605e-01 
 6.63500000e+00  1.03291479e-01 
 6.64000000e+00  1.04832346e-01 
 6.64500000e+00  1.06383224e-01 
 6.65000000e+00  1.07944130e-01 
 6.65500000e+00  1.09515084e-01 
 6.66000000e+00  1.11096107e-01 
 6.66500000e+00  1.12687220e-01 
 6.67000000e+00  1.14288449e-01 
 6.67500000e+00  1.15899818e-01 
 6.68000000e+00  1.17521353e-01 
 6.68500000e+00  1.19153083e-01 
 6.69000000e+00  1.20795036e-01 
 6.69500000e+00  1.22447243e-01 
 6.70000000e+00  1.24109734e-01 
 6.70500000e+00  1.25782542e-01 
 6.71000000e+00  1.27465700e-01 
 6.71500000e+00  1.29159243e-01 
 6.72000000e+00  1.30863205e-01 
 6.72500000e+00  1.32577623e-01 
 6.73000000e+00  1.34302534e-01 
 6.73500000e+00  1.36037976e-01 
 6.74000000e+00  1.37783988e-01 
 6.74500000e+00  1.39540610e-01 
 6.75000000e+00  1.41307881e-01 
 6.75500000e+00  1.43085844e-01 
 6.76000000e+00  1.44874539e-01 
 6.76500000e+00  1.46674011e-01 
 6.77000000e+00  1.48484302e-01 
 6.77500000e+00  1.50305456e-01 
 6.78000000e+00  1.52137518e-01 
 6.78500000e+00  1.53980534e-01 
 6.79000000e+00  1.55834549e-01 
 6.79500000e+00  1.57699611e-01 
 6.80000000e+00  1.59575766e-01 
 6.80500000e+00  1.61463063e-01 
 6.81000000e+00  1.63361549e-01 
 6.81500000e+00  1.65271275e-01 
 6.82000000e+00  1.67192288e-01 
 6.82500000e+00  1.69124641e-01 
 6.83000000e+00  1.71068383e-01 
 6.83500000e+00  1.73023565e-01 
 6.84000000e+00  1.74990240e-01 
 6.84500000e+00  1.76968459e-01 
 6.85000000e+00  1.78958275e-01 
 6.85500000e+00  1.80959742e-01 
 6.86000000e+00  1.82972913e-01 
 6.86500000e+00  1.84997842e-01 
 6.87000000e+00  1.87034585e-01 
 6.87500000e+00  1.89083195e-01 
 6.88000000e+00  1.91143729e-01 
 6.88500000e+00  1.93216244e-01 
 6.89000000e+00  1.95300794e-01 
 6.89500000e+00  1.97397439e-01 
 6.90000000e+00  1.99506234e-01 
 6.90500000e+00  2.01627238e-01 
 6.91000000e+00  2.03760510e-01 
 6.91500000e+00  2.05906107e-01 
 6.92000000e+00  2.08064090e-01 
 6.92500000e+00  2.10234518e-01 
 6.93000000e+00  2.12417452e-01 
 6.93500000e+00  2.14612951e-01 
 6.94000000e+00  2.16821078e-01 
 6.94500000e+00  2.19041893e-01 
 6.95000000e+00  2.21275458e-01 
 6.95500000e+00  2.23521837e-01 
 6.96000000e+00  2.25781091e-01 
 6.96500000e+00  2.28053284e-01 
 6.97000000e+00  2.30338480e-01 
 6.97500000e+00  2.32636743e-01 
 6.98000000e+00  2.34948137e-01 
 6.98500000e+00  2.37272729e-01 
 6.99000000e+00  2.39610582e-01 
 6.99500000e+00  2.41961764e-01 
 7.00000000e+00  2.44326340e-01 
 7.00500000e+00  2.46704378e-01 
 7.01000000e+00  2.49095945e-01 
 7.01500000e+00  2.51501108e-01 
 7.02000000e+00  2.53919937e-01 
 7.02500000e+00  2.56352500e-01 
 7.03000000e+00  2.58798866e-01 
 7.03500000e+00  2.61259104e-01 
 7.04000000e+00  2.63733286e-01 
 7.04500000e+00  2.66221481e-01 
 7.05000000e+00  2.68723760e-01 
 7.05500000e+00  2.71240197e-01 
 7.06000000e+00  2.73770861e-01 
 7.06500000e+00  2.76315827e-01 
 7.07000000e+00  2.78875167e-01 
 7.07500000e+00  2.81448955e-01 
 7.08000000e+00  2.84037265e-01 
 7.08500000e+00  2.86640171e-01 
 7.09000000e+00  2.89257748e-01 
 7.09500000e+00  2.91890073e-01 
 7.10000000e+00  2.94537221e-01 
 7.10500000e+00  2.97199269e-01 
 7.11000000e+00  2.99876293e-01 
 7.11500000e+00  3.02568373e-01 
 7.12000000e+00  3.05275585e-01 
 7.12500000e+00  3.07998009e-01 
 7.13000000e+00  3.10735724e-01 
 7.13500000e+00  3.13488809e-01 
 7.14000000e+00  3.16257345e-01 
 7.14500000e+00  3.19041413e-01 
 7.15000000e+00  3.21841094e-01 
 7.15500000e+00  3.24656471e-01 
 7.16000000e+00  3.27487625e-01 
 7.16500000e+00  3.30334640e-01 
 7.17000000e+00  3.33197599e-01 
 7.17500000e+00  3.36076586e-01 
 7.18000000e+00  3.38971687e-01 
 7.18500000e+00  3.41882987e-01 
 7.19000000e+00  3.44810570e-01 
 7.19500000e+00  3.47754525e-01 
 7.20000000e+00  3.50714937e-01 
 7.20500000e+00  3.53691895e-01 
 7.21000000e+00  3.56685486e-01 
 7.21500000e+00  3.59695799e-01 
 7.22000000e+00  3.62722924e-01 
 7.22500000e+00  3.65766950e-01 
 7.23000000e+00  3.68827967e-01 
 7.23500000e+00  3.71906067e-01 
 7.24000000e+00  3.75001341e-01 
 7.24500000e+00  3.78113882e-01 
 7.25000000e+00  3.81243781e-01 
 7.25500000e+00  3.84391132e-01 
 7.26000000e+00  3.87556029e-01 
 7.26500000e+00  3.90738566e-01 
 7.27000000e+00  3.93938838e-01 
 7.27500000e+00  3.97156941e-01 
 7.28000000e+00  4.00392970e-01 
 7.28500000e+00  4.03647022e-01 
 7.29000000e+00  4.06919193e-01 
 7.29500000e+00  4.10209582e-01 
 7.30000000e+00  4.13518287e-01 
 7.30500000e+00  4.16845405e-01 
 7.31000000e+00  4.20191036e-01 
 7.31500000e+00  4.23555279e-01 
 7.32000000e+00  4.26938234e-01 
 7.32500000e+00  4.30340001e-01 
 7.33000000e+00  4.33760682e-01 
 7.33500000e+00  4.37200376e-01 
 7.34000000e+00  4.40659187e-01 
 7.34500000e+00  4.44137214e-01 
 7.35000000e+00  4.47634561e-01 
 7.35500000e+00  4.51151329e-01 
 7.36000000e+00  4.54687622e-01 
 7.36500000e+00  4.58243542e-01 
 7.37000000e+00  4.61819192e-01 
 7.37500000e+00  4.65414675e-01 
 7.38000000e+00  4.69030095e-01 
 7.38500000e+00  4.72665554e-01 
 7.39000000e+00  4.76321157e-01 
 7.39500000e+00  4.79997005e-01 
 7.40000000e+00  4.83693202e-01 
 7.40500000e+00  4.87409851e-01 
 7.41000000e+00  4.91147053e-01 
 7.41500000e+00  4.94904912e-01 
 7.42000000e+00  4.98683529e-01 
 7.42500000e+00  5.02483005e-01 
 7.43000000e+00  5.06303440e-01 
 7.43500000e+00  5.10144933e-01 
 7.44000000e+00  5.14007584e-01 
 7.44500000e+00  5.17891491e-01 
 7.45000000e+00  5.21796749e-01 
 7.45500000e+00  5.25723454e-01 
 7.46000000e+00  5.29671699e-01 
 7.46500000e+00  5.33641578e-01 
 7.47000000e+00  5.37633179e-01 
 7.47500000e+00  5.41646591e-01 
 7.48000000e+00  5.45681899e-01 
 7.48500000e+00  5.49739187e-01 
 7.49000000e+00  5.53818536e-01 
 7.49500000e+00  5.57920021e-01 
 7.50000000e+00  5.62043718e-01 
 7.50500000e+00  5.66189696e-01 
 7.51000000e+00  5.70358021e-01 
 7.51500000e+00  5.74548754e-01 
 7.52000000e+00  5.78761952e-01 
 7.52500000e+00  5.82997665e-01 
 7.53000000e+00  5.87255938e-01 
 7.53500000e+00  5.91536809e-01 
 7.54000000e+00  5.95840310e-01 
 7.54500000e+00  6.00166464e-01 
 7.55000000e+00  6.04515285e-01 
 7.55500000e+00  6.08886779e-01 
 7.56000000e+00  6.13280941e-01 
 7.56500000e+00  6.17697754e-01 
 7.57000000e+00  6.22137192e-01 
 7.57500000e+00  6.26599212e-01 
 7.58000000e+00  6.31083759e-01 
 7.58500000e+00  6.35590761e-01 
 7.59000000e+00  6.40120131e-01 
 7.59500000e+00  6.44671759e-01 
 7.60000000e+00  6.49245519e-01 
 7.60500000e+00  6.53841261e-01 
 7.61000000e+00  6.58458811e-01 
 7.61500000e+00  6.63097966e-01 
 7.62000000e+00  6.67758499e-01 
 7.62500000e+00  6.72440148e-01 
 7.63000000e+00  6.77142618e-01 
 7.63500000e+00  6.81865574e-01 
 7.64000000e+00  6.86608645e-01 
 7.64500000e+00  6.91371412e-01 
 7.65000000e+00  6.96153407e-01 
 7.65500000e+00  7.00954110e-01 
 7.66000000e+00  7.05772944e-01 
 7.66500000e+00  7.10609269e-01 
 7.67000000e+00  7.15462373e-01 
 7.67500000e+00  7.20331474e-01 
 7.68000000e+00  7.25215704e-01 
 7.68500000e+00  7.30114110e-01 
 7.69000000e+00  7.35025639e-01 
 7.69500000e+00  7.39949137e-01 
 7.70000000e+00  7.44883333e-01 
 7.70500000e+00  7.49826835e-01 
 7.71000000e+00  7.54778115e-01 
 7.71500000e+00  7.59735504e-01 
 7.72000000e+00  7.64697177e-01 
 7.72500000e+00  7.69661142e-01 
 7.73000000e+00  7.74625230e-01 
 7.73500000e+00  7.79587083e-01 
 7.74000000e+00  7.84544142e-01 
 7.74500000e+00  7.89493638e-01 
 7.75000000e+00  7.94432580e-01 
 7.75500000e+00  7.99357753e-01 
 7.76000000e+00  8.04265708e-01 
 7.76500000e+00  8.09152764e-01 
 7.77000000e+00  8.14015010e-01 
 7.77500000e+00  8.18848320e-01 
 7.78000000e+00  8.23648363e-01 
 7.78500000e+00  8.28410639e-01 
 7.79000000e+00  8.33130512e-01 
 7.79500000e+00  8.37803269e-01 
 7.80000000e+00  8.42424185e-01 
 7.80500000e+00  8.46988610e-01 
 7.81000000e+00  8.51492080e-01 
 7.81500000e+00  8.55930439e-01 
 7.82000000e+00  8.60299985e-01 
 7.82500000e+00  8.64597635e-01 
 7.83000000e+00  8.68821102e-01 
 7.83500000e+00  8.72969075e-01 
 7.84000000e+00  8.77041409e-01 
 7.84500000e+00  8.81039284e-01 
 7.85000000e+00  8.84965356e-01 
 7.85500000e+00  8.88823849e-01 
 7.86000000e+00  8.92620595e-01 
 7.86500000e+00  8.96363007e-01 
 7.87000000e+00  9.00059956e-01 
 7.87500000e+00  9.03721572e-01 
 7.88000000e+00  9.07358953e-01 
 7.88500000e+00  9.10983809e-01 
 7.89000000e+00  9.14608059e-01 
 7.89500000e+00  9.18243405e-01 
 7.90000000e+00  9.21900934e-01 
 7.90500000e+00  9.25590764e-01 
 7.91000000e+00  9.29321772e-01 
 7.91500000e+00  9.33101412e-01 
 7.92000000e+00  9.36935643e-01 
 7.92500000e+00  9.40828939e-01 
 7.93000000e+00  9.44784383e-01 
 7.93500000e+00  9.48803810e-01 
 7.94000000e+00  9.52887985e-01 
 7.94500000e+00  9.57036797e-01 
 7.95000000e+00  9.61249443e-01 
 7.95500000e+00  9.65524601e-01 
 7.96000000e+00  9.69860583e-01 
 7.96500000e+00  9.74255455e-01 
 7.97000000e+00  9.78707151e-01 
 7.97500000e+00  9.83213541e-01 
 7.98000000e+00  9.87772500e-01 
 7.98500000e+00  9.92381950e-01 
 7.99000000e+00  9.97039888e-01 
 7.99500000e+00  1.00174441e+00 
 8.00000000e+00  1.00649373e+00 
