 0.00000000e+00 -6.27667304e-26 
 5.00000000e-03  1.26296237e-08 
 1.00000000e-02  2.41178317e-08 
 1.50000000e-02  3.45244739e-08 
 2.00000000e-02  4.39140260e-08 
 2.50000000e-02  5.23550103e-08 
 3.00000000e-02  5.99191127e-08 
 3.50000000e-02  6.66800240e-08 
 4.00000000e-02  7.27120804e-08 
 4.50000000e-02  7.80888105e-08 
 5.00000000e-02  8.28815134e-08 
 5.50000000e-02  8.71579926e-08 
 6.00000000e-02  9.09815376e-08 
 6.50000000e-02  9.44102112e-08 
 7.00000000e-02  9.74964519e-08 
 7.50000000e-02  1.00286968e-07 
 8.00000000e-02  1.02822871e-07 
 8.50000000e-02  1.05139988e-07 
 9.00000000e-02  1.07269287e-07 
 9.50000000e-02  1.09237369e-07 
 1.00000000e-01  1.11066973e-07 
 1.05000000e-01  1.12777469e-07 
 1.10000000e-01  1.14385326e-07 
 1.15000000e-01  1.15904525e-07 
 1.20000000e-01  1.17346938e-07 
 1.25000000e-01  1.18722646e-07 
 1.30000000e-01  1.20040222e-07 
 1.35000000e-01  1.21306968e-07 
 1.40000000e-01  1.22529111e-07 
 1.45000000e-01  1.23711982e-07 
 1.50000000e-01  1.24860149e-07 
 1.55000000e-01  1.25977541e-07 
 1.60000000e-01  1.27067545e-07 
 1.65000000e-01  1.28133090e-07 
 1.70000000e-01  1.29176718e-07 
 1.75000000e-01  1.30200641e-07 
 1.80000000e-01  1.31206788e-07 
 1.85000000e-01  1.32196849e-07 
 1.90000000e-01  1.33172308e-07 
 1.95000000e-01  1.34134474e-07 
 2.00000000e-01  1.35084499e-07 
 2.05000000e-01  1.36023409e-07 
 2.10000000e-01  1.36952113e-07 
 2.15000000e-01  1.37871421e-07 
 2.20000000e-01  1.38782059e-07 
 2.25000000e-01  1.39684675e-07 
 2.30000000e-01  1.40579854e-07 
 2.35000000e-01  1.41468122e-07 
 2.40000000e-01  1.42349954e-07 
 2.45000000e-01  1.43225780e-07 
 2.50000000e-01  1.44095990e-07 
 2.55000000e-01  1.44960942e-07 
 2.60000000e-01  1.45820958e-07 
 2.65000000e-01  1.46676336e-07 
 2.70000000e-01  1.47527346e-07 
 2.75000000e-01  1.48374240e-07 
 2.80000000e-01  1.49217245e-07 
 2.85000000e-01  1.50056575e-07 
 2.90000000e-01  1.50892424e-07 
 2.95000000e-01  1.51724974e-07 
 3.00000000e-01  1.52554391e-07 
 3.05000000e-01  1.53380833e-07 
 3.10000000e-01  1.54204445e-07 
 3.15000000e-01  1.55025360e-07 
 3.20000000e-01  1.55843707e-07 
 3.25000000e-01  1.56659603e-07 
 3.30000000e-01  1.57473158e-07 
 3.35000000e-01  1.58284477e-07 
 3.40000000e-01  1.59093656e-07 
 3.45000000e-01  1.59900788e-07 
 3.50000000e-01  1.60705959e-07 
 3.55000000e-01  1.61509251e-07 
 3.60000000e-01  1.62310740e-07 
 3.65000000e-01  1.63110499e-07 
 3.70000000e-01  1.63908597e-07 
 3.75000000e-01  1.64705099e-07 
 3.80000000e-01  1.65500068e-07 
 3.85000000e-01  1.66293562e-07 
 3.90000000e-01  1.67085638e-07 
 3.95000000e-01  1.67876348e-07 
 4.00000000e-01  1.68665743e-07 
 4.05000000e-01  1.69453872e-07 
 4.10000000e-01  1.70240781e-07 
 4.15000000e-01  1.71026514e-07 
 4.20000000e-01  1.71811114e-07 
 4.25000000e-01  1.72594621e-07 
 4.30000000e-01  1.73377073e-07 
 4.35000000e-01  1.74158509e-07 
 4.40000000e-01  1.74938962e-07 
 4.45000000e-01  1.75718469e-07 
 4.50000000e-01  1.76497061e-07 
 4.55000000e-01  1.77274771e-07 
 4.60000000e-01  1.78051628e-07 
 4.65000000e-01  1.78827662e-07 
 4.70000000e-01  1.79602902e-07 
 4.75000000e-01  1.80377374e-07 
 4.80000000e-01  1.81151105e-07 
 4.85000000e-01  1.81924120e-07 
 4.90000000e-01  1.82696444e-07 
 4.95000000e-01  1.83468100e-07 
 5.00000000e-01  1.84239111e-07 
 5.05000000e-01  1.85009500e-07 
 5.10000000e-01  1.85779288e-07 
 5.15000000e-01  1.86548495e-07 
 5.20000000e-01  1.87317142e-07 
 5.25000000e-01  1.88085248e-07 
 5.30000000e-01  1.88852833e-07 
 5.35000000e-01  1.89619914e-07 
 5.40000000e-01  1.90386509e-07 
 5.45000000e-01  1.91152637e-07 
 5.50000000e-01  1.91918312e-07 
 5.55000000e-01  1.92683553e-07 
 5.60000000e-01  1.93448374e-07 
 5.65000000e-01  1.94212792e-07 
 5.70000000e-01  1.94976821e-07 
 5.75000000e-01  1.95740476e-07 
 5.80000000e-01  1.96503772e-07 
 5.85000000e-01  1.97266721e-07 
 5.90000000e-01  1.98029339e-07 
 5.95000000e-01  1.98791637e-07 
 6.00000000e-01  1.99553629e-07 
 6.05000000e-01  2.00315328e-07 
 6.10000000e-01  2.01076746e-07 
 6.15000000e-01  2.01837895e-07 
 6.20000000e-01  2.02598786e-07 
 6.25000000e-01  2.03359431e-07 
 6.30000000e-01  2.04119842e-07 
 6.35000000e-01  2.04880028e-07 
 6.40000000e-01  2.05640002e-07 
 6.45000000e-01  2.06399773e-07 
 6.50000000e-01  2.07159352e-07 
 6.55000000e-01  2.07918749e-07 
 6.60000000e-01  2.08677973e-07 
 6.65000000e-01  2.09437034e-07 
 6.70000000e-01  2.10195942e-07 
 6.75000000e-01  2.10954706e-07 
 6.80000000e-01  2.11713335e-07 
 6.85000000e-01  2.12471839e-07 
 6.90000000e-01  2.13230224e-07 
 6.95000000e-01  2.13988501e-07 
 7.00000000e-01  2.14746678e-07 
 7.05000000e-01  2.15504763e-07 
 7.10000000e-01  2.16262764e-07 
 7.15000000e-01  2.17020689e-07 
 7.20000000e-01  2.17778546e-07 
 7.25000000e-01  2.18536342e-07 
 7.30000000e-01  2.19294086e-07 
 7.35000000e-01  2.20051784e-07 
 7.40000000e-01  2.20809445e-07 
 7.45000000e-01  2.21567075e-07 
 7.50000000e-01  2.22324681e-07 
 7.55000000e-01  2.23082270e-07 
 7.60000000e-01  2.23839850e-07 
 7.65000000e-01  2.24597427e-07 
 7.70000000e-01  2.25355007e-07 
 7.75000000e-01  2.26112598e-07 
 7.80000000e-01  2.26870206e-07 
 7.85000000e-01  2.27627837e-07 
 7.90000000e-01  2.28385498e-07 
 7.95000000e-01  2.29143195e-07 
 8.00000000e-01  2.29900934e-07 
 8.05000000e-01  2.30658721e-07 
 8.10000000e-01  2.31416562e-07 
 8.15000000e-01  2.32174463e-07 
 8.20000000e-01  2.32932430e-07 
 8.25000000e-01  2.33690469e-07 
 8.30000000e-01  2.34448586e-07 
 8.35000000e-01  2.35206785e-07 
 8.40000000e-01  2.35965074e-07 
 8.45000000e-01  2.36723457e-07 
 8.50000000e-01  2.37481940e-07 
 8.55000000e-01  2.38240528e-07 
 8.60000000e-01  2.38999227e-07 
 8.65000000e-01  2.39758042e-07 
 8.70000000e-01  2.40516978e-07 
 8.75000000e-01  2.41276041e-07 
 8.80000000e-01  2.42035236e-07 
 8.85000000e-01  2.42794567e-07 
 8.90000000e-01  2.43554041e-07 
 8.95000000e-01  2.44313662e-07 
 9.00000000e-01  2.45073435e-07 
 9.05000000e-01  2.45833365e-07 
 9.10000000e-01  2.46593457e-07 
 9.15000000e-01  2.47353716e-07 
 9.20000000e-01  2.48114147e-07 
 9.25000000e-01  2.48874755e-07 
 9.30000000e-01  2.49635544e-07 
 9.35000000e-01  2.50396520e-07 
 9.40000000e-01  2.51157686e-07 
 9.45000000e-01  2.51919049e-07 
 9.50000000e-01  2.52680612e-07 
 9.55000000e-01  2.53442381e-07 
 9.60000000e-01  2.54204360e-07 
 9.65000000e-01  2.54966553e-07 
 9.70000000e-01  2.55728965e-07 
 9.75000000e-01  2.56491601e-07 
 9.80000000e-01  2.57254466e-07 
 9.85000000e-01  2.58017564e-07 
 9.90000000e-01  2.58780899e-07 
 9.95000000e-01  2.59544477e-07 
 1.00000000e+00  2.60308301e-07 
 1.00500000e+00  2.61072377e-07 
 1.01000000e+00  2.61836708e-07 
 1.01500000e+00  2.62601299e-07 
 1.02000000e+00  2.63366156e-07 
 1.02500000e+00  2.64131281e-07 
 1.03000000e+00  2.64896681e-07 
 1.03500000e+00  2.65662358e-07 
 1.04000000e+00  2.66428318e-07 
 1.04500000e+00  2.67194566e-07 
 1.05000000e+00  2.67961105e-07 
 1.05500000e+00  2.68727940e-07 
 1.06000000e+00  2.69495075e-07 
 1.06500000e+00  2.70262516e-07 
 1.07000000e+00  2.71030267e-07 
 1.07500000e+00  2.71798331e-07 
 1.08000000e+00  2.72566714e-07 
 1.08500000e+00  2.73335420e-07 
 1.09000000e+00  2.74104453e-07 
 1.09500000e+00  2.74873819e-07 
 1.10000000e+00  2.75643520e-07 
 1.10500000e+00  2.76413563e-07 
 1.11000000e+00  2.77183952e-07 
 1.11500000e+00  2.77954690e-07 
 1.12000000e+00  2.78725783e-07 
 1.12500000e+00  2.79497236e-07 
 1.13000000e+00  2.80269052e-07 
 1.13500000e+00  2.81041237e-07 
 1.14000000e+00  2.81813794e-07 
 1.14500000e+00  2.82586729e-07 
 1.15000000e+00  2.83360046e-07 
 1.15500000e+00  2.84133751e-07 
 1.16000000e+00  2.84907846e-07 
 1.16500000e+00  2.85682338e-07 
 1.17000000e+00  2.86457231e-07 
 1.17500000e+00  2.87232530e-07 
 1.18000000e+00  2.88008239e-07 
 1.18500000e+00  2.88784364e-07 
 1.19000000e+00  2.89560908e-07 
 1.19500000e+00  2.90337878e-07 
 1.20000000e+00  2.91115277e-07 
 1.20500000e+00  2.91893111e-07 
 1.21000000e+00  2.92671385e-07 
 1.21500000e+00  2.93450103e-07 
 1.22000000e+00  2.94229270e-07 
 1.22500000e+00  2.95008892e-07 
 1.23000000e+00  2.95788974e-07 
 1.23500000e+00  2.96569520e-07 
 1.24000000e+00  2.97350536e-07 
 1.24500000e+00  2.98132027e-07 
 1.25000000e+00  2.98913997e-07 
 1.25500000e+00  2.99696454e-07 
 1.26000000e+00  3.00479400e-07 
 1.26500000e+00  3.01262843e-07 
 1.27000000e+00  3.02046786e-07 
 1.27500000e+00  3.02831236e-07 
 1.28000000e+00  3.03616198e-07 
 1.28500000e+00  3.04401678e-07 
 1.29000000e+00  3.05187680e-07 
 1.29500000e+00  3.05974211e-07 
 1.30000000e+00  3.06761276e-07 
 1.30500000e+00  3.07548880e-07 
 1.31000000e+00  3.08337030e-07 
 1.31500000e+00  3.09125731e-07 
 1.32000000e+00  3.09914988e-07 
 1.32500000e+00  3.10704809e-07 
 1.33000000e+00  3.11495198e-07 
 1.33500000e+00  3.12286161e-07 
 1.34000000e+00  3.13077706e-07 
 1.34500000e+00  3.13869836e-07 
 1.35000000e+00  3.14662560e-07 
 1.35500000e+00  3.15455882e-07 
 1.36000000e+00  3.16249810e-07 
 1.36500000e+00  3.17044348e-07 
 1.37000000e+00  3.17839505e-07 
 1.37500000e+00  3.18635286e-07 
 1.38000000e+00  3.19431697e-07 
 1.38500000e+00  3.20228746e-07 
 1.39000000e+00  3.21026438e-07 
 1.39500000e+00  3.21824781e-07 
 1.40000000e+00  3.22623781e-07 
 1.40500000e+00  3.23423445e-07 
 1.41000000e+00  3.24223780e-07 
 1.41500000e+00  3.25024793e-07 
 1.42000000e+00  3.25826491e-07 
 1.42500000e+00  3.26628880e-07 
 1.43000000e+00  3.27431969e-07 
 1.43500000e+00  3.28235765e-07 
 1.44000000e+00  3.29040274e-07 
 1.44500000e+00  3.29845504e-07 
 1.45000000e+00  3.30651463e-07 
 1.45500000e+00  3.31458159e-07 
 1.46000000e+00  3.32265598e-07 
 1.46500000e+00  3.33073789e-07 
 1.47000000e+00  3.33882740e-07 
 1.47500000e+00  3.34692458e-07 
 1.48000000e+00  3.35502952e-07 
 1.48500000e+00  3.36314229e-07 
 1.49000000e+00  3.37126299e-07 
 1.49500000e+00  3.37939168e-07 
 1.50000000e+00  3.38752846e-07 
 1.50500000e+00  3.39567341e-07 
 1.51000000e+00  3.40382662e-07 
 1.51500000e+00  3.41198818e-07 
 1.52000000e+00  3.42015816e-07 
 1.52500000e+00  3.42833667e-07 
 1.53000000e+00  3.43652379e-07 
 1.53500000e+00  3.44471961e-07 
 1.54000000e+00  3.45292423e-07 
 1.54500000e+00  3.46113774e-07 
 1.55000000e+00  3.46936023e-07 
 1.55500000e+00  3.47759180e-07 
 1.56000000e+00  3.48583254e-07 
 1.56500000e+00  3.49408256e-07 
 1.57000000e+00  3.50234196e-07 
 1.57500000e+00  3.51061083e-07 
 1.58000000e+00  3.51888928e-07 
 1.58500000e+00  3.52717741e-07 
 1.59000000e+00  3.53547532e-07 
 1.59500000e+00  3.54378313e-07 
 1.60000000e+00  3.55210093e-07 
 1.60500000e+00  3.56042883e-07 
 1.61000000e+00  3.56876696e-07 
 1.61500000e+00  3.57711541e-07 
 1.62000000e+00  3.58547430e-07 
 1.62500000e+00  3.59384375e-07 
 1.63000000e+00  3.60222387e-07 
 1.63500000e+00  3.61061477e-07 
 1.64000000e+00  3.61901658e-07 
 1.64500000e+00  3.62742942e-07 
 1.65000000e+00  3.63585340e-07 
 1.65500000e+00  3.64428866e-07 
 1.66000000e+00  3.65273531e-07 
 1.66500000e+00  3.66119349e-07 
 1.67000000e+00  3.66966331e-07 
 1.67500000e+00  3.67814492e-07 
 1.68000000e+00  3.68663844e-07 
 1.68500000e+00  3.69514401e-07 
 1.69000000e+00  3.70366176e-07 
 1.69500000e+00  3.71219183e-07 
 1.70000000e+00  3.72073435e-07 
 1.70500000e+00  3.72928948e-07 
 1.71000000e+00  3.73785734e-07 
 1.71500000e+00  3.74643809e-07 
 1.72000000e+00  3.75503187e-07 
 1.72500000e+00  3.76363883e-07 
 1.73000000e+00  3.77225912e-07 
 1.73500000e+00  3.78089290e-07 
 1.74000000e+00  3.78954031e-07 
 1.74500000e+00  3.79820151e-07 
 1.75000000e+00  3.80687667e-07 
 1.75500000e+00  3.81556594e-07 
 1.76000000e+00  3.82426949e-07 
 1.76500000e+00  3.83298748e-07 
 1.77000000e+00  3.84172008e-07 
 1.77500000e+00  3.85046745e-07 
 1.78000000e+00  3.85922978e-07 
 1.78500000e+00  3.86800724e-07 
 1.79000000e+00  3.87680000e-07 
 1.79500000e+00  3.88560824e-07 
 1.80000000e+00  3.89443214e-07 
 1.80500000e+00  3.90327189e-07 
 1.81000000e+00  3.91212768e-07 
 1.81500000e+00  3.92099970e-07 
 1.82000000e+00  3.92988813e-07 
 1.82500000e+00  3.93879317e-07 
 1.83000000e+00  3.94771502e-07 
 1.83500000e+00  3.95665389e-07 
 1.84000000e+00  3.96560996e-07 
 1.84500000e+00  3.97458346e-07 
 1.85000000e+00  3.98357459e-07 
 1.85500000e+00  3.99258355e-07 
 1.86000000e+00  4.00161057e-07 
 1.86500000e+00  4.01065586e-07 
 1.87000000e+00  4.01971965e-07 
 1.87500000e+00  4.02880215e-07 
 1.88000000e+00  4.03790360e-07 
 1.88500000e+00  4.04702423e-07 
 1.89000000e+00  4.05616426e-07 
 1.89500000e+00  4.06532395e-07 
 1.90000000e+00  4.07450351e-07 
 1.90500000e+00  4.08370321e-07 
 1.91000000e+00  4.09292329e-07 
 1.91500000e+00  4.10216400e-07 
 1.92000000e+00  4.11142559e-07 
 1.92500000e+00  4.12070832e-07 
 1.93000000e+00  4.13001246e-07 
 1.93500000e+00  4.13933826e-07 
 1.94000000e+00  4.14868600e-07 
 1.94500000e+00  4.15805596e-07 
 1.95000000e+00  4.16744840e-07 
 1.95500000e+00  4.17686362e-07 
 1.96000000e+00  4.18630189e-07 
 1.96500000e+00  4.19576350e-07 
 1.97000000e+00  4.20524875e-07 
 1.97500000e+00  4.21475794e-07 
 1.98000000e+00  4.22429137e-07 
 1.98500000e+00  4.23384935e-07 
 1.99000000e+00  4.24343218e-07 
 1.99500000e+00  4.25304018e-07 
 2.00000000e+00  4.26267367e-07 
 2.00500000e+00  4.27233299e-07 
 2.01000000e+00  4.28201845e-07 
 2.01500000e+00  4.29173038e-07 
 2.02000000e+00  4.30146914e-07 
 2.02500000e+00  4.31123507e-07 
 2.03000000e+00  4.32102851e-07 
 2.03500000e+00  4.33084981e-07 
 2.04000000e+00  4.34069935e-07 
 2.04500000e+00  4.35057748e-07 
 2.05000000e+00  4.36048457e-07 
 2.05500000e+00  4.37042100e-07 
 2.06000000e+00  4.38038715e-07 
 2.06500000e+00  4.39038341e-07 
 2.07000000e+00  4.40041017e-07 
 2.07500000e+00  4.41046783e-07 
 2.08000000e+00  4.42055679e-07 
 2.08500000e+00  4.43067747e-07 
 2.09000000e+00  4.44083028e-07 
 2.09500000e+00  4.45101564e-07 
 2.10000000e+00  4.46123398e-07 
 2.10500000e+00  4.47148573e-07 
 2.11000000e+00  4.48177135e-07 
 2.11500000e+00  4.49209128e-07 
 2.12000000e+00  4.50244596e-07 
 2.12500000e+00  4.51283587e-07 
 2.13000000e+00  4.52326148e-07 
 2.13500000e+00  4.53372325e-07 
 2.14000000e+00  4.54422168e-07 
 2.14500000e+00  4.55475725e-07 
 2.15000000e+00  4.56533046e-07 
 2.15500000e+00  4.57594181e-07 
 2.16000000e+00  4.58659182e-07 
 2.16500000e+00  4.59728100e-07 
 2.17000000e+00  4.60800990e-07 
 2.17500000e+00  4.61877903e-07 
 2.18000000e+00  4.62958895e-07 
 2.18500000e+00  4.64044020e-07 
 2.19000000e+00  4.65133335e-07 
 2.19500000e+00  4.66226897e-07 
 2.20000000e+00  4.67324764e-07 
 2.20500000e+00  4.68426993e-07 
 2.21000000e+00  4.69533646e-07 
 2.21500000e+00  4.70644781e-07 
 2.22000000e+00  4.71760460e-07 
 2.22500000e+00  4.72880746e-07 
 2.23000000e+00  4.74005702e-07 
 2.23500000e+00  4.75135391e-07 
 2.24000000e+00  4.76269880e-07 
 2.24500000e+00  4.77409234e-07 
 2.25000000e+00  4.78553520e-07 
 2.25500000e+00  4.79702806e-07 
 2.26000000e+00  4.80857162e-07 
 2.26500000e+00  4.82016658e-07 
 2.27000000e+00  4.83181365e-07 
 2.27500000e+00  4.84351355e-07 
 2.28000000e+00  4.85526702e-07 
 2.28500000e+00  4.86707481e-07 
 2.29000000e+00  4.87893766e-07 
 2.29500000e+00  4.89085636e-07 
 2.30000000e+00  4.90283168e-07 
 2.30500000e+00  4.91486441e-07 
 2.31000000e+00  4.92695535e-07 
 2.31500000e+00  4.93910534e-07 
 2.32000000e+00  4.95131518e-07 
 2.32500000e+00  4.96358573e-07 
 2.33000000e+00  4.97591784e-07 
 2.33500000e+00  4.98831237e-07 
 2.34000000e+00  5.00077022e-07 
 2.34500000e+00  5.01329226e-07 
 2.35000000e+00  5.02587942e-07 
 2.35500000e+00  5.03853260e-07 
 2.36000000e+00  5.05125276e-07 
 2.36500000e+00  5.06404083e-07 
 2.37000000e+00  5.07689778e-07 
 2.37500000e+00  5.08982460e-07 
 2.38000000e+00  5.10282227e-07 
 2.38500000e+00  5.11589181e-07 
 2.39000000e+00  5.12903424e-07 
 2.39500000e+00  5.14225060e-07 
 2.40000000e+00  5.15554195e-07 
 2.40500000e+00  5.16890935e-07 
 2.41000000e+00  5.18235391e-07 
 2.41500000e+00  5.19587673e-07 
 2.42000000e+00  5.20947893e-07 
 2.42500000e+00  5.22316164e-07 
 2.43000000e+00  5.23692603e-07 
 2.43500000e+00  5.25077327e-07 
 2.44000000e+00  5.26470456e-07 
 2.44500000e+00  5.27872110e-07 
 2.45000000e+00  5.29282412e-07 
 2.45500000e+00  5.30701489e-07 
 2.46000000e+00  5.32129465e-07 
 2.46500000e+00  5.33566470e-07 
 2.47000000e+00  5.35012634e-07 
 2.47500000e+00  5.36468091e-07 
 2.48000000e+00  5.37932975e-07 
 2.48500000e+00  5.39407423e-07 
 2.49000000e+00  5.40891572e-07 
 2.49500000e+00  5.42385566e-07 
 2.50000000e+00  5.43889546e-07 
 2.50500000e+00  5.45403658e-07 
 2.51000000e+00  5.46928049e-07 
 2.51500000e+00  5.48462870e-07 
 2.52000000e+00  5.50008271e-07 
 2.52500000e+00  5.51564409e-07 
 2.53000000e+00  5.53131438e-07 
 2.53500000e+00  5.54709519e-07 
 2.54000000e+00  5.56298813e-07 
 2.54500000e+00  5.57899485e-07 
 2.55000000e+00  5.59511699e-07 
 2.55500000e+00  5.61135626e-07 
 2.56000000e+00  5.62771437e-07 
 2.56500000e+00  5.64419307e-07 
 2.57000000e+00  5.66079412e-07 
 2.57500000e+00  5.67751931e-07 
 2.58000000e+00  5.69437047e-07 
 2.58500000e+00  5.71134946e-07 
 2.59000000e+00  5.72845814e-07 
 2.59500000e+00  5.74569844e-07 
 2.60000000e+00  5.76307227e-07 
 2.60500000e+00  5.78058161e-07 
 2.61000000e+00  5.79822845e-07 
 2.61500000e+00  5.81601483e-07 
 2.62000000e+00  5.83394278e-07 
 2.62500000e+00  5.85201441e-07 
 2.63000000e+00  5.87023183e-07 
 2.63500000e+00  5.88859719e-07 
 2.64000000e+00  5.90711268e-07 
 2.64500000e+00  5.92578050e-07 
 2.65000000e+00  5.94460292e-07 
 2.65500000e+00  5.96358221e-07 
 2.66000000e+00  5.98272070e-07 
 2.66500000e+00  6.00202073e-07 
 2.67000000e+00  6.02148470e-07 
 2.67500000e+00  6.04111503e-07 
 2.68000000e+00  6.06091418e-07 
 2.68500000e+00  6.08088465e-07 
 2.69000000e+00  6.10102897e-07 
 2.69500000e+00  6.12134973e-07 
 2.70000000e+00  6.14184952e-07 
 2.70500000e+00  6.16253102e-07 
 2.71000000e+00  6.18339690e-07 
 2.71500000e+00  6.20444990e-07 
 2.72000000e+00  6.22569279e-07 
 2.72500000e+00  6.24712839e-07 
 2.73000000e+00  6.26875956e-07 
 2.73500000e+00  6.29058919e-07 
 2.74000000e+00  6.31262023e-07 
 2.74500000e+00  6.33485567e-07 
 2.75000000e+00  6.35729854e-07 
 2.75500000e+00  6.37995191e-07 
 2.76000000e+00  6.40281892e-07 
 2.76500000e+00  6.42590273e-07 
 2.77000000e+00  6.44920656e-07 
 2.77500000e+00  6.47273368e-07 
 2.78000000e+00  6.49648740e-07 
 2.78500000e+00  6.52047109e-07 
 2.79000000e+00  6.54468816e-07 
 2.79500000e+00  6.56914208e-07 
 2.80000000e+00  6.59383636e-07 
 2.80500000e+00  6.61877458e-07 
 2.81000000e+00  6.64396036e-07 
 2.81500000e+00  6.66939738e-07 
 2.82000000e+00  6.69508937e-07 
 2.82500000e+00  6.72104012e-07 
 2.83000000e+00  6.74725347e-07 
 2.83500000e+00  6.77373333e-07 
 2.84000000e+00  6.80048365e-07 
 2.84500000e+00  6.82750846e-07 
 2.85000000e+00  6.85481183e-07 
 2.85500000e+00  6.88239791e-07 
 2.86000000e+00  6.91027090e-07 
 2.86500000e+00  6.93843506e-07 
 2.87000000e+00  6.96689472e-07 
 2.87500000e+00  6.99565428e-07 
 2.88000000e+00  7.02471819e-07 
 2.88500000e+00  7.05409098e-07 
 2.89000000e+00  7.08377724e-07 
 2.89500000e+00  7.11378163e-07 
 2.90000000e+00  7.14410888e-07 
 2.90500000e+00  7.17476380e-07 
 2.91000000e+00  7.20575126e-07 
 2.91500000e+00  7.23707621e-07 
 2.92000000e+00  7.26874365e-07 
 2.92500000e+00  7.30075871e-07 
 2.93000000e+00  7.33312653e-07 
 2.93500000e+00  7.36585238e-07 
 2.94000000e+00  7.39894157e-07 
 2.94500000e+00  7.43239953e-07 
 2.95000000e+00  7.46623173e-07 
 2.95500000e+00  7.50044375e-07 
 2.96000000e+00  7.53504125e-07 
 2.96500000e+00  7.57002996e-07 
 2.97000000e+00  7.60541572e-07 
 2.97500000e+00  7.64120442e-07 
 2.98000000e+00  7.67740209e-07 
 2.98500000e+00  7.71401482e-07 
 2.99000000e+00  7.75104878e-07 
 2.99500000e+00  7.78851026e-07 
 3.00000000e+00  7.82640564e-07 
 3.00500000e+00  7.86474139e-07 
 3.01000000e+00  7.90352407e-07 
 3.01500000e+00  7.94276036e-07 
 3.02000000e+00  7.98245702e-07 
 3.02500000e+00  8.02262093e-07 
 3.03000000e+00  8.06325907e-07 
 3.03500000e+00  8.10437853e-07 
 3.04000000e+00  8.14598649e-07 
 3.04500000e+00  8.18809026e-07 
 3.05000000e+00  8.23069726e-07 
 3.05500000e+00  8.27381500e-07 
 3.06000000e+00  8.31745115e-07 
 3.06500000e+00  8.36161346e-07 
 3.07000000e+00  8.40630981e-07 
 3.07500000e+00  8.45154820e-07 
 3.08000000e+00  8.49733676e-07 
 3.08500000e+00  8.54368375e-07 
 3.09000000e+00  8.59059755e-07 
 3.09500000e+00  8.63808666e-07 
 3.10000000e+00  8.68615974e-07 
 3.10500000e+00  8.73482555e-07 
 3.11000000e+00  8.78409302e-07 
 3.11500000e+00  8.83397120e-07 
 3.12000000e+00  8.88446928e-07 
 3.12500000e+00  8.93559661e-07 
 3.13000000e+00  8.98736268e-07 
 3.13500000e+00  9.03977713e-07 
 3.14000000e+00  9.09284974e-07 
 3.14500000e+00  9.14659046e-07 
 3.15000000e+00  9.20100940e-07 
 3.15500000e+00  9.25611682e-07 
 3.16000000e+00  9.31192314e-07 
 3.16500000e+00  9.36843897e-07 
 3.17000000e+00  9.42567507e-07 
 3.17500000e+00  9.48364237e-07 
 3.18000000e+00  9.54235198e-07 
 3.18500000e+00  9.60181521e-07 
 3.19000000e+00  9.66204352e-07 
 3.19500000e+00  9.72304857e-07 
 3.20000000e+00  9.78484221e-07 
 3.20500000e+00  9.84743650e-07 
 3.21000000e+00  9.91084365e-07 
 3.21500000e+00  9.97507612e-07 
 3.22000000e+00  1.00401466e-06 
 3.22500000e+00  1.01060678e-06 
 3.23000000e+00  1.01728529e-06 
 3.23500000e+00  1.02405151e-06 
 3.24000000e+00  1.03090680e-06 
 3.24500000e+00  1.03785253e-06 
 3.25000000e+00  1.04489009e-06 
 3.25500000e+00  1.05202090e-06 
 3.26000000e+00  1.05924640e-06 
 3.26500000e+00  1.06656806e-06 
 3.27000000e+00  1.07398736e-06 
 3.27500000e+00  1.08150584e-06 
 3.28000000e+00  1.08912502e-06 
 3.28500000e+00  1.09684647e-06 
 3.29000000e+00  1.10467179e-06 
 3.29500000e+00  1.11260261e-06 
 3.30000000e+00  1.12064056e-06 
 3.30500000e+00  1.12878733e-06 
 3.31000000e+00  1.13704462e-06 
 3.31500000e+00  1.14541417e-06 
 3.32000000e+00  1.15389775e-06 
 3.32500000e+00  1.16249714e-06 
 3.33000000e+00  1.17121418e-06 
 3.33500000e+00  1.18005073e-06 
 3.34000000e+00  1.18900868e-06 
 3.34500000e+00  1.19808995e-06 
 3.35000000e+00  1.20729650e-06 
 3.35500000e+00  1.21663032e-06 
 3.36000000e+00  1.22609344e-06 
 3.36500000e+00  1.23568793e-06 
 3.37000000e+00  1.24541588e-06 
 3.37500000e+00  1.25527943e-06 
 3.38000000e+00  1.26528076e-06 
 3.38500000e+00  1.27542209e-06 
 3.39000000e+00  1.28570565e-06 
 3.39500000e+00  1.29613376e-06 
 3.40000000e+00  1.30670875e-06 
 3.40500000e+00  1.31743299e-06 
 3.41000000e+00  1.32830890e-06 
 3.41500000e+00  1.33933895e-06 
 3.42000000e+00  1.35052565e-06 
 3.42500000e+00  1.36187156e-06 
 3.43000000e+00  1.37337927e-06 
 3.43500000e+00  1.38505144e-06 
 3.44000000e+00  1.39689077e-06 
 3.44500000e+00  1.40889999e-06 
 3.45000000e+00  1.42108192e-06 
 3.45500000e+00  1.43343940e-06 
 3.46000000e+00  1.44597533e-06 
 3.46500000e+00  1.45869267e-06 
 3.47000000e+00  1.47159444e-06 
 3.47500000e+00  1.48468371e-06 
 3.48000000e+00  1.49796359e-06 
 3.48500000e+00  1.51143728e-06 
 3.49000000e+00  1.52510801e-06 
 3.49500000e+00  1.53897910e-06 
 3.50000000e+00  1.55305392e-06 
 3.50500000e+00  1.56733589e-06 
 3.51000000e+00  1.58182851e-06 
 3.51500000e+00  1.59653535e-06 
 3.52000000e+00  1.61146004e-06 
 3.52500000e+00  1.62660628e-06 
 3.53000000e+00  1.64197785e-06 
 3.53500000e+00  1.65757858e-06 
 3.54000000e+00  1.67341240e-06 
 3.54500000e+00  1.68948330e-06 
 3.55000000e+00  1.70579535e-06 
 3.55500000e+00  1.72235271e-06 
 3.56000000e+00  1.73915960e-06 
 3.56500000e+00  1.75622034e-06 
 3.57000000e+00  1.77353933e-06 
 3.57500000e+00  1.79112105e-06 
 3.58000000e+00  1.80897007e-06 
 3.58500000e+00  1.82709105e-06 
 3.59000000e+00  1.84548876e-06 
 3.59500000e+00  1.86416802e-06 
 3.60000000e+00  1.88313379e-06 
 3.60500000e+00  1.90239111e-06 
 3.61000000e+00  1.92194512e-06 
 3.61500000e+00  1.94180105e-06 
 3.62000000e+00  1.96196426e-06 
 3.62500000e+00  1.98244021e-06 
 3.63000000e+00  2.00323444e-06 
 3.63500000e+00  2.02435264e-06 
 3.64000000e+00  2.04580060e-06 
 3.64500000e+00  2.06758422e-06 
 3.65000000e+00  2.08970952e-06 
 3.65500000e+00  2.11218265e-06 
 3.66000000e+00  2.13500988e-06 
 3.66500000e+00  2.15819760e-06 
 3.67000000e+00  2.18175234e-06 
 3.67500000e+00  2.20568077e-06 
 3.68000000e+00  2.22998967e-06 
 3.68500000e+00  2.25468597e-06 
 3.69000000e+00  2.27977677e-06 
 3.69500000e+00  2.30526927e-06 
 3.70000000e+00  2.33117084e-06 
 3.70500000e+00  2.35748901e-06 
 3.71000000e+00  2.38423146e-06 
 3.71500000e+00  2.41140600e-06 
 3.72000000e+00  2.43902065e-06 
 3.72500000e+00  2.46708356e-06 
 3.73000000e+00  2.49560307e-06 
 3.73500000e+00  2.52458768e-06 
 3.74000000e+00  2.55404606e-06 
 3.74500000e+00  2.58398709e-06 
 3.75000000e+00  2.61441981e-06 
 3.75500000e+00  2.64535346e-06 
 3.76000000e+00  2.67679748e-06 
 3.76500000e+00  2.70876148e-06 
 3.77000000e+00  2.74125530e-06 
 3.77500000e+00  2.77428899e-06 
 3.78000000e+00  2.80787278e-06 
 3.78500000e+00  2.84201716e-06 
 3.79000000e+00  2.87673281e-06 
 3.79500000e+00  2.91203065e-06 
 3.80000000e+00  2.94792182e-06 
 3.80500000e+00  2.98441772e-06 
 3.81000000e+00  3.02152997e-06 
 3.81500000e+00  3.05927045e-06 
 3.82000000e+00  3.09765128e-06 
 3.82500000e+00  3.13668488e-06 
 3.83000000e+00  3.17638388e-06 
 3.83500000e+00  3.21676122e-06 
 3.84000000e+00  3.25783011e-06 
 3.84500000e+00  3.29960404e-06 
 3.85000000e+00  3.34209679e-06 
 3.85500000e+00  3.38532245e-06 
 3.86000000e+00  3.42929541e-06 
 3.86500000e+00  3.47403036e-06 
 3.87000000e+00  3.51954233e-06 
 3.87500000e+00  3.56584665e-06 
 3.88000000e+00  3.61295902e-06 
 3.88500000e+00  3.66089545e-06 
 3.89000000e+00  3.70967232e-06 
 3.89500000e+00  3.75930636e-06 
 3.90000000e+00  3.80981466e-06 
 3.90500000e+00  3.86121472e-06 
 3.91000000e+00  3.91352437e-06 
 3.91500000e+00  3.96676188e-06 
 3.92000000e+00  4.02094590e-06 
 3.92500000e+00  4.07609550e-06 
 3.93000000e+00  4.13223017e-06 
 3.93500000e+00  4.18936982e-06 
 3.94000000e+00  4.24753483e-06 
 3.94500000e+00  4.30674602e-06 
 3.95000000e+00  4.36702465e-06 
 3.95500000e+00  4.42839248e-06 
 3.96000000e+00  4.49087176e-06 
 3.96500000e+00  4.55448522e-06 
 3.97000000e+00  4.61925611e-06 
 3.97500000e+00  4.68520819e-06 
 3.98000000e+00  4.75236577e-06 
 3.98500000e+00  4.82075369e-06 
 3.99000000e+00  4.89039736e-06 
 3.99500000e+00  4.96132276e-06 
 4.00000000e+00  5.03355646e-06 
 4.00500000e+00  5.10712563e-06 
 4.01000000e+00  5.18205804e-06 
 4.01500000e+00  5.25838211e-06 
 4.02000000e+00  5.33612690e-06 
 4.02500000e+00  5.41532213e-06 
 4.03000000e+00  5.49599820e-06 
 4.03500000e+00  5.57818618e-06 
 4.04000000e+00  5.66191789e-06 
 4.04500000e+00  5.74722585e-06 
 4.05000000e+00  5.83414332e-06 
 4.05500000e+00  5.92270435e-06 
 4.06000000e+00  6.01294374e-06 
 4.06500000e+00  6.10489711e-06 
 4.07000000e+00  6.19860091e-06 
 4.07500000e+00  6.29409240e-06 
 4.08000000e+00  6.39140972e-06 
 4.08500000e+00  6.49059190e-06 
 4.09000000e+00  6.59167884e-06 
 4.09500000e+00  6.69471141e-06 
 4.10000000e+00  6.79973139e-06 
 4.10500000e+00  6.90678155e-06 
 4.11000000e+00  7.01590565e-06 
 4.11500000e+00  7.12714848e-06 
 4.12000000e+00  7.24055586e-06 
 4.12500000e+00  7.35617469e-06 
 4.13000000e+00  7.47405297e-06 
 4.13500000e+00  7.59423981e-06 
 4.14000000e+00  7.71678548e-06 
 4.14500000e+00  7.84174145e-06 
 4.15000000e+00  7.96916037e-06 
 4.15500000e+00  8.09909615e-06 
 4.16000000e+00  8.23160396e-06 
 4.16500000e+00  8.36674027e-06 
 4.17000000e+00  8.50456292e-06 
 4.17500000e+00  8.64513106e-06 
 4.18000000e+00  8.78850529e-06 
 4.18500000e+00  8.93474763e-06 
 4.19000000e+00  9.08392158e-06 
 4.19500000e+00  9.23609215e-06 
 4.20000000e+00  9.39132588e-06 
 4.20500000e+00  9.54969094e-06 
 4.21000000e+00  9.71125707e-06 
 4.21500000e+00  9.87609574e-06 
 4.22000000e+00  1.00442801e-05 
 4.22500000e+00  1.02158850e-05 
 4.23000000e+00  1.03909872e-05 
 4.23500000e+00  1.05696653e-05 
 4.24000000e+00  1.07519996e-05 
 4.24500000e+00  1.09380726e-05 
 4.25000000e+00  1.11279686e-05 
 4.25500000e+00  1.13217741e-05 
 4.26000000e+00  1.15195774e-05 
 4.26500000e+00  1.17214693e-05 
 4.27000000e+00  1.19275425e-05 
 4.27500000e+00  1.21378922e-05 
 4.28000000e+00  1.23526158e-05 
 4.28500000e+00  1.25718130e-05 
 4.29000000e+00  1.27955860e-05 
 4.29500000e+00  1.30240396e-05 
 4.30000000e+00  1.32572809e-05 
 4.30500000e+00  1.34954198e-05 
 4.31000000e+00  1.37385690e-05 
 4.31500000e+00  1.39868436e-05 
 4.32000000e+00  1.42403619e-05 
 4.32500000e+00  1.44992450e-05 
 4.33000000e+00  1.47636167e-05 
 4.33500000e+00  1.50336044e-05 
 4.34000000e+00  1.53093380e-05 
 4.34500000e+00  1.55909512e-05 
 4.35000000e+00  1.58785805e-05 
 4.35500000e+00  1.61723662e-05 
 4.36000000e+00  1.64724518e-05 
 4.36500000e+00  1.67789844e-05 
 4.37000000e+00  1.70921150e-05 
 4.37500000e+00  1.74119979e-05 
 4.38000000e+00  1.77387916e-05 
 4.38500000e+00  1.80726584e-05 
 4.39000000e+00  1.84137647e-05 
 4.39500000e+00  1.87622812e-05 
 4.40000000e+00  1.91183825e-05 
 4.40500000e+00  1.94822478e-05 
 4.41000000e+00  1.98540609e-05 
 4.41500000e+00  2.02340100e-05 
 4.42000000e+00  2.06222880e-05 
 4.42500000e+00  2.10190930e-05 
 4.43000000e+00  2.14246276e-05 
 4.43500000e+00  2.18390999e-05 
 4.44000000e+00  2.22627230e-05 
 4.44500000e+00  2.26957156e-05 
 4.45000000e+00  2.31383016e-05 
 4.45500000e+00  2.35907109e-05 
 4.46000000e+00  2.40531791e-05 
 4.46500000e+00  2.45259477e-05 
 4.47000000e+00  2.50092644e-05 
 4.47500000e+00  2.55033832e-05 
 4.48000000e+00  2.60085645e-05 
 4.48500000e+00  2.65250755e-05 
 4.49000000e+00  2.70531900e-05 
 4.49500000e+00  2.75931889e-05 
 4.50000000e+00  2.81453602e-05 
 4.50500000e+00  2.87099994e-05 
 4.51000000e+00  2.92874093e-05 
 4.51500000e+00  2.98779009e-05 
 4.52000000e+00  3.04817927e-05 
 4.52500000e+00  3.10994116e-05 
 4.53000000e+00  3.17310930e-05 
 4.53500000e+00  3.23771807e-05 
 4.54000000e+00  3.30380276e-05 
 4.54500000e+00  3.37139954e-05 
 4.55000000e+00  3.44054553e-05 
 4.55500000e+00  3.51127882e-05 
 4.56000000e+00  3.58363846e-05 
 4.56500000e+00  3.65766453e-05 
 4.57000000e+00  3.73339814e-05 
 4.57500000e+00  3.81088146e-05 
 4.58000000e+00  3.89015776e-05 
 4.58500000e+00  3.97127144e-05 
 4.59000000e+00  4.05426804e-05 
 4.59500000e+00  4.13919430e-05 
 4.60000000e+00  4.22609816e-05 
 4.60500000e+00  4.31502882e-05 
 4.61000000e+00  4.40603676e-05 
 4.61500000e+00  4.49917379e-05 
 4.62000000e+00  4.59449305e-05 
 4.62500000e+00  4.69204909e-05 
 4.63000000e+00  4.79189788e-05 
 4.63500000e+00  4.89409686e-05 
 4.64000000e+00  4.99870497e-05 
 4.64500000e+00  5.10578269e-05 
 4.65000000e+00  5.21539211e-05 
 4.65500000e+00  5.32759694e-05 
 4.66000000e+00  5.44246255e-05 
 4.66500000e+00  5.56005606e-05 
 4.67000000e+00  5.68044634e-05 
 4.67500000e+00  5.80370408e-05 
 4.68000000e+00  5.92990183e-05 
 4.68500000e+00  6.05911407e-05 
 4.69000000e+00  6.19141723e-05 
 4.69500000e+00  6.32688977e-05 
 4.70000000e+00  6.46561222e-05 
 4.70500000e+00  6.60766726e-05 
 4.71000000e+00  6.75313975e-05 
 4.71500000e+00  6.90211678e-05 
 4.72000000e+00  7.05468779e-05 
 4.72500000e+00  7.21094456e-05 
 4.73000000e+00  7.37098132e-05 
 4.73500000e+00  7.53489482e-05 
 4.74000000e+00  7.70278437e-05 
 4.74500000e+00  7.87475191e-05 
 4.75000000e+00  8.05090213e-05 
 4.75500000e+00  8.23134248e-05 
 4.76000000e+00  8.41618327e-05 
 4.76500000e+00  8.60553779e-05 
 4.77000000e+00  8.79952232e-05 
 4.77500000e+00  8.99825626e-05 
 4.78000000e+00  9.20186220e-05 
 4.78500000e+00  9.41046599e-05 
 4.79000000e+00  9.62419687e-05 
 4.79500000e+00  9.84318753e-05 
 4.80000000e+00  1.00675742e-04 
 4.80500000e+00  1.02974968e-04 
 4.81000000e+00  1.05330989e-04 
 4.81500000e+00  1.07745281e-04 
 4.82000000e+00  1.10219357e-04 
 4.82500000e+00  1.12754774e-04 
 4.83000000e+00  1.15353126e-04 
 4.83500000e+00  1.18016055e-04 
 4.84000000e+00  1.20745244e-04 
 4.84500000e+00  1.23542421e-04 
 4.85000000e+00  1.26409362e-04 
 4.85500000e+00  1.29347890e-04 
 4.86000000e+00  1.32359877e-04 
 4.86500000e+00  1.35447245e-04 
 4.87000000e+00  1.38611969e-04 
 4.87500000e+00  1.41856075e-04 
 4.88000000e+00  1.45181644e-04 
 4.88500000e+00  1.48590815e-04 
 4.89000000e+00  1.52085782e-04 
 4.89500000e+00  1.55668800e-04 
 4.90000000e+00  1.59342183e-04 
 4.90500000e+00  1.63108309e-04 
 4.91000000e+00  1.66969617e-04 
 4.91500000e+00  1.70928616e-04 
 4.92000000e+00  1.74987878e-04 
 4.92500000e+00  1.79150047e-04 
 4.93000000e+00  1.83417837e-04 
 4.93500000e+00  1.87794036e-04 
 4.94000000e+00  1.92281505e-04 
 4.94500000e+00  1.96883184e-04 
 4.95000000e+00  2.01602090e-04 
 4.95500000e+00  2.06441324e-04 
 4.96000000e+00  2.11404066e-04 
 4.96500000e+00  2.16493585e-04 
 4.97000000e+00  2.21713236e-04 
 4.97500000e+00  2.27066464e-04 
 4.98000000e+00  2.32556808e-04 
 4.98500000e+00  2.38187898e-04 
 4.99000000e+00  2.43963466e-04 
 4.99500000e+00  2.49887339e-04 
 5.00000000e+00  2.55963451e-04 
 5.00500000e+00  2.62195838e-04 
 5.01000000e+00  2.68588645e-04 
 5.01500000e+00  2.75146127e-04 
 5.02000000e+00  2.81872653e-04 
 5.02500000e+00  2.88772707e-04 
 5.03000000e+00  2.95850894e-04 
 5.03500000e+00  3.03111941e-04 
 5.04000000e+00  3.10560700e-04 
 5.04500000e+00  3.18202153e-04 
 5.05000000e+00  3.26041412e-04 
 5.05500000e+00  3.34083726e-04 
 5.06000000e+00  3.42334481e-04 
 5.06500000e+00  3.50799208e-04 
 5.07000000e+00  3.59483581e-04 
 5.07500000e+00  3.68393425e-04 
 5.08000000e+00  3.77534718e-04 
 5.08500000e+00  3.86913594e-04 
 5.09000000e+00  3.96536349e-04 
 5.09500000e+00  4.06409442e-04 
 5.10000000e+00  4.16539503e-04 
 5.10500000e+00  4.26933333e-04 
 5.11000000e+00  4.37597911e-04 
 5.11500000e+00  4.48540396e-04 
 5.12000000e+00  4.59768135e-04 
 5.12500000e+00  4.71288661e-04 
 5.13000000e+00  4.83109706e-04 
 5.13500000e+00  4.95239197e-04 
 5.14000000e+00  5.07685268e-04 
 5.14500000e+00  5.20456259e-04 
 5.15000000e+00  5.33560724e-04 
 5.15500000e+00  5.47007434e-04 
 5.16000000e+00  5.60805386e-04 
 5.16500000e+00  5.74963801e-04 
 5.17000000e+00  5.89492136e-04 
 5.17500000e+00  6.04400085e-04 
 5.18000000e+00  6.19697585e-04 
 5.18500000e+00  6.35394822e-04 
 5.19000000e+00  6.51502238e-04 
 5.19500000e+00  6.68030533e-04 
 5.20000000e+00  6.84990670e-04 
 5.20500000e+00  7.02393886e-04 
 5.21000000e+00  7.20251693e-04 
 5.21500000e+00  7.38575883e-04 
 5.22000000e+00  7.57378539e-04 
 5.22500000e+00  7.76672034e-04 
 5.23000000e+00  7.96469041e-04 
 5.23500000e+00  8.16782540e-04 
 5.24000000e+00  8.37625818e-04 
 5.24500000e+00  8.59012481e-04 
 5.25000000e+00  8.80956458e-04 
 5.25500000e+00  9.03472004e-04 
 5.26000000e+00  9.26573711e-04 
 5.26500000e+00  9.50276508e-04 
 5.27000000e+00  9.74595675e-04 
 5.27500000e+00  9.99546838e-04 
 5.28000000e+00  1.02514599e-03 
 5.28500000e+00  1.05140947e-03 
 5.29000000e+00  1.07835401e-03 
 5.29500000e+00  1.10599671e-03 
 5.30000000e+00  1.13435503e-03 
 5.30500000e+00  1.16344685e-03 
 5.31000000e+00  1.19329042e-03 
 5.31500000e+00  1.22390440e-03 
 5.32000000e+00  1.25530784e-03 
 5.32500000e+00  1.28752022e-03 
 5.33000000e+00  1.32056140e-03 
 5.33500000e+00  1.35445170e-03 
 5.34000000e+00  1.38921183e-03 
 5.34500000e+00  1.42486296e-03 
 5.35000000e+00  1.46142665e-03 
 5.35500000e+00  1.49892494e-03 
 5.36000000e+00  1.53738029e-03 
 5.36500000e+00  1.57681562e-03 
 5.37000000e+00  1.61725428e-03 
 5.37500000e+00  1.65872008e-03 
 5.38000000e+00  1.70123730e-03 
 5.38500000e+00  1.74483066e-03 
 5.39000000e+00  1.78952535e-03 
 5.39500000e+00  1.83534704e-03 
 5.40000000e+00  1.88232184e-03 
 5.40500000e+00  1.93047634e-03 
 5.41000000e+00  1.97983760e-03 
 5.41500000e+00  2.03043315e-03 
 5.42000000e+00  2.08229098e-03 
 5.42500000e+00  2.13543958e-03 
 5.43000000e+00  2.18990787e-03 
 5.43500000e+00  2.24572527e-03 
 5.44000000e+00  2.30292166e-03 
 5.44500000e+00  2.36152738e-03 
 5.45000000e+00  2.42157324e-03 
 5.45500000e+00  2.48309052e-03 
 5.46000000e+00  2.54611094e-03 
 5.46500000e+00  2.61066668e-03 
 5.47000000e+00  2.67679038e-03 
 5.47500000e+00  2.74451512e-03 
 5.48000000e+00  2.81387441e-03 
 5.48500000e+00  2.88490221e-03 
 5.49000000e+00  2.95763287e-03 
 5.49500000e+00  3.03210121e-03 
 5.50000000e+00  3.10834242e-03 
 5.50500000e+00  3.18639210e-03 
 5.51000000e+00  3.26628624e-03 
 5.51500000e+00  3.34806123e-03 
 5.52000000e+00  3.43175380e-03 
 5.52500000e+00  3.51740107e-03 
 5.53000000e+00  3.60504047e-03 
 5.53500000e+00  3.69470979e-03 
 5.54000000e+00  3.78644714e-03 
 5.54500000e+00  3.88029090e-03 
 5.55000000e+00  3.97627979e-03 
 5.55500000e+00  4.07445276e-03 
 5.56000000e+00  4.17484905e-03 
 5.56500000e+00  4.27750811e-03 
 5.57000000e+00  4.38246962e-03 
 5.57500000e+00  4.48977349e-03 
 5.58000000e+00  4.59945978e-03 
 5.58500000e+00  4.71156874e-03 
 5.59000000e+00  4.82614073e-03 
 5.59500000e+00  4.94321627e-03 
 5.60000000e+00  5.06283597e-03 
 5.60500000e+00  5.18504051e-03 
 5.61000000e+00  5.30987064e-03 
 5.61500000e+00  5.43736714e-03 
 5.62000000e+00  5.56757079e-03 
 5.62500000e+00  5.70052238e-03 
 5.63000000e+00  5.83626264e-03 
 5.63500000e+00  5.97483227e-03 
 5.64000000e+00  6.11627186e-03 
 5.64500000e+00  6.26062190e-03 
 5.65000000e+00  6.40792275e-03 
 5.65500000e+00  6.55821459e-03 
 5.66000000e+00  6.71153744e-03 
 5.66500000e+00  6.86793111e-03 
 5.67000000e+00  7.02743516e-03 
 5.67500000e+00  7.19008891e-03 
 5.68000000e+00  7.35593137e-03 
 5.68500000e+00  7.52500128e-03 
 5.69000000e+00  7.69733701e-03 
 5.69500000e+00  7.87297660e-03 
 5.70000000e+00  8.05195770e-03 
 5.70500000e+00  8.23431755e-03 
 5.71000000e+00  8.42009299e-03 
 5.71500000e+00  8.60932039e-03 
 5.72000000e+00  8.80203566e-03 
 5.72500000e+00  8.99827422e-03 
 5.73000000e+00  9.19807097e-03 
 5.73500000e+00  9.40146030e-03 
 5.74000000e+00  9.60847603e-03 
 5.74500000e+00  9.81915145e-03 
 5.75000000e+00  1.00335192e-02 
 5.75500000e+00  1.02516114e-02 
 5.76000000e+00  1.04734596e-02 
 5.76500000e+00  1.06990945e-02 
 5.77000000e+00  1.09285463e-02 
 5.77500000e+00  1.11618447e-02 
 5.78000000e+00  1.13990184e-02 
 5.78500000e+00  1.16400958e-02 
 5.79000000e+00  1.18851043e-02 
 5.79500000e+00  1.21340707e-02 
 5.80000000e+00  1.23870213e-02 
 5.80500000e+00  1.26439813e-02 
 5.81000000e+00  1.29049756e-02 
 5.81500000e+00  1.31700282e-02 
 5.82000000e+00  1.34391623e-02 
 5.82500000e+00  1.37124006e-02 
 5.83000000e+00  1.39897648e-02 
 5.83500000e+00  1.42712762e-02 
 5.84000000e+00  1.45569552e-02 
 5.84500000e+00  1.48468215e-02 
 5.85000000e+00  1.51408941e-02 
 5.85500000e+00  1.54391914e-02 
 5.86000000e+00  1.57417310e-02 
 5.86500000e+00  1.60485299e-02 
 5.87000000e+00  1.63596042e-02 
 5.87500000e+00  1.66749697e-02 
 5.88000000e+00  1.69946412e-02 
 5.88500000e+00  1.73186330e-02 
 5.89000000e+00  1.76469588e-02 
 5.89500000e+00  1.79796317e-02 
 5.90000000e+00  1.83166640e-02 
 5.90500000e+00  1.86580675e-02 
 5.91000000e+00  1.90038535e-02 
 5.91500000e+00  1.93540327e-02 
 5.92000000e+00  1.97086151e-02 
 5.92500000e+00  2.00676104e-02 
 5.93000000e+00  2.04310276e-02 
 5.93500000e+00  2.07988752e-02 
 5.94000000e+00  2.11711613e-02 
 5.94500000e+00  2.15478936e-02 
 5.95000000e+00  2.19290791e-02 
 5.95500000e+00  2.23147245e-02 
 5.96000000e+00  2.27048362e-02 
 5.96500000e+00  2.30994200e-02 
 5.97000000e+00  2.34984815e-02 
 5.97500000e+00  2.39020257e-02 
 5.98000000e+00  2.43100576e-02 
 5.98500000e+00  2.47225815e-02 
 5.99000000e+00  2.51396017e-02 
 5.99500000e+00  2.55611221e-02 
 6.00000000e+00  2.59871463e-02 
 6.00500000e+00  2.64176776e-02 
 6.01000000e+00  2.68527193e-02 
 6.01500000e+00  2.72922741e-02 
 6.02000000e+00  2.77363449e-02 
 6.02500000e+00  2.81849342e-02 
 6.03000000e+00  2.86380444e-02 
 6.03500000e+00  2.90956778e-02 
 6.04000000e+00  2.95578364e-02 
 6.04500000e+00  3.00245222e-02 
 6.05000000e+00  3.04957372e-02 
 6.05500000e+00  3.09714831e-02 
 6.06000000e+00  3.14517618e-02 
 6.06500000e+00  3.19365749e-02 
 6.07000000e+00  3.24259241e-02 
 6.07500000e+00  3.29198111e-02 
 6.08000000e+00  3.34182374e-02 
 6.08500000e+00  3.39212048e-02 
 6.09000000e+00  3.44287149e-02 
 6.09500000e+00  3.49407693e-02 
 6.10000000e+00  3.54573699e-02 
 6.10500000e+00  3.59785185e-02 
 6.11000000e+00  3.65042167e-02 
 6.11500000e+00  3.70344667e-02 
 6.12000000e+00  3.75692705e-02 
 6.12500000e+00  3.81086301e-02 
 6.13000000e+00  3.86525477e-02 
 6.13500000e+00  3.92010258e-02 
 6.14000000e+00  3.97540668e-02 
 6.14500000e+00  4.03116732e-02 
 6.15000000e+00  4.08738479e-02 
 6.15500000e+00  4.14405938e-02 
 6.16000000e+00  4.20119138e-02 
 6.16500000e+00  4.25878113e-02 
 6.17000000e+00  4.31682895e-02 
 6.17500000e+00  4.37533522e-02 
 6.18000000e+00  4.43430030e-02 
 6.18500000e+00  4.49372458e-02 
 6.19000000e+00  4.55360849e-02 
 6.19500000e+00  4.61395245e-02 
 6.20000000e+00  4.67475692e-02 
 6.20500000e+00  4.73602238e-02 
 6.21000000e+00  4.79774932e-02 
 6.21500000e+00  4.85993826e-02 
 6.22000000e+00  4.92258974e-02 
 6.22500000e+00  4.98570433e-02 
 6.23000000e+00  5.04928261e-02 
 6.23500000e+00  5.11332518e-02 
 6.24000000e+00  5.17783269e-02 
 6.24500000e+00  5.24280579e-02 
 6.25000000e+00  5.30824516e-02 
 6.25500000e+00  5.37415149e-02 
 6.26000000e+00  5.44052553e-02 
 6.26500000e+00  5.50736802e-02 
 6.27000000e+00  5.57467974e-02 
 6.27500000e+00  5.64246148e-02 
 6.28000000e+00  5.71071409e-02 
 6.28500000e+00  5.77943840e-02 
 6.29000000e+00  5.84863529e-02 
 6.29500000e+00  5.91830567e-02 
 6.30000000e+00  5.98845046e-02 
 6.30500000e+00  6.05907061e-02 
 6.31000000e+00  6.13016709e-02 
 6.31500000e+00  6.20174091e-02 
 6.32000000e+00  6.27379309e-02 
 6.32500000e+00  6.34632469e-02 
 6.33000000e+00  6.41933678e-02 
 6.33500000e+00  6.49283046e-02 
 6.34000000e+00  6.56680685e-02 
 6.34500000e+00  6.64126711e-02 
 6.35000000e+00  6.71621242e-02 
 6.35500000e+00  6.79164397e-02 
 6.36000000e+00  6.86756299e-02 
 6.36500000e+00  6.94397073e-02 
 6.37000000e+00  7.02086847e-02 
 6.37500000e+00  7.09825749e-02 
 6.38000000e+00  7.17613914e-02 
 6.38500000e+00  7.25451475e-02 
 6.39000000e+00  7.33338570e-02 
 6.39500000e+00  7.41275338e-02 
 6.40000000e+00  7.49261921e-02 
 6.40500000e+00  7.57298464e-02 
 6.41000000e+00  7.65385114e-02 
 6.41500000e+00  7.73522019e-02 
 6.42000000e+00  7.81709332e-02 
 6.42500000e+00  7.89947206e-02 
 6.43000000e+00  7.98235797e-02 
 6.43500000e+00  8.06575265e-02 
 6.44000000e+00  8.14965768e-02 
 6.44500000e+00  8.23407472e-02 
 6.45000000e+00  8.31900542e-02 
 6.45500000e+00  8.40445144e-02 
 6.46000000e+00  8.49041449e-02 
 6.46500000e+00  8.57689630e-02 
 6.47000000e+00  8.66389861e-02 
 6.47500000e+00  8.75142317e-02 
 6.48000000e+00  8.83947180e-02 
 6.48500000e+00  8.92804629e-02 
 6.49000000e+00  9.01714847e-02 
 6.49500000e+00  9.10678022e-02 
 6.50000000e+00  9.19694339e-02 
 6.50500000e+00  9.28763989e-02 
 6.51000000e+00  9.37887164e-02 
 6.51500000e+00  9.47064058e-02 
 6.52000000e+00  9.56294867e-02 
 6.52500000e+00  9.65579790e-02 
 6.53000000e+00  9.74919026e-02 
 6.53500000e+00  9.84312780e-02 
 6.54000000e+00  9.93761255e-02 
 6.54500000e+00  1.00326466e-01 
 6.55000000e+00  1.01282320e-01 
 6.55500000e+00  1.02243709e-01 
 6.56000000e+00  1.03210653e-01 
 6.56500000e+00  1.04183176e-01 
 6.57000000e+00  1.05161297e-01 
 6.57500000e+00  1.06145040e-01 
 6.58000000e+00  1.07134426e-01 
 6.58500000e+00  1.08129478e-01 
 6.59000000e+00  1.09130218e-01 
 6.59500000e+00  1.10136668e-01 
 6.60000000e+00  1.11148852e-01 
 6.60500000e+00  1.12166793e-01 
 6.61000000e+00  1.13190514e-01 
 6.61500000e+00  1.14220039e-01 
 6.62000000e+00  1.15255390e-01 
 6.62500000e+00  1.16296593e-01 
 6.63000000e+00  1.17343671e-01 
 6.63500000e+00  1.18396649e-01 
 6.64000000e+00  1.19455550e-01 
 6.64500000e+00  1.20520400e-01 
 6.65000000e+00  1.21591224e-01 
 6.65500000e+00  1.22668045e-01 
 6.66000000e+00  1.23750891e-01 
 6.66500000e+00  1.24839786e-01 
 6.67000000e+00  1.25934755e-01 
 6.67500000e+00  1.27035825e-01 
 6.68000000e+00  1.28143022e-01 
 6.68500000e+00  1.29256371e-01 
 6.69000000e+00  1.30375900e-01 
 6.69500000e+00  1.31501634e-01 
 6.70000000e+00  1.32633601e-01 
 6.70500000e+00  1.33771826e-01 
 6.71000000e+00  1.34916339e-01 
 6.71500000e+00  1.36067165e-01 
 6.72000000e+00  1.37224333e-01 
 6.72500000e+00  1.38387869e-01 
 6.73000000e+00  1.39557803e-01 
 6.73500000e+00  1.40734161e-01 
 6.74000000e+00  1.41916973e-01 
 6.74500000e+00  1.43106267e-01 
 6.75000000e+00  1.44302070e-01 
 6.75500000e+00  1.45504413e-01 
 6.76000000e+00  1.46713324e-01 
 6.76500000e+00  1.47928833e-01 
 6.77000000e+00  1.49150968e-01 
 6.77500000e+00  1.50379760e-01 
 6.78000000e+00  1.51615238e-01 
 6.78500000e+00  1.52857432e-01 
 6.79000000e+00  1.54106372e-01 
 6.79500000e+00  1.55362089e-01 
 6.80000000e+00  1.56624613e-01 
 6.80500000e+00  1.57893974e-01 
 6.81000000e+00  1.59170205e-01 
 6.81500000e+00  1.60453335e-01 
 6.82000000e+00  1.61743397e-01 
 6.82500000e+00  1.63040421e-01 
 6.83000000e+00  1.64344439e-01 
 6.83500000e+00  1.65655484e-01 
 6.84000000e+00  1.66973587e-01 
 6.84500000e+00  1.68298780e-01 
 6.85000000e+00  1.69631096e-01 
 6.85500000e+00  1.70970568e-01 
 6.86000000e+00  1.72317228e-01 
 6.86500000e+00  1.73671110e-01 
 6.87000000e+00  1.75032246e-01 
 6.87500000e+00  1.76400671e-01 
 6.88000000e+00  1.77776417e-01 
 6.88500000e+00  1.79159519e-01 
 6.89000000e+00  1.80550010e-01 
 6.89500000e+00  1.81947925e-01 
 6.90000000e+00  1.83353299e-01 
 6.90500000e+00  1.84766165e-01 
 6.91000000e+00  1.86186558e-01 
 6.91500000e+00  1.87614515e-01 
 6.92000000e+00  1.89050069e-01 
 6.92500000e+00  1.90493257e-01 
 6.93000000e+00  1.91944113e-01 
 6.93500000e+00  1.93402675e-01 
 6.94000000e+00  1.94868977e-01 
 6.94500000e+00  1.96343056e-01 
 6.95000000e+00  1.97824948e-01 
 6.95500000e+00  1.99314691e-01 
 6.96000000e+00  2.00812321e-01 
 6.96500000e+00  2.02317875e-01 
 6.97000000e+00  2.03831391e-01 
 6.97500000e+00  2.05352905e-01 
 6.98000000e+00  2.06882456e-01 
 6.98500000e+00  2.08420082e-01 
 6.99000000e+00  2.09965820e-01 
 6.99500000e+00  2.11519710e-01 
 7.00000000e+00  2.13081789e-01 
 7.00500000e+00  2.14652097e-01 
 7.01000000e+00  2.16230672e-01 
 7.01500000e+00  2.17817554e-01 
 7.02000000e+00  2.19412782e-01 
 7.02500000e+00  2.21016397e-01 
 7.03000000e+00  2.22628437e-01 
 7.03500000e+00  2.24248943e-01 
 7.04000000e+00  2.25877955e-01 
 7.04500000e+00  2.27515514e-01 
 7.05000000e+00  2.29161661e-01 
 7.05500000e+00  2.30816437e-01 
 7.06000000e+00  2.32479883e-01 
 7.06500000e+00  2.34152041e-01 
 7.07000000e+00  2.35832952e-01 
 7.07500000e+00  2.37522658e-01 
 7.08000000e+00  2.39221203e-01 
 7.08500000e+00  2.40928627e-01 
 7.09000000e+00  2.42644973e-01 
 7.09500000e+00  2.44370286e-01 
 7.10000000e+00  2.46104608e-01 
 7.10500000e+00  2.47847981e-01 
 7.11000000e+00  2.49600451e-01 
 7.11500000e+00  2.51362061e-01 
 7.12000000e+00  2.53132855e-01 
 7.12500000e+00  2.54912878e-01 
 7.13000000e+00  2.56702174e-01 
 7.13500000e+00  2.58500788e-01 
 7.14000000e+00  2.60308765e-01 
 7.14500000e+00  2.62126152e-01 
 7.15000000e+00  2.63952992e-01 
 7.15500000e+00  2.65789334e-01 
 7.16000000e+00  2.67635222e-01 
 7.16500000e+00  2.69490703e-01 
 7.17000000e+00  2.71355824e-01 
 7.17500000e+00  2.73230632e-01 
 7.18000000e+00  2.75115175e-01 
 7.18500000e+00  2.77009499e-01 
 7.19000000e+00  2.78913653e-01 
 7.19500000e+00  2.80827685e-01 
 7.20000000e+00  2.82751643e-01 
 7.20500000e+00  2.84685576e-01 
 7.21000000e+00  2.86629532e-01 
 7.21500000e+00  2.88583561e-01 
 7.22000000e+00  2.90547713e-01 
 7.22500000e+00  2.92522038e-01 
 7.23000000e+00  2.94506584e-01 
 7.23500000e+00  2.96501403e-01 
 7.24000000e+00  2.98506545e-01 
 7.24500000e+00  3.00522062e-01 
 7.25000000e+00  3.02548004e-01 
 7.25500000e+00  3.04584423e-01 
 7.26000000e+00  3.06631371e-01 
 7.26500000e+00  3.08688900e-01 
 7.27000000e+00  3.10757062e-01 
 7.27500000e+00  3.12835910e-01 
 7.28000000e+00  3.14925497e-01 
 7.28500000e+00  3.17025877e-01 
 7.29000000e+00  3.19137102e-01 
 7.29500000e+00  3.21259228e-01 
 7.30000000e+00  3.23392308e-01 
 7.30500000e+00  3.25536396e-01 
 7.31000000e+00  3.27691548e-01 
 7.31500000e+00  3.29857819e-01 
 7.32000000e+00  3.32035264e-01 
 7.32500000e+00  3.34223939e-01 
 7.33000000e+00  3.36423900e-01 
 7.33500000e+00  3.38635204e-01 
 7.34000000e+00  3.40857908e-01 
 7.34500000e+00  3.43092068e-01 
 7.35000000e+00  3.45337742e-01 
 7.35500000e+00  3.47594988e-01 
 7.36000000e+00  3.49863864e-01 
 7.36500000e+00  3.52144428e-01 
 7.37000000e+00  3.54436738e-01 
 7.37500000e+00  3.56740855e-01 
 7.38000000e+00  3.59056837e-01 
 7.38500000e+00  3.61384745e-01 
 7.39000000e+00  3.63724637e-01 
 7.39500000e+00  3.66076575e-01 
 7.40000000e+00  3.68440619e-01 
 7.40500000e+00  3.70816831e-01 
 7.41000000e+00  3.73205271e-01 
 7.41500000e+00  3.75606001e-01 
 7.42000000e+00  3.78019084e-01 
 7.42500000e+00  3.80444582e-01 
 7.43000000e+00  3.82882558e-01 
 7.43500000e+00  3.85333073e-01 
 7.44000000e+00  3.87796193e-01 
 7.44500000e+00  3.90271981e-01 
 7.45000000e+00  3.92760499e-01 
 7.45500000e+00  3.95261814e-01 
 7.46000000e+00  3.97775990e-01 
 7.46500000e+00  4.00303091e-01 
 7.47000000e+00  4.02843183e-01 
 7.47500000e+00  4.05396332e-01 
 7.48000000e+00  4.07962603e-01 
 7.48500000e+00  4.10542062e-01 
 7.49000000e+00  4.13134777e-01 
 7.49500000e+00  4.15740814e-01 
 7.50000000e+00  4.18360240e-01 
 7.50500000e+00  4.20993123e-01 
 7.51000000e+00  4.23639530e-01 
 7.51500000e+00  4.26299529e-01 
 7.52000000e+00  4.28973189e-01 
 7.52500000e+00  4.31660577e-01 
 7.53000000e+00  4.34361763e-01 
 7.53500000e+00  4.37076816e-01 
 7.54000000e+00  4.39805805e-01 
 7.54500000e+00  4.42548800e-01 
 7.55000000e+00  4.45305869e-01 
 7.55500000e+00  4.48077083e-01 
 7.56000000e+00  4.50862512e-01 
 7.56500000e+00  4.53662226e-01 
 7.57000000e+00  4.56476295e-01 
 7.57500000e+00  4.59304790e-01 
 7.58000000e+00  4.62147781e-01 
 7.58500000e+00  4.65005340e-01 
 7.59000000e+00  4.67877536e-01 
 7.59500000e+00  4.70764441e-01 
 7.60000000e+00  4.73666125e-01 
 7.60500000e+00  4.76582659e-01 
 7.61000000e+00  4.79514115e-01 
 7.61500000e+00  4.82460561e-01 
 7.62000000e+00  4.85422070e-01 
 7.62500000e+00  4.88398712e-01 
 7.63000000e+00  4.91390557e-01 
 7.63500000e+00  4.94397674e-01 
 7.64000000e+00  4.97420135e-01 
 7.64500000e+00  5.00458008e-01 
 7.65000000e+00  5.03511362e-01 
 7.65500000e+00  5.06580266e-01 
 7.66000000e+00  5.09664789e-01 
 7.66500000e+00  5.12764998e-01 
 7.67000000e+00  5.15880960e-01 
 7.67500000e+00  5.19012742e-01 
 7.68000000e+00  5.22160409e-01 
 7.68500000e+00  5.25324026e-01 
 7.69000000e+00  5.28503658e-01 
 7.69500000e+00  5.31699366e-01 
 7.70000000e+00  5.34911214e-01 
 7.70500000e+00  5.38139260e-01 
 7.71000000e+00  5.41383566e-01 
 7.71500000e+00  5.44644187e-01 
 7.72000000e+00  5.47921181e-01 
 7.72500000e+00  5.51214602e-01 
 7.73000000e+00  5.54524502e-01 
 7.73500000e+00  5.57850931e-01 
 7.74000000e+00  5.61193938e-01 
 7.74500000e+00  5.64553568e-01 
 7.75000000e+00  5.67929864e-01 
 7.75500000e+00  5.71322867e-01 
 7.76000000e+00  5.74732612e-01 
 7.76500000e+00  5.78159135e-01 
 7.77000000e+00  5.81602464e-01 
 7.77500000e+00  5.85062626e-01 
 7.78000000e+00  5.88539643e-01 
 7.78500000e+00  5.92033530e-01 
 7.79000000e+00  5.95544301e-01 
 7.79500000e+00  5.99071962e-01 
 7.80000000e+00  6.02616514e-01 
 7.80500000e+00  6.06177951e-01 
 7.81000000e+00  6.09756261e-01 
 7.81500000e+00  6.13351425e-01 
 7.82000000e+00  6.16963414e-01 
 7.82500000e+00  6.20592193e-01 
 7.83000000e+00  6.24237716e-01 
 7.83500000e+00  6.27899929e-01 
 7.84000000e+00  6.31578764e-01 
 7.84500000e+00  6.35274144e-01 
 7.85000000e+00  6.38985980e-01 
 7.85500000e+00  6.42714167e-01 
 7.86000000e+00  6.46458587e-01 
 7.86500000e+00  6.50219106e-01 
 7.87000000e+00  6.53995573e-01 
 7.87500000e+00  6.57787818e-01 
 7.88000000e+00  6.61595653e-01 
 7.88500000e+00  6.65418866e-01 
 7.89000000e+00  6.69257223e-01 
 7.89500000e+00  6.73110467e-01 
 7.90000000e+00  6.76978311e-01 
 7.90500000e+00  6.80860440e-01 
 7.91000000e+00  6.84756508e-01 
 7.91500000e+00  6.88666135e-01 
 7.92000000e+00  6.92588904e-01 
 7.92500000e+00  6.96524358e-01 
 7.93000000e+00  7.00472000e-01 
 7.93500000e+00  7.04431284e-01 
 7.94000000e+00  7.08401615e-01 
 7.94500000e+00  7.12382346e-01 
 7.95000000e+00  7.16372771e-01 
 7.95500000e+00  7.20372124e-01 
 7.96000000e+00  7.24379572e-01 
 7.96500000e+00  7.28394209e-01 
 7.97000000e+00  7.32415055e-01 
 7.97500000e+00  7.36441047e-01 
 7.98000000e+00  7.40471036e-01 
 7.98500000e+00  7.44503778e-01 
 7.99000000e+00  7.48537934e-01 
 7.99500000e+00  7.52572056e-01 
 8.00000000e+00  7.56604591e-01 
