 0.00000000e+00  4.44866441e-31 
 5.00000000e-03  1.94093479e-13 
 1.00000000e-02  3.56822310e-13 
 1.50000000e-02  5.15677584e-13 
 2.00000000e-02  6.64492101e-13 
 2.50000000e-02  8.05082979e-13 
 3.00000000e-02  9.38973524e-13 
 3.50000000e-02  1.06743001e-12 
 4.00000000e-02  1.19149391e-12 
 4.50000000e-02  1.31201582e-12 
 5.00000000e-02  1.42968265e-12 
 5.50000000e-02  1.54504914e-12 
 6.00000000e-02  1.65856017e-12 
 6.50000000e-02  1.77057168e-12 
 7.00000000e-02  1.88136702e-12 
 7.50000000e-02  1.99117267e-12 
 8.00000000e-02  2.10017142e-12 
 8.50000000e-02  2.20850930e-12 
 9.00000000e-02  2.31630018e-12 
 9.50000000e-02  2.42364119e-12 
 1.00000000e-01  2.53060613e-12 
 1.05000000e-01  2.63725791e-12 
 1.10000000e-01  2.74364466e-12 
 1.15000000e-01  2.84980970e-12 
 1.20000000e-01  2.95578314e-12 
 1.25000000e-01  3.06159617e-12 
 1.30000000e-01  3.16726818e-12 
 1.35000000e-01  3.27281833e-12 
 1.40000000e-01  3.37826339e-12 
 1.45000000e-01  3.48361586e-12 
 1.50000000e-01  3.58888802e-12 
 1.55000000e-01  3.69408707e-12 
 1.60000000e-01  3.79922068e-12 
 1.65000000e-01  3.90429747e-12 
 1.70000000e-01  4.00932281e-12 
 1.75000000e-01  4.11430121e-12 
 1.80000000e-01  4.21923746e-12 
 1.85000000e-01  4.32413806e-12 
 1.90000000e-01  4.42899899e-12 
 1.95000000e-01  4.53382918e-12 
 2.00000000e-01  4.63863257e-12 
 2.05000000e-01  4.74340481e-12 
 2.10000000e-01  4.84814891e-12 
 2.15000000e-01  4.95287681e-12 
 2.20000000e-01  5.05757918e-12 
 2.25000000e-01  5.16226146e-12 
 2.30000000e-01  5.26692311e-12 
 2.35000000e-01  5.37157259e-12 
 2.40000000e-01  5.47620020e-12 
 2.45000000e-01  5.58081118e-12 
 2.50000000e-01  5.68541258e-12 
 2.55000000e-01  5.78999822e-12 
 2.60000000e-01  5.89457410e-12 
 2.65000000e-01  5.99912932e-12 
 2.70000000e-01  6.10367938e-12 
 2.75000000e-01  6.20821745e-12 
 2.80000000e-01  6.31274719e-12 
 2.85000000e-01  6.41726586e-12 
 2.90000000e-01  6.52177369e-12 
 2.95000000e-01  6.62627404e-12 
 3.00000000e-01  6.73076590e-12 
 3.05000000e-01  6.83525778e-12 
 3.10000000e-01  6.93973307e-12 
 3.15000000e-01  7.04419877e-12 
 3.20000000e-01  7.14866692e-12 
 3.25000000e-01  7.25312622e-12 
 3.30000000e-01  7.35757706e-12 
 3.35000000e-01  7.46202927e-12 
 3.40000000e-01  7.56646935e-12 
 3.45000000e-01  7.67090461e-12 
 3.50000000e-01  7.77533774e-12 
 3.55000000e-01  7.87976884e-12 
 3.60000000e-01  7.98419019e-12 
 3.65000000e-01  8.08861548e-12 
 3.70000000e-01  8.19302789e-12 
 3.75000000e-01  8.29744273e-12 
 3.80000000e-01  8.40185713e-12 
 3.85000000e-01  8.50625988e-12 
 3.90000000e-01  8.61066222e-12 
 3.95000000e-01  8.71506328e-12 
 4.00000000e-01  8.81946464e-12 
 4.05000000e-01  8.92386191e-12 
 4.10000000e-01  9.02825332e-12 
 4.15000000e-01  9.13264736e-12 
 4.20000000e-01  9.23703936e-12 
 4.25000000e-01  9.34142166e-12 
 4.30000000e-01  9.44581231e-12 
 4.35000000e-01  9.55019330e-12 
 4.40000000e-01  9.65458053e-12 
 4.45000000e-01  9.75895849e-12 
 4.50000000e-01  9.86333945e-12 
 4.55000000e-01  9.96772350e-12 
 4.60000000e-01  1.00721036e-11 
 4.65000000e-01  1.01764743e-11 
 4.70000000e-01  1.02808602e-11 
 4.75000000e-01  1.03852272e-11 
 4.80000000e-01  1.04895987e-11 
 4.85000000e-01  1.05939796e-11 
 4.90000000e-01  1.06983512e-11 
 4.95000000e-01  1.08027278e-11 
 5.00000000e-01  1.09070925e-11 
 5.05000000e-01  1.10114697e-11 
 5.10000000e-01  1.11158401e-11 
 5.15000000e-01  1.12202057e-11 
 5.20000000e-01  1.13245838e-11 
 5.25000000e-01  1.14289522e-11 
 5.30000000e-01  1.15333337e-11 
 5.35000000e-01  1.16377006e-11 
 5.40000000e-01  1.17420736e-11 
 5.45000000e-01  1.18464508e-11 
 5.50000000e-01  1.19508280e-11 
 5.55000000e-01  1.20551898e-11 
 5.60000000e-01  1.21595673e-11 
 5.65000000e-01  1.22639397e-11 
 5.70000000e-01  1.23683098e-11 
 5.75000000e-01  1.24726827e-11 
 5.80000000e-01  1.25770656e-11 
 5.85000000e-01  1.26814365e-11 
 5.90000000e-01  1.27858222e-11 
 5.95000000e-01  1.28901919e-11 
 6.00000000e-01  1.29945554e-11 
 6.05000000e-01  1.30989449e-11 
 6.10000000e-01  1.32033223e-11 
 6.15000000e-01  1.33076980e-11 
 6.20000000e-01  1.34120790e-11 
 6.25000000e-01  1.35164522e-11 
 6.30000000e-01  1.36208407e-11 
 6.35000000e-01  1.37252202e-11 
 6.40000000e-01  1.38296064e-11 
 6.45000000e-01  1.39339891e-11 
 6.50000000e-01  1.40383757e-11 
 6.55000000e-01  1.41427647e-11 
 6.60000000e-01  1.42471554e-11 
 6.65000000e-01  1.43515338e-11 
 6.70000000e-01  1.44559159e-11 
 6.75000000e-01  1.45603150e-11 
 6.80000000e-01  1.46647115e-11 
 6.85000000e-01  1.47690963e-11 
 6.90000000e-01  1.48734981e-11 
 6.95000000e-01  1.49778936e-11 
 7.00000000e-01  1.50822880e-11 
 7.05000000e-01  1.51866863e-11 
 7.10000000e-01  1.52910849e-11 
 7.15000000e-01  1.53954843e-11 
 7.20000000e-01  1.54998902e-11 
 7.25000000e-01  1.56042877e-11 
 7.30000000e-01  1.57086879e-11 
 7.35000000e-01  1.58131013e-11 
 7.40000000e-01  1.59175115e-11 
 7.45000000e-01  1.60219095e-11 
 7.50000000e-01  1.61263356e-11 
 7.55000000e-01  1.62307345e-11 
 7.60000000e-01  1.63351593e-11 
 7.65000000e-01  1.64395763e-11 
 7.70000000e-01  1.65439800e-11 
 7.75000000e-01  1.66484080e-11 
 7.80000000e-01  1.67528255e-11 
 7.85000000e-01  1.68572509e-11 
 7.90000000e-01  1.69616698e-11 
 7.95000000e-01  1.70660876e-11 
 8.00000000e-01  1.71705240e-11 
 8.05000000e-01  1.72749468e-11 
 8.10000000e-01  1.73793814e-11 
 8.15000000e-01  1.74838054e-11 
 8.20000000e-01  1.75882384e-11 
 8.25000000e-01  1.76926713e-11 
 8.30000000e-01  1.77971090e-11 
 8.35000000e-01  1.79015501e-11 
 8.40000000e-01  1.80059917e-11 
 8.45000000e-01  1.81104338e-11 
 8.50000000e-01  1.82148825e-11 
 8.55000000e-01  1.83193367e-11 
 8.60000000e-01  1.84237739e-11 
 8.65000000e-01  1.85282217e-11 
 8.70000000e-01  1.86326846e-11 
 8.75000000e-01  1.87371236e-11 
 8.80000000e-01  1.88415858e-11 
 8.85000000e-01  1.89460412e-11 
 8.90000000e-01  1.90505107e-11 
 8.95000000e-01  1.91549777e-11 
 9.00000000e-01  1.92594296e-11 
 9.05000000e-01  1.93639130e-11 
 9.10000000e-01  1.94683748e-11 
 9.15000000e-01  1.95728470e-11 
 9.20000000e-01  1.96773336e-11 
 9.25000000e-01  1.97818080e-11 
 9.30000000e-01  1.98862817e-11 
 9.35000000e-01  1.99907651e-11 
 9.40000000e-01  2.00952604e-11 
 9.45000000e-01  2.01997433e-11 
 9.50000000e-01  2.03042269e-11 
 9.55000000e-01  2.04087330e-11 
 9.60000000e-01  2.05132317e-11 
 9.65000000e-01  2.06177222e-11 
 9.70000000e-01  2.07222068e-11 
 9.75000000e-01  2.08267180e-11 
 9.80000000e-01  2.09312223e-11 
 9.85000000e-01  2.10357454e-11 
 9.90000000e-01  2.11402586e-11 
 9.95000000e-01  2.12447686e-11 
 1.00000000e+00  2.13492843e-11 
 1.00500000e+00  2.14538177e-11 
 1.01000000e+00  2.15583416e-11 
 1.01500000e+00  2.16628701e-11 
 1.02000000e+00  2.17673982e-11 
 1.02500000e+00  2.18719422e-11 
 1.03000000e+00  2.19764824e-11 
 1.03500000e+00  2.20810285e-11 
 1.04000000e+00  2.21855670e-11 
 1.04500000e+00  2.22901212e-11 
 1.05000000e+00  2.23946754e-11 
 1.05500000e+00  2.24992348e-11 
 1.06000000e+00  2.26037951e-11 
 1.06500000e+00  2.27083711e-11 
 1.07000000e+00  2.28129436e-11 
 1.07500000e+00  2.29175305e-11 
 1.08000000e+00  2.30220984e-11 
 1.08500000e+00  2.31266722e-11 
 1.09000000e+00  2.32312675e-11 
 1.09500000e+00  2.33358601e-11 
 1.10000000e+00  2.34404690e-11 
 1.10500000e+00  2.35450701e-11 
 1.11000000e+00  2.36496754e-11 
 1.11500000e+00  2.37543031e-11 
 1.12000000e+00  2.38589221e-11 
 1.12500000e+00  2.39635493e-11 
 1.13000000e+00  2.40681822e-11 
 1.13500000e+00  2.41728175e-11 
 1.14000000e+00  2.42774800e-11 
 1.14500000e+00  2.43821282e-11 
 1.15000000e+00  2.44867741e-11 
 1.15500000e+00  2.45914569e-11 
 1.16000000e+00  2.46961285e-11 
 1.16500000e+00  2.48007986e-11 
 1.17000000e+00  2.49054964e-11 
 1.17500000e+00  2.50101810e-11 
 1.18000000e+00  2.51148908e-11 
 1.18500000e+00  2.52195951e-11 
 1.19000000e+00  2.53243203e-11 
 1.19500000e+00  2.54290360e-11 
 1.20000000e+00  2.55337690e-11 
 1.20500000e+00  2.56385233e-11 
 1.21000000e+00  2.57432748e-11 
 1.21500000e+00  2.58480334e-11 
 1.22000000e+00  2.59528140e-11 
 1.22500000e+00  2.60576077e-11 
 1.23000000e+00  2.61623947e-11 
 1.23500000e+00  2.62671981e-11 
 1.24000000e+00  2.63720099e-11 
 1.24500000e+00  2.64768449e-11 
 1.25000000e+00  2.65816729e-11 
 1.25500000e+00  2.66865437e-11 
 1.26000000e+00  2.67914099e-11 
 1.26500000e+00  2.68962502e-11 
 1.27000000e+00  2.70011527e-11 
 1.27500000e+00  2.71060655e-11 
 1.28000000e+00  2.72109934e-11 
 1.28500000e+00  2.73159193e-11 
 1.29000000e+00  2.74208691e-11 
 1.29500000e+00  2.75258311e-11 
 1.30000000e+00  2.76308110e-11 
 1.30500000e+00  2.77358196e-11 
 1.31000000e+00  2.78408260e-11 
 1.31500000e+00  2.79458525e-11 
 1.32000000e+00  2.80509227e-11 
 1.32500000e+00  2.81559993e-11 
 1.33000000e+00  2.82610794e-11 
 1.33500000e+00  2.83662014e-11 
 1.34000000e+00  2.84713125e-11 
 1.34500000e+00  2.85764718e-11 
 1.35000000e+00  2.86816460e-11 
 1.35500000e+00  2.87868539e-11 
 1.36000000e+00  2.88920679e-11 
 1.36500000e+00  2.89973344e-11 
 1.37000000e+00  2.91025975e-11 
 1.37500000e+00  2.92078893e-11 
 1.38000000e+00  2.93132118e-11 
 1.38500000e+00  2.94185648e-11 
 1.39000000e+00  2.95239375e-11 
 1.39500000e+00  2.96293677e-11 
 1.40000000e+00  2.97348004e-11 
 1.40500000e+00  2.98402778e-11 
 1.41000000e+00  2.99457694e-11 
 1.41500000e+00  3.00513013e-11 
 1.42000000e+00  3.01568803e-11 
 1.42500000e+00  3.02625010e-11 
 1.43000000e+00  3.03681327e-11 
 1.43500000e+00  3.04738172e-11 
 1.44000000e+00  3.05795130e-11 
 1.44500000e+00  3.06852888e-11 
 1.45000000e+00  3.07910667e-11 
 1.45500000e+00  3.08969179e-11 
 1.46000000e+00  3.10028102e-11 
 1.46500000e+00  3.11087220e-11 
 1.47000000e+00  3.12147154e-11 
 1.47500000e+00  3.13207237e-11 
 1.48000000e+00  3.14267907e-11 
 1.48500000e+00  3.15329101e-11 
 1.49000000e+00  3.16390832e-11 
 1.49500000e+00  3.17452842e-11 
 1.50000000e+00  3.18515804e-11 
 1.50500000e+00  3.19579233e-11 
 1.51000000e+00  3.20643074e-11 
 1.51500000e+00  3.21707595e-11 
 1.52000000e+00  3.22772549e-11 
 1.52500000e+00  3.23838439e-11 
 1.53000000e+00  3.24904836e-11 
 1.53500000e+00  3.25971769e-11 
 1.54000000e+00  3.27039483e-11 
 1.54500000e+00  3.28107916e-11 
 1.55000000e+00  3.29177051e-11 
 1.55500000e+00  3.30247042e-11 
 1.56000000e+00  3.31317577e-11 
 1.56500000e+00  3.32389046e-11 
 1.57000000e+00  3.33461210e-11 
 1.57500000e+00  3.34534115e-11 
 1.58000000e+00  3.35608111e-11 
 1.58500000e+00  3.36682725e-11 
 1.59000000e+00  3.37758394e-11 
 1.59500000e+00  3.38834763e-11 
 1.60000000e+00  3.39912308e-11 
 1.60500000e+00  3.40990487e-11 
 1.61000000e+00  3.42069888e-11 
 1.61500000e+00  3.43150497e-11 
 1.62000000e+00  3.44231718e-11 
 1.62500000e+00  3.45314269e-11 
 1.63000000e+00  3.46397886e-11 
 1.63500000e+00  3.47482333e-11 
 1.64000000e+00  3.48568339e-11 
 1.64500000e+00  3.49655159e-11 
 1.65000000e+00  3.50743410e-11 
 1.65500000e+00  3.51832859e-11 
 1.66000000e+00  3.52923477e-11 
 1.66500000e+00  3.54015415e-11 
 1.67000000e+00  3.55108581e-11 
 1.67500000e+00  3.56203142e-11 
 1.68000000e+00  3.57299110e-11 
 1.68500000e+00  3.58396274e-11 
 1.69000000e+00  3.59495218e-11 
 1.69500000e+00  3.60595439e-11 
 1.70000000e+00  3.61697270e-11 
 1.70500000e+00  3.62800704e-11 
 1.71000000e+00  3.63905620e-11 
 1.71500000e+00  3.65012091e-11 
 1.72000000e+00  3.66120525e-11 
 1.72500000e+00  3.67230322e-11 
 1.73000000e+00  3.68341962e-11 
 1.73500000e+00  3.69455249e-11 
 1.74000000e+00  3.70570571e-11 
 1.74500000e+00  3.71687623e-11 
 1.75000000e+00  3.72806879e-11 
 1.75500000e+00  3.73927643e-11 
 1.76000000e+00  3.75050676e-11 
 1.76500000e+00  3.76175664e-11 
 1.77000000e+00  3.77302623e-11 
 1.77500000e+00  3.78431971e-11 
 1.78000000e+00  3.79563201e-11 
 1.78500000e+00  3.80696677e-11 
 1.79000000e+00  3.81832582e-11 
 1.79500000e+00  3.82970910e-11 
 1.80000000e+00  3.84111123e-11 
 1.80500000e+00  3.85254190e-11 
 1.81000000e+00  3.86399562e-11 
 1.81500000e+00  3.87547486e-11 
 1.82000000e+00  3.88698072e-11 
 1.82500000e+00  3.89851030e-11 
 1.83000000e+00  3.91006981e-11 
 1.83500000e+00  3.92165661e-11 
 1.84000000e+00  3.93326861e-11 
 1.84500000e+00  3.94491282e-11 
 1.85000000e+00  3.95658459e-11 
 1.85500000e+00  3.96828433e-11 
 1.86000000e+00  3.98001684e-11 
 1.86500000e+00  3.99178210e-11 
 1.87000000e+00  4.00357796e-11 
 1.87500000e+00  4.01540545e-11 
 1.88000000e+00  4.02726616e-11 
 1.88500000e+00  4.03916198e-11 
 1.89000000e+00  4.05109274e-11 
 1.89500000e+00  4.06305486e-11 
 1.90000000e+00  4.07505836e-11 
 1.90500000e+00  4.08709553e-11 
 1.91000000e+00  4.09917161e-11 
 1.91500000e+00  4.11128743e-11 
 1.92000000e+00  4.12343924e-11 
 1.92500000e+00  4.13563436e-11 
 1.93000000e+00  4.14786942e-11 
 1.93500000e+00  4.16014717e-11 
 1.94000000e+00  4.17246627e-11 
 1.94500000e+00  4.18483049e-11 
 1.95000000e+00  4.19723594e-11 
 1.95500000e+00  4.20968897e-11 
 1.96000000e+00  4.22218965e-11 
 1.96500000e+00  4.23473674e-11 
 1.97000000e+00  4.24733291e-11 
 1.97500000e+00  4.25997728e-11 
 1.98000000e+00  4.27267320e-11 
 1.98500000e+00  4.28542003e-11 
 1.99000000e+00  4.29821788e-11 
 1.99500000e+00  4.31107221e-11 
 2.00000000e+00  4.32398045e-11 
 2.00500000e+00  4.33694329e-11 
 2.01000000e+00  4.34996488e-11 
 2.01500000e+00  4.36304318e-11 
 2.02000000e+00  4.37618296e-11 
 2.02500000e+00  4.38938202e-11 
 2.03000000e+00  4.40264319e-11 
 2.03500000e+00  4.41596961e-11 
 2.04000000e+00  4.42936145e-11 
 2.04500000e+00  4.44281720e-11 
 2.05000000e+00  4.45634232e-11 
 2.05500000e+00  4.46993316e-11 
 2.06000000e+00  4.48359643e-11 
 2.06500000e+00  4.49732978e-11 
 2.07000000e+00  4.51114027e-11 
 2.07500000e+00  4.52502365e-11 
 2.08000000e+00  4.53898289e-11 
 2.08500000e+00  4.55302114e-11 
 2.09000000e+00  4.56714083e-11 
 2.09500000e+00  4.58133826e-11 
 2.10000000e+00  4.59562154e-11 
 2.10500000e+00  4.60998966e-11 
 2.11000000e+00  4.62444538e-11 
 2.11500000e+00  4.63898555e-11 
 2.12000000e+00  4.65362051e-11 
 2.12500000e+00  4.66834694e-11 
 2.13000000e+00  4.68316927e-11 
 2.13500000e+00  4.69808475e-11 
 2.14000000e+00  4.71310061e-11 
 2.14500000e+00  4.72821378e-11 
 2.15000000e+00  4.74343331e-11 
 2.15500000e+00  4.75875778e-11 
 2.16000000e+00  4.77418902e-11 
 2.16500000e+00  4.78972627e-11 
 2.17000000e+00  4.80537794e-11 
 2.17500000e+00  4.82114308e-11 
 2.18000000e+00  4.83702498e-11 
 2.18500000e+00  4.85302822e-11 
 2.19000000e+00  4.86914947e-11 
 2.19500000e+00  4.88539369e-11 
 2.20000000e+00  4.90176962e-11 
 2.20500000e+00  4.91826952e-11 
 2.21000000e+00  4.93490614e-11 
 2.21500000e+00  4.95167405e-11 
 2.22000000e+00  4.96858464e-11 
 2.22500000e+00  4.98563161e-11 
 2.23000000e+00  5.00282409e-11 
 2.23500000e+00  5.02016436e-11 
 2.24000000e+00  5.03765345e-11 
 2.24500000e+00  5.05529538e-11 
 2.25000000e+00  5.07309491e-11 
 2.25500000e+00  5.09105537e-11 
 2.26000000e+00  5.10917799e-11 
 2.26500000e+00  5.12746883e-11 
 2.27000000e+00  5.14592917e-11 
 2.27500000e+00  5.16456336e-11 
 2.28000000e+00  5.18337640e-11 
 2.28500000e+00  5.20237129e-11 
 2.29000000e+00  5.22154959e-11 
 2.29500000e+00  5.24091841e-11 
 2.30000000e+00  5.26048170e-11 
 2.30500000e+00  5.28024134e-11 
 2.31000000e+00  5.30020454e-11 
 2.31500000e+00  5.32037108e-11 
 2.32000000e+00  5.34075368e-11 
 2.32500000e+00  5.36134820e-11 
 2.33000000e+00  5.38216345e-11 
 2.33500000e+00  5.40320124e-11 
 2.34000000e+00  5.42447088e-11 
 2.34500000e+00  5.44597549e-11 
 2.35000000e+00  5.46771808e-11 
 2.35500000e+00  5.48970460e-11 
 2.36000000e+00  5.51194175e-11 
 2.36500000e+00  5.53443362e-11 
 2.37000000e+00  5.55718859e-11 
 2.37500000e+00  5.58020838e-11 
 2.38000000e+00  5.60350172e-11 
 2.38500000e+00  5.62707143e-11 
 2.39000000e+00  5.65092616e-11 
 2.39500000e+00  5.67507045e-11 
 2.40000000e+00  5.69950924e-11 
 2.40500000e+00  5.72425441e-11 
 2.41000000e+00  5.74930562e-11 
 2.41500000e+00  5.77467475e-11 
 2.42000000e+00  5.80036619e-11 
 2.42500000e+00  5.82638761e-11 
 2.43000000e+00  5.85274649e-11 
 2.43500000e+00  5.87944765e-11 
 2.44000000e+00  5.90650026e-11 
 2.44500000e+00  5.93391188e-11 
 2.45000000e+00  5.96169342e-11 
 2.45500000e+00  5.98984733e-11 
 2.46000000e+00  6.01838163e-11 
 2.46500000e+00  6.04730949e-11 
 2.47000000e+00  6.07663991e-11 
 2.47500000e+00  6.10637390e-11 
 2.48000000e+00  6.13652551e-11 
 2.48500000e+00  6.16710471e-11 
 2.49000000e+00  6.19811867e-11 
 2.49500000e+00  6.22957559e-11 
 2.50000000e+00  6.26149112e-11 
 2.50500000e+00  6.29386461e-11 
 2.51000000e+00  6.32671374e-11 
 2.51500000e+00  6.36004828e-11 
 2.52000000e+00  6.39387732e-11 
 2.52500000e+00  6.42821192e-11 
 2.53000000e+00  6.46306128e-11 
 2.53500000e+00  6.49844176e-11 
 2.54000000e+00  6.53435949e-11 
 2.54500000e+00  6.57082534e-11 
 2.55000000e+00  6.60785246e-11 
 2.55500000e+00  6.64546078e-11 
 2.56000000e+00  6.68364943e-11 
 2.56500000e+00  6.72244223e-11 
 2.57000000e+00  6.76184389e-11 
 2.57500000e+00  6.80187107e-11 
 2.58000000e+00  6.84254109e-11 
 2.58500000e+00  6.88385849e-11 
 2.59000000e+00  6.92584807e-11 
 2.59500000e+00  6.96851837e-11 
 2.60000000e+00  7.01188728e-11 
 2.60500000e+00  7.05596216e-11 
 2.61000000e+00  7.10077012e-11 
 2.61500000e+00  7.14631413e-11 
 2.62000000e+00  7.19262136e-11 
 2.62500000e+00  7.23969857e-11 
 2.63000000e+00  7.28757244e-11 
 2.63500000e+00  7.33625406e-11 
 2.64000000e+00  7.38576000e-11 
 2.64500000e+00  7.43611363e-11 
 2.65000000e+00  7.48732717e-11 
 2.65500000e+00  7.53942083e-11 
 2.66000000e+00  7.59241776e-11 
 2.66500000e+00  7.64633413e-11 
 2.67000000e+00  7.70118906e-11 
 2.67500000e+00  7.75700014e-11 
 2.68000000e+00  7.81379492e-11 
 2.68500000e+00  7.87159243e-11 
 2.69000000e+00  7.93041144e-11 
 2.69500000e+00  7.99027935e-11 
 2.70000000e+00  8.05121193e-11 
 2.70500000e+00  8.11323835e-11 
 2.71000000e+00  8.17637949e-11 
 2.71500000e+00  8.24065687e-11 
 2.72000000e+00  8.30609912e-11 
 2.72500000e+00  8.37273230e-11 
 2.73000000e+00  8.44058232e-11 
 2.73500000e+00  8.50966752e-11 
 2.74000000e+00  8.58002392e-11 
 2.74500000e+00  8.65167364e-11 
 2.75000000e+00  8.72464801e-11 
 2.75500000e+00  8.79897156e-11 
 2.76000000e+00  8.87467907e-11 
 2.76500000e+00  8.95179892e-11 
 2.77000000e+00  9.03035929e-11 
 2.77500000e+00  9.11039200e-11 
 2.78000000e+00  9.19192715e-11 
 2.78500000e+00  9.27500320e-11 
 2.79000000e+00  9.35964735e-11 
 2.79500000e+00  9.44589915e-11 
 2.80000000e+00  9.53378827e-11 
 2.80500000e+00  9.62334988e-11 
 2.81000000e+00  9.71462279e-11 
 2.81500000e+00  9.80764915e-11 
 2.82000000e+00  9.90245892e-11 
 2.82500000e+00  9.99909085e-11 
 2.83000000e+00  1.00975908e-10 
 2.83500000e+00  1.01979910e-10 
 2.84000000e+00  1.03003380e-10 
 2.84500000e+00  1.04046760e-10 
 2.85000000e+00  1.05110445e-10 
 2.85500000e+00  1.06194832e-10 
 2.86000000e+00  1.07300488e-10 
 2.86500000e+00  1.08427742e-10 
 2.87000000e+00  1.09577169e-10 
 2.87500000e+00  1.10749203e-10 
 2.88000000e+00  1.11944321e-10 
 2.88500000e+00  1.13163014e-10 
 2.89000000e+00  1.14405877e-10 
 2.89500000e+00  1.15673301e-10 
 2.90000000e+00  1.16965933e-10 
 2.90500000e+00  1.18284290e-10 
 2.91000000e+00  1.19628911e-10 
 2.91500000e+00  1.21000343e-10 
 2.92000000e+00  1.22399217e-10 
 2.92500000e+00  1.23826119e-10 
 2.93000000e+00  1.25281604e-10 
 2.93500000e+00  1.26766361e-10 
 2.94000000e+00  1.28280986e-10 
 2.94500000e+00  1.29826146e-10 
 2.95000000e+00  1.31402503e-10 
 2.95500000e+00  1.33010750e-10 
 2.96000000e+00  1.34651479e-10 
 2.96500000e+00  1.36325535e-10 
 2.97000000e+00  1.38033551e-10 
 2.97500000e+00  1.39776276e-10 
 2.98000000e+00  1.41554513e-10 
 2.98500000e+00  1.43368965e-10 
 2.99000000e+00  1.45220482e-10 
 2.99500000e+00  1.47109822e-10 
 3.00000000e+00  1.49037793e-10 
 3.00500000e+00  1.51005307e-10 
 3.01000000e+00  1.53013132e-10 
 3.01500000e+00  1.55062223e-10 
 3.02000000e+00  1.57153441e-10 
 3.02500000e+00  1.59287658e-10 
 3.03000000e+00  1.61465885e-10 
 3.03500000e+00  1.63689038e-10 
 3.04000000e+00  1.65958111e-10 
 3.04500000e+00  1.68274076e-10 
 3.05000000e+00  1.70637950e-10 
 3.05500000e+00  1.73050843e-10 
 3.06000000e+00  1.75513715e-10 
 3.06500000e+00  1.78027728e-10 
 3.07000000e+00  1.80594028e-10 
 3.07500000e+00  1.83213629e-10 
 3.08000000e+00  1.85887753e-10 
 3.08500000e+00  1.88617608e-10 
 3.09000000e+00  1.91404397e-10 
 3.09500000e+00  1.94249369e-10 
 3.10000000e+00  1.97153737e-10 
 3.10500000e+00  2.00118852e-10 
 3.11000000e+00  2.03145975e-10 
 3.11500000e+00  2.06236528e-10 
 3.12000000e+00  2.09391844e-10 
 3.12500000e+00  2.12613351e-10 
 3.13000000e+00  2.15902508e-10 
 3.13500000e+00  2.19260721e-10 
 3.14000000e+00  2.22689556e-10 
 3.14500000e+00  2.26190564e-10 
 3.15000000e+00  2.29765248e-10 
 3.15500000e+00  2.33415295e-10 
 3.16000000e+00  2.37142290e-10 
 3.16500000e+00  2.40947956e-10 
 3.17000000e+00  2.44833950e-10 
 3.17500000e+00  2.48802076e-10 
 3.18000000e+00  2.52854080e-10 
 3.18500000e+00  2.56991846e-10 
 3.19000000e+00  2.61217200e-10 
 3.19500000e+00  2.65532116e-10 
 3.20000000e+00  2.69938460e-10 
 3.20500000e+00  2.74438255e-10 
 3.21000000e+00  2.79033605e-10 
 3.21500000e+00  2.83726556e-10 
 3.22000000e+00  2.88519243e-10 
 3.22500000e+00  2.93413800e-10 
 3.23000000e+00  2.98412526e-10 
 3.23500000e+00  3.03517703e-10 
 3.24000000e+00  3.08731573e-10 
 3.24500000e+00  3.14056577e-10 
 3.25000000e+00  3.19495156e-10 
 3.25500000e+00  3.25049799e-10 
 3.26000000e+00  3.30722972e-10 
 3.26500000e+00  3.36517330e-10 
 3.27000000e+00  3.42435571e-10 
 3.27500000e+00  3.48480276e-10 
 3.28000000e+00  3.54654384e-10 
 3.28500000e+00  3.60960624e-10 
 3.29000000e+00  3.67401915e-10 
 3.29500000e+00  3.73981223e-10 
 3.30000000e+00  3.80701540e-10 
 3.30500000e+00  3.87566023e-10 
 3.31000000e+00  3.94577819e-10 
 3.31500000e+00  4.01740164e-10 
 3.32000000e+00  4.09056341e-10 
 3.32500000e+00  4.16529733e-10 
 3.33000000e+00  4.24163846e-10 
 3.33500000e+00  4.31962163e-10 
 3.34000000e+00  4.39928314e-10 
 3.34500000e+00  4.48065953e-10 
 3.35000000e+00  4.56378929e-10 
 3.35500000e+00  4.64871056e-10 
 3.36000000e+00  4.73546302e-10 
 3.36500000e+00  4.82408695e-10 
 3.37000000e+00  4.91462316e-10 
 3.37500000e+00  5.00711445e-10 
 3.38000000e+00  5.10160376e-10 
 3.38500000e+00  5.19813535e-10 
 3.39000000e+00  5.29675321e-10 
 3.39500000e+00  5.39750529e-10 
 3.40000000e+00  5.50043743e-10 
 3.40500000e+00  5.60559800e-10 
 3.41000000e+00  5.71303711e-10 
 3.41500000e+00  5.82280362e-10 
 3.42000000e+00  5.93495068e-10 
 3.42500000e+00  6.04953029e-10 
 3.43000000e+00  6.16659573e-10 
 3.43500000e+00  6.28620286e-10 
 3.44000000e+00  6.40840816e-10 
 3.44500000e+00  6.53326905e-10 
 3.45000000e+00  6.66084409e-10 
 3.45500000e+00  6.79119413e-10 
 3.46000000e+00  6.92438045e-10 
 3.46500000e+00  7.06046626e-10 
 3.47000000e+00  7.19951570e-10 
 3.47500000e+00  7.34159552e-10 
 3.48000000e+00  7.48677247e-10 
 3.48500000e+00  7.63511573e-10 
 3.49000000e+00  7.78669570e-10 
 3.49500000e+00  7.94158517e-10 
 3.50000000e+00  8.09985731e-10 
 3.50500000e+00  8.26158799e-10 
 3.51000000e+00  8.42685430e-10 
 3.51500000e+00  8.59573533e-10 
 3.52000000e+00  8.76831216e-10 
 3.52500000e+00  8.94466671e-10 
 3.53000000e+00  9.12488452e-10 
 3.53500000e+00  9.30905130e-10 
 3.54000000e+00  9.49725632e-10 
 3.54500000e+00  9.68958940e-10 
 3.55000000e+00  9.88614384e-10 
 3.55500000e+00  1.00870142e-09 
 3.56000000e+00  1.02922975e-09 
 3.56500000e+00  1.05020924e-09 
 3.57000000e+00  1.07165013e-09 
 3.57500000e+00  1.09356277e-09 
 3.58000000e+00  1.11595778e-09 
 3.58500000e+00  1.13884606e-09 
 3.59000000e+00  1.16223868e-09 
 3.59500000e+00  1.18614713e-09 
 3.60000000e+00  1.21058291e-09 
 3.60500000e+00  1.23555811e-09 
 3.61000000e+00  1.26108476e-09 
 3.61500000e+00  1.28717549e-09 
 3.62000000e+00  1.31384301e-09 
 3.62500000e+00  1.34110042e-09 
 3.63000000e+00  1.36896104e-09 
 3.63500000e+00  1.39743862e-09 
 3.64000000e+00  1.42654720e-09 
 3.64500000e+00  1.45630106e-09 
 3.65000000e+00  1.48671492e-09 
 3.65500000e+00  1.51780376e-09 
 3.66000000e+00  1.54958296e-09 
 3.66500000e+00  1.58206837e-09 
 3.67000000e+00  1.61527595e-09 
 3.67500000e+00  1.64922230e-09 
 3.68000000e+00  1.68392421e-09 
 3.68500000e+00  1.71939896e-09 
 3.69000000e+00  1.75566436e-09 
 3.69500000e+00  1.79273838e-09 
 3.70000000e+00  1.83063957e-09 
 3.70500000e+00  1.86938694e-09 
 3.71000000e+00  1.90899989e-09 
 3.71500000e+00  1.94949830e-09 
 3.72000000e+00  1.99090246e-09 
 3.72500000e+00  2.03323328e-09 
 3.73000000e+00  2.07651200e-09 
 3.73500000e+00  2.12076055e-09 
 3.74000000e+00  2.16600116e-09 
 3.74500000e+00  2.21225680e-09 
 3.75000000e+00  2.25955082e-09 
 3.75500000e+00  2.30790730e-09 
 3.76000000e+00  2.35735070e-09 
 3.76500000e+00  2.40790608e-09 
 3.77000000e+00  2.45959932e-09 
 3.77500000e+00  2.51245665e-09 
 3.78000000e+00  2.56650504e-09 
 3.78500000e+00  2.62177213e-09 
 3.79000000e+00  2.67828619e-09 
 3.79500000e+00  2.73607610e-09 
 3.80000000e+00  2.79517148e-09 
 3.80500000e+00  2.85560272e-09 
 3.81000000e+00  2.91740073e-09 
 3.81500000e+00  2.98059744e-09 
 3.82000000e+00  3.04522522e-09 
 3.82500000e+00  3.11131753e-09 
 3.83000000e+00  3.17890835e-09 
 3.83500000e+00  3.24803260e-09 
 3.84000000e+00  3.31872599e-09 
 3.84500000e+00  3.39102513e-09 
 3.85000000e+00  3.46496738e-09 
 3.85500000e+00  3.54059111e-09 
 3.86000000e+00  3.61793549e-09 
 3.86500000e+00  3.69704069e-09 
 3.87000000e+00  3.77794777e-09 
 3.87500000e+00  3.86069872e-09 
 3.88000000e+00  3.94533668e-09 
 3.88500000e+00  4.03190557e-09 
 3.89000000e+00  4.12045051e-09 
 3.89500000e+00  4.21101759e-09 
 3.90000000e+00  4.30365401e-09 
 3.90500000e+00  4.39840801e-09 
 3.91000000e+00  4.49532899e-09 
 3.91500000e+00  4.59446749e-09 
 3.92000000e+00  4.69587520e-09 
 3.92500000e+00  4.79960501e-09 
 3.93000000e+00  4.90571100e-09 
 3.93500000e+00  5.01424850e-09 
 3.94000000e+00  5.12527409e-09 
 3.94500000e+00  5.23884568e-09 
 3.95000000e+00  5.35502234e-09 
 3.95500000e+00  5.47386468e-09 
 3.96000000e+00  5.59543453e-09 
 3.96500000e+00  5.71979518e-09 
 3.97000000e+00  5.84701121e-09 
 3.97500000e+00  5.97714871e-09 
 3.98000000e+00  6.11027523e-09 
 3.98500000e+00  6.24645986e-09 
 3.99000000e+00  6.38577299e-09 
 3.99500000e+00  6.52828683e-09 
 4.00000000e+00  6.67407491e-09 
 4.00500000e+00  6.82321247e-09 
 4.01000000e+00  6.97577625e-09 
 4.01500000e+00  7.13184464e-09 
 4.02000000e+00  7.29149778e-09 
 4.02500000e+00  7.45481740e-09 
 4.03000000e+00  7.62188693e-09 
 4.03500000e+00  7.79279156e-09 
 4.04000000e+00  7.96761822e-09 
 4.04500000e+00  8.14645545e-09 
 4.05000000e+00  8.32939393e-09 
 4.05500000e+00  8.51652563e-09 
 4.06000000e+00  8.70794486e-09 
 4.06500000e+00  8.90374743e-09 
 4.07000000e+00  9.10403117e-09 
 4.07500000e+00  9.30889567e-09 
 4.08000000e+00  9.51844253e-09 
 4.08500000e+00  9.73277520e-09 
 4.09000000e+00  9.95199904e-09 
 4.09500000e+00  1.01762214e-08 
 4.10000000e+00  1.04055515e-08 
 4.10500000e+00  1.06401005e-08 
 4.11000000e+00  1.08799816e-08 
 4.11500000e+00  1.11253100e-08 
 4.12000000e+00  1.13762029e-08 
 4.12500000e+00  1.16327792e-08 
 4.13000000e+00  1.18951600e-08 
 4.13500000e+00  1.21634686e-08 
 4.14000000e+00  1.24378297e-08 
 4.14500000e+00  1.27183706e-08 
 4.15000000e+00  1.30052202e-08 
 4.15500000e+00  1.32985095e-08 
 4.16000000e+00  1.35983714e-08 
 4.16500000e+00  1.39049408e-08 
 4.17000000e+00  1.42183544e-08 
 4.17500000e+00  1.45387510e-08 
 4.18000000e+00  1.48662713e-08 
 4.18500000e+00  1.52010577e-08 
 4.19000000e+00  1.55432544e-08 
 4.19500000e+00  1.58930078e-08 
 4.20000000e+00  1.62504658e-08 
 4.20500000e+00  1.66157780e-08 
 4.21000000e+00  1.69890961e-08 
 4.21500000e+00  1.73705730e-08 
 4.22000000e+00  1.77603638e-08 
 4.22500000e+00  1.81586247e-08 
 4.23000000e+00  1.85655139e-08 
 4.23500000e+00  1.89811908e-08 
 4.24000000e+00  1.94058163e-08 
 4.24500000e+00  1.98395530e-08 
 4.25000000e+00  2.02825646e-08 
 4.25500000e+00  2.07350162e-08 
 4.26000000e+00  2.11970740e-08 
 4.26500000e+00  2.16689056e-08 
 4.27000000e+00  2.21506795e-08 
 4.27500000e+00  2.26425654e-08 
 4.28000000e+00  2.31447339e-08 
 4.28500000e+00  2.36573565e-08 
 4.29000000e+00  2.41806054e-08 
 4.29500000e+00  2.47146536e-08 
 4.30000000e+00  2.52596748e-08 
 4.30500000e+00  2.58158433e-08 
 4.31000000e+00  2.63833337e-08 
 4.31500000e+00  2.69623211e-08 
 4.32000000e+00  2.75529809e-08 
 4.32500000e+00  2.81554886e-08 
 4.33000000e+00  2.87700200e-08 
 4.33500000e+00  2.93967505e-08 
 4.34000000e+00  3.00358561e-08 
 4.34500000e+00  3.06875118e-08 
 4.35000000e+00  3.13518929e-08 
 4.35500000e+00  3.20291741e-08 
 4.36000000e+00  3.27195296e-08 
 4.36500000e+00  3.34231329e-08 
 4.37000000e+00  3.41401571e-08 
 4.37500000e+00  3.48707741e-08 
 4.38000000e+00  3.56151552e-08 
 4.38500000e+00  3.63734705e-08 
 4.39000000e+00  3.71458890e-08 
 4.39500000e+00  3.79325785e-08 
 4.40000000e+00  3.87337057e-08 
 4.40500000e+00  3.95494354e-08 
 4.41000000e+00  4.03799312e-08 
 4.41500000e+00  4.12253549e-08 
 4.42000000e+00  4.20858667e-08 
 4.42500000e+00  4.29616250e-08 
 4.43000000e+00  4.38527859e-08 
 4.43500000e+00  4.47595041e-08 
 4.44000000e+00  4.56819314e-08 
 4.44500000e+00  4.66202181e-08 
 4.45000000e+00  4.75745119e-08 
 4.45500000e+00  4.85449580e-08 
 4.46000000e+00  4.95316994e-08 
 4.46500000e+00  5.05348761e-08 
 4.47000000e+00  5.15546262e-08 
 4.47500000e+00  5.25910844e-08 
 4.48000000e+00  5.36443829e-08 
 4.48500000e+00  5.47146511e-08 
 4.49000000e+00  5.58020154e-08 
 4.49500000e+00  5.69065993e-08 
 4.50000000e+00  5.80285231e-08 
 4.50500000e+00  5.91679043e-08 
 4.51000000e+00  6.03248569e-08 
 4.51500000e+00  6.14994919e-08 
 4.52000000e+00  6.26919171e-08 
 4.52500000e+00  6.39022371e-08 
 4.53000000e+00  6.51305528e-08 
 4.53500000e+00  6.63769621e-08 
 4.54000000e+00  6.76415594e-08 
 4.54500000e+00  6.89244357e-08 
 4.55000000e+00  7.02256785e-08 
 4.55500000e+00  7.15453720e-08 
 4.56000000e+00  7.28835969e-08 
 4.56500000e+00  7.42404301e-08 
 4.57000000e+00  7.56159454e-08 
 4.57500000e+00  7.70102131e-08 
 4.58000000e+00  7.84232996e-08 
 4.58500000e+00  7.98552683e-08 
 4.59000000e+00  8.13061787e-08 
 4.59500000e+00  8.27760871e-08 
 4.60000000e+00  8.42650462e-08 
 4.60500000e+00  8.57731053e-08 
 4.61000000e+00  8.73003100e-08 
 4.61500000e+00  8.88467030e-08 
 4.62000000e+00  9.04123231e-08 
 4.62500000e+00  9.19972061e-08 
 4.63000000e+00  9.36013841e-08 
 4.63500000e+00  9.52248862e-08 
 4.64000000e+00  9.68677380e-08 
 4.64500000e+00  9.85299620e-08 
 4.65000000e+00  1.00211578e-07 
 4.65500000e+00  1.01912601e-07 
 4.66000000e+00  1.03633044e-07 
 4.66500000e+00  1.05372918e-07 
 4.67000000e+00  1.07132229e-07 
 4.67500000e+00  1.08910982e-07 
 4.68000000e+00  1.10709176e-07 
 4.68500000e+00  1.12526811e-07 
 4.69000000e+00  1.14363881e-07 
 4.69500000e+00  1.16220378e-07 
 4.70000000e+00  1.18096293e-07 
 4.70500000e+00  1.19991613e-07 
 4.71000000e+00  1.21906321e-07 
 4.71500000e+00  1.23840400e-07 
 4.72000000e+00  1.25793829e-07 
 4.72500000e+00  1.27766585e-07 
 4.73000000e+00  1.29758643e-07 
 4.73500000e+00  1.31769974e-07 
 4.74000000e+00  1.33800549e-07 
 4.74500000e+00  1.35850335e-07 
 4.75000000e+00  1.37919298e-07 
 4.75500000e+00  1.40007402e-07 
 4.76000000e+00  1.42114607e-07 
 4.76500000e+00  1.44240874e-07 
 4.77000000e+00  1.46386159e-07 
 4.77500000e+00  1.48550419e-07 
 4.78000000e+00  1.50733608e-07 
 4.78500000e+00  1.52935678e-07 
 4.79000000e+00  1.55156578e-07 
 4.79500000e+00  1.57396259e-07 
 4.80000000e+00  1.59654668e-07 
 4.80500000e+00  1.61931750e-07 
 4.81000000e+00  1.64227450e-07 
 4.81500000e+00  1.66541711e-07 
 4.82000000e+00  1.68874475e-07 
 4.82500000e+00  1.71225682e-07 
 4.83000000e+00  1.73595272e-07 
 4.83500000e+00  1.75983182e-07 
 4.84000000e+00  1.78389350e-07 
 4.84500000e+00  1.80813711e-07 
 4.85000000e+00  1.83256201e-07 
 4.85500000e+00  1.85716754e-07 
 4.86000000e+00  1.88195302e-07 
 4.86500000e+00  1.90691778e-07 
 4.87000000e+00  1.93206114e-07 
 4.87500000e+00  1.95738240e-07 
 4.88000000e+00  1.98288086e-07 
 4.88500000e+00  2.00855582e-07 
 4.89000000e+00  2.03440656e-07 
 4.89500000e+00  2.06043238e-07 
 4.90000000e+00  2.08663254e-07 
 4.90500000e+00  2.11300632e-07 
 4.91000000e+00  2.13955298e-07 
 4.91500000e+00  2.16627180e-07 
 4.92000000e+00  2.19316204e-07 
 4.92500000e+00  2.22022295e-07 
 4.93000000e+00  2.24745379e-07 
 4.93500000e+00  2.27485382e-07 
 4.94000000e+00  2.30242229e-07 
 4.94500000e+00  2.33015845e-07 
 4.95000000e+00  2.35806156e-07 
 4.95500000e+00  2.38613086e-07 
 4.96000000e+00  2.41436561e-07 
 4.96500000e+00  2.44276506e-07 
 4.97000000e+00  2.47132846e-07 
 4.97500000e+00  2.50005507e-07 
 4.98000000e+00  2.52894414e-07 
 4.98500000e+00  2.55799494e-07 
 4.99000000e+00  2.58720671e-07 
 4.99500000e+00  2.61657874e-07 
 5.00000000e+00  2.64611027e-07 
 5.00500000e+00  2.67580059e-07 
 5.01000000e+00  2.70564897e-07 
 5.01500000e+00  2.73565469e-07 
 5.02000000e+00  2.76581703e-07 
 5.02500000e+00  2.79613528e-07 
 5.03000000e+00  2.82660874e-07 
 5.03500000e+00  2.85723671e-07 
 5.04000000e+00  2.88801850e-07 
 5.04500000e+00  2.91895343e-07 
 5.05000000e+00  2.95004081e-07 
 5.05500000e+00  2.98127998e-07 
 5.06000000e+00  3.01267029e-07 
 5.06500000e+00  3.04421107e-07 
 5.07000000e+00  3.07590168e-07 
 5.07500000e+00  3.10774150e-07 
 5.08000000e+00  3.13972991e-07 
 5.08500000e+00  3.17186628e-07 
 5.09000000e+00  3.20415004e-07 
 5.09500000e+00  3.23658058e-07 
 5.10000000e+00  3.26915733e-07 
 5.10500000e+00  3.30187975e-07 
 5.11000000e+00  3.33474727e-07 
 5.11500000e+00  3.36775937e-07 
 5.12000000e+00  3.40091553e-07 
 5.12500000e+00  3.43421526e-07 
 5.13000000e+00  3.46765807e-07 
 5.13500000e+00  3.50124350e-07 
 5.14000000e+00  3.53497111e-07 
 5.14500000e+00  3.56884046e-07 
 5.15000000e+00  3.60285115e-07 
 5.15500000e+00  3.63700280e-07 
 5.16000000e+00  3.67129505e-07 
 5.16500000e+00  3.70572756e-07 
 5.17000000e+00  3.74030001e-07 
 5.17500000e+00  3.77501213e-07 
 5.18000000e+00  3.80986364e-07 
 5.18500000e+00  3.84485433e-07 
 5.19000000e+00  3.87998398e-07 
 5.19500000e+00  3.91525243e-07 
 5.20000000e+00  3.95065954e-07 
 5.20500000e+00  3.98620522e-07 
 5.21000000e+00  4.02188938e-07 
 5.21500000e+00  4.05771202e-07 
 5.22000000e+00  4.09367313e-07 
 5.22500000e+00  4.12977277e-07 
 5.23000000e+00  4.16601105e-07 
 5.23500000e+00  4.20238810e-07 
 5.24000000e+00  4.23890412e-07 
 5.24500000e+00  4.27555936e-07 
 5.25000000e+00  4.31235412e-07 
 5.25500000e+00  4.34928874e-07 
 5.26000000e+00  4.38636366e-07 
 5.26500000e+00  4.42357934e-07 
 5.27000000e+00  4.46093634e-07 
 5.27500000e+00  4.49843527e-07 
 5.28000000e+00  4.53607682e-07 
 5.28500000e+00  4.57386176e-07 
 5.29000000e+00  4.61179093e-07 
 5.29500000e+00  4.64986527e-07 
 5.30000000e+00  4.68808581e-07 
 5.30500000e+00  4.72645366e-07 
 5.31000000e+00  4.76497007e-07 
 5.31500000e+00  4.80363634e-07 
 5.32000000e+00  4.84245393e-07 
 5.32500000e+00  4.88142440e-07 
 5.33000000e+00  4.92054944e-07 
 5.33500000e+00  4.95983087e-07 
 5.34000000e+00  4.99927064e-07 
 5.34500000e+00  5.03887087e-07 
 5.35000000e+00  5.07863382e-07 
 5.35500000e+00  5.11856192e-07 
 5.36000000e+00  5.15865779e-07 
 5.36500000e+00  5.19892420e-07 
 5.37000000e+00  5.23936414e-07 
 5.37500000e+00  5.27998081e-07 
 5.38000000e+00  5.32077761e-07 
 5.38500000e+00  5.36175819e-07 
 5.39000000e+00  5.40292643e-07 
 5.39500000e+00  5.44428647e-07 
 5.40000000e+00  5.48584274e-07 
 5.40500000e+00  5.52759994e-07 
 5.41000000e+00  5.56956307e-07 
 5.41500000e+00  5.61173749e-07 
 5.42000000e+00  5.65412888e-07 
 5.42500000e+00  5.69674326e-07 
 5.43000000e+00  5.73958709e-07 
 5.43500000e+00  5.78266719e-07 
 5.44000000e+00  5.82599083e-07 
 5.44500000e+00  5.86956574e-07 
 5.45000000e+00  5.91340013e-07 
 5.45500000e+00  5.95750274e-07 
 5.46000000e+00  6.00188282e-07 
 5.46500000e+00  6.04655022e-07 
 5.47000000e+00  6.09151541e-07 
 5.47500000e+00  6.13678949e-07 
 5.48000000e+00  6.18238426e-07 
 5.48500000e+00  6.22831222e-07 
 5.49000000e+00  6.27458669e-07 
 5.49500000e+00  6.32122177e-07 
 5.50000000e+00  6.36823244e-07 
 5.50500000e+00  6.41563462e-07 
 5.51000000e+00  6.46344517e-07 
 5.51500000e+00  6.51168201e-07 
 5.52000000e+00  6.56036417e-07 
 5.52500000e+00  6.60951183e-07 
 5.53000000e+00  6.65914640e-07 
 5.53500000e+00  6.70929062e-07 
 5.54000000e+00  6.75996863e-07 
 5.54500000e+00  6.81120603e-07 
 5.55000000e+00  6.86303000e-07 
 5.55500000e+00  6.91546939e-07 
 5.56000000e+00  6.96855482e-07 
 5.56500000e+00  7.02231879e-07 
 5.57000000e+00  7.07679579e-07 
 5.57500000e+00  7.13202244e-07 
 5.58000000e+00  7.18803758e-07 
 5.58500000e+00  7.24488249e-07 
 5.59000000e+00  7.30260094e-07 
 5.59500000e+00  7.36123943e-07 
 5.60000000e+00  7.42084731e-07 
 5.60500000e+00  7.48147697e-07 
 5.61000000e+00  7.54318404e-07 
 5.61500000e+00  7.60602759e-07 
 5.62000000e+00  7.67007032e-07 
 5.62500000e+00  7.73537883e-07 
 5.63000000e+00  7.80202384e-07 
 5.63500000e+00  7.87008043e-07 
 5.64000000e+00  7.93962837e-07 
 5.64500000e+00  8.01075236e-07 
 5.65000000e+00  8.08354236e-07 
 5.65500000e+00  8.15809393e-07 
 5.66000000e+00  8.23450859e-07 
 5.66500000e+00  8.31289418e-07 
 5.67000000e+00  8.39336526e-07 
 5.67500000e+00  8.47604354e-07 
 5.68000000e+00  8.56105834e-07 
 5.68500000e+00  8.64854710e-07 
 5.69000000e+00  8.73865582e-07 
 5.69500000e+00  8.83153968e-07 
 5.70000000e+00  8.92736361e-07 
 5.70500000e+00  9.02630288e-07 
 5.71000000e+00  9.12854380e-07 
 5.71500000e+00  9.23428441e-07 
 5.72000000e+00  9.34373521e-07 
 5.72500000e+00  9.45712003e-07 
 5.73000000e+00  9.57467678e-07 
 5.73500000e+00  9.69665848e-07 
 5.74000000e+00  9.82333411e-07 
 5.74500000e+00  9.95498973e-07 
 5.75000000e+00  1.00919295e-06 
 5.75500000e+00  1.02344771e-06 
 5.76000000e+00  1.03829764e-06 
 5.76500000e+00  1.05377935e-06 
 5.77000000e+00  1.06993178e-06 
 5.77500000e+00  1.08679633e-06 
 5.78000000e+00  1.10441708e-06 
 5.78500000e+00  1.12284088e-06 
 5.79000000e+00  1.14211763e-06 
 5.79500000e+00  1.16230040e-06 
 5.80000000e+00  1.18344566e-06 
 5.80500000e+00  1.20561352e-06 
 5.81000000e+00  1.22886794e-06 
 5.81500000e+00  1.25327702e-06 
 5.82000000e+00  1.27891321e-06 
 5.82500000e+00  1.30585366e-06 
 5.83000000e+00  1.33418049e-06 
 5.83500000e+00  1.36398115e-06 
 5.84000000e+00  1.39534870e-06 
 5.84500000e+00  1.42838227e-06 
 5.85000000e+00  1.46318740e-06 
 5.85500000e+00  1.49987648e-06 
 5.86000000e+00  1.53856921e-06 
 5.86500000e+00  1.57939305e-06 
 5.87000000e+00  1.62248380e-06 
 5.87500000e+00  1.66798608e-06 
 5.88000000e+00  1.71605395e-06 
 5.88500000e+00  1.76685153e-06 
 5.89000000e+00  1.82055369e-06 
 5.89500000e+00  1.87734672e-06 
 5.90000000e+00  1.93742912e-06 
 5.90500000e+00  2.00101243e-06 
 5.91000000e+00  2.06832203e-06 
 5.91500000e+00  2.13959816e-06 
 5.92000000e+00  2.21509684e-06 
 5.92500000e+00  2.29509094e-06 
 5.93000000e+00  2.37987133e-06 
 5.93500000e+00  2.46974806e-06 
 5.94000000e+00  2.56505168e-06 
 5.94500000e+00  2.66613455e-06 
 5.95000000e+00  2.77337239e-06 
 5.95500000e+00  2.88716577e-06 
 5.96000000e+00  3.00794186e-06 
 5.96500000e+00  3.13615613e-06 
 5.97000000e+00  3.27229436e-06 
 5.97500000e+00  3.41687460e-06 
 5.98000000e+00  3.57044938e-06 
 5.98500000e+00  3.73360805e-06 
 5.99000000e+00  3.90697927e-06 
 5.99500000e+00  4.09123364e-06 
 6.00000000e+00  4.28708658e-06 
 6.00500000e+00  4.49530134e-06 
 6.01000000e+00  4.71669228e-06 
 6.01500000e+00  4.95212830e-06 
 6.02000000e+00  5.20253656e-06 
 6.02500000e+00  5.46890646e-06 
 6.03000000e+00  5.75229389e-06 
 6.03500000e+00  6.05382569e-06 
 6.04000000e+00  6.37470458e-06 
 6.04500000e+00  6.71621426e-06 
 6.05000000e+00  7.07972501e-06 
 6.05500000e+00  7.46669953e-06 
 6.06000000e+00  7.87869935e-06 
 6.06500000e+00  8.31739150e-06 
 6.07000000e+00  8.78455584e-06 
 6.07500000e+00  9.28209270e-06 
 6.08000000e+00  9.81203119e-06 
 6.08500000e+00  1.03765380e-05 
 6.09000000e+00  1.09779271e-05 
 6.09500000e+00  1.16186693e-05 
 6.10000000e+00  1.23014036e-05 
 6.10500000e+00  1.30289485e-05 
 6.11000000e+00  1.38043146e-05 
 6.11500000e+00  1.46307173e-05 
 6.12000000e+00  1.55115916e-05 
 6.12500000e+00  1.64506067e-05 
 6.13000000e+00  1.74516827e-05 
 6.13500000e+00  1.85190073e-05 
 6.14000000e+00  1.96570549e-05 
 6.14500000e+00  2.08706058e-05 
 6.15000000e+00  2.21647682e-05 
 6.15500000e+00  2.35450000e-05 
 6.16000000e+00  2.50171335e-05 
 6.16500000e+00  2.65874016e-05 
 6.17000000e+00  2.82624647e-05 
 6.17500000e+00  3.00494412e-05 
 6.18000000e+00  3.19559388e-05 
 6.18500000e+00  3.39900886e-05 
 6.19000000e+00  3.61605814e-05 
 6.19500000e+00  3.84767064e-05 
 6.20000000e+00  4.09483928e-05 
 6.20500000e+00  4.35862546e-05 
 6.21000000e+00  4.64016375e-05 
 6.21500000e+00  4.94066701e-05 
 6.22000000e+00  5.26143182e-05 
 6.22500000e+00  5.60384430e-05 
 6.23000000e+00  5.96938629e-05 
 6.23500000e+00  6.35964204e-05 
 6.24000000e+00  6.77630529e-05 
 6.24500000e+00  7.22118688e-05 
 6.25000000e+00  7.69622283e-05 
 6.25500000e+00  8.20348308e-05 
 6.26000000e+00  8.74518072e-05 
 6.26500000e+00  9.32368189e-05 
 6.27000000e+00  9.94151644e-05 
 6.27500000e+00  1.06013892e-04 
 6.28000000e+00  1.13061919e-04 
 6.28500000e+00  1.20590165e-04 
 6.29000000e+00  1.28631685e-04 
 6.29500000e+00  1.37221819e-04 
 6.30000000e+00  1.46398349e-04 
 6.30500000e+00  1.56201666e-04 
 6.31000000e+00  1.66674948e-04 
 6.31500000e+00  1.77864352e-04 
 6.32000000e+00  1.89819216e-04 
 6.32500000e+00  2.02592276e-04 
 6.33000000e+00  2.16239897e-04 
 6.33500000e+00  2.30822319e-04 
 6.34000000e+00  2.46403916e-04 
 6.34500000e+00  2.63053479e-04 
 6.35000000e+00  2.80844507e-04 
 6.35500000e+00  2.99855526e-04 
 6.36000000e+00  3.20170418e-04 
 6.36500000e+00  3.41878782e-04 
 6.37000000e+00  3.65076308e-04 
 6.37500000e+00  3.89865172e-04 
 6.38000000e+00  4.16354469e-04 
 6.38500000e+00  4.44660649e-04 
 6.39000000e+00  4.74908000e-04 
 6.39500000e+00  5.07229145e-04 
 6.40000000e+00  5.41765568e-04 
 6.40500000e+00  5.78668174e-04 
 6.41000000e+00  6.18097877e-04 
 6.41500000e+00  6.60226210e-04 
 6.42000000e+00  7.05235980e-04 
 6.42500000e+00  7.53321942e-04 
 6.43000000e+00  8.04691511e-04 
 6.43500000e+00  8.59565506e-04 
 6.44000000e+00  9.18178918e-04 
 6.44500000e+00  9.80781720e-04 
 6.45000000e+00  1.04763970e-03 
 6.45500000e+00  1.11903532e-03 
 6.46000000e+00  1.19526861e-03 
 6.46500000e+00  1.27665809e-03 
 6.47000000e+00  1.36354169e-03 
 6.47500000e+00  1.45627770e-03 
 6.48000000e+00  1.55524578e-03 
 6.48500000e+00  1.66084789e-03 
 6.49000000e+00  1.77350928e-03 
 6.49500000e+00  1.89367947e-03 
 6.50000000e+00  2.02183321e-03 
 6.50500000e+00  2.15847142e-03 
 6.51000000e+00  2.30412207e-03 
 6.51500000e+00  2.45934104e-03 
 6.52000000e+00  2.62471292e-03 
 6.52500000e+00  2.80085175e-03 
 6.53000000e+00  2.98840158e-03 
 6.53500000e+00  3.18803701e-03 
 6.54000000e+00  3.40046358e-03 
 6.54500000e+00  3.62641796e-03 
 6.55000000e+00  3.86666799e-03 
 6.55500000e+00  4.12201253e-03 
 6.56000000e+00  4.39328103e-03 
 6.56500000e+00  4.68133289e-03 
 6.57000000e+00  4.98705654e-03 
 6.57500000e+00  5.31136811e-03 
 6.58000000e+00  5.65520990e-03 
 6.58500000e+00  6.01954837e-03 
 6.59000000e+00  6.40537181e-03 
 6.59500000e+00  6.81368754e-03 
 6.60000000e+00  7.24551870e-03 
 6.60500000e+00  7.70190064e-03 
 6.61000000e+00  8.18387677e-03 
 6.61500000e+00  8.69249407e-03 
 6.62000000e+00  9.22879801e-03 
 6.62500000e+00  9.79382723e-03 
 6.63000000e+00  1.03886076e-02 
 6.63500000e+00  1.10141463e-02 
 6.64000000e+00  1.16714249e-02 
 6.64500000e+00  1.23613931e-02 
 6.65000000e+00  1.30849616e-02 
 6.65500000e+00  1.38429950e-02 
 6.66000000e+00  1.46363053e-02 
 6.66500000e+00  1.54656447e-02 
 6.67000000e+00  1.63316989e-02 
 6.67500000e+00  1.72350816e-02 
 6.68000000e+00  1.81763278e-02 
 6.68500000e+00  1.91558895e-02 
 6.69000000e+00  2.01741311e-02 
 6.69500000e+00  2.12313254e-02 
 6.70000000e+00  2.23276517e-02 
 6.70500000e+00  2.34631935e-02 
 6.71000000e+00  2.46379385e-02 
 6.71500000e+00  2.58517785e-02 
 6.72000000e+00  2.71045115e-02 
 6.72500000e+00  2.83958440e-02 
 6.73000000e+00  2.97253951e-02 
 6.73500000e+00  3.10927006e-02 
 6.74000000e+00  3.24972186e-02 
 6.74500000e+00  3.39383364e-02 
 6.75000000e+00  3.54153763e-02 
 6.75500000e+00  3.69276039e-02 
 6.76000000e+00  3.84742351e-02 
 6.76500000e+00  4.00544446e-02 
 6.77000000e+00  4.16673735e-02 
 6.77500000e+00  4.33121371e-02 
 6.78000000e+00  4.49878330e-02 
 6.78500000e+00  4.66935483e-02 
 6.79000000e+00  4.84283663e-02 
 6.79500000e+00  5.01913736e-02 
 6.80000000e+00  5.19816660e-02 
 6.80500000e+00  5.37983533e-02 
 6.81000000e+00  5.56405650e-02 
 6.81500000e+00  5.75074539e-02 
 6.82000000e+00  5.93982003e-02 
 6.82500000e+00  6.13120142e-02 
 6.83000000e+00  6.32481387e-02 
 6.83500000e+00  6.52058512e-02 
 6.84000000e+00  6.71844651e-02 
 6.84500000e+00  6.91833308e-02 
 6.85000000e+00  7.12018362e-02 
 6.85500000e+00  7.32394068e-02 
 6.86000000e+00  7.52955056e-02 
 6.86500000e+00  7.73696328e-02 
 6.87000000e+00  7.94613248e-02 
 6.87500000e+00  8.15701536e-02 
 6.88000000e+00  8.36957257e-02 
 6.88500000e+00  8.58376810e-02 
 6.89000000e+00  8.79956912e-02 
 6.89500000e+00  9.01694590e-02 
 6.90000000e+00  9.23587161e-02 
 6.90500000e+00  9.45632221e-02 
 6.91000000e+00  9.67827634e-02 
 6.91500000e+00  9.90171508e-02 
 6.92000000e+00  1.01266219e-01 
 6.92500000e+00  1.03529825e-01 
 6.93000000e+00  1.05807847e-01 
 6.93500000e+00  1.08100182e-01 
 6.94000000e+00  1.10406745e-01 
 6.94500000e+00  1.12727469e-01 
 6.95000000e+00  1.15062302e-01 
 6.95500000e+00  1.17411208e-01 
 6.96000000e+00  1.19774163e-01 
 6.96500000e+00  1.22151158e-01 
 6.97000000e+00  1.24542194e-01 
 6.97500000e+00  1.26947283e-01 
 6.98000000e+00  1.29366448e-01 
 6.98500000e+00  1.31799721e-01 
 6.99000000e+00  1.34247143e-01 
 6.99500000e+00  1.36708762e-01 
 7.00000000e+00  1.39184634e-01 
 7.00500000e+00  1.41674821e-01 
 7.01000000e+00  1.44179393e-01 
 7.01500000e+00  1.46698423e-01 
 7.02000000e+00  1.49231992e-01 
 7.02500000e+00  1.51780183e-01 
 7.03000000e+00  1.54343086e-01 
 7.03500000e+00  1.56920793e-01 
 7.04000000e+00  1.59513401e-01 
 7.04500000e+00  1.62121009e-01 
 7.05000000e+00  1.64743721e-01 
 7.05500000e+00  1.67381643e-01 
 7.06000000e+00  1.70034881e-01 
 7.06500000e+00  1.72703549e-01 
 7.07000000e+00  1.75387757e-01 
 7.07500000e+00  1.78087621e-01 
 7.08000000e+00  1.80803258e-01 
 7.08500000e+00  1.83534785e-01 
 7.09000000e+00  1.86282322e-01 
 7.09500000e+00  1.89045991e-01 
 7.10000000e+00  1.91825914e-01 
 7.10500000e+00  1.94622214e-01 
 7.11000000e+00  1.97435017e-01 
 7.11500000e+00  2.00264447e-01 
 7.12000000e+00  2.03110631e-01 
 7.12500000e+00  2.05973697e-01 
 7.13000000e+00  2.08853772e-01 
 7.13500000e+00  2.11750987e-01 
 7.14000000e+00  2.14665470e-01 
 7.14500000e+00  2.17597352e-01 
 7.15000000e+00  2.20546764e-01 
 7.15500000e+00  2.23513837e-01 
 7.16000000e+00  2.26498703e-01 
 7.16500000e+00  2.29501496e-01 
 7.17000000e+00  2.32522349e-01 
 7.17500000e+00  2.35561395e-01 
 7.18000000e+00  2.38618769e-01 
 7.18500000e+00  2.41694606e-01 
 7.19000000e+00  2.44789041e-01 
 7.19500000e+00  2.47902210e-01 
 7.20000000e+00  2.51034250e-01 
 7.20500000e+00  2.54185297e-01 
 7.21000000e+00  2.57355489e-01 
 7.21500000e+00  2.60544964e-01 
 7.22000000e+00  2.63753861e-01 
 7.22500000e+00  2.66982319e-01 
 7.23000000e+00  2.70230478e-01 
 7.23500000e+00  2.73498478e-01 
 7.24000000e+00  2.76786459e-01 
 7.24500000e+00  2.80094564e-01 
 7.25000000e+00  2.83422935e-01 
 7.25500000e+00  2.86771714e-01 
 7.26000000e+00  2.90141045e-01 
 7.26500000e+00  2.93531072e-01 
 7.27000000e+00  2.96941939e-01 
 7.27500000e+00  3.00373793e-01 
 7.28000000e+00  3.03826780e-01 
 7.28500000e+00  3.07301045e-01 
 7.29000000e+00  3.10796739e-01 
 7.29500000e+00  3.14314007e-01 
 7.30000000e+00  3.17853001e-01 
 7.30500000e+00  3.21413870e-01 
 7.31000000e+00  3.24996765e-01 
 7.31500000e+00  3.28601837e-01 
 7.32000000e+00  3.32229240e-01 
 7.32500000e+00  3.35879126e-01 
 7.33000000e+00  3.39551650e-01 
 7.33500000e+00  3.43246968e-01 
 7.34000000e+00  3.46965234e-01 
 7.34500000e+00  3.50706607e-01 
 7.35000000e+00  3.54471243e-01 
 7.35500000e+00  3.58259302e-01 
 7.36000000e+00  3.62070944e-01 
 7.36500000e+00  3.65906329e-01 
 7.37000000e+00  3.69765619e-01 
 7.37500000e+00  3.73648975e-01 
 7.38000000e+00  3.77556562e-01 
 7.38500000e+00  3.81488544e-01 
 7.39000000e+00  3.85445086e-01 
 7.39500000e+00  3.89426353e-01 
 7.40000000e+00  3.93432514e-01 
 7.40500000e+00  3.97463735e-01 
 7.41000000e+00  4.01520185e-01 
 7.41500000e+00  4.05602034e-01 
 7.42000000e+00  4.09709452e-01 
 7.42500000e+00  4.13842609e-01 
 7.43000000e+00  4.18001677e-01 
 7.43500000e+00  4.22186828e-01 
 7.44000000e+00  4.26398235e-01 
 7.44500000e+00  4.30636070e-01 
 7.45000000e+00  4.34900508e-01 
 7.45500000e+00  4.39191723e-01 
 7.46000000e+00  4.43509888e-01 
 7.46500000e+00  4.47855177e-01 
 7.47000000e+00  4.52227765e-01 
 7.47500000e+00  4.56627826e-01 
 7.48000000e+00  4.61055533e-01 
 7.48500000e+00  4.65511060e-01 
 7.49000000e+00  4.69994580e-01 
 7.49500000e+00  4.74506263e-01 
 7.50000000e+00  4.79046281e-01 
 7.50500000e+00  4.83614803e-01 
 7.51000000e+00  4.88211997e-01 
 7.51500000e+00  4.92838028e-01 
 7.52000000e+00  4.97493061e-01 
 7.52500000e+00  5.02177255e-01 
 7.53000000e+00  5.06890769e-01 
 7.53500000e+00  5.11633757e-01 
 7.54000000e+00  5.16406369e-01 
 7.54500000e+00  5.21208752e-01 
 7.55000000e+00  5.26041045e-01 
 7.55500000e+00  5.30903383e-01 
 7.56000000e+00  5.35795895e-01 
 7.56500000e+00  5.40718701e-01 
 7.57000000e+00  5.45671914e-01 
 7.57500000e+00  5.50655637e-01 
 7.58000000e+00  5.55669962e-01 
 7.58500000e+00  5.60714970e-01 
 7.59000000e+00  5.65790730e-01 
 7.59500000e+00  5.70897295e-01 
 7.60000000e+00  5.76034703e-01 
 7.60500000e+00  5.81202973e-01 
 7.61000000e+00  5.86402105e-01 
 7.61500000e+00  5.91632076e-01 
 7.62000000e+00  5.96892840e-01 
 7.62500000e+00  6.02184322e-01 
 7.63000000e+00  6.07506417e-01 
 7.63500000e+00  6.12858987e-01 
 7.64000000e+00  6.18241857e-01 
 7.64500000e+00  6.23654810e-01 
 7.65000000e+00  6.29097583e-01 
 7.65500000e+00  6.34569862e-01 
 7.66000000e+00  6.40071279e-01 
 7.66500000e+00  6.45601399e-01 
 7.67000000e+00  6.51159723e-01 
 7.67500000e+00  6.56745670e-01 
 7.68000000e+00  6.62358580e-01 
 7.68500000e+00  6.67997693e-01 
 7.69000000e+00  6.73662149e-01 
 7.69500000e+00  6.79350971e-01 
 7.70000000e+00  6.85063056e-01 
 7.70500000e+00  6.90797159e-01 
 7.71000000e+00  6.96551881e-01 
 7.71500000e+00  7.02325651e-01 
 7.72000000e+00  7.08116712e-01 
 7.72500000e+00  7.13923097e-01 
 7.73000000e+00  7.19742615e-01 
 7.73500000e+00  7.25572827e-01 
 7.74000000e+00  7.31411025e-01 
 7.74500000e+00  7.37254207e-01 
 7.75000000e+00  7.43099058e-01 
 7.75500000e+00  7.48941920e-01 
 7.76000000e+00  7.54778780e-01 
 7.76500000e+00  7.60605241e-01 
 7.77000000e+00  7.66416509e-01 
 7.77500000e+00  7.72207382e-01 
 7.78000000e+00  7.77972249e-01 
 7.78500000e+00  7.83705090e-01 
 7.79000000e+00  7.89399502e-01 
 7.79500000e+00  7.95048730e-01 
 7.80000000e+00  8.00645732e-01 
 7.80500000e+00  8.06183254e-01 
 7.81000000e+00  8.11653949e-01 
 7.81500000e+00  8.17050517e-01 
 7.82000000e+00  8.22365890e-01 
 7.82500000e+00  8.27593442e-01 
 7.83000000e+00  8.32727246e-01 
 7.83500000e+00  8.37762343e-01 
 7.84000000e+00  8.42695046e-01 
 7.84500000e+00  8.47523228e-01 
 7.85000000e+00  8.52246612e-01 
 7.85500000e+00  8.56867009e-01 
 7.86000000e+00  8.61388496e-01 
 7.86500000e+00  8.65817501e-01 
 7.87000000e+00  8.70162777e-01 
 7.87500000e+00  8.74435245e-01 
 7.88000000e+00  8.78647701e-01 
 7.88500000e+00  8.82814396e-01 
 7.89000000e+00  8.86950514e-01 
 7.89500000e+00  8.91071576e-01 
 7.90000000e+00  8.95192829e-01 
 7.90500000e+00  8.99328672e-01 
 7.91000000e+00  9.03492165e-01 
 7.91500000e+00  9.07694664e-01 
 7.92000000e+00  9.11945598e-01 
 7.92500000e+00  9.16252401e-01 
 7.93000000e+00  9.20620567e-01 
 7.93500000e+00  9.25053809e-01 
 7.94000000e+00  9.29554288e-01 
 7.94500000e+00  9.34122868e-01 
 7.95000000e+00  9.38759380e-01 
 7.95500000e+00  9.43462869e-01 
 7.96000000e+00  9.48231816e-01 
 7.96500000e+00  9.53064316e-01 
 7.97000000e+00  9.57958234e-01 
 7.97500000e+00  9.62911316e-01 
 7.98000000e+00  9.67921277e-01 
 7.98500000e+00  9.72985869e-01 
 7.99000000e+00  9.78102916e-01 
 7.99500000e+00  9.83270351e-01 
 8.00000000e+00  9.88486228e-01 
