 1.00000000e-11  4.99999989e+00 
 2.00000000e-11  4.99999978e+00 
 4.00000000e-11  4.99999959e+00 
 8.00000000e-11  4.99999927e+00 
 1.39571830e-10  4.99999894e+00 
 2.05010535e-10  4.99999868e+00 
 2.74271572e-10  4.99999850e+00 
 3.52733508e-10  4.99999836e+00 
 4.50474798e-10  4.99999826e+00 
 5.72076710e-10  4.99999820e+00 
 7.23799892e-10  4.99999819e+00 
 9.08952585e-10  4.99999823e+00 
 1.00000000e-09  4.99999825e+00 
 1.02272589e-09  4.99999826e+00 
 1.06817766e-09  4.99999828e+00 
 1.15908121e-09  4.99999831e+00 
 1.34088830e-09  4.99999839e+00 
 1.70450249e-09  4.99999853e+00 
 2.17935558e-09  4.99999871e+00 
 2.75036742e-09  4.99999888e+00 
 3.45911396e-09  4.99999905e+00 
 4.41566493e-09  4.99999920e+00 
 5.41566493e-09  4.99999930e+00 
 6.41566493e-09  4.99999936e+00 
 7.41566493e-09  4.99999939e+00 
 8.41566493e-09  4.99999941e+00 
 9.41566493e-09  4.99999943e+00 
 1.04156649e-08  4.99999943e+00 
 1.14156649e-08  4.99999944e+00 
 1.24156649e-08  4.99999944e+00 
 1.34156649e-08  4.99999944e+00 
 1.44156649e-08  4.99999944e+00 
 1.54156649e-08  4.99999944e+00 
 1.64156649e-08  4.99999944e+00 
 1.74156649e-08  4.99999944e+00 
 1.84156649e-08  4.99999944e+00 
 1.94156649e-08  4.99999944e+00 
 2.04156649e-08  4.99999944e+00 
 2.14156649e-08  4.99999944e+00 
 2.24156649e-08  4.99999944e+00 
 2.34156649e-08  4.99999944e+00 
 2.44156649e-08  4.99999944e+00 
 2.54156649e-08  4.99999944e+00 
 2.64156649e-08  4.99999944e+00 
 2.74156649e-08  4.99999943e+00 
 2.84156649e-08  4.99999943e+00 
 2.94156649e-08  4.99999943e+00 
 3.04156649e-08  4.99999943e+00 
 3.14156649e-08  4.99999943e+00 
 3.24156649e-08  4.99999943e+00 
 3.34156649e-08  4.99999943e+00 
 3.44156649e-08  4.99999943e+00 
 3.54156649e-08  4.99999943e+00 
 3.64156649e-08  4.99999943e+00 
 3.74156649e-08  4.99999943e+00 
 3.84156649e-08  4.99999943e+00 
 3.94156649e-08  4.99999943e+00 
 4.04156649e-08  4.99999943e+00 
 4.14156649e-08  4.99999943e+00 
 4.24156649e-08  4.99999943e+00 
 4.34156649e-08  4.99999942e+00 
 4.44156649e-08  4.99999942e+00 
 4.54156649e-08  4.99999942e+00 
 4.64156649e-08  4.99999942e+00 
 4.74156649e-08  4.99999942e+00 
 4.84156649e-08  4.99999942e+00 
 4.94156649e-08  4.99999942e+00 
 5.04156649e-08  4.99999942e+00 
 5.14156649e-08  4.99999942e+00 
 5.24156649e-08  4.99999942e+00 
 5.34156649e-08  4.99999942e+00 
 5.44156649e-08  4.99999942e+00 
 5.54156649e-08  4.99999942e+00 
 5.64156649e-08  4.99999942e+00 
 5.74156649e-08  4.99999942e+00 
 5.84156649e-08  4.99999942e+00 
 5.94156649e-08  4.99999942e+00 
 6.04156649e-08  4.99999941e+00 
 6.14156649e-08  4.99999941e+00 
 6.24156649e-08  4.99999941e+00 
 6.34156649e-08  4.99999941e+00 
 6.44156649e-08  4.99999941e+00 
 6.54156649e-08  4.99999941e+00 
 6.64156649e-08  4.99999941e+00 
 6.74156649e-08  4.99999941e+00 
 6.84156649e-08  4.99999941e+00 
 6.94156649e-08  4.99999941e+00 
 7.04156649e-08  4.99999941e+00 
 7.14156649e-08  4.99999941e+00 
 7.24156649e-08  4.99999941e+00 
 7.34156649e-08  4.99999941e+00 
 7.44156649e-08  4.99999941e+00 
 7.54156649e-08  4.99999941e+00 
 7.64156649e-08  4.99999940e+00 
 7.74156649e-08  4.99999940e+00 
 7.84156649e-08  4.99999940e+00 
 7.94156649e-08  4.99999940e+00 
 8.04156649e-08  4.99999940e+00 
 8.14156649e-08  4.99999940e+00 
 8.24156649e-08  4.99999940e+00 
 8.34156649e-08  4.99999940e+00 
 8.44156649e-08  4.99999940e+00 
 8.54156649e-08  4.99999940e+00 
 8.64156649e-08  4.99999940e+00 
 8.74156649e-08  4.99999940e+00 
 8.84156649e-08  4.99999940e+00 
 8.94156649e-08  4.99999940e+00 
 9.04156649e-08  4.99999940e+00 
 9.14156649e-08  4.99999940e+00 
 9.24156649e-08  4.99999940e+00 
 9.34156649e-08  4.99999939e+00 
 9.44156649e-08  4.99999939e+00 
 9.54156649e-08  4.99999939e+00 
 9.64156649e-08  4.99999939e+00 
 9.74156649e-08  4.99999939e+00 
 9.84156649e-08  4.99999939e+00 
 9.94156649e-08  4.99999939e+00 
 1.00000000e-07  4.99999939e+00 
 1.00100000e-07  5.00004668e+00 
 1.00300000e-07  5.00023138e+00 
 1.00700000e-07  5.00109261e+00 
 1.01500000e-07  5.00437501e+00 
 1.02500000e-07  5.01058866e+00 
 1.03500000e-07  5.01830814e+00 
 1.04500000e-07  5.02693460e+00 
 1.05500000e-07  5.03610735e+00 
 1.06500000e-07  5.04560913e+00 
 1.07500000e-07  5.05530910e+00 
 1.08500000e-07  5.06512843e+00 
 1.09500000e-07  5.07501965e+00 
 1.10500000e-07  5.08495416e+00 
 1.11500000e-07  5.09491474e+00 
 1.12500000e-07  5.10489102e+00 
 1.13500000e-07  5.11487676e+00 
 1.14500000e-07  5.12486817e+00 
 1.15500000e-07  5.13486301e+00 
 1.16500000e-07  5.14485989e+00 
 1.17500000e-07  5.15485800e+00 
 1.18500000e-07  5.16485685e+00 
 1.19500000e-07  5.17485612e+00 
 1.20500000e-07  5.18485564e+00 
 1.21500000e-07  5.19485530e+00 
 1.22500000e-07  5.20485502e+00 
 1.23500000e-07  5.21485477e+00 
 1.24500000e-07  5.22485452e+00 
 1.25500000e-07  5.23485424e+00 
 1.26500000e-07  5.24485392e+00 
 1.27500000e-07  5.25485355e+00 
 1.28500000e-07  5.26485312e+00 
 1.29500000e-07  5.27485261e+00 
 1.30500000e-07  5.28485201e+00 
 1.31500000e-07  5.29485131e+00 
 1.32500000e-07  5.30485049e+00 
 1.33500000e-07  5.31484952e+00 
 1.34500000e-07  5.32484840e+00 
 1.35500000e-07  5.33484708e+00 
 1.36500000e-07  5.34484553e+00 
 1.37500000e-07  5.35484373e+00 
 1.38500000e-07  5.36484161e+00 
 1.39500000e-07  5.37483913e+00 
 1.40500000e-07  5.38483623e+00 
 1.41500000e-07  5.39483282e+00 
 1.42500000e-07  5.40482882e+00 
 1.43500000e-07  5.41482412e+00 
 1.44500000e-07  5.42481860e+00 
 1.45500000e-07  5.43481209e+00 
 1.46500000e-07  5.44480442e+00 
 1.47500000e-07  5.45479538e+00 
 1.48500000e-07  5.46478471e+00 
 1.49500000e-07  5.47477211e+00 
 1.50500000e-07  5.48475722e+00 
 1.51500000e-07  5.49473962e+00 
 1.52500000e-07  5.50471879e+00 
 1.53500000e-07  5.51469414e+00 
 1.54500000e-07  5.52466497e+00 
 1.55500000e-07  5.53463042e+00 
 1.56500000e-07  5.54458950e+00 
 1.57500000e-07  5.55454104e+00 
 1.58500000e-07  5.56448364e+00 
 1.59500000e-07  5.57441567e+00 
 1.60500000e-07  5.58433520e+00 
 1.61500000e-07  5.59423996e+00 
 1.62500000e-07  5.60412728e+00 
 1.63500000e-07  5.61399405e+00 
 1.64500000e-07  5.62383664e+00 
 1.65500000e-07  5.63365080e+00 
 1.66500000e-07  5.64343165e+00 
 1.67500000e-07  5.65317351e+00 
 1.68500000e-07  5.66286989e+00 
 1.69500000e-07  5.67251338e+00 
 1.70500000e-07  5.68209557e+00 
 1.71500000e-07  5.69160703e+00 
 1.72500000e-07  5.70103725e+00 
 1.73500000e-07  5.71037469e+00 
 1.74500000e-07  5.71960680e+00 
 1.75500000e-07  5.72872017e+00 
 1.76500000e-07  5.73770071e+00 
 1.77500000e-07  5.74653392e+00 
 1.78500000e-07  5.75520523e+00 
 1.79500000e-07  5.76370044e+00 
 1.80500000e-07  5.77200612e+00 
 1.81500000e-07  5.78011013e+00 
 1.82500000e-07  5.78800204e+00 
 1.83500000e-07  5.79567356e+00 
 1.84500000e-07  5.80311877e+00 
 1.85500000e-07  5.81033434e+00 
 1.86500000e-07  5.81731950e+00 
 1.87500000e-07  5.82407596e+00 
 1.88500000e-07  5.83060766e+00 
 1.89500000e-07  5.83692047e+00 
 1.90500000e-07  5.84302178e+00 
 1.91500000e-07  5.84892015e+00 
 1.92500000e-07  5.85462492e+00 
 1.93500000e-07  5.86014590e+00 
 1.94500000e-07  5.86549309e+00 
 1.95500000e-07  5.87067644e+00 
 1.96500000e-07  5.87570568e+00 
 1.97500000e-07  5.88059022e+00 
 1.98500000e-07  5.88533907e+00 
 1.99500000e-07  5.88996074e+00 
 2.00500000e-07  5.89446329e+00 
 2.01500000e-07  5.89885424e+00 
 2.02500000e-07  5.90314065e+00 
 2.03500000e-07  5.90732909e+00 
 2.04500000e-07  5.91142569e+00 
 2.05500000e-07  5.91543611e+00 
 2.06500000e-07  5.91936565e+00 
 2.07500000e-07  5.92321919e+00 
 2.08500000e-07  5.92700130e+00 
 2.09500000e-07  5.93071617e+00 
 2.10500000e-07  5.93436774e+00 
 2.11500000e-07  5.93795963e+00 
 2.12500000e-07  5.94149522e+00 
 2.13500000e-07  5.94497764e+00 
 2.14500000e-07  5.94840981e+00 
 2.15500000e-07  5.95179444e+00 
 2.16500000e-07  5.95513407e+00 
 2.17500000e-07  5.95843104e+00 
 2.18500000e-07  5.96168755e+00 
 2.19500000e-07  5.96490564e+00 
 2.20500000e-07  5.96808723e+00 
 2.21500000e-07  5.97123410e+00 
 2.22500000e-07  5.97434792e+00 
 2.23500000e-07  5.97743027e+00 
 2.24500000e-07  5.98048259e+00 
 2.25500000e-07  5.98350627e+00 
 2.26500000e-07  5.98650260e+00 
 2.27500000e-07  5.98947277e+00 
 2.28500000e-07  5.99241792e+00 
 2.29500000e-07  5.99533913e+00 
 2.30500000e-07  5.99823739e+00 
 2.31500000e-07  6.00111364e+00 
 2.32500000e-07  6.00396878e+00 
 2.33500000e-07  6.00680365e+00 
 2.34500000e-07  6.00961903e+00 
 2.35500000e-07  6.01241566e+00 
 2.36500000e-07  6.01519426e+00 
 2.37500000e-07  6.01795549e+00 
 2.38500000e-07  6.02069997e+00 
 2.39500000e-07  6.02342829e+00 
 2.40500000e-07  6.02614103e+00 
 2.41500000e-07  6.02883871e+00 
 2.42500000e-07  6.03152184e+00 
 2.43500000e-07  6.03419088e+00 
 2.44500000e-07  6.03684631e+00 
 2.45500000e-07  6.03948854e+00 
 2.46500000e-07  6.04211798e+00 
 2.47500000e-07  6.04473502e+00 
 2.48500000e-07  6.04734003e+00 
 2.49500000e-07  6.04993336e+00 
 2.50500000e-07  6.05251534e+00 
 2.51500000e-07  6.05508629e+00 
 2.52500000e-07  6.05764651e+00 
 2.53500000e-07  6.06019628e+00 
 2.54500000e-07  6.06273588e+00 
 2.55500000e-07  6.06526557e+00 
 2.56500000e-07  6.06778559e+00 
 2.57500000e-07  6.07029619e+00 
 2.58500000e-07  6.07279759e+00 
 2.59500000e-07  6.07529001e+00 
 2.60500000e-07  6.07777365e+00 
 2.61500000e-07  6.08024871e+00 
 2.62500000e-07  6.08271538e+00 
 2.63500000e-07  6.08517384e+00 
 2.64500000e-07  6.08762426e+00 
 2.65500000e-07  6.09006681e+00 
 2.66500000e-07  6.09250165e+00 
 2.67500000e-07  6.09492892e+00 
 2.68500000e-07  6.09734878e+00 
 2.69500000e-07  6.09976136e+00 
 2.70500000e-07  6.10216680e+00 
 2.71500000e-07  6.10456522e+00 
 2.72500000e-07  6.10695675e+00 
 2.73500000e-07  6.10934151e+00 
 2.74500000e-07  6.11171961e+00 
 2.75500000e-07  6.11409116e+00 
 2.76500000e-07  6.11645627e+00 
 2.77500000e-07  6.11881503e+00 
 2.78500000e-07  6.12116755e+00 
 2.79500000e-07  6.12351393e+00 
 2.80500000e-07  6.12585424e+00 
 2.81500000e-07  6.12818858e+00 
 2.82500000e-07  6.13051703e+00 
 2.83500000e-07  6.13283967e+00 
 2.84500000e-07  6.13515659e+00 
 2.85500000e-07  6.13746785e+00 
 2.86500000e-07  6.13977354e+00 
 2.87500000e-07  6.14207372e+00 
 2.88500000e-07  6.14436846e+00 
 2.89500000e-07  6.14665782e+00 
 2.90500000e-07  6.14894188e+00 
 2.91500000e-07  6.15122069e+00 
 2.92500000e-07  6.15349431e+00 
 2.93500000e-07  6.15576281e+00 
 2.94500000e-07  6.15802623e+00 
 2.95500000e-07  6.16028463e+00 
 2.96500000e-07  6.16253807e+00 
 2.97500000e-07  6.16478660e+00 
 2.98500000e-07  6.16703026e+00 
 2.99500000e-07  6.16926911e+00 
 3.00500000e-07  6.17150319e+00 
 3.01500000e-07  6.17373255e+00 
 3.02500000e-07  6.17595724e+00 
 3.03500000e-07  6.17817729e+00 
 3.04500000e-07  6.18039276e+00 
 3.05500000e-07  6.18260367e+00 
 3.06500000e-07  6.18481007e+00 
 3.07500000e-07  6.18701201e+00 
 3.08500000e-07  6.18920951e+00 
 3.09500000e-07  6.19140262e+00 
 3.10500000e-07  6.19359136e+00 
 3.11500000e-07  6.19577579e+00 
 3.12500000e-07  6.19795593e+00 
 3.13500000e-07  6.20013181e+00 
 3.14500000e-07  6.20230347e+00 
 3.15500000e-07  6.20447094e+00 
 3.16500000e-07  6.20663425e+00 
 3.17500000e-07  6.20879344e+00 
 3.18500000e-07  6.21094853e+00 
 3.19500000e-07  6.21309955e+00 
 3.20500000e-07  6.21524653e+00 
 3.21500000e-07  6.21738950e+00 
 3.22500000e-07  6.21952849e+00 
 3.23500000e-07  6.22166353e+00 
 3.24500000e-07  6.22379463e+00 
 3.25500000e-07  6.22592183e+00 
 3.26500000e-07  6.22804516e+00 
 3.27500000e-07  6.23016463e+00 
 3.28500000e-07  6.23228028e+00 
 3.29500000e-07  6.23439212e+00 
 3.30500000e-07  6.23650018e+00 
 3.31500000e-07  6.23860449e+00 
 3.32500000e-07  6.24070506e+00 
 3.33500000e-07  6.24280192e+00 
 3.34500000e-07  6.24489509e+00 
 3.35500000e-07  6.24698460e+00 
 3.36500000e-07  6.24907046e+00 
 3.37500000e-07  6.25115270e+00 
 3.38500000e-07  6.25323133e+00 
 3.39500000e-07  6.25530638e+00 
 3.40500000e-07  6.25737787e+00 
 3.41500000e-07  6.25944581e+00 
 3.42500000e-07  6.26151023e+00 
 3.43500000e-07  6.26357114e+00 
 3.44500000e-07  6.26562857e+00 
 3.45500000e-07  6.26768253e+00 
 3.46500000e-07  6.26973304e+00 
 3.47500000e-07  6.27178013e+00 
 3.48500000e-07  6.27382379e+00 
 3.49500000e-07  6.27586407e+00 
 3.50500000e-07  6.27790096e+00 
 3.51500000e-07  6.27993450e+00 
 3.52500000e-07  6.28196469e+00 
 3.53500000e-07  6.28399155e+00 
 3.54500000e-07  6.28601510e+00 
 3.55500000e-07  6.28803536e+00 
 3.56500000e-07  6.29005234e+00 
 3.57500000e-07  6.29206606e+00 
 3.58500000e-07  6.29407653e+00 
 3.59500000e-07  6.29608377e+00 
 3.60500000e-07  6.29808779e+00 
 3.61500000e-07  6.30008861e+00 
 3.62500000e-07  6.30208624e+00 
 3.63500000e-07  6.30408071e+00 
 3.64500000e-07  6.30607201e+00 
 3.65500000e-07  6.30806018e+00 
 3.66500000e-07  6.31004521e+00 
 3.67500000e-07  6.31202713e+00 
 3.68500000e-07  6.31400595e+00 
 3.69500000e-07  6.31598169e+00 
 3.70500000e-07  6.31795435e+00 
 3.71500000e-07  6.31992395e+00 
 3.72500000e-07  6.32189051e+00 
 3.73500000e-07  6.32385403e+00 
 3.74500000e-07  6.32581453e+00 
 3.75500000e-07  6.32777203e+00 
 3.76500000e-07  6.32972653e+00 
 3.77500000e-07  6.33167805e+00 
 3.78500000e-07  6.33362660e+00 
 3.79500000e-07  6.33557220e+00 
 3.80500000e-07  6.33751485e+00 
 3.81500000e-07  6.33945457e+00 
 3.82500000e-07  6.34139137e+00 
 3.83500000e-07  6.34332527e+00 
 3.84500000e-07  6.34525626e+00 
 3.85500000e-07  6.34718437e+00 
 3.86500000e-07  6.34910961e+00 
 3.87500000e-07  6.35103199e+00 
 3.88500000e-07  6.35295152e+00 
 3.89500000e-07  6.35486821e+00 
 3.90500000e-07  6.35678208e+00 
 3.91500000e-07  6.35869312e+00 
 3.92500000e-07  6.36060136e+00 
 3.93500000e-07  6.36250681e+00 
 3.94500000e-07  6.36440948e+00 
 3.95500000e-07  6.36630937e+00 
 3.96500000e-07  6.36820650e+00 
 3.97500000e-07  6.37010088e+00 
 3.98500000e-07  6.37199251e+00 
 3.99500000e-07  6.37388142e+00 
 4.00000000e-07  6.37482485e+00 
 4.00100000e-07  6.37497438e+00 
 4.00300000e-07  6.37521189e+00 
 4.00700000e-07  6.37544730e+00 
 4.01500000e-07  6.37558236e+00 
 4.02500000e-07  6.37562837e+00 
 4.03500000e-07  6.37567915e+00 
 4.04500000e-07  6.37572923e+00 
 4.05500000e-07  6.37577942e+00 
 4.06500000e-07  6.37582959e+00 
 4.07500000e-07  6.37587975e+00 
 4.08500000e-07  6.37592991e+00 
 4.09500000e-07  6.37598006e+00 
 4.10500000e-07  6.37603021e+00 
 4.11500000e-07  6.37608036e+00 
 4.12500000e-07  6.37613050e+00 
 4.13500000e-07  6.37618063e+00 
 4.14500000e-07  6.37623076e+00 
 4.15500000e-07  6.37628089e+00 
 4.16500000e-07  6.37633101e+00 
 4.17500000e-07  6.37638113e+00 
 4.18500000e-07  6.37643124e+00 
 4.19500000e-07  6.37648135e+00 
 4.20500000e-07  6.37653145e+00 
 4.21500000e-07  6.37658155e+00 
 4.22500000e-07  6.37663165e+00 
 4.23500000e-07  6.37668174e+00 
 4.24500000e-07  6.37673182e+00 
 4.25500000e-07  6.37678190e+00 
 4.26500000e-07  6.37683198e+00 
 4.27500000e-07  6.37688205e+00 
 4.28500000e-07  6.37693212e+00 
 4.29500000e-07  6.37698218e+00 
 4.30500000e-07  6.37703224e+00 
 4.31500000e-07  6.37708229e+00 
 4.32500000e-07  6.37713234e+00 
 4.33500000e-07  6.37718239e+00 
 4.34500000e-07  6.37723243e+00 
 4.35500000e-07  6.37728246e+00 
 4.36500000e-07  6.37733249e+00 
 4.37500000e-07  6.37738252e+00 
 4.38500000e-07  6.37743254e+00 
 4.39500000e-07  6.37748256e+00 
 4.40500000e-07  6.37753257e+00 
 4.41500000e-07  6.37758258e+00 
 4.42500000e-07  6.37763258e+00 
 4.43500000e-07  6.37768258e+00 
 4.44500000e-07  6.37773258e+00 
 4.45500000e-07  6.37778256e+00 
 4.46500000e-07  6.37783255e+00 
 4.47500000e-07  6.37788253e+00 
 4.48500000e-07  6.37793251e+00 
 4.49500000e-07  6.37798248e+00 
 4.50500000e-07  6.37803244e+00 
 4.51500000e-07  6.37808241e+00 
 4.52500000e-07  6.37813237e+00 
 4.53500000e-07  6.37818232e+00 
 4.54500000e-07  6.37823227e+00 
 4.55500000e-07  6.37828221e+00 
 4.56500000e-07  6.37833215e+00 
 4.57500000e-07  6.37838209e+00 
 4.58500000e-07  6.37843202e+00 
 4.59500000e-07  6.37848194e+00 
 4.60500000e-07  6.37853186e+00 
 4.61500000e-07  6.37858178e+00 
 4.62500000e-07  6.37863169e+00 
 4.63500000e-07  6.37868160e+00 
 4.64500000e-07  6.37873150e+00 
 4.65500000e-07  6.37878140e+00 
 4.66500000e-07  6.37883130e+00 
 4.67500000e-07  6.37888118e+00 
 4.68500000e-07  6.37893107e+00 
 4.69500000e-07  6.37898095e+00 
 4.70500000e-07  6.37903083e+00 
 4.71500000e-07  6.37908070e+00 
 4.72500000e-07  6.37913056e+00 
 4.73500000e-07  6.37918043e+00 
 4.74500000e-07  6.37923028e+00 
 4.75500000e-07  6.37928014e+00 
 4.76500000e-07  6.37932998e+00 
 4.77500000e-07  6.37937983e+00 
 4.78500000e-07  6.37942967e+00 
 4.79500000e-07  6.37947950e+00 
 4.80500000e-07  6.37952933e+00 
 4.81500000e-07  6.37957916e+00 
 4.82500000e-07  6.37962898e+00 
 4.83500000e-07  6.37967880e+00 
 4.84500000e-07  6.37972861e+00 
 4.85500000e-07  6.37977842e+00 
 4.86500000e-07  6.37982822e+00 
 4.87500000e-07  6.37987802e+00 
 4.88500000e-07  6.37992781e+00 
 4.89500000e-07  6.37997760e+00 
 4.90500000e-07  6.38002738e+00 
 4.91500000e-07  6.38007716e+00 
 4.92500000e-07  6.38012694e+00 
 4.93500000e-07  6.38017671e+00 
 4.94500000e-07  6.38022648e+00 
 4.95500000e-07  6.38027624e+00 
 4.96500000e-07  6.38032600e+00 
 4.97500000e-07  6.38037575e+00 
 4.98500000e-07  6.38042550e+00 
 4.99500000e-07  6.38047524e+00 
 5.00500000e-07  6.38052498e+00 
 5.01500000e-07  6.38057472e+00 
 5.02500000e-07  6.38062445e+00 
 5.03500000e-07  6.38067417e+00 
 5.04500000e-07  6.38072389e+00 
 5.05500000e-07  6.38077361e+00 
 5.06500000e-07  6.38082332e+00 
 5.07500000e-07  6.38087303e+00 
 5.08500000e-07  6.38092273e+00 
 5.09500000e-07  6.38097243e+00 
 5.10500000e-07  6.38102212e+00 
 5.11500000e-07  6.38107181e+00 
 5.12500000e-07  6.38112150e+00 
 5.13500000e-07  6.38117118e+00 
 5.14500000e-07  6.38122085e+00 
 5.15500000e-07  6.38127052e+00 
 5.16500000e-07  6.38132019e+00 
 5.17500000e-07  6.38136985e+00 
 5.18500000e-07  6.38141951e+00 
 5.19500000e-07  6.38146916e+00 
 5.20500000e-07  6.38151881e+00 
 5.21500000e-07  6.38156845e+00 
 5.22500000e-07  6.38161809e+00 
 5.23500000e-07  6.38166773e+00 
 5.24500000e-07  6.38171736e+00 
 5.25500000e-07  6.38176698e+00 
 5.26500000e-07  6.38181660e+00 
 5.27500000e-07  6.38186622e+00 
 5.28500000e-07  6.38191583e+00 
 5.29500000e-07  6.38196544e+00 
 5.30500000e-07  6.38201504e+00 
 5.31500000e-07  6.38206464e+00 
 5.32500000e-07  6.38211423e+00 
 5.33500000e-07  6.38216382e+00 
 5.34500000e-07  6.38221341e+00 
 5.35500000e-07  6.38226299e+00 
 5.36500000e-07  6.38231256e+00 
 5.37500000e-07  6.38236214e+00 
 5.38500000e-07  6.38241170e+00 
 5.39500000e-07  6.38246126e+00 
 5.40500000e-07  6.38251082e+00 
 5.41500000e-07  6.38256037e+00 
 5.42500000e-07  6.38260992e+00 
 5.43500000e-07  6.38265947e+00 
 5.44500000e-07  6.38270901e+00 
 5.45500000e-07  6.38275854e+00 
 5.46500000e-07  6.38280807e+00 
 5.47500000e-07  6.38285760e+00 
 5.48500000e-07  6.38290712e+00 
 5.49500000e-07  6.38295663e+00 
 5.50500000e-07  6.38300615e+00 
 5.51500000e-07  6.38305565e+00 
 5.52500000e-07  6.38310516e+00 
 5.53500000e-07  6.38315465e+00 
 5.54500000e-07  6.38320415e+00 
 5.55500000e-07  6.38325364e+00 
 5.56500000e-07  6.38330312e+00 
 5.57500000e-07  6.38335260e+00 
 5.58500000e-07  6.38340208e+00 
 5.59500000e-07  6.38345155e+00 
 5.60500000e-07  6.38350102e+00 
 5.61500000e-07  6.38355048e+00 
 5.62500000e-07  6.38359994e+00 
 5.63500000e-07  6.38364939e+00 
 5.64500000e-07  6.38369884e+00 
 5.65500000e-07  6.38374828e+00 
 5.66500000e-07  6.38379772e+00 
 5.67500000e-07  6.38384716e+00 
 5.68500000e-07  6.38389659e+00 
 5.69500000e-07  6.38394601e+00 
 5.70500000e-07  6.38399543e+00 
 5.71500000e-07  6.38404485e+00 
 5.72500000e-07  6.38409426e+00 
 5.73500000e-07  6.38414367e+00 
 5.74500000e-07  6.38419307e+00 
 5.75500000e-07  6.38424247e+00 
 5.76500000e-07  6.38429187e+00 
 5.77500000e-07  6.38434126e+00 
 5.78500000e-07  6.38439064e+00 
 5.79500000e-07  6.38444002e+00 
 5.80500000e-07  6.38448940e+00 
 5.81500000e-07  6.38453877e+00 
 5.82500000e-07  6.38458814e+00 
 5.83500000e-07  6.38463750e+00 
 5.84500000e-07  6.38468686e+00 
 5.85500000e-07  6.38473621e+00 
 5.86500000e-07  6.38478556e+00 
 5.87500000e-07  6.38483490e+00 
 5.88500000e-07  6.38488424e+00 
 5.89500000e-07  6.38493358e+00 
 5.90500000e-07  6.38498291e+00 
 5.91500000e-07  6.38503224e+00 
 5.92500000e-07  6.38508156e+00 
 5.93500000e-07  6.38513087e+00 
 5.94500000e-07  6.38518019e+00 
 5.95500000e-07  6.38522950e+00 
 5.96500000e-07  6.38527880e+00 
 5.97500000e-07  6.38532810e+00 
 5.98500000e-07  6.38537739e+00 
 5.99500000e-07  6.38542668e+00 
 6.00500000e-07  6.38547597e+00 
 6.01500000e-07  6.38552525e+00 
 6.02500000e-07  6.38557453e+00 
 6.03500000e-07  6.38562380e+00 
 6.04500000e-07  6.38567306e+00 
 6.05500000e-07  6.38572233e+00 
 6.06500000e-07  6.38577159e+00 
 6.07500000e-07  6.38582084e+00 
 6.08500000e-07  6.38587009e+00 
 6.09500000e-07  6.38591933e+00 
 6.10500000e-07  6.38596857e+00 
 6.11500000e-07  6.38601781e+00 
 6.12500000e-07  6.38606704e+00 
 6.13500000e-07  6.38611627e+00 
 6.14500000e-07  6.38616549e+00 
 6.15500000e-07  6.38621471e+00 
 6.16500000e-07  6.38626392e+00 
 6.17500000e-07  6.38631313e+00 
 6.18500000e-07  6.38636233e+00 
 6.19500000e-07  6.38641153e+00 
 6.20500000e-07  6.38646073e+00 
 6.21500000e-07  6.38650992e+00 
 6.22500000e-07  6.38655910e+00 
 6.23500000e-07  6.38660828e+00 
 6.24500000e-07  6.38665746e+00 
 6.25500000e-07  6.38670663e+00 
 6.26500000e-07  6.38675580e+00 
 6.27500000e-07  6.38680496e+00 
 6.28500000e-07  6.38685412e+00 
 6.29500000e-07  6.38690328e+00 
 6.30500000e-07  6.38695243e+00 
 6.31500000e-07  6.38700157e+00 
 6.32500000e-07  6.38705071e+00 
 6.33500000e-07  6.38709985e+00 
 6.34500000e-07  6.38714898e+00 
 6.35500000e-07  6.38719811e+00 
 6.36500000e-07  6.38724723e+00 
 6.37500000e-07  6.38729635e+00 
 6.38500000e-07  6.38734546e+00 
 6.39500000e-07  6.38739457e+00 
 6.40500000e-07  6.38744368e+00 
 6.41500000e-07  6.38749278e+00 
 6.42500000e-07  6.38754187e+00 
 6.43500000e-07  6.38759096e+00 
 6.44500000e-07  6.38764005e+00 
 6.45500000e-07  6.38768913e+00 
 6.46500000e-07  6.38773821e+00 
 6.47500000e-07  6.38778728e+00 
 6.48500000e-07  6.38783635e+00 
 6.49500000e-07  6.38788541e+00 
 6.50500000e-07  6.38793447e+00 
 6.51500000e-07  6.38798353e+00 
 6.52500000e-07  6.38803258e+00 
 6.53500000e-07  6.38808162e+00 
 6.54500000e-07  6.38813067e+00 
 6.55500000e-07  6.38817970e+00 
 6.56500000e-07  6.38822873e+00 
 6.57500000e-07  6.38827776e+00 
 6.58500000e-07  6.38832679e+00 
 6.59500000e-07  6.38837580e+00 
 6.60500000e-07  6.38842482e+00 
 6.61500000e-07  6.38847383e+00 
 6.62500000e-07  6.38852283e+00 
 6.63500000e-07  6.38857183e+00 
 6.64500000e-07  6.38862083e+00 
 6.65500000e-07  6.38866982e+00 
 6.66500000e-07  6.38871881e+00 
 6.67500000e-07  6.38876779e+00 
 6.68500000e-07  6.38881677e+00 
 6.69500000e-07  6.38886574e+00 
 6.70500000e-07  6.38891471e+00 
 6.71500000e-07  6.38896368e+00 
 6.72500000e-07  6.38901264e+00 
 6.73500000e-07  6.38906159e+00 
 6.74500000e-07  6.38911054e+00 
 6.75500000e-07  6.38915949e+00 
 6.76500000e-07  6.38920843e+00 
 6.77500000e-07  6.38925737e+00 
 6.78500000e-07  6.38930630e+00 
 6.79500000e-07  6.38935523e+00 
 6.80500000e-07  6.38940416e+00 
 6.81500000e-07  6.38945308e+00 
 6.82500000e-07  6.38950199e+00 
 6.83500000e-07  6.38955090e+00 
 6.84500000e-07  6.38959981e+00 
 6.85500000e-07  6.38964871e+00 
 6.86500000e-07  6.38969761e+00 
 6.87500000e-07  6.38974650e+00 
 6.88500000e-07  6.38979539e+00 
 6.89500000e-07  6.38984427e+00 
 6.90500000e-07  6.38989315e+00 
 6.91500000e-07  6.38994202e+00 
 6.92500000e-07  6.38999089e+00 
 6.93500000e-07  6.39003976e+00 
 6.94500000e-07  6.39008862e+00 
 6.95500000e-07  6.39013748e+00 
 6.96500000e-07  6.39018633e+00 
 6.97500000e-07  6.39023517e+00 
 6.98500000e-07  6.39028402e+00 
 6.99500000e-07  6.39033286e+00 
 7.00500000e-07  6.39038169e+00 
 7.01500000e-07  6.39043052e+00 
 7.02500000e-07  6.39047934e+00 
 7.03500000e-07  6.39052816e+00 
 7.04500000e-07  6.39057698e+00 
 7.05500000e-07  6.39062579e+00 
 7.06500000e-07  6.39067460e+00 
 7.07500000e-07  6.39072340e+00 
 7.08500000e-07  6.39077220e+00 
 7.09500000e-07  6.39082099e+00 
 7.10500000e-07  6.39086978e+00 
 7.11500000e-07  6.39091857e+00 
 7.12500000e-07  6.39096735e+00 
 7.13500000e-07  6.39101612e+00 
 7.14500000e-07  6.39106489e+00 
 7.15500000e-07  6.39111366e+00 
 7.16500000e-07  6.39116242e+00 
 7.17500000e-07  6.39121118e+00 
 7.18500000e-07  6.39125993e+00 
 7.19500000e-07  6.39130868e+00 
 7.20500000e-07  6.39135742e+00 
 7.21500000e-07  6.39140616e+00 
 7.22500000e-07  6.39145490e+00 
 7.23500000e-07  6.39150363e+00 
 7.24500000e-07  6.39155235e+00 
 7.25500000e-07  6.39160107e+00 
 7.26500000e-07  6.39164979e+00 
 7.27500000e-07  6.39169850e+00 
 7.28500000e-07  6.39174721e+00 
 7.29500000e-07  6.39179591e+00 
 7.30500000e-07  6.39184461e+00 
 7.31500000e-07  6.39189331e+00 
 7.32500000e-07  6.39194200e+00 
 7.33500000e-07  6.39199068e+00 
 7.34500000e-07  6.39203936e+00 
 7.35500000e-07  6.39208804e+00 
 7.36500000e-07  6.39213671e+00 
 7.37500000e-07  6.39218538e+00 
 7.38500000e-07  6.39223404e+00 
 7.39500000e-07  6.39228270e+00 
 7.40500000e-07  6.39233135e+00 
 7.41500000e-07  6.39238000e+00 
 7.42500000e-07  6.39242865e+00 
 7.43500000e-07  6.39247729e+00 
 7.44500000e-07  6.39252593e+00 
 7.45500000e-07  6.39257456e+00 
 7.46500000e-07  6.39262318e+00 
 7.47500000e-07  6.39267181e+00 
 7.48500000e-07  6.39272042e+00 
 7.49500000e-07  6.39276904e+00 
 7.50500000e-07  6.39281765e+00 
 7.51500000e-07  6.39286625e+00 
 7.52500000e-07  6.39291485e+00 
 7.53500000e-07  6.39296345e+00 
 7.54500000e-07  6.39301204e+00 
 7.55500000e-07  6.39306062e+00 
 7.56500000e-07  6.39310921e+00 
 7.57500000e-07  6.39315778e+00 
 7.58500000e-07  6.39320636e+00 
 7.59500000e-07  6.39325492e+00 
 7.60500000e-07  6.39330349e+00 
 7.61500000e-07  6.39335205e+00 
 7.62500000e-07  6.39340060e+00 
 7.63500000e-07  6.39344915e+00 
 7.64500000e-07  6.39349770e+00 
 7.65500000e-07  6.39354624e+00 
 7.66500000e-07  6.39359478e+00 
 7.67500000e-07  6.39364331e+00 
 7.68500000e-07  6.39369184e+00 
 7.69500000e-07  6.39374036e+00 
 7.70500000e-07  6.39378888e+00 
 7.71500000e-07  6.39383740e+00 
 7.72500000e-07  6.39388591e+00 
 7.73500000e-07  6.39393441e+00 
 7.74500000e-07  6.39398291e+00 
 7.75500000e-07  6.39403141e+00 
 7.76500000e-07  6.39407990e+00 
 7.77500000e-07  6.39412839e+00 
 7.78500000e-07  6.39417687e+00 
 7.79500000e-07  6.39422535e+00 
 7.80500000e-07  6.39427383e+00 
 7.81500000e-07  6.39432230e+00 
 7.82500000e-07  6.39437076e+00 
 7.83500000e-07  6.39441922e+00 
 7.84500000e-07  6.39446768e+00 
 7.85500000e-07  6.39451613e+00 
 7.86500000e-07  6.39456458e+00 
 7.87500000e-07  6.39461302e+00 
 7.88500000e-07  6.39466146e+00 
 7.89500000e-07  6.39470989e+00 
 7.90500000e-07  6.39475832e+00 
 7.91500000e-07  6.39480675e+00 
 7.92500000e-07  6.39485517e+00 
 7.93500000e-07  6.39490358e+00 
 7.94500000e-07  6.39495200e+00 
 7.95500000e-07  6.39500040e+00 
 7.96500000e-07  6.39504880e+00 
 7.97500000e-07  6.39509720e+00 
 7.98500000e-07  6.39514560e+00 
 7.99500000e-07  6.39519399e+00 
 8.00500000e-07  6.39524237e+00 
 8.01500000e-07  6.39529075e+00 
 8.02500000e-07  6.39533913e+00 
 8.03500000e-07  6.39538750e+00 
 8.04500000e-07  6.39543586e+00 
 8.05500000e-07  6.39548423e+00 
 8.06500000e-07  6.39553258e+00 
 8.07500000e-07  6.39558094e+00 
 8.08500000e-07  6.39562928e+00 
 8.09500000e-07  6.39567763e+00 
 8.10500000e-07  6.39572597e+00 
 8.11500000e-07  6.39577430e+00 
 8.12500000e-07  6.39582263e+00 
 8.13500000e-07  6.39587096e+00 
 8.14500000e-07  6.39591928e+00 
 8.15500000e-07  6.39596760e+00 
 8.16500000e-07  6.39601591e+00 
 8.17500000e-07  6.39606422e+00 
 8.18500000e-07  6.39611253e+00 
 8.19500000e-07  6.39616083e+00 
 8.20500000e-07  6.39620912e+00 
 8.21500000e-07  6.39625741e+00 
 8.22500000e-07  6.39630570e+00 
 8.23500000e-07  6.39635398e+00 
 8.24500000e-07  6.39640226e+00 
 8.25500000e-07  6.39645053e+00 
 8.26500000e-07  6.39649880e+00 
 8.27500000e-07  6.39654706e+00 
 8.28500000e-07  6.39659532e+00 
 8.29500000e-07  6.39664357e+00 
 8.30500000e-07  6.39669182e+00 
 8.31500000e-07  6.39674007e+00 
 8.32500000e-07  6.39678831e+00 
 8.33500000e-07  6.39683655e+00 
 8.34500000e-07  6.39688478e+00 
 8.35500000e-07  6.39693301e+00 
 8.36500000e-07  6.39698123e+00 
 8.37500000e-07  6.39702945e+00 
 8.38500000e-07  6.39707766e+00 
 8.39500000e-07  6.39712587e+00 
 8.40500000e-07  6.39717408e+00 
 8.41500000e-07  6.39722228e+00 
 8.42500000e-07  6.39727048e+00 
 8.43500000e-07  6.39731867e+00 
 8.44500000e-07  6.39736686e+00 
 8.45500000e-07  6.39741504e+00 
 8.46500000e-07  6.39746322e+00 
 8.47500000e-07  6.39751139e+00 
 8.48500000e-07  6.39755956e+00 
 8.49500000e-07  6.39760773e+00 
 8.50500000e-07  6.39765589e+00 
 8.51500000e-07  6.39770404e+00 
 8.52500000e-07  6.39775220e+00 
 8.53500000e-07  6.39780034e+00 
 8.54500000e-07  6.39784849e+00 
 8.55500000e-07  6.39789663e+00 
 8.56500000e-07  6.39794476e+00 
 8.57500000e-07  6.39799289e+00 
 8.58500000e-07  6.39804101e+00 
 8.59500000e-07  6.39808913e+00 
 8.60500000e-07  6.39813725e+00 
 8.61500000e-07  6.39818536e+00 
 8.62500000e-07  6.39823347e+00 
 8.63500000e-07  6.39828157e+00 
 8.64500000e-07  6.39832967e+00 
 8.65500000e-07  6.39837776e+00 
 8.66500000e-07  6.39842585e+00 
 8.67500000e-07  6.39847394e+00 
 8.68500000e-07  6.39852202e+00 
 8.69500000e-07  6.39857009e+00 
 8.70500000e-07  6.39861816e+00 
 8.71500000e-07  6.39866623e+00 
 8.72500000e-07  6.39871429e+00 
 8.73500000e-07  6.39876235e+00 
 8.74500000e-07  6.39881041e+00 
 8.75500000e-07  6.39885845e+00 
 8.76500000e-07  6.39890650e+00 
 8.77500000e-07  6.39895454e+00 
 8.78500000e-07  6.39900258e+00 
 8.79500000e-07  6.39905061e+00 
 8.80500000e-07  6.39909863e+00 
 8.81500000e-07  6.39914666e+00 
 8.82500000e-07  6.39919467e+00 
 8.83500000e-07  6.39924269e+00 
 8.84500000e-07  6.39929070e+00 
 8.85500000e-07  6.39933870e+00 
 8.86500000e-07  6.39938670e+00 
 8.87500000e-07  6.39943470e+00 
 8.88500000e-07  6.39948269e+00 
 8.89500000e-07  6.39953067e+00 
 8.90500000e-07  6.39957865e+00 
 8.91500000e-07  6.39962663e+00 
 8.92500000e-07  6.39967461e+00 
 8.93500000e-07  6.39972257e+00 
 8.94500000e-07  6.39977054e+00 
 8.95500000e-07  6.39981850e+00 
 8.96500000e-07  6.39986645e+00 
 8.97500000e-07  6.39991440e+00 
 8.98500000e-07  6.39996235e+00 
 8.99500000e-07  6.40001029e+00 
 9.00500000e-07  6.40005823e+00 
 9.01500000e-07  6.40010616e+00 
 9.02500000e-07  6.40015409e+00 
 9.03500000e-07  6.40020202e+00 
 9.04500000e-07  6.40024994e+00 
 9.05500000e-07  6.40029785e+00 
 9.06500000e-07  6.40034576e+00 
 9.07500000e-07  6.40039367e+00 
 9.08500000e-07  6.40044157e+00 
 9.09500000e-07  6.40048947e+00 
 9.10500000e-07  6.40053736e+00 
 9.11500000e-07  6.40058525e+00 
 9.12500000e-07  6.40063313e+00 
 9.13500000e-07  6.40068101e+00 
 9.14500000e-07  6.40072889e+00 
 9.15500000e-07  6.40077676e+00 
 9.16500000e-07  6.40082462e+00 
 9.17500000e-07  6.40087249e+00 
 9.18500000e-07  6.40092034e+00 
 9.19500000e-07  6.40096820e+00 
 9.20500000e-07  6.40101604e+00 
 9.21500000e-07  6.40106389e+00 
 9.22500000e-07  6.40111173e+00 
 9.23500000e-07  6.40115956e+00 
 9.24500000e-07  6.40120739e+00 
 9.25500000e-07  6.40125522e+00 
 9.26500000e-07  6.40130304e+00 
 9.27500000e-07  6.40135086e+00 
 9.28500000e-07  6.40139867e+00 
 9.29500000e-07  6.40144648e+00 
 9.30500000e-07  6.40149428e+00 
 9.31500000e-07  6.40154208e+00 
 9.32500000e-07  6.40158988e+00 
 9.33500000e-07  6.40163767e+00 
 9.34500000e-07  6.40168545e+00 
 9.35500000e-07  6.40173324e+00 
 9.36500000e-07  6.40178101e+00 
 9.37500000e-07  6.40182879e+00 
 9.38500000e-07  6.40187655e+00 
 9.39500000e-07  6.40192432e+00 
 9.40500000e-07  6.40197208e+00 
 9.41500000e-07  6.40201983e+00 
 9.42500000e-07  6.40206758e+00 
 9.43500000e-07  6.40211533e+00 
 9.44500000e-07  6.40216307e+00 
 9.45500000e-07  6.40221081e+00 
 9.46500000e-07  6.40225854e+00 
 9.47500000e-07  6.40230627e+00 
 9.48500000e-07  6.40235399e+00 
 9.49500000e-07  6.40240171e+00 
 9.50500000e-07  6.40244943e+00 
 9.51500000e-07  6.40249714e+00 
 9.52500000e-07  6.40254484e+00 
 9.53500000e-07  6.40259254e+00 
 9.54500000e-07  6.40264024e+00 
 9.55500000e-07  6.40268793e+00 
 9.56500000e-07  6.40273562e+00 
 9.57500000e-07  6.40278330e+00 
 9.58500000e-07  6.40283098e+00 
 9.59500000e-07  6.40287866e+00 
 9.60500000e-07  6.40292633e+00 
 9.61500000e-07  6.40297399e+00 
 9.62500000e-07  6.40302166e+00 
 9.63500000e-07  6.40306931e+00 
 9.64500000e-07  6.40311697e+00 
 9.65500000e-07  6.40316461e+00 
 9.66500000e-07  6.40321226e+00 
 9.67500000e-07  6.40325990e+00 
 9.68500000e-07  6.40330753e+00 
 9.69500000e-07  6.40335516e+00 
 9.70500000e-07  6.40340279e+00 
 9.71500000e-07  6.40345041e+00 
 9.72500000e-07  6.40349803e+00 
 9.73500000e-07  6.40354564e+00 
 9.74500000e-07  6.40359325e+00 
 9.75500000e-07  6.40364085e+00 
 9.76500000e-07  6.40368845e+00 
 9.77500000e-07  6.40373604e+00 
 9.78500000e-07  6.40378364e+00 
 9.79500000e-07  6.40383122e+00 
 9.80500000e-07  6.40387880e+00 
 9.81500000e-07  6.40392638e+00 
 9.82500000e-07  6.40397395e+00 
 9.83500000e-07  6.40402152e+00 
 9.84500000e-07  6.40406908e+00 
 9.85500000e-07  6.40411664e+00 
 9.86500000e-07  6.40416420e+00 
 9.87500000e-07  6.40421175e+00 
 9.88500000e-07  6.40425929e+00 
 9.89500000e-07  6.40430684e+00 
 9.90500000e-07  6.40435437e+00 
 9.91500000e-07  6.40440191e+00 
 9.92500000e-07  6.40444943e+00 
 9.93500000e-07  6.40449696e+00 
 9.94500000e-07  6.40454448e+00 
 9.95500000e-07  6.40459199e+00 
 9.96500000e-07  6.40463950e+00 
 9.97500000e-07  6.40468701e+00 
 9.98500000e-07  6.40473451e+00 
 9.99500000e-07  6.40478201e+00 
 1.00050000e-06  6.40482950e+00 
 1.00150000e-06  6.40487699e+00 
 1.00250000e-06  6.40492447e+00 
 1.00350000e-06  6.40497195e+00 
 1.00450000e-06  6.40501943e+00 
 1.00550000e-06  6.40506690e+00 
 1.00650000e-06  6.40511436e+00 
 1.00750000e-06  6.40516183e+00 
 1.00850000e-06  6.40520928e+00 
 1.00950000e-06  6.40525674e+00 
 1.01050000e-06  6.40530418e+00 
 1.01150000e-06  6.40535163e+00 
 1.01250000e-06  6.40539907e+00 
 1.01350000e-06  6.40544650e+00 
 1.01450000e-06  6.40549393e+00 
 1.01550000e-06  6.40554136e+00 
 1.01650000e-06  6.40558878e+00 
 1.01750000e-06  6.40563620e+00 
 1.01850000e-06  6.40568361e+00 
 1.01950000e-06  6.40573102e+00 
 1.02050000e-06  6.40577842e+00 
 1.02150000e-06  6.40582582e+00 
 1.02250000e-06  6.40587322e+00 
 1.02350000e-06  6.40592061e+00 
 1.02450000e-06  6.40596800e+00 
 1.02550000e-06  6.40601538e+00 
 1.02650000e-06  6.40606275e+00 
 1.02750000e-06  6.40611013e+00 
 1.02850000e-06  6.40615750e+00 
 1.02950000e-06  6.40620486e+00 
 1.03050000e-06  6.40625222e+00 
 1.03150000e-06  6.40629958e+00 
 1.03250000e-06  6.40634693e+00 
 1.03350000e-06  6.40639427e+00 
 1.03450000e-06  6.40644161e+00 
 1.03550000e-06  6.40648895e+00 
 1.03650000e-06  6.40653629e+00 
 1.03750000e-06  6.40658361e+00 
 1.03850000e-06  6.40663094e+00 
 1.03950000e-06  6.40667826e+00 
 1.04050000e-06  6.40672557e+00 
 1.04150000e-06  6.40677288e+00 
 1.04250000e-06  6.40682019e+00 
 1.04350000e-06  6.40686749e+00 
 1.04450000e-06  6.40691479e+00 
 1.04550000e-06  6.40696208e+00 
 1.04650000e-06  6.40700937e+00 
 1.04750000e-06  6.40705666e+00 
 1.04850000e-06  6.40710394e+00 
 1.04950000e-06  6.40715121e+00 
 1.05050000e-06  6.40719848e+00 
 1.05150000e-06  6.40724575e+00 
 1.05250000e-06  6.40729301e+00 
 1.05350000e-06  6.40734027e+00 
 1.05450000e-06  6.40738753e+00 
 1.05550000e-06  6.40743477e+00 
 1.05650000e-06  6.40748202e+00 
 1.05750000e-06  6.40752926e+00 
 1.05850000e-06  6.40757650e+00 
 1.05950000e-06  6.40762373e+00 
 1.06050000e-06  6.40767095e+00 
 1.06150000e-06  6.40771818e+00 
 1.06250000e-06  6.40776539e+00 
 1.06350000e-06  6.40781261e+00 
 1.06450000e-06  6.40785982e+00 
 1.06550000e-06  6.40790702e+00 
 1.06650000e-06  6.40795422e+00 
 1.06750000e-06  6.40800142e+00 
 1.06850000e-06  6.40804861e+00 
 1.06950000e-06  6.40809580e+00 
 1.07050000e-06  6.40814298e+00 
 1.07150000e-06  6.40819016e+00 
 1.07250000e-06  6.40823733e+00 
 1.07350000e-06  6.40828450e+00 
 1.07450000e-06  6.40833167e+00 
 1.07550000e-06  6.40837883e+00 
 1.07650000e-06  6.40842598e+00 
 1.07750000e-06  6.40847314e+00 
 1.07850000e-06  6.40852028e+00 
 1.07950000e-06  6.40856743e+00 
 1.08050000e-06  6.40861456e+00 
 1.08150000e-06  6.40866170e+00 
 1.08250000e-06  6.40870883e+00 
 1.08350000e-06  6.40875595e+00 
 1.08450000e-06  6.40880307e+00 
 1.08550000e-06  6.40885019e+00 
 1.08650000e-06  6.40889730e+00 
 1.08750000e-06  6.40894441e+00 
 1.08850000e-06  6.40899151e+00 
 1.08950000e-06  6.40903861e+00 
 1.09050000e-06  6.40908571e+00 
 1.09150000e-06  6.40913280e+00 
 1.09250000e-06  6.40917988e+00 
 1.09350000e-06  6.40922696e+00 
 1.09450000e-06  6.40927404e+00 
 1.09550000e-06  6.40932111e+00 
 1.09650000e-06  6.40936818e+00 
 1.09750000e-06  6.40941524e+00 
 1.09850000e-06  6.40946230e+00 
 1.09950000e-06  6.40950936e+00 
 1.10050000e-06  6.40955641e+00 
 1.10150000e-06  6.40960345e+00 
 1.10250000e-06  6.40965050e+00 
 1.10350000e-06  6.40969753e+00 
 1.10450000e-06  6.40974457e+00 
 1.10550000e-06  6.40979159e+00 
 1.10650000e-06  6.40983862e+00 
 1.10750000e-06  6.40988564e+00 
 1.10850000e-06  6.40993265e+00 
 1.10950000e-06  6.40997966e+00 
 1.11050000e-06  6.41002667e+00 
 1.11150000e-06  6.41007367e+00 
 1.11250000e-06  6.41012067e+00 
 1.11350000e-06  6.41016766e+00 
 1.11450000e-06  6.41021465e+00 
 1.11550000e-06  6.41026163e+00 
 1.11650000e-06  6.41030861e+00 
 1.11750000e-06  6.41035559e+00 
 1.11850000e-06  6.41040256e+00 
 1.11950000e-06  6.41044952e+00 
 1.12050000e-06  6.41049649e+00 
 1.12150000e-06  6.41054344e+00 
 1.12250000e-06  6.41059040e+00 
 1.12350000e-06  6.41063735e+00 
 1.12450000e-06  6.41068429e+00 
 1.12550000e-06  6.41073123e+00 
 1.12650000e-06  6.41077817e+00 
 1.12750000e-06  6.41082510e+00 
 1.12850000e-06  6.41087202e+00 
 1.12950000e-06  6.41091895e+00 
 1.13050000e-06  6.41096587e+00 
 1.13150000e-06  6.41101278e+00 
 1.13250000e-06  6.41105969e+00 
 1.13350000e-06  6.41110659e+00 
 1.13450000e-06  6.41115349e+00 
 1.13550000e-06  6.41120039e+00 
 1.13650000e-06  6.41124728e+00 
 1.13750000e-06  6.41129417e+00 
 1.13850000e-06  6.41134105e+00 
 1.13950000e-06  6.41138793e+00 
 1.14050000e-06  6.41143480e+00 
 1.14150000e-06  6.41148167e+00 
 1.14250000e-06  6.41152854e+00 
 1.14350000e-06  6.41157540e+00 
 1.14450000e-06  6.41162225e+00 
 1.14550000e-06  6.41166911e+00 
 1.14650000e-06  6.41171595e+00 
 1.14750000e-06  6.41176280e+00 
 1.14850000e-06  6.41180964e+00 
 1.14950000e-06  6.41185647e+00 
 1.15050000e-06  6.41190330e+00 
 1.15150000e-06  6.41195012e+00 
 1.15250000e-06  6.41199695e+00 
 1.15350000e-06  6.41204376e+00 
 1.15450000e-06  6.41209058e+00 
 1.15550000e-06  6.41213738e+00 
 1.15650000e-06  6.41218419e+00 
 1.15750000e-06  6.41223099e+00 
 1.15850000e-06  6.41227778e+00 
 1.15950000e-06  6.41232457e+00 
 1.16050000e-06  6.41237136e+00 
 1.16150000e-06  6.41241814e+00 
 1.16250000e-06  6.41246492e+00 
 1.16350000e-06  6.41251169e+00 
 1.16450000e-06  6.41255846e+00 
 1.16550000e-06  6.41260522e+00 
 1.16650000e-06  6.41265198e+00 
 1.16750000e-06  6.41269873e+00 
 1.16850000e-06  6.41274549e+00 
 1.16950000e-06  6.41279223e+00 
 1.17050000e-06  6.41283897e+00 
 1.17150000e-06  6.41288571e+00 
 1.17250000e-06  6.41293244e+00 
 1.17350000e-06  6.41297917e+00 
 1.17450000e-06  6.41302590e+00 
 1.17550000e-06  6.41307262e+00 
 1.17650000e-06  6.41311933e+00 
 1.17750000e-06  6.41316604e+00 
 1.17850000e-06  6.41321275e+00 
 1.17950000e-06  6.41325945e+00 
 1.18050000e-06  6.41330615e+00 
 1.18150000e-06  6.41335284e+00 
 1.18250000e-06  6.41339953e+00 
 1.18350000e-06  6.41344622e+00 
 1.18450000e-06  6.41349290e+00 
 1.18550000e-06  6.41353957e+00 
 1.18650000e-06  6.41358625e+00 
 1.18750000e-06  6.41363291e+00 
 1.18850000e-06  6.41367958e+00 
 1.18950000e-06  6.41372623e+00 
 1.19050000e-06  6.41377289e+00 
 1.19150000e-06  6.41381954e+00 
 1.19250000e-06  6.41386618e+00 
 1.19350000e-06  6.41391282e+00 
 1.19450000e-06  6.41395946e+00 
 1.19550000e-06  6.41400609e+00 
 1.19650000e-06  6.41405272e+00 
 1.19750000e-06  6.41409934e+00 
 1.19850000e-06  6.41414596e+00 
 1.19950000e-06  6.41419258e+00 
 1.20050000e-06  6.41423919e+00 
 1.20150000e-06  6.41428579e+00 
 1.20250000e-06  6.41433239e+00 
 1.20350000e-06  6.41437899e+00 
 1.20450000e-06  6.41442558e+00 
 1.20550000e-06  6.41447217e+00 
 1.20650000e-06  6.41451876e+00 
 1.20750000e-06  6.41456534e+00 
 1.20850000e-06  6.41461191e+00 
 1.20950000e-06  6.41465848e+00 
 1.21050000e-06  6.41470505e+00 
 1.21150000e-06  6.41475161e+00 
 1.21250000e-06  6.41479817e+00 
 1.21350000e-06  6.41484472e+00 
 1.21450000e-06  6.41489127e+00 
 1.21550000e-06  6.41493781e+00 
 1.21650000e-06  6.41498435e+00 
 1.21750000e-06  6.41503089e+00 
 1.21850000e-06  6.41507742e+00 
 1.21950000e-06  6.41512395e+00 
 1.22050000e-06  6.41517047e+00 
 1.22150000e-06  6.41521699e+00 
 1.22250000e-06  6.41526350e+00 
 1.22350000e-06  6.41531001e+00 
 1.22450000e-06  6.41535651e+00 
 1.22550000e-06  6.41540301e+00 
 1.22650000e-06  6.41544951e+00 
 1.22750000e-06  6.41549600e+00 
 1.22850000e-06  6.41554249e+00 
 1.22950000e-06  6.41558897e+00 
 1.23050000e-06  6.41563545e+00 
 1.23150000e-06  6.41568193e+00 
 1.23250000e-06  6.41572840e+00 
 1.23350000e-06  6.41577486e+00 
 1.23450000e-06  6.41582132e+00 
 1.23550000e-06  6.41586778e+00 
 1.23650000e-06  6.41591423e+00 
 1.23750000e-06  6.41596068e+00 
 1.23850000e-06  6.41600712e+00 
 1.23950000e-06  6.41605356e+00 
 1.24050000e-06  6.41610000e+00 
 1.24150000e-06  6.41614643e+00 
 1.24250000e-06  6.41619285e+00 
 1.24350000e-06  6.41623927e+00 
 1.24450000e-06  6.41628569e+00 
 1.24550000e-06  6.41633210e+00 
 1.24650000e-06  6.41637851e+00 
 1.24750000e-06  6.41642492e+00 
 1.24850000e-06  6.41647132e+00 
 1.24950000e-06  6.41651771e+00 
 1.25050000e-06  6.41656410e+00 
 1.25150000e-06  6.41661049e+00 
 1.25250000e-06  6.41665687e+00 
 1.25350000e-06  6.41670325e+00 
 1.25450000e-06  6.41674962e+00 
 1.25550000e-06  6.41679599e+00 
 1.25650000e-06  6.41684236e+00 
 1.25750000e-06  6.41688872e+00 
 1.25850000e-06  6.41693507e+00 
 1.25950000e-06  6.41698142e+00 
 1.26050000e-06  6.41702777e+00 
 1.26150000e-06  6.41707411e+00 
 1.26250000e-06  6.41712045e+00 
 1.26350000e-06  6.41716679e+00 
 1.26450000e-06  6.41721312e+00 
 1.26550000e-06  6.41725944e+00 
 1.26650000e-06  6.41730576e+00 
 1.26750000e-06  6.41735208e+00 
 1.26850000e-06  6.41739839e+00 
 1.26950000e-06  6.41744470e+00 
 1.27050000e-06  6.41749100e+00 
 1.27150000e-06  6.41753730e+00 
 1.27250000e-06  6.41758360e+00 
 1.27350000e-06  6.41762989e+00 
 1.27450000e-06  6.41767617e+00 
 1.27550000e-06  6.41772245e+00 
 1.27650000e-06  6.41776873e+00 
 1.27750000e-06  6.41781500e+00 
 1.27850000e-06  6.41786127e+00 
 1.27950000e-06  6.41790754e+00 
 1.28050000e-06  6.41795380e+00 
 1.28150000e-06  6.41800005e+00 
 1.28250000e-06  6.41804630e+00 
 1.28350000e-06  6.41809255e+00 
 1.28450000e-06  6.41813879e+00 
 1.28550000e-06  6.41818503e+00 
 1.28650000e-06  6.41823126e+00 
 1.28750000e-06  6.41827749e+00 
 1.28850000e-06  6.41832372e+00 
 1.28950000e-06  6.41836994e+00 
 1.29050000e-06  6.41841615e+00 
 1.29150000e-06  6.41846237e+00 
 1.29250000e-06  6.41850857e+00 
 1.29350000e-06  6.41855478e+00 
 1.29450000e-06  6.41860097e+00 
 1.29550000e-06  6.41864717e+00 
 1.29650000e-06  6.41869336e+00 
 1.29750000e-06  6.41873954e+00 
 1.29850000e-06  6.41878572e+00 
 1.29950000e-06  6.41883190e+00 
 1.30050000e-06  6.41887807e+00 
 1.30150000e-06  6.41892424e+00 
 1.30250000e-06  6.41897041e+00 
 1.30350000e-06  6.41901656e+00 
 1.30450000e-06  6.41906272e+00 
 1.30550000e-06  6.41910887e+00 
 1.30650000e-06  6.41915502e+00 
 1.30750000e-06  6.41920116e+00 
 1.30850000e-06  6.41924730e+00 
 1.30950000e-06  6.41929343e+00 
 1.31050000e-06  6.41933956e+00 
 1.31150000e-06  6.41938568e+00 
 1.31250000e-06  6.41943180e+00 
 1.31350000e-06  6.41947792e+00 
 1.31450000e-06  6.41952403e+00 
 1.31550000e-06  6.41957014e+00 
 1.31650000e-06  6.41961624e+00 
 1.31750000e-06  6.41966234e+00 
 1.31850000e-06  6.41970843e+00 
 1.31950000e-06  6.41975452e+00 
 1.32050000e-06  6.41980060e+00 
 1.32150000e-06  6.41984669e+00 
 1.32250000e-06  6.41989276e+00 
 1.32350000e-06  6.41993883e+00 
 1.32450000e-06  6.41998490e+00 
 1.32550000e-06  6.42003096e+00 
 1.32650000e-06  6.42007702e+00 
 1.32750000e-06  6.42012308e+00 
 1.32850000e-06  6.42016913e+00 
 1.32950000e-06  6.42021517e+00 
 1.33050000e-06  6.42026122e+00 
 1.33150000e-06  6.42030725e+00 
 1.33250000e-06  6.42035329e+00 
 1.33350000e-06  6.42039931e+00 
 1.33450000e-06  6.42044534e+00 
 1.33550000e-06  6.42049136e+00 
 1.33650000e-06  6.42053737e+00 
 1.33750000e-06  6.42058338e+00 
 1.33850000e-06  6.42062939e+00 
 1.33950000e-06  6.42067539e+00 
 1.34050000e-06  6.42072139e+00 
 1.34150000e-06  6.42076738e+00 
 1.34250000e-06  6.42081337e+00 
 1.34350000e-06  6.42085936e+00 
 1.34450000e-06  6.42090534e+00 
 1.34550000e-06  6.42095132e+00 
 1.34650000e-06  6.42099729e+00 
 1.34750000e-06  6.42104325e+00 
 1.34850000e-06  6.42108922e+00 
 1.34950000e-06  6.42113518e+00 
 1.35050000e-06  6.42118113e+00 
 1.35150000e-06  6.42122708e+00 
 1.35250000e-06  6.42127303e+00 
 1.35350000e-06  6.42131897e+00 
 1.35450000e-06  6.42136490e+00 
 1.35550000e-06  6.42141084e+00 
 1.35650000e-06  6.42145677e+00 
 1.35750000e-06  6.42150269e+00 
 1.35850000e-06  6.42154861e+00 
 1.35950000e-06  6.42159452e+00 
 1.36050000e-06  6.42164043e+00 
 1.36150000e-06  6.42168634e+00 
 1.36250000e-06  6.42173224e+00 
 1.36350000e-06  6.42177814e+00 
 1.36450000e-06  6.42182403e+00 
 1.36550000e-06  6.42186992e+00 
 1.36650000e-06  6.42191581e+00 
 1.36750000e-06  6.42196169e+00 
 1.36850000e-06  6.42200757e+00 
 1.36950000e-06  6.42205344e+00 
 1.37050000e-06  6.42209930e+00 
 1.37150000e-06  6.42214517e+00 
 1.37250000e-06  6.42219103e+00 
 1.37350000e-06  6.42223688e+00 
 1.37450000e-06  6.42228273e+00 
 1.37550000e-06  6.42232858e+00 
 1.37650000e-06  6.42237442e+00 
 1.37750000e-06  6.42242025e+00 
 1.37850000e-06  6.42246609e+00 
 1.37950000e-06  6.42251191e+00 
 1.38050000e-06  6.42255774e+00 
 1.38150000e-06  6.42260356e+00 
 1.38250000e-06  6.42264937e+00 
 1.38350000e-06  6.42269518e+00 
 1.38450000e-06  6.42274099e+00 
 1.38550000e-06  6.42278679e+00 
 1.38650000e-06  6.42283259e+00 
 1.38750000e-06  6.42287838e+00 
 1.38850000e-06  6.42292417e+00 
 1.38950000e-06  6.42296996e+00 
 1.39050000e-06  6.42301574e+00 
 1.39150000e-06  6.42306151e+00 
 1.39250000e-06  6.42310729e+00 
 1.39350000e-06  6.42315305e+00 
 1.39450000e-06  6.42319882e+00 
 1.39550000e-06  6.42324458e+00 
 1.39650000e-06  6.42329033e+00 
 1.39750000e-06  6.42333608e+00 
 1.39850000e-06  6.42338183e+00 
 1.39950000e-06  6.42342757e+00 
 1.40050000e-06  6.42347330e+00 
 1.40150000e-06  6.42351904e+00 
 1.40250000e-06  6.42356476e+00 
 1.40350000e-06  6.42361049e+00 
 1.40450000e-06  6.42365621e+00 
 1.40550000e-06  6.42370192e+00 
 1.40650000e-06  6.42374763e+00 
 1.40750000e-06  6.42379334e+00 
 1.40850000e-06  6.42383904e+00 
 1.40950000e-06  6.42388474e+00 
 1.41050000e-06  6.42393043e+00 
 1.41150000e-06  6.42397612e+00 
 1.41250000e-06  6.42402181e+00 
 1.41350000e-06  6.42406749e+00 
 1.41450000e-06  6.42411317e+00 
 1.41550000e-06  6.42415884e+00 
 1.41650000e-06  6.42420450e+00 
 1.41750000e-06  6.42425017e+00 
 1.41850000e-06  6.42429583e+00 
 1.41950000e-06  6.42434148e+00 
 1.42050000e-06  6.42438713e+00 
 1.42150000e-06  6.42443278e+00 
 1.42250000e-06  6.42447842e+00 
 1.42350000e-06  6.42452406e+00 
 1.42450000e-06  6.42456969e+00 
 1.42550000e-06  6.42461532e+00 
 1.42650000e-06  6.42466094e+00 
 1.42750000e-06  6.42470656e+00 
 1.42850000e-06  6.42475218e+00 
 1.42950000e-06  6.42479779e+00 
 1.43050000e-06  6.42484340e+00 
 1.43150000e-06  6.42488900e+00 
 1.43250000e-06  6.42493460e+00 
 1.43350000e-06  6.42498019e+00 
 1.43450000e-06  6.42502578e+00 
 1.43550000e-06  6.42507136e+00 
 1.43650000e-06  6.42511695e+00 
 1.43750000e-06  6.42516252e+00 
 1.43850000e-06  6.42520809e+00 
 1.43950000e-06  6.42525366e+00 
 1.44050000e-06  6.42529923e+00 
 1.44150000e-06  6.42534478e+00 
 1.44250000e-06  6.42539034e+00 
 1.44350000e-06  6.42543589e+00 
 1.44450000e-06  6.42548144e+00 
 1.44550000e-06  6.42552698e+00 
 1.44650000e-06  6.42557252e+00 
 1.44750000e-06  6.42561805e+00 
 1.44850000e-06  6.42566358e+00 
 1.44950000e-06  6.42570910e+00 
 1.45050000e-06  6.42575462e+00 
 1.45150000e-06  6.42580014e+00 
 1.45250000e-06  6.42584565e+00 
 1.45350000e-06  6.42589116e+00 
 1.45450000e-06  6.42593666e+00 
 1.45550000e-06  6.42598216e+00 
 1.45650000e-06  6.42602765e+00 
 1.45750000e-06  6.42607314e+00 
 1.45850000e-06  6.42611863e+00 
 1.45950000e-06  6.42616411e+00 
 1.46050000e-06  6.42620959e+00 
 1.46150000e-06  6.42625506e+00 
 1.46250000e-06  6.42630053e+00 
 1.46350000e-06  6.42634599e+00 
 1.46450000e-06  6.42639145e+00 
 1.46550000e-06  6.42643691e+00 
 1.46650000e-06  6.42648236e+00 
 1.46750000e-06  6.42652780e+00 
 1.46850000e-06  6.42657325e+00 
 1.46950000e-06  6.42661868e+00 
 1.47050000e-06  6.42666412e+00 
 1.47150000e-06  6.42670955e+00 
 1.47250000e-06  6.42675497e+00 
 1.47350000e-06  6.42680039e+00 
 1.47450000e-06  6.42684581e+00 
 1.47550000e-06  6.42689122e+00 
 1.47650000e-06  6.42693663e+00 
 1.47750000e-06  6.42698203e+00 
 1.47850000e-06  6.42702743e+00 
 1.47950000e-06  6.42707283e+00 
 1.48050000e-06  6.42711822e+00 
 1.48150000e-06  6.42716360e+00 
 1.48250000e-06  6.42720898e+00 
 1.48350000e-06  6.42725436e+00 
 1.48450000e-06  6.42729973e+00 
 1.48550000e-06  6.42734510e+00 
 1.48650000e-06  6.42739047e+00 
 1.48750000e-06  6.42743583e+00 
 1.48850000e-06  6.42748118e+00 
 1.48950000e-06  6.42752654e+00 
 1.49050000e-06  6.42757188e+00 
 1.49150000e-06  6.42761723e+00 
 1.49250000e-06  6.42766256e+00 
 1.49350000e-06  6.42770790e+00 
 1.49450000e-06  6.42775323e+00 
 1.49550000e-06  6.42779855e+00 
 1.49650000e-06  6.42784388e+00 
 1.49750000e-06  6.42788919e+00 
 1.49850000e-06  6.42793451e+00 
 1.49950000e-06  6.42797981e+00 
 1.50050000e-06  6.42802512e+00 
 1.50150000e-06  6.42807042e+00 
 1.50250000e-06  6.42811571e+00 
 1.50350000e-06  6.42816100e+00 
 1.50450000e-06  6.42820629e+00 
 1.50550000e-06  6.42825157e+00 
 1.50650000e-06  6.42829685e+00 
 1.50750000e-06  6.42834212e+00 
 1.50850000e-06  6.42838739e+00 
 1.50950000e-06  6.42843266e+00 
 1.51050000e-06  6.42847792e+00 
 1.51150000e-06  6.42852318e+00 
 1.51250000e-06  6.42856843e+00 
 1.51350000e-06  6.42861368e+00 
 1.51450000e-06  6.42865892e+00 
 1.51550000e-06  6.42870416e+00 
 1.51650000e-06  6.42874940e+00 
 1.51750000e-06  6.42879463e+00 
 1.51850000e-06  6.42883985e+00 
 1.51950000e-06  6.42888507e+00 
 1.52050000e-06  6.42893029e+00 
 1.52150000e-06  6.42897551e+00 
 1.52250000e-06  6.42902071e+00 
 1.52350000e-06  6.42906592e+00 
 1.52450000e-06  6.42911112e+00 
 1.52550000e-06  6.42915632e+00 
 1.52650000e-06  6.42920151e+00 
 1.52750000e-06  6.42924670e+00 
 1.52850000e-06  6.42929188e+00 
 1.52950000e-06  6.42933706e+00 
 1.53050000e-06  6.42938223e+00 
 1.53150000e-06  6.42942740e+00 
 1.53250000e-06  6.42947257e+00 
 1.53350000e-06  6.42951773e+00 
 1.53450000e-06  6.42956289e+00 
 1.53550000e-06  6.42960804e+00 
 1.53650000e-06  6.42965319e+00 
 1.53750000e-06  6.42969833e+00 
 1.53850000e-06  6.42974347e+00 
 1.53950000e-06  6.42978861e+00 
 1.54050000e-06  6.42983374e+00 
 1.54150000e-06  6.42987887e+00 
 1.54250000e-06  6.42992399e+00 
 1.54350000e-06  6.42996911e+00 
 1.54450000e-06  6.43001422e+00 
 1.54550000e-06  6.43005933e+00 
 1.54650000e-06  6.43010444e+00 
 1.54750000e-06  6.43014954e+00 
 1.54850000e-06  6.43019464e+00 
 1.54950000e-06  6.43023973e+00 
 1.55050000e-06  6.43028482e+00 
 1.55150000e-06  6.43032990e+00 
 1.55250000e-06  6.43037498e+00 
 1.55350000e-06  6.43042006e+00 
 1.55450000e-06  6.43046513e+00 
 1.55550000e-06  6.43051020e+00 
 1.55650000e-06  6.43055526e+00 
 1.55750000e-06  6.43060032e+00 
 1.55850000e-06  6.43064537e+00 
 1.55950000e-06  6.43069042e+00 
 1.56050000e-06  6.43073547e+00 
 1.56150000e-06  6.43078051e+00 
 1.56250000e-06  6.43082555e+00 
 1.56350000e-06  6.43087058e+00 
 1.56450000e-06  6.43091561e+00 
 1.56550000e-06  6.43096063e+00 
 1.56650000e-06  6.43100565e+00 
 1.56750000e-06  6.43105066e+00 
 1.56850000e-06  6.43109568e+00 
 1.56950000e-06  6.43114068e+00 
 1.57050000e-06  6.43118568e+00 
 1.57150000e-06  6.43123068e+00 
 1.57250000e-06  6.43127568e+00 
 1.57350000e-06  6.43132067e+00 
 1.57450000e-06  6.43136565e+00 
 1.57550000e-06  6.43141063e+00 
 1.57650000e-06  6.43145561e+00 
 1.57750000e-06  6.43150058e+00 
 1.57850000e-06  6.43154555e+00 
 1.57950000e-06  6.43159051e+00 
 1.58050000e-06  6.43163547e+00 
 1.58150000e-06  6.43168043e+00 
 1.58250000e-06  6.43172538e+00 
 1.58350000e-06  6.43177032e+00 
 1.58450000e-06  6.43181527e+00 
 1.58550000e-06  6.43186021e+00 
 1.58650000e-06  6.43190514e+00 
 1.58750000e-06  6.43195007e+00 
 1.58850000e-06  6.43199499e+00 
 1.58950000e-06  6.43203991e+00 
 1.59050000e-06  6.43208483e+00 
 1.59150000e-06  6.43212974e+00 
 1.59250000e-06  6.43217465e+00 
 1.59350000e-06  6.43221955e+00 
 1.59450000e-06  6.43226445e+00 
 1.59550000e-06  6.43230935e+00 
 1.59650000e-06  6.43235424e+00 
 1.59750000e-06  6.43239913e+00 
 1.59850000e-06  6.43244401e+00 
 1.59950000e-06  6.43248888e+00 
 1.60050000e-06  6.43253376e+00 
 1.60150000e-06  6.43257863e+00 
 1.60250000e-06  6.43262349e+00 
 1.60350000e-06  6.43266835e+00 
 1.60450000e-06  6.43271321e+00 
 1.60550000e-06  6.43275806e+00 
 1.60650000e-06  6.43280291e+00 
 1.60750000e-06  6.43284775e+00 
 1.60850000e-06  6.43289259e+00 
 1.60950000e-06  6.43293743e+00 
 1.61050000e-06  6.43298226e+00 
 1.61150000e-06  6.43302708e+00 
 1.61250000e-06  6.43307191e+00 
 1.61350000e-06  6.43311672e+00 
 1.61450000e-06  6.43316154e+00 
 1.61550000e-06  6.43320635e+00 
 1.61650000e-06  6.43325115e+00 
 1.61750000e-06  6.43329595e+00 
 1.61850000e-06  6.43334075e+00 
 1.61950000e-06  6.43338554e+00 
 1.62050000e-06  6.43343033e+00 
 1.62150000e-06  6.43347511e+00 
 1.62250000e-06  6.43351989e+00 
 1.62350000e-06  6.43356466e+00 
 1.62450000e-06  6.43360944e+00 
 1.62550000e-06  6.43365420e+00 
 1.62650000e-06  6.43369896e+00 
 1.62750000e-06  6.43374372e+00 
 1.62850000e-06  6.43378847e+00 
 1.62950000e-06  6.43383322e+00 
 1.63050000e-06  6.43387797e+00 
 1.63150000e-06  6.43392271e+00 
 1.63250000e-06  6.43396745e+00 
 1.63350000e-06  6.43401218e+00 
 1.63450000e-06  6.43405690e+00 
 1.63550000e-06  6.43410163e+00 
 1.63650000e-06  6.43414635e+00 
 1.63750000e-06  6.43419106e+00 
 1.63850000e-06  6.43423577e+00 
 1.63950000e-06  6.43428048e+00 
 1.64050000e-06  6.43432518e+00 
 1.64150000e-06  6.43436988e+00 
 1.64250000e-06  6.43441457e+00 
 1.64350000e-06  6.43445926e+00 
 1.64450000e-06  6.43450395e+00 
 1.64550000e-06  6.43454863e+00 
 1.64650000e-06  6.43459330e+00 
 1.64750000e-06  6.43463797e+00 
 1.64850000e-06  6.43468264e+00 
 1.64950000e-06  6.43472731e+00 
 1.65050000e-06  6.43477197e+00 
 1.65150000e-06  6.43481662e+00 
 1.65250000e-06  6.43486127e+00 
 1.65350000e-06  6.43490592e+00 
 1.65450000e-06  6.43495056e+00 
 1.65550000e-06  6.43499520e+00 
 1.65650000e-06  6.43503983e+00 
 1.65750000e-06  6.43508446e+00 
 1.65850000e-06  6.43512908e+00 
 1.65950000e-06  6.43517371e+00 
 1.66050000e-06  6.43521832e+00 
 1.66150000e-06  6.43526293e+00 
 1.66250000e-06  6.43530754e+00 
 1.66350000e-06  6.43535214e+00 
 1.66450000e-06  6.43539674e+00 
 1.66550000e-06  6.43544134e+00 
 1.66650000e-06  6.43548593e+00 
 1.66750000e-06  6.43553052e+00 
 1.66850000e-06  6.43557510e+00 
 1.66950000e-06  6.43561968e+00 
 1.67050000e-06  6.43566425e+00 
 1.67150000e-06  6.43570882e+00 
 1.67250000e-06  6.43575338e+00 
 1.67350000e-06  6.43579794e+00 
 1.67450000e-06  6.43584250e+00 
 1.67550000e-06  6.43588705e+00 
 1.67650000e-06  6.43593160e+00 
 1.67750000e-06  6.43597615e+00 
 1.67850000e-06  6.43602068e+00 
 1.67950000e-06  6.43606522e+00 
 1.68050000e-06  6.43610975e+00 
 1.68150000e-06  6.43615428e+00 
 1.68250000e-06  6.43619880e+00 
 1.68350000e-06  6.43624332e+00 
 1.68450000e-06  6.43628783e+00 
 1.68550000e-06  6.43633234e+00 
 1.68650000e-06  6.43637685e+00 
 1.68750000e-06  6.43642135e+00 
 1.68850000e-06  6.43646584e+00 
 1.68950000e-06  6.43651034e+00 
 1.69050000e-06  6.43655482e+00 
 1.69150000e-06  6.43659931e+00 
 1.69250000e-06  6.43664379e+00 
 1.69350000e-06  6.43668826e+00 
 1.69450000e-06  6.43673273e+00 
 1.69550000e-06  6.43677720e+00 
 1.69650000e-06  6.43682166e+00 
 1.69750000e-06  6.43686612e+00 
 1.69850000e-06  6.43691058e+00 
 1.69950000e-06  6.43695503e+00 
 1.70050000e-06  6.43699947e+00 
 1.70150000e-06  6.43704391e+00 
 1.70250000e-06  6.43708835e+00 
 1.70350000e-06  6.43713278e+00 
 1.70450000e-06  6.43717721e+00 
 1.70550000e-06  6.43722163e+00 
 1.70650000e-06  6.43726605e+00 
 1.70750000e-06  6.43731047e+00 
 1.70850000e-06  6.43735488e+00 
 1.70950000e-06  6.43739929e+00 
 1.71050000e-06  6.43744369e+00 
 1.71150000e-06  6.43748809e+00 
 1.71250000e-06  6.43753248e+00 
 1.71350000e-06  6.43757687e+00 
 1.71450000e-06  6.43762126e+00 
 1.71550000e-06  6.43766564e+00 
 1.71650000e-06  6.43771002e+00 
 1.71750000e-06  6.43775439e+00 
 1.71850000e-06  6.43779876e+00 
 1.71950000e-06  6.43784312e+00 
 1.72050000e-06  6.43788748e+00 
 1.72150000e-06  6.43793184e+00 
 1.72250000e-06  6.43797619e+00 
 1.72350000e-06  6.43802054e+00 
 1.72450000e-06  6.43806488e+00 
 1.72550000e-06  6.43810922e+00 
 1.72650000e-06  6.43815355e+00 
 1.72750000e-06  6.43819788e+00 
 1.72850000e-06  6.43824221e+00 
 1.72950000e-06  6.43828653e+00 
 1.73050000e-06  6.43833085e+00 
 1.73150000e-06  6.43837516e+00 
 1.73250000e-06  6.43841947e+00 
 1.73350000e-06  6.43846378e+00 
 1.73450000e-06  6.43850808e+00 
 1.73550000e-06  6.43855237e+00 
 1.73650000e-06  6.43859667e+00 
 1.73750000e-06  6.43864095e+00 
 1.73850000e-06  6.43868524e+00 
 1.73950000e-06  6.43872952e+00 
 1.74050000e-06  6.43877379e+00 
 1.74150000e-06  6.43881806e+00 
 1.74250000e-06  6.43886233e+00 
 1.74350000e-06  6.43890659e+00 
 1.74450000e-06  6.43895085e+00 
 1.74550000e-06  6.43899510e+00 
 1.74650000e-06  6.43903935e+00 
 1.74750000e-06  6.43908360e+00 
 1.74850000e-06  6.43912784e+00 
 1.74950000e-06  6.43917207e+00 
 1.75050000e-06  6.43921631e+00 
 1.75150000e-06  6.43926053e+00 
 1.75250000e-06  6.43930476e+00 
 1.75350000e-06  6.43934898e+00 
 1.75450000e-06  6.43939319e+00 
 1.75550000e-06  6.43943740e+00 
 1.75650000e-06  6.43948161e+00 
 1.75750000e-06  6.43952581e+00 
 1.75850000e-06  6.43957001e+00 
 1.75950000e-06  6.43961420e+00 
 1.76050000e-06  6.43965839e+00 
 1.76150000e-06  6.43970258e+00 
 1.76250000e-06  6.43974676e+00 
 1.76350000e-06  6.43979094e+00 
 1.76450000e-06  6.43983511e+00 
 1.76550000e-06  6.43987928e+00 
 1.76650000e-06  6.43992344e+00 
 1.76750000e-06  6.43996760e+00 
 1.76850000e-06  6.44001176e+00 
 1.76950000e-06  6.44005591e+00 
 1.77050000e-06  6.44010006e+00 
 1.77150000e-06  6.44014420e+00 
 1.77250000e-06  6.44018834e+00 
 1.77350000e-06  6.44023247e+00 
 1.77450000e-06  6.44027660e+00 
 1.77550000e-06  6.44032073e+00 
 1.77650000e-06  6.44036485e+00 
 1.77750000e-06  6.44040897e+00 
 1.77850000e-06  6.44045308e+00 
 1.77950000e-06  6.44049719e+00 
 1.78050000e-06  6.44054130e+00 
 1.78150000e-06  6.44058540e+00 
 1.78250000e-06  6.44062949e+00 
 1.78350000e-06  6.44067359e+00 
 1.78450000e-06  6.44071767e+00 
 1.78550000e-06  6.44076176e+00 
 1.78650000e-06  6.44080584e+00 
 1.78750000e-06  6.44084991e+00 
 1.78850000e-06  6.44089398e+00 
 1.78950000e-06  6.44093805e+00 
 1.79050000e-06  6.44098211e+00 
 1.79150000e-06  6.44102617e+00 
 1.79250000e-06  6.44107022e+00 
 1.79350000e-06  6.44111427e+00 
 1.79450000e-06  6.44115832e+00 
 1.79550000e-06  6.44120236e+00 
 1.79650000e-06  6.44124640e+00 
 1.79750000e-06  6.44129043e+00 
 1.79850000e-06  6.44133446e+00 
 1.79950000e-06  6.44137848e+00 
 1.80050000e-06  6.44142250e+00 
 1.80150000e-06  6.44146652e+00 
 1.80250000e-06  6.44151053e+00 
 1.80350000e-06  6.44155453e+00 
 1.80450000e-06  6.44159854e+00 
 1.80550000e-06  6.44164254e+00 
 1.80650000e-06  6.44168653e+00 
 1.80750000e-06  6.44173052e+00 
 1.80850000e-06  6.44177451e+00 
 1.80950000e-06  6.44181849e+00 
 1.81050000e-06  6.44186247e+00 
 1.81150000e-06  6.44190644e+00 
 1.81250000e-06  6.44195041e+00 
 1.81350000e-06  6.44199437e+00 
 1.81450000e-06  6.44203833e+00 
 1.81550000e-06  6.44208229e+00 
 1.81650000e-06  6.44212624e+00 
 1.81750000e-06  6.44217019e+00 
 1.81850000e-06  6.44221413e+00 
 1.81950000e-06  6.44225807e+00 
 1.82050000e-06  6.44230201e+00 
 1.82150000e-06  6.44234594e+00 
 1.82250000e-06  6.44238986e+00 
 1.82350000e-06  6.44243379e+00 
 1.82450000e-06  6.44247770e+00 
 1.82550000e-06  6.44252162e+00 
 1.82650000e-06  6.44256553e+00 
 1.82750000e-06  6.44260943e+00 
 1.82850000e-06  6.44265333e+00 
 1.82950000e-06  6.44269723e+00 
 1.83050000e-06  6.44274112e+00 
 1.83150000e-06  6.44278501e+00 
 1.83250000e-06  6.44282890e+00 
 1.83350000e-06  6.44287278e+00 
 1.83450000e-06  6.44291665e+00 
 1.83550000e-06  6.44296052e+00 
 1.83650000e-06  6.44300439e+00 
 1.83750000e-06  6.44304825e+00 
 1.83850000e-06  6.44309211e+00 
 1.83950000e-06  6.44313597e+00 
 1.84050000e-06  6.44317982e+00 
 1.84150000e-06  6.44322366e+00 
 1.84250000e-06  6.44326751e+00 
 1.84350000e-06  6.44331134e+00 
 1.84450000e-06  6.44335518e+00 
 1.84550000e-06  6.44339901e+00 
 1.84650000e-06  6.44344283e+00 
 1.84750000e-06  6.44348665e+00 
 1.84850000e-06  6.44353047e+00 
 1.84950000e-06  6.44357428e+00 
 1.85050000e-06  6.44361809e+00 
 1.85150000e-06  6.44366189e+00 
 1.85250000e-06  6.44370569e+00 
 1.85350000e-06  6.44374949e+00 
 1.85450000e-06  6.44379328e+00 
 1.85550000e-06  6.44383706e+00 
 1.85650000e-06  6.44388085e+00 
 1.85750000e-06  6.44392462e+00 
 1.85850000e-06  6.44396840e+00 
 1.85950000e-06  6.44401217e+00 
 1.86050000e-06  6.44405593e+00 
 1.86150000e-06  6.44409970e+00 
 1.86250000e-06  6.44414345e+00 
 1.86350000e-06  6.44418721e+00 
 1.86450000e-06  6.44423096e+00 
 1.86550000e-06  6.44427470e+00 
 1.86650000e-06  6.44431844e+00 
 1.86750000e-06  6.44436218e+00 
 1.86850000e-06  6.44440591e+00 
 1.86950000e-06  6.44444964e+00 
 1.87050000e-06  6.44449336e+00 
 1.87150000e-06  6.44453708e+00 
 1.87250000e-06  6.44458079e+00 
 1.87350000e-06  6.44462450e+00 
 1.87450000e-06  6.44466821e+00 
 1.87550000e-06  6.44471191e+00 
 1.87650000e-06  6.44475561e+00 
 1.87750000e-06  6.44479930e+00 
 1.87850000e-06  6.44484299e+00 
 1.87950000e-06  6.44488668e+00 
 1.88050000e-06  6.44493036e+00 
 1.88150000e-06  6.44497404e+00 
 1.88250000e-06  6.44501771e+00 
 1.88350000e-06  6.44506138e+00 
 1.88450000e-06  6.44510504e+00 
 1.88550000e-06  6.44514870e+00 
 1.88650000e-06  6.44519236e+00 
 1.88750000e-06  6.44523601e+00 
 1.88850000e-06  6.44527966e+00 
 1.88950000e-06  6.44532330e+00 
 1.89050000e-06  6.44536694e+00 
 1.89150000e-06  6.44541057e+00 
 1.89250000e-06  6.44545421e+00 
 1.89350000e-06  6.44549783e+00 
 1.89450000e-06  6.44554145e+00 
 1.89550000e-06  6.44558507e+00 
 1.89650000e-06  6.44562869e+00 
 1.89750000e-06  6.44567229e+00 
 1.89850000e-06  6.44571590e+00 
 1.89950000e-06  6.44575950e+00 
 1.90050000e-06  6.44580310e+00 
 1.90150000e-06  6.44584669e+00 
 1.90250000e-06  6.44589028e+00 
 1.90350000e-06  6.44593386e+00 
 1.90450000e-06  6.44597744e+00 
 1.90550000e-06  6.44602102e+00 
 1.90650000e-06  6.44606459e+00 
 1.90750000e-06  6.44610816e+00 
 1.90850000e-06  6.44615172e+00 
 1.90950000e-06  6.44619528e+00 
 1.91050000e-06  6.44623883e+00 
 1.91150000e-06  6.44628238e+00 
 1.91250000e-06  6.44632593e+00 
 1.91350000e-06  6.44636947e+00 
 1.91450000e-06  6.44641301e+00 
 1.91550000e-06  6.44645654e+00 
 1.91650000e-06  6.44650007e+00 
 1.91750000e-06  6.44654360e+00 
 1.91850000e-06  6.44658712e+00 
 1.91950000e-06  6.44663063e+00 
 1.92050000e-06  6.44667415e+00 
 1.92150000e-06  6.44671765e+00 
 1.92250000e-06  6.44676116e+00 
 1.92350000e-06  6.44680466e+00 
 1.92450000e-06  6.44684815e+00 
 1.92550000e-06  6.44689165e+00 
 1.92650000e-06  6.44693513e+00 
 1.92750000e-06  6.44697862e+00 
 1.92850000e-06  6.44702209e+00 
 1.92950000e-06  6.44706557e+00 
 1.93050000e-06  6.44710904e+00 
 1.93150000e-06  6.44715251e+00 
 1.93250000e-06  6.44719597e+00 
 1.93350000e-06  6.44723943e+00 
 1.93450000e-06  6.44728288e+00 
 1.93550000e-06  6.44732633e+00 
 1.93650000e-06  6.44736977e+00 
 1.93750000e-06  6.44741321e+00 
 1.93850000e-06  6.44745665e+00 
 1.93950000e-06  6.44750008e+00 
 1.94050000e-06  6.44754351e+00 
 1.94150000e-06  6.44758693e+00 
 1.94250000e-06  6.44763035e+00 
 1.94350000e-06  6.44767377e+00 
 1.94450000e-06  6.44771718e+00 
 1.94550000e-06  6.44776059e+00 
 1.94650000e-06  6.44780399e+00 
 1.94750000e-06  6.44784739e+00 
 1.94850000e-06  6.44789079e+00 
 1.94950000e-06  6.44793418e+00 
 1.95050000e-06  6.44797756e+00 
 1.95150000e-06  6.44802094e+00 
 1.95250000e-06  6.44806432e+00 
 1.95350000e-06  6.44810769e+00 
 1.95450000e-06  6.44815106e+00 
 1.95550000e-06  6.44819443e+00 
 1.95650000e-06  6.44823779e+00 
 1.95750000e-06  6.44828115e+00 
 1.95850000e-06  6.44832450e+00 
 1.95950000e-06  6.44836785e+00 
 1.96050000e-06  6.44841119e+00 
 1.96150000e-06  6.44845453e+00 
 1.96250000e-06  6.44849787e+00 
 1.96350000e-06  6.44854120e+00 
 1.96450000e-06  6.44858453e+00 
 1.96550000e-06  6.44862785e+00 
 1.96650000e-06  6.44867117e+00 
 1.96750000e-06  6.44871448e+00 
 1.96850000e-06  6.44875779e+00 
 1.96950000e-06  6.44880110e+00 
 1.97050000e-06  6.44884440e+00 
 1.97150000e-06  6.44888770e+00 
 1.97250000e-06  6.44893099e+00 
 1.97350000e-06  6.44897428e+00 
 1.97450000e-06  6.44901757e+00 
 1.97550000e-06  6.44906085e+00 
 1.97650000e-06  6.44910413e+00 
 1.97750000e-06  6.44914740e+00 
 1.97850000e-06  6.44919067e+00 
 1.97950000e-06  6.44923393e+00 
 1.98050000e-06  6.44927719e+00 
 1.98150000e-06  6.44932045e+00 
 1.98250000e-06  6.44936370e+00 
 1.98350000e-06  6.44940695e+00 
 1.98450000e-06  6.44945019e+00 
 1.98550000e-06  6.44949343e+00 
 1.98650000e-06  6.44953666e+00 
 1.98750000e-06  6.44957989e+00 
 1.98850000e-06  6.44962312e+00 
 1.98950000e-06  6.44966634e+00 
 1.99050000e-06  6.44970956e+00 
 1.99150000e-06  6.44975278e+00 
 1.99250000e-06  6.44979598e+00 
 1.99350000e-06  6.44983919e+00 
 1.99450000e-06  6.44988239e+00 
 1.99550000e-06  6.44992559e+00 
 1.99650000e-06  6.44996878e+00 
 1.99750000e-06  6.45001197e+00 
 1.99850000e-06  6.45005516e+00 
 1.99950000e-06  6.45009834e+00 
 2.00000000e-06  6.45011992e+00 
 2.00010000e-06  6.45010090e+00 
 2.00030000e-06  6.45002627e+00 
 2.00070000e-06  6.44973554e+00 
 2.00150000e-06  6.44895911e+00 
 2.00250000e-06  6.44791898e+00 
 2.00350000e-06  6.44688113e+00 
 2.00450000e-06  6.44584171e+00 
 2.00550000e-06  6.44480133e+00 
 2.00650000e-06  6.44375989e+00 
 2.00750000e-06  6.44271740e+00 
 2.00850000e-06  6.44167385e+00 
 2.00950000e-06  6.44062924e+00 
 2.01050000e-06  6.43958358e+00 
 2.01150000e-06  6.43853685e+00 
 2.01250000e-06  6.43748905e+00 
 2.01350000e-06  6.43644019e+00 
 2.01450000e-06  6.43539026e+00 
 2.01550000e-06  6.43433925e+00 
 2.01650000e-06  6.43328717e+00 
 2.01750000e-06  6.43223401e+00 
 2.01850000e-06  6.43117977e+00 
 2.01950000e-06  6.43012445e+00 
 2.02050000e-06  6.42906803e+00 
 2.02150000e-06  6.42801053e+00 
 2.02250000e-06  6.42695194e+00 
 2.02350000e-06  6.42589225e+00 
 2.02450000e-06  6.42483146e+00 
 2.02550000e-06  6.42376957e+00 
 2.02650000e-06  6.42270657e+00 
 2.02750000e-06  6.42164247e+00 
 2.02850000e-06  6.42057726e+00 
 2.02950000e-06  6.41951094e+00 
 2.03050000e-06  6.41844350e+00 
 2.03150000e-06  6.41737495e+00 
 2.03250000e-06  6.41630527e+00 
 2.03350000e-06  6.41523446e+00 
 2.03450000e-06  6.41416253e+00 
 2.03550000e-06  6.41308947e+00 
 2.03650000e-06  6.41201528e+00 
 2.03750000e-06  6.41093995e+00 
 2.03850000e-06  6.40986348e+00 
 2.03950000e-06  6.40878586e+00 
 2.04050000e-06  6.40770710e+00 
 2.04150000e-06  6.40662719e+00 
 2.04250000e-06  6.40554613e+00 
 2.04350000e-06  6.40446391e+00 
 2.04450000e-06  6.40338054e+00 
 2.04550000e-06  6.40229600e+00 
 2.04650000e-06  6.40121030e+00 
 2.04750000e-06  6.40012343e+00 
 2.04850000e-06  6.39903538e+00 
 2.04950000e-06  6.39794616e+00 
 2.05050000e-06  6.39685577e+00 
 2.05150000e-06  6.39576419e+00 
 2.05250000e-06  6.39467142e+00 
 2.05350000e-06  6.39357747e+00 
 2.05450000e-06  6.39248233e+00 
 2.05550000e-06  6.39138599e+00 
 2.05650000e-06  6.39028845e+00 
 2.05750000e-06  6.38918970e+00 
 2.05850000e-06  6.38808975e+00 
 2.05950000e-06  6.38698860e+00 
 2.06050000e-06  6.38588622e+00 
 2.06150000e-06  6.38478263e+00 
 2.06250000e-06  6.38367782e+00 
 2.06350000e-06  6.38257179e+00 
 2.06450000e-06  6.38146453e+00 
 2.06550000e-06  6.38035603e+00 
 2.06650000e-06  6.37924630e+00 
 2.06750000e-06  6.37813533e+00 
 2.06850000e-06  6.37702312e+00 
 2.06950000e-06  6.37590966e+00 
 2.07050000e-06  6.37479495e+00 
 2.07150000e-06  6.37367898e+00 
 2.07250000e-06  6.37256175e+00 
 2.07350000e-06  6.37144326e+00 
 2.07450000e-06  6.37032351e+00 
 2.07550000e-06  6.36920248e+00 
 2.07650000e-06  6.36808018e+00 
 2.07750000e-06  6.36695660e+00 
 2.07850000e-06  6.36583173e+00 
 2.07950000e-06  6.36470558e+00 
 2.08050000e-06  6.36357813e+00 
 2.08150000e-06  6.36244939e+00 
 2.08250000e-06  6.36131934e+00 
 2.08350000e-06  6.36018799e+00 
 2.08450000e-06  6.35905533e+00 
 2.08550000e-06  6.35792136e+00 
 2.08650000e-06  6.35678607e+00 
 2.08750000e-06  6.35564946e+00 
 2.08850000e-06  6.35451151e+00 
 2.08950000e-06  6.35337224e+00 
 2.09050000e-06  6.35223162e+00 
 2.09150000e-06  6.35108967e+00 
 2.09250000e-06  6.34994637e+00 
 2.09350000e-06  6.34880171e+00 
 2.09450000e-06  6.34765570e+00 
 2.09550000e-06  6.34650833e+00 
 2.09650000e-06  6.34535960e+00 
 2.09750000e-06  6.34420949e+00 
 2.09850000e-06  6.34305800e+00 
 2.09950000e-06  6.34190513e+00 
 2.10050000e-06  6.34075088e+00 
 2.10150000e-06  6.33959523e+00 
 2.10250000e-06  6.33843818e+00 
 2.10350000e-06  6.33727974e+00 
 2.10450000e-06  6.33611988e+00 
 2.10550000e-06  6.33495861e+00 
 2.10650000e-06  6.33379592e+00 
 2.10750000e-06  6.33263180e+00 
 2.10850000e-06  6.33146626e+00 
 2.10950000e-06  6.33029927e+00 
 2.11050000e-06  6.32913084e+00 
 2.11150000e-06  6.32796097e+00 
 2.11250000e-06  6.32678964e+00 
 2.11350000e-06  6.32561685e+00 
 2.11450000e-06  6.32444259e+00 
 2.11550000e-06  6.32326686e+00 
 2.11650000e-06  6.32208965e+00 
 2.11750000e-06  6.32091095e+00 
 2.11850000e-06  6.31973076e+00 
 2.11950000e-06  6.31854907e+00 
 2.12050000e-06  6.31736588e+00 
 2.12150000e-06  6.31618117e+00 
 2.12250000e-06  6.31499495e+00 
 2.12350000e-06  6.31380720e+00 
 2.12450000e-06  6.31261791e+00 
 2.12550000e-06  6.31142709e+00 
 2.12650000e-06  6.31023471e+00 
 2.12750000e-06  6.30904078e+00 
 2.12850000e-06  6.30784529e+00 
 2.12950000e-06  6.30664823e+00 
 2.13050000e-06  6.30544959e+00 
 2.13150000e-06  6.30424937e+00 
 2.13250000e-06  6.30304755e+00 
 2.13350000e-06  6.30184413e+00 
 2.13450000e-06  6.30063910e+00 
 2.13550000e-06  6.29943246e+00 
 2.13650000e-06  6.29822418e+00 
 2.13750000e-06  6.29701428e+00 
 2.13850000e-06  6.29580273e+00 
 2.13950000e-06  6.29458952e+00 
 2.14050000e-06  6.29337466e+00 
 2.14150000e-06  6.29215812e+00 
 2.14250000e-06  6.29093991e+00 
 2.14350000e-06  6.28972001e+00 
 2.14450000e-06  6.28849840e+00 
 2.14550000e-06  6.28727509e+00 
 2.14650000e-06  6.28605007e+00 
 2.14750000e-06  6.28482331e+00 
 2.14850000e-06  6.28359482e+00 
 2.14950000e-06  6.28236457e+00 
 2.15050000e-06  6.28113257e+00 
 2.15150000e-06  6.27989880e+00 
 2.15250000e-06  6.27866325e+00 
 2.15350000e-06  6.27742590e+00 
 2.15450000e-06  6.27618675e+00 
 2.15550000e-06  6.27494579e+00 
 2.15650000e-06  6.27370300e+00 
 2.15750000e-06  6.27245837e+00 
 2.15850000e-06  6.27121189e+00 
 2.15950000e-06  6.26996354e+00 
 2.16050000e-06  6.26871332e+00 
 2.16150000e-06  6.26746122e+00 
 2.16250000e-06  6.26620720e+00 
 2.16350000e-06  6.26495128e+00 
 2.16450000e-06  6.26369342e+00 
 2.16550000e-06  6.26243362e+00 
 2.16650000e-06  6.26117186e+00 
 2.16750000e-06  6.25990813e+00 
 2.16850000e-06  6.25864242e+00 
 2.16950000e-06  6.25737470e+00 
 2.17050000e-06  6.25610496e+00 
 2.17150000e-06  6.25483319e+00 
 2.17250000e-06  6.25355938e+00 
 2.17350000e-06  6.25228349e+00 
 2.17450000e-06  6.25100552e+00 
 2.17550000e-06  6.24972546e+00 
 2.17650000e-06  6.24844327e+00 
 2.17750000e-06  6.24715895e+00 
 2.17850000e-06  6.24587248e+00 
 2.17950000e-06  6.24458384e+00 
 2.18050000e-06  6.24329300e+00 
 2.18150000e-06  6.24199996e+00 
 2.18250000e-06  6.24070468e+00 
 2.18350000e-06  6.23940716e+00 
 2.18450000e-06  6.23810736e+00 
 2.18550000e-06  6.23680527e+00 
 2.18650000e-06  6.23550086e+00 
 2.18750000e-06  6.23419412e+00 
 2.18850000e-06  6.23288502e+00 
 2.18950000e-06  6.23157353e+00 
 2.19050000e-06  6.23025964e+00 
 2.19150000e-06  6.22894332e+00 
 2.19250000e-06  6.22762454e+00 
 2.19350000e-06  6.22630327e+00 
 2.19450000e-06  6.22497950e+00 
 2.19550000e-06  6.22365320e+00 
 2.19650000e-06  6.22232433e+00 
 2.19750000e-06  6.22099287e+00 
 2.19850000e-06  6.21965879e+00 
 2.19950000e-06  6.21832207e+00 
 2.20050000e-06  6.21698266e+00 
 2.20150000e-06  6.21564054e+00 
 2.20250000e-06  6.21429568e+00 
 2.20350000e-06  6.21294804e+00 
 2.20450000e-06  6.21159760e+00 
 2.20550000e-06  6.21024431e+00 
 2.20650000e-06  6.20888815e+00 
 2.20750000e-06  6.20752906e+00 
 2.20850000e-06  6.20616703e+00 
 2.20950000e-06  6.20480201e+00 
 2.21050000e-06  6.20343396e+00 
 2.21150000e-06  6.20206284e+00 
 2.21250000e-06  6.20068861e+00 
 2.21350000e-06  6.19931122e+00 
 2.21450000e-06  6.19793064e+00 
 2.21550000e-06  6.19654682e+00 
 2.21650000e-06  6.19515972e+00 
 2.21750000e-06  6.19376928e+00 
 2.21850000e-06  6.19237545e+00 
 2.21950000e-06  6.19097820e+00 
 2.22050000e-06  6.18957746e+00 
 2.22150000e-06  6.18817319e+00 
 2.22250000e-06  6.18676533e+00 
 2.22350000e-06  6.18535382e+00 
 2.22450000e-06  6.18393862e+00 
 2.22550000e-06  6.18251965e+00 
 2.22650000e-06  6.18109686e+00 
 2.22750000e-06  6.17967019e+00 
 2.22850000e-06  6.17823957e+00 
 2.22950000e-06  6.17680494e+00 
 2.23050000e-06  6.17536622e+00 
 2.23150000e-06  6.17392336e+00 
 2.23250000e-06  6.17247628e+00 
 2.23350000e-06  6.17102490e+00 
 2.23450000e-06  6.16956914e+00 
 2.23550000e-06  6.16810894e+00 
 2.23650000e-06  6.16664421e+00 
 2.23750000e-06  6.16517486e+00 
 2.23850000e-06  6.16370081e+00 
 2.23950000e-06  6.16222198e+00 
 2.24050000e-06  6.16073826e+00 
 2.24150000e-06  6.15924957e+00 
 2.24250000e-06  6.15775581e+00 
 2.24350000e-06  6.15625688e+00 
 2.24450000e-06  6.15475268e+00 
 2.24550000e-06  6.15324310e+00 
 2.24650000e-06  6.15172803e+00 
 2.24750000e-06  6.15020736e+00 
 2.24850000e-06  6.14868097e+00 
 2.24950000e-06  6.14714874e+00 
 2.25050000e-06  6.14561055e+00 
 2.25150000e-06  6.14406626e+00 
 2.25250000e-06  6.14251575e+00 
 2.25350000e-06  6.14095889e+00 
 2.25450000e-06  6.13939551e+00 
 2.25550000e-06  6.13782549e+00 
 2.25650000e-06  6.13624867e+00 
 2.25750000e-06  6.13466489e+00 
 2.25850000e-06  6.13307400e+00 
 2.25950000e-06  6.13147582e+00 
 2.26050000e-06  6.12987018e+00 
 2.26150000e-06  6.12825691e+00 
 2.26250000e-06  6.12663582e+00 
 2.26350000e-06  6.12500671e+00 
 2.26450000e-06  6.12336940e+00 
 2.26550000e-06  6.12172368e+00 
 2.26650000e-06  6.12006932e+00 
 2.26750000e-06  6.11840613e+00 
 2.26850000e-06  6.11673386e+00 
 2.26950000e-06  6.11505228e+00 
 2.27050000e-06  6.11336116e+00 
 2.27150000e-06  6.11166023e+00 
 2.27250000e-06  6.10994923e+00 
 2.27350000e-06  6.10822790e+00 
 2.27450000e-06  6.10649595e+00 
 2.27550000e-06  6.10475309e+00 
 2.27650000e-06  6.10299903e+00 
 2.27750000e-06  6.10123343e+00 
 2.27850000e-06  6.09945599e+00 
 2.27950000e-06  6.09766636e+00 
 2.28050000e-06  6.09586419e+00 
 2.28150000e-06  6.09404913e+00 
 2.28250000e-06  6.09222078e+00 
 2.28350000e-06  6.09037876e+00 
 2.28450000e-06  6.08852267e+00 
 2.28550000e-06  6.08665208e+00 
 2.28650000e-06  6.08476655e+00 
 2.28750000e-06  6.08286563e+00 
 2.28850000e-06  6.08094884e+00 
 2.28950000e-06  6.07901570e+00 
 2.29050000e-06  6.07706568e+00 
 2.29150000e-06  6.07509826e+00 
 2.29250000e-06  6.07311289e+00 
 2.29350000e-06  6.07110900e+00 
 2.29450000e-06  6.06908598e+00 
 2.29550000e-06  6.06704321e+00 
 2.29650000e-06  6.06498006e+00 
 2.29750000e-06  6.06289585e+00 
 2.29850000e-06  6.06078989e+00 
 2.29950000e-06  6.05866145e+00 
 2.30050000e-06  6.05650978e+00 
 2.30150000e-06  6.05433409e+00 
 2.30250000e-06  6.05213358e+00 
 2.30350000e-06  6.04990740e+00 
 2.30450000e-06  6.04765467e+00 
 2.30550000e-06  6.04537449e+00 
 2.30650000e-06  6.04306591e+00 
 2.30750000e-06  6.04072794e+00 
 2.30850000e-06  6.03835957e+00 
 2.30950000e-06  6.03595974e+00 
 2.31050000e-06  6.03352737e+00 
 2.31150000e-06  6.03106132e+00 
 2.31250000e-06  6.02856041e+00 
 2.31350000e-06  6.02602345e+00 
 2.31450000e-06  6.02344917e+00 
 2.31550000e-06  6.02083628e+00 
 2.31650000e-06  6.01818346e+00 
 2.31750000e-06  6.01548933e+00 
 2.31850000e-06  6.01275249e+00 
 2.31950000e-06  6.00997149e+00 
 2.32050000e-06  6.00714486e+00 
 2.32150000e-06  6.00427107e+00 
 2.32250000e-06  6.00134859e+00 
 2.32350000e-06  5.99837585e+00 
 2.32450000e-06  5.99535125e+00 
 2.32550000e-06  5.99227319e+00 
 2.32650000e-06  5.98914004e+00 
 2.32750000e-06  5.98595018e+00 
 2.32850000e-06  5.98270197e+00 
 2.32950000e-06  5.97939381e+00 
 2.33050000e-06  5.97602410e+00 
 2.33150000e-06  5.97259127e+00 
 2.33250000e-06  5.96909378e+00 
 2.33350000e-06  5.96553018e+00 
 2.33450000e-06  5.96189905e+00 
 2.33550000e-06  5.95819906e+00 
 2.33650000e-06  5.95442897e+00 
 2.33750000e-06  5.95058766e+00 
 2.33850000e-06  5.94667412e+00 
 2.33950000e-06  5.94268749e+00 
 2.34050000e-06  5.93862705e+00 
 2.34150000e-06  5.93449226e+00 
 2.34250000e-06  5.93028275e+00 
 2.34350000e-06  5.92599835e+00 
 2.34450000e-06  5.92163907e+00 
 2.34550000e-06  5.91720516e+00 
 2.34650000e-06  5.91269707e+00 
 2.34750000e-06  5.90811546e+00 
 2.34850000e-06  5.90346123e+00 
 2.34950000e-06  5.89873548e+00 
 2.35050000e-06  5.89393953e+00 
 2.35150000e-06  5.88907488e+00 
 2.35250000e-06  5.88414326e+00 
 2.35350000e-06  5.87914655e+00 
 2.35450000e-06  5.87408678e+00 
 2.35550000e-06  5.86896614e+00 
 2.35650000e-06  5.86378694e+00 
 2.35750000e-06  5.85855159e+00 
 2.35850000e-06  5.85326256e+00 
 2.35950000e-06  5.84792239e+00 
 2.36050000e-06  5.84253366e+00 
 2.36150000e-06  5.83709894e+00 
 2.36250000e-06  5.83162082e+00 
 2.36350000e-06  5.82610185e+00 
 2.36450000e-06  5.82054454e+00 
 2.36550000e-06  5.81495134e+00 
 2.36650000e-06  5.80932464e+00 
 2.36750000e-06  5.80366672e+00 
 2.36850000e-06  5.79797982e+00 
 2.36950000e-06  5.79226603e+00 
 2.37050000e-06  5.78652738e+00 
 2.37150000e-06  5.78076577e+00 
 2.37250000e-06  5.77498300e+00 
 2.37350000e-06  5.76918077e+00 
 2.37450000e-06  5.76336067e+00 
 2.37550000e-06  5.75752418e+00 
 2.37650000e-06  5.75167268e+00 
 2.37750000e-06  5.74580746e+00 
 2.37850000e-06  5.73992970e+00 
 2.37950000e-06  5.73404051e+00 
 2.38050000e-06  5.72814090e+00 
 2.38150000e-06  5.72223181e+00 
 2.38250000e-06  5.71631408e+00 
 2.38350000e-06  5.71038851e+00 
 2.38450000e-06  5.70445582e+00 
 2.38550000e-06  5.69851667e+00 
 2.38650000e-06  5.69257166e+00 
 2.38750000e-06  5.68662133e+00 
 2.38850000e-06  5.68066620e+00 
 2.38950000e-06  5.67470670e+00 
 2.39050000e-06  5.66874326e+00 
 2.39150000e-06  5.66277626e+00 
 2.39250000e-06  5.65680603e+00 
 2.39350000e-06  5.65083288e+00 
 2.39450000e-06  5.64485710e+00 
 2.39550000e-06  5.63887894e+00 
 2.39650000e-06  5.63289863e+00 
 2.39750000e-06  5.62691637e+00 
 2.39850000e-06  5.62093237e+00 
 2.39950000e-06  5.61494679e+00 
 2.40050000e-06  5.60895978e+00 
 2.40150000e-06  5.60297148e+00 
 2.40250000e-06  5.59698203e+00 
 2.40350000e-06  5.59099153e+00 
 2.40450000e-06  5.58500008e+00 
 2.40550000e-06  5.57900779e+00 
 2.40650000e-06  5.57301473e+00 
 2.40750000e-06  5.56702098e+00 
 2.40850000e-06  5.56102661e+00 
 2.40950000e-06  5.55503168e+00 
 2.41050000e-06  5.54903625e+00 
 2.41150000e-06  5.54304037e+00 
 2.41250000e-06  5.53704408e+00 
 2.41350000e-06  5.53104742e+00 
 2.41450000e-06  5.52505043e+00 
 2.41550000e-06  5.51905315e+00 
 2.41650000e-06  5.51305560e+00 
 2.41750000e-06  5.50705781e+00 
 2.41850000e-06  5.50105980e+00 
 2.41950000e-06  5.49506161e+00 
 2.42050000e-06  5.48906324e+00 
 2.42150000e-06  5.48306471e+00 
 2.42250000e-06  5.47706604e+00 
 2.42350000e-06  5.47106725e+00 
 2.42450000e-06  5.46506835e+00 
 2.42550000e-06  5.45906935e+00 
 2.42650000e-06  5.45307026e+00 
 2.42750000e-06  5.44707109e+00 
 2.42850000e-06  5.44107184e+00 
 2.42950000e-06  5.43507253e+00 
 2.43050000e-06  5.42907317e+00 
 2.43150000e-06  5.42307375e+00 
 2.43250000e-06  5.41707429e+00 
 2.43350000e-06  5.41107479e+00 
 2.43450000e-06  5.40507525e+00 
 2.43550000e-06  5.39907568e+00 
 2.43650000e-06  5.39307608e+00 
 2.43750000e-06  5.38707646e+00 
 2.43850000e-06  5.38107681e+00 
 2.43950000e-06  5.37507714e+00 
 2.44050000e-06  5.36907746e+00 
 2.44150000e-06  5.36307776e+00 
 2.44250000e-06  5.35707805e+00 
 2.44350000e-06  5.35107833e+00 
 2.44450000e-06  5.34507859e+00 
 2.44550000e-06  5.33907885e+00 
 2.44650000e-06  5.33307909e+00 
 2.44750000e-06  5.32707934e+00 
 2.44850000e-06  5.32107957e+00 
 2.44950000e-06  5.31507980e+00 
 2.45050000e-06  5.30908003e+00 
 2.45150000e-06  5.30308025e+00 
 2.45250000e-06  5.29708047e+00 
 2.45350000e-06  5.29108068e+00 
 2.45450000e-06  5.28508089e+00 
 2.45550000e-06  5.27908111e+00 
 2.45650000e-06  5.27308132e+00 
 2.45750000e-06  5.26708153e+00 
 2.45850000e-06  5.26108173e+00 
 2.45950000e-06  5.25508194e+00 
 2.46050000e-06  5.24908215e+00 
 2.46150000e-06  5.24308235e+00 
 2.46250000e-06  5.23708256e+00 
 2.46350000e-06  5.23108277e+00 
 2.46450000e-06  5.22508297e+00 
 2.46550000e-06  5.21908318e+00 
 2.46650000e-06  5.21308339e+00 
 2.46750000e-06  5.20708359e+00 
 2.46850000e-06  5.20108380e+00 
 2.46950000e-06  5.19508401e+00 
 2.47050000e-06  5.18908422e+00 
 2.47150000e-06  5.18308443e+00 
 2.47250000e-06  5.17708464e+00 
 2.47350000e-06  5.17108485e+00 
 2.47450000e-06  5.16508506e+00 
 2.47550000e-06  5.15908527e+00 
 2.47650000e-06  5.15308549e+00 
 2.47750000e-06  5.14708570e+00 
 2.47850000e-06  5.14108592e+00 
 2.47950000e-06  5.13508613e+00 
 2.48050000e-06  5.12908635e+00 
 2.48150000e-06  5.12308657e+00 
 2.48250000e-06  5.11708679e+00 
 2.48350000e-06  5.11108701e+00 
 2.48450000e-06  5.10508723e+00 
 2.48550000e-06  5.09908745e+00 
 2.48650000e-06  5.09308767e+00 
 2.48750000e-06  5.08708790e+00 
 2.48850000e-06  5.08108812e+00 
 2.48950000e-06  5.07508835e+00 
 2.49050000e-06  5.06908857e+00 
 2.49150000e-06  5.06308880e+00 
 2.49250000e-06  5.05708903e+00 
 2.49350000e-06  5.05108927e+00 
 2.49450000e-06  5.04508950e+00 
 2.49550000e-06  5.03908973e+00 
 2.49650000e-06  5.03308997e+00 
 2.49750000e-06  5.02709020e+00 
 2.49850000e-06  5.02109044e+00 
 2.49950000e-06  5.01509068e+00 
 2.50000000e-06  5.01209080e+00 
 2.50010000e-06  5.01151920e+00 
 2.50030000e-06  5.01043004e+00 
 2.50070000e-06  5.00854677e+00 
 2.50150000e-06  5.00571605e+00 
 2.50250000e-06  5.00344390e+00 
 2.50350000e-06  5.00207520e+00 
 2.50450000e-06  5.00125073e+00 
 2.50550000e-06  5.00075408e+00 
 2.50650000e-06  5.00045490e+00 
 2.50750000e-06  5.00027468e+00 
 2.50850000e-06  5.00016612e+00 
 2.50950000e-06  5.00010073e+00 
 2.51050000e-06  5.00006133e+00 
 2.51150000e-06  5.00003760e+00 
 2.51250000e-06  5.00002331e+00 
 2.51350000e-06  5.00001470e+00 
 2.51450000e-06  5.00000951e+00 
 2.51550000e-06  5.00000638e+00 
 2.51650000e-06  5.00000450e+00 
 2.51750000e-06  5.00000337e+00 
 2.51850000e-06  5.00000268e+00 
 2.51950000e-06  5.00000227e+00 
 2.52050000e-06  5.00000202e+00 
 2.52150000e-06  5.00000187e+00 
 2.52250000e-06  5.00000178e+00 
 2.52350000e-06  5.00000172e+00 
 2.52450000e-06  5.00000169e+00 
 2.52550000e-06  5.00000167e+00 
 2.52650000e-06  5.00000166e+00 
 2.52750000e-06  5.00000165e+00 
 2.52850000e-06  5.00000164e+00 
 2.52950000e-06  5.00000164e+00 
 2.53050000e-06  5.00000164e+00 
 2.53150000e-06  5.00000164e+00 
 2.53250000e-06  5.00000163e+00 
 2.53350000e-06  5.00000163e+00 
 2.53450000e-06  5.00000163e+00 
 2.53550000e-06  5.00000163e+00 
 2.53650000e-06  5.00000163e+00 
 2.53750000e-06  5.00000163e+00 
 2.53850000e-06  5.00000163e+00 
 2.53950000e-06  5.00000163e+00 
 2.54050000e-06  5.00000163e+00 
 2.54150000e-06  5.00000163e+00 
 2.54250000e-06  5.00000162e+00 
 2.54350000e-06  5.00000162e+00 
 2.54450000e-06  5.00000162e+00 
 2.54550000e-06  5.00000162e+00 
 2.54650000e-06  5.00000162e+00 
 2.54750000e-06  5.00000162e+00 
 2.54850000e-06  5.00000162e+00 
 2.54950000e-06  5.00000162e+00 
 2.55050000e-06  5.00000162e+00 
 2.55150000e-06  5.00000162e+00 
 2.55250000e-06  5.00000162e+00 
 2.55350000e-06  5.00000161e+00 
 2.55450000e-06  5.00000161e+00 
 2.55550000e-06  5.00000161e+00 
 2.55650000e-06  5.00000161e+00 
 2.55750000e-06  5.00000161e+00 
 2.55850000e-06  5.00000161e+00 
 2.55950000e-06  5.00000161e+00 
 2.56050000e-06  5.00000161e+00 
 2.56150000e-06  5.00000161e+00 
 2.56250000e-06  5.00000161e+00 
 2.56350000e-06  5.00000161e+00 
 2.56450000e-06  5.00000160e+00 
 2.56550000e-06  5.00000160e+00 
 2.56650000e-06  5.00000160e+00 
 2.56750000e-06  5.00000160e+00 
 2.56850000e-06  5.00000160e+00 
 2.56950000e-06  5.00000160e+00 
 2.57050000e-06  5.00000160e+00 
 2.57150000e-06  5.00000160e+00 
 2.57250000e-06  5.00000160e+00 
 2.57350000e-06  5.00000160e+00 
 2.57450000e-06  5.00000160e+00 
 2.57550000e-06  5.00000159e+00 
 2.57650000e-06  5.00000159e+00 
 2.57750000e-06  5.00000159e+00 
 2.57850000e-06  5.00000159e+00 
 2.57950000e-06  5.00000159e+00 
 2.58050000e-06  5.00000159e+00 
 2.58150000e-06  5.00000159e+00 
 2.58250000e-06  5.00000159e+00 
 2.58350000e-06  5.00000159e+00 
 2.58450000e-06  5.00000159e+00 
 2.58550000e-06  5.00000159e+00 
 2.58650000e-06  5.00000158e+00 
 2.58750000e-06  5.00000158e+00 
 2.58850000e-06  5.00000158e+00 
 2.58950000e-06  5.00000158e+00 
 2.59050000e-06  5.00000158e+00 
 2.59150000e-06  5.00000158e+00 
 2.59250000e-06  5.00000158e+00 
 2.59350000e-06  5.00000158e+00 
 2.59450000e-06  5.00000158e+00 
 2.59550000e-06  5.00000158e+00 
 2.59650000e-06  5.00000158e+00 
 2.59750000e-06  5.00000158e+00 
 2.59850000e-06  5.00000157e+00 
 2.59950000e-06  5.00000157e+00 
 2.60050000e-06  5.00000157e+00 
 2.60150000e-06  5.00000157e+00 
 2.60250000e-06  5.00000157e+00 
 2.60350000e-06  5.00000157e+00 
 2.60450000e-06  5.00000157e+00 
 2.60550000e-06  5.00000157e+00 
 2.60650000e-06  5.00000157e+00 
 2.60750000e-06  5.00000157e+00 
 2.60850000e-06  5.00000157e+00 
 2.60950000e-06  5.00000156e+00 
 2.61050000e-06  5.00000156e+00 
 2.61150000e-06  5.00000156e+00 
 2.61250000e-06  5.00000156e+00 
 2.61350000e-06  5.00000156e+00 
 2.61450000e-06  5.00000156e+00 
 2.61550000e-06  5.00000156e+00 
 2.61650000e-06  5.00000156e+00 
 2.61750000e-06  5.00000156e+00 
 2.61850000e-06  5.00000156e+00 
 2.61950000e-06  5.00000156e+00 
 2.62050000e-06  5.00000155e+00 
 2.62150000e-06  5.00000155e+00 
 2.62250000e-06  5.00000155e+00 
 2.62350000e-06  5.00000155e+00 
 2.62450000e-06  5.00000155e+00 
 2.62550000e-06  5.00000155e+00 
 2.62650000e-06  5.00000155e+00 
 2.62750000e-06  5.00000155e+00 
 2.62850000e-06  5.00000155e+00 
 2.62950000e-06  5.00000155e+00 
 2.63050000e-06  5.00000155e+00 
 2.63150000e-06  5.00000154e+00 
 2.63250000e-06  5.00000154e+00 
 2.63350000e-06  5.00000154e+00 
 2.63450000e-06  5.00000154e+00 
 2.63550000e-06  5.00000154e+00 
 2.63650000e-06  5.00000154e+00 
 2.63750000e-06  5.00000154e+00 
 2.63850000e-06  5.00000154e+00 
 2.63950000e-06  5.00000154e+00 
 2.64050000e-06  5.00000154e+00 
 2.64150000e-06  5.00000154e+00 
 2.64250000e-06  5.00000153e+00 
 2.64350000e-06  5.00000153e+00 
 2.64450000e-06  5.00000153e+00 
 2.64550000e-06  5.00000153e+00 
 2.64650000e-06  5.00000153e+00 
 2.64750000e-06  5.00000153e+00 
 2.64850000e-06  5.00000153e+00 
 2.64950000e-06  5.00000153e+00 
 2.65050000e-06  5.00000153e+00 
 2.65150000e-06  5.00000153e+00 
 2.65250000e-06  5.00000153e+00 
 2.65350000e-06  5.00000152e+00 
 2.65450000e-06  5.00000152e+00 
 2.65550000e-06  5.00000152e+00 
 2.65650000e-06  5.00000152e+00 
 2.65750000e-06  5.00000152e+00 
 2.65850000e-06  5.00000152e+00 
 2.65950000e-06  5.00000152e+00 
 2.66050000e-06  5.00000152e+00 
 2.66150000e-06  5.00000152e+00 
 2.66250000e-06  5.00000152e+00 
 2.66350000e-06  5.00000152e+00 
 2.66450000e-06  5.00000152e+00 
 2.66550000e-06  5.00000151e+00 
 2.66650000e-06  5.00000151e+00 
 2.66750000e-06  5.00000151e+00 
 2.66850000e-06  5.00000151e+00 
 2.66950000e-06  5.00000151e+00 
 2.67050000e-06  5.00000151e+00 
 2.67150000e-06  5.00000151e+00 
 2.67250000e-06  5.00000151e+00 
 2.67350000e-06  5.00000151e+00 
 2.67450000e-06  5.00000151e+00 
 2.67550000e-06  5.00000151e+00 
 2.67650000e-06  5.00000150e+00 
 2.67750000e-06  5.00000150e+00 
 2.67850000e-06  5.00000150e+00 
 2.67950000e-06  5.00000150e+00 
 2.68050000e-06  5.00000150e+00 
 2.68150000e-06  5.00000150e+00 
 2.68250000e-06  5.00000150e+00 
 2.68350000e-06  5.00000150e+00 
 2.68450000e-06  5.00000150e+00 
 2.68550000e-06  5.00000150e+00 
 2.68650000e-06  5.00000150e+00 
 2.68750000e-06  5.00000149e+00 
 2.68850000e-06  5.00000149e+00 
 2.68950000e-06  5.00000149e+00 
 2.69050000e-06  5.00000149e+00 
 2.69150000e-06  5.00000149e+00 
 2.69250000e-06  5.00000149e+00 
 2.69350000e-06  5.00000149e+00 
 2.69450000e-06  5.00000149e+00 
 2.69550000e-06  5.00000149e+00 
 2.69650000e-06  5.00000149e+00 
 2.69750000e-06  5.00000149e+00 
 2.69850000e-06  5.00000148e+00 
 2.69950000e-06  5.00000148e+00 
 2.70050000e-06  5.00000148e+00 
 2.70150000e-06  5.00000148e+00 
 2.70250000e-06  5.00000148e+00 
 2.70350000e-06  5.00000148e+00 
 2.70450000e-06  5.00000148e+00 
 2.70550000e-06  5.00000148e+00 
 2.70650000e-06  5.00000148e+00 
 2.70750000e-06  5.00000148e+00 
 2.70850000e-06  5.00000148e+00 
 2.70950000e-06  5.00000148e+00 
 2.71050000e-06  5.00000147e+00 
 2.71150000e-06  5.00000147e+00 
 2.71250000e-06  5.00000147e+00 
 2.71350000e-06  5.00000147e+00 
 2.71450000e-06  5.00000147e+00 
 2.71550000e-06  5.00000147e+00 
 2.71650000e-06  5.00000147e+00 
 2.71750000e-06  5.00000147e+00 
 2.71850000e-06  5.00000147e+00 
 2.71950000e-06  5.00000147e+00 
 2.72050000e-06  5.00000147e+00 
 2.72150000e-06  5.00000146e+00 
 2.72250000e-06  5.00000146e+00 
 2.72350000e-06  5.00000146e+00 
 2.72450000e-06  5.00000146e+00 
 2.72550000e-06  5.00000146e+00 
 2.72650000e-06  5.00000146e+00 
 2.72750000e-06  5.00000146e+00 
 2.72850000e-06  5.00000146e+00 
 2.72950000e-06  5.00000146e+00 
 2.73050000e-06  5.00000146e+00 
 2.73150000e-06  5.00000146e+00 
 2.73250000e-06  5.00000145e+00 
 2.73350000e-06  5.00000145e+00 
 2.73450000e-06  5.00000145e+00 
 2.73550000e-06  5.00000145e+00 
 2.73650000e-06  5.00000145e+00 
 2.73750000e-06  5.00000145e+00 
 2.73850000e-06  5.00000145e+00 
 2.73950000e-06  5.00000145e+00 
 2.74050000e-06  5.00000145e+00 
 2.74150000e-06  5.00000145e+00 
 2.74250000e-06  5.00000145e+00 
 2.74350000e-06  5.00000144e+00 
 2.74450000e-06  5.00000144e+00 
 2.74550000e-06  5.00000144e+00 
 2.74650000e-06  5.00000144e+00 
 2.74750000e-06  5.00000144e+00 
 2.74850000e-06  5.00000144e+00 
 2.74950000e-06  5.00000144e+00 
 2.75050000e-06  5.00000144e+00 
 2.75150000e-06  5.00000144e+00 
 2.75250000e-06  5.00000144e+00 
 2.75350000e-06  5.00000144e+00 
 2.75450000e-06  5.00000144e+00 
 2.75550000e-06  5.00000143e+00 
 2.75650000e-06  5.00000143e+00 
 2.75750000e-06  5.00000143e+00 
 2.75850000e-06  5.00000143e+00 
 2.75950000e-06  5.00000143e+00 
 2.76050000e-06  5.00000143e+00 
 2.76150000e-06  5.00000143e+00 
 2.76250000e-06  5.00000143e+00 
 2.76350000e-06  5.00000143e+00 
 2.76450000e-06  5.00000143e+00 
 2.76550000e-06  5.00000143e+00 
 2.76650000e-06  5.00000142e+00 
 2.76750000e-06  5.00000142e+00 
 2.76850000e-06  5.00000142e+00 
 2.76950000e-06  5.00000142e+00 
 2.77050000e-06  5.00000142e+00 
 2.77150000e-06  5.00000142e+00 
 2.77250000e-06  5.00000142e+00 
 2.77350000e-06  5.00000142e+00 
 2.77450000e-06  5.00000142e+00 
 2.77550000e-06  5.00000142e+00 
 2.77650000e-06  5.00000142e+00 
 2.77750000e-06  5.00000142e+00 
 2.77850000e-06  5.00000141e+00 
 2.77950000e-06  5.00000141e+00 
 2.78050000e-06  5.00000141e+00 
 2.78150000e-06  5.00000141e+00 
 2.78250000e-06  5.00000141e+00 
 2.78350000e-06  5.00000141e+00 
 2.78450000e-06  5.00000141e+00 
 2.78550000e-06  5.00000141e+00 
 2.78650000e-06  5.00000141e+00 
 2.78750000e-06  5.00000141e+00 
 2.78850000e-06  5.00000141e+00 
 2.78950000e-06  5.00000140e+00 
 2.79050000e-06  5.00000140e+00 
 2.79150000e-06  5.00000140e+00 
 2.79250000e-06  5.00000140e+00 
 2.79350000e-06  5.00000140e+00 
 2.79450000e-06  5.00000140e+00 
 2.79550000e-06  5.00000140e+00 
 2.79650000e-06  5.00000140e+00 
 2.79750000e-06  5.00000140e+00 
 2.79850000e-06  5.00000140e+00 
 2.79950000e-06  5.00000140e+00 
 2.80050000e-06  5.00000139e+00 
 2.80150000e-06  5.00000139e+00 
 2.80250000e-06  5.00000139e+00 
 2.80350000e-06  5.00000139e+00 
 2.80450000e-06  5.00000139e+00 
 2.80550000e-06  5.00000139e+00 
 2.80650000e-06  5.00000139e+00 
 2.80750000e-06  5.00000139e+00 
 2.80850000e-06  5.00000139e+00 
 2.80950000e-06  5.00000139e+00 
 2.81050000e-06  5.00000139e+00 
 2.81150000e-06  5.00000139e+00 
 2.81250000e-06  5.00000138e+00 
 2.81350000e-06  5.00000138e+00 
 2.81450000e-06  5.00000138e+00 
 2.81550000e-06  5.00000138e+00 
 2.81650000e-06  5.00000138e+00 
 2.81750000e-06  5.00000138e+00 
 2.81850000e-06  5.00000138e+00 
 2.81950000e-06  5.00000138e+00 
 2.82050000e-06  5.00000138e+00 
 2.82150000e-06  5.00000138e+00 
 2.82250000e-06  5.00000138e+00 
 2.82350000e-06  5.00000137e+00 
 2.82450000e-06  5.00000137e+00 
 2.82550000e-06  5.00000137e+00 
 2.82650000e-06  5.00000137e+00 
 2.82750000e-06  5.00000137e+00 
 2.82850000e-06  5.00000137e+00 
 2.82950000e-06  5.00000137e+00 
 2.83050000e-06  5.00000137e+00 
 2.83150000e-06  5.00000137e+00 
 2.83250000e-06  5.00000137e+00 
 2.83350000e-06  5.00000137e+00 
 2.83450000e-06  5.00000137e+00 
 2.83550000e-06  5.00000136e+00 
 2.83650000e-06  5.00000136e+00 
 2.83750000e-06  5.00000136e+00 
 2.83850000e-06  5.00000136e+00 
 2.83950000e-06  5.00000136e+00 
 2.84050000e-06  5.00000136e+00 
 2.84150000e-06  5.00000136e+00 
 2.84250000e-06  5.00000136e+00 
 2.84350000e-06  5.00000136e+00 
 2.84450000e-06  5.00000136e+00 
 2.84550000e-06  5.00000136e+00 
 2.84650000e-06  5.00000135e+00 
 2.84750000e-06  5.00000135e+00 
 2.84850000e-06  5.00000135e+00 
 2.84950000e-06  5.00000135e+00 
 2.85050000e-06  5.00000135e+00 
 2.85150000e-06  5.00000135e+00 
 2.85250000e-06  5.00000135e+00 
 2.85350000e-06  5.00000135e+00 
 2.85450000e-06  5.00000135e+00 
 2.85550000e-06  5.00000135e+00 
 2.85650000e-06  5.00000135e+00 
 2.85750000e-06  5.00000135e+00 
 2.85850000e-06  5.00000134e+00 
 2.85950000e-06  5.00000134e+00 
 2.86050000e-06  5.00000134e+00 
 2.86150000e-06  5.00000134e+00 
 2.86250000e-06  5.00000134e+00 
 2.86350000e-06  5.00000134e+00 
 2.86450000e-06  5.00000134e+00 
 2.86550000e-06  5.00000134e+00 
 2.86650000e-06  5.00000134e+00 
 2.86750000e-06  5.00000134e+00 
 2.86850000e-06  5.00000134e+00 
 2.86950000e-06  5.00000133e+00 
 2.87050000e-06  5.00000133e+00 
 2.87150000e-06  5.00000133e+00 
 2.87250000e-06  5.00000133e+00 
 2.87350000e-06  5.00000133e+00 
 2.87450000e-06  5.00000133e+00 
 2.87550000e-06  5.00000133e+00 
 2.87650000e-06  5.00000133e+00 
 2.87750000e-06  5.00000133e+00 
 2.87850000e-06  5.00000133e+00 
 2.87950000e-06  5.00000133e+00 
 2.88050000e-06  5.00000133e+00 
 2.88150000e-06  5.00000132e+00 
 2.88250000e-06  5.00000132e+00 
 2.88350000e-06  5.00000132e+00 
 2.88450000e-06  5.00000132e+00 
 2.88550000e-06  5.00000132e+00 
 2.88650000e-06  5.00000132e+00 
 2.88750000e-06  5.00000132e+00 
 2.88850000e-06  5.00000132e+00 
 2.88950000e-06  5.00000132e+00 
 2.89050000e-06  5.00000132e+00 
 2.89150000e-06  5.00000132e+00 
 2.89250000e-06  5.00000132e+00 
 2.89350000e-06  5.00000131e+00 
 2.89450000e-06  5.00000131e+00 
 2.89550000e-06  5.00000131e+00 
 2.89650000e-06  5.00000131e+00 
 2.89750000e-06  5.00000131e+00 
 2.89850000e-06  5.00000131e+00 
 2.89950000e-06  5.00000131e+00 
 2.90050000e-06  5.00000131e+00 
 2.90150000e-06  5.00000131e+00 
 2.90250000e-06  5.00000131e+00 
 2.90350000e-06  5.00000131e+00 
 2.90450000e-06  5.00000130e+00 
 2.90550000e-06  5.00000130e+00 
 2.90650000e-06  5.00000130e+00 
 2.90750000e-06  5.00000130e+00 
 2.90850000e-06  5.00000130e+00 
 2.90950000e-06  5.00000130e+00 
 2.91050000e-06  5.00000130e+00 
 2.91150000e-06  5.00000130e+00 
 2.91250000e-06  5.00000130e+00 
 2.91350000e-06  5.00000130e+00 
 2.91450000e-06  5.00000130e+00 
 2.91550000e-06  5.00000130e+00 
 2.91650000e-06  5.00000129e+00 
 2.91750000e-06  5.00000129e+00 
 2.91850000e-06  5.00000129e+00 
 2.91950000e-06  5.00000129e+00 
 2.92050000e-06  5.00000129e+00 
 2.92150000e-06  5.00000129e+00 
 2.92250000e-06  5.00000129e+00 
 2.92350000e-06  5.00000129e+00 
 2.92450000e-06  5.00000129e+00 
 2.92550000e-06  5.00000129e+00 
 2.92650000e-06  5.00000129e+00 
 2.92750000e-06  5.00000128e+00 
 2.92850000e-06  5.00000128e+00 
 2.92950000e-06  5.00000128e+00 
 2.93050000e-06  5.00000128e+00 
 2.93150000e-06  5.00000128e+00 
 2.93250000e-06  5.00000128e+00 
 2.93350000e-06  5.00000128e+00 
 2.93450000e-06  5.00000128e+00 
 2.93550000e-06  5.00000128e+00 
 2.93650000e-06  5.00000128e+00 
 2.93750000e-06  5.00000128e+00 
 2.93850000e-06  5.00000128e+00 
 2.93950000e-06  5.00000127e+00 
 2.94050000e-06  5.00000127e+00 
 2.94150000e-06  5.00000127e+00 
 2.94250000e-06  5.00000127e+00 
 2.94350000e-06  5.00000127e+00 
 2.94450000e-06  5.00000127e+00 
 2.94550000e-06  5.00000127e+00 
 2.94650000e-06  5.00000127e+00 
 2.94750000e-06  5.00000127e+00 
 2.94850000e-06  5.00000127e+00 
 2.94950000e-06  5.00000127e+00 
 2.95050000e-06  5.00000127e+00 
 2.95150000e-06  5.00000126e+00 
 2.95250000e-06  5.00000126e+00 
 2.95350000e-06  5.00000126e+00 
 2.95450000e-06  5.00000126e+00 
 2.95550000e-06  5.00000126e+00 
 2.95650000e-06  5.00000126e+00 
 2.95750000e-06  5.00000126e+00 
 2.95850000e-06  5.00000126e+00 
 2.95950000e-06  5.00000126e+00 
 2.96050000e-06  5.00000126e+00 
 2.96150000e-06  5.00000126e+00 
 2.96250000e-06  5.00000125e+00 
 2.96350000e-06  5.00000125e+00 
 2.96450000e-06  5.00000125e+00 
 2.96550000e-06  5.00000125e+00 
 2.96650000e-06  5.00000125e+00 
 2.96750000e-06  5.00000125e+00 
 2.96850000e-06  5.00000125e+00 
 2.96950000e-06  5.00000125e+00 
 2.97050000e-06  5.00000125e+00 
 2.97150000e-06  5.00000125e+00 
 2.97250000e-06  5.00000125e+00 
 2.97350000e-06  5.00000125e+00 
 2.97450000e-06  5.00000124e+00 
 2.97550000e-06  5.00000124e+00 
 2.97650000e-06  5.00000124e+00 
 2.97750000e-06  5.00000124e+00 
 2.97850000e-06  5.00000124e+00 
 2.97950000e-06  5.00000124e+00 
 2.98050000e-06  5.00000124e+00 
 2.98150000e-06  5.00000124e+00 
 2.98250000e-06  5.00000124e+00 
 2.98350000e-06  5.00000124e+00 
 2.98450000e-06  5.00000124e+00 
 2.98550000e-06  5.00000124e+00 
 2.98650000e-06  5.00000123e+00 
 2.98750000e-06  5.00000123e+00 
 2.98850000e-06  5.00000123e+00 
 2.98950000e-06  5.00000123e+00 
 2.99050000e-06  5.00000123e+00 
 2.99150000e-06  5.00000123e+00 
 2.99250000e-06  5.00000123e+00 
 2.99350000e-06  5.00000123e+00 
 2.99450000e-06  5.00000123e+00 
 2.99550000e-06  5.00000123e+00 
 2.99650000e-06  5.00000123e+00 
 2.99750000e-06  5.00000123e+00 
 2.99850000e-06  5.00000122e+00 
 2.99950000e-06  5.00000122e+00 
 3.00000000e-06  5.00000122e+00 
