 2.50000000e+00  4.30420797e-02  2.50000000e+00  4.30420225e-02  2.50000000e+00  3.89462203e+00  2.50000000e+00  2.79533179e+00 
 2.55000000e+00  3.56428226e-02  2.55000000e+00  3.56427683e-02  2.55000000e+00  3.91696718e+00  2.55000000e+00  2.79529517e+00 
 2.60000000e+00  3.03827113e-02  2.60000000e+00  3.03826603e-02  2.60000000e+00  3.93928315e+00  2.60000000e+00  2.79526915e+00 
 2.65000000e+00  2.66452935e-02  2.65000000e+00  2.66452447e-02  2.65000000e+00  3.96157560e+00  2.65000000e+00  2.79525075e+00 
 2.70000000e+00  2.40175662e-02  2.70000000e+00  2.40175188e-02  2.70000000e+00  3.98386354e+00  2.70000000e+00  2.79523776e+00 
 2.75000000e+00  2.21977776e-02  2.75000000e+00  2.21977311e-02  2.75000000e+00  4.00618005e+00  2.75000000e+00  2.79522876e+00 
 2.80000000e+00  2.09581945e-02  2.80000000e+00  2.09581486e-02  2.80000000e+00  4.02856729e+00  2.80000000e+00  2.79522264e+00 
 2.85000000e+00  2.01274577e-02  2.85000000e+00  2.01274121e-02  2.85000000e+00  4.05106553e+00  2.85000000e+00  2.79521846e+00 
 2.90000000e+00  1.95792495e-02  2.90000000e+00  1.95792043e-02  2.90000000e+00  4.07370028e+00  2.90000000e+00  2.79521575e+00 
 2.95000000e+00  1.92228006e-02  2.95000000e+00  1.92227555e-02  2.95000000e+00  4.09647405e+00  2.95000000e+00  2.79521398e+00 
 3.00000000e+00  1.89944062e-02  3.00000000e+00  1.89943612e-02  3.00000000e+00  4.11936741e+00  3.00000000e+00  2.79521286e+00 
 3.05000000e+00  1.88502174e-02  3.05000000e+00  1.88501725e-02  3.05000000e+00  4.14234730e+00  3.05000000e+00  2.79521214e+00 
 3.10000000e+00  1.87605393e-02  3.10000000e+00  1.87604944e-02  3.10000000e+00  4.16537723e+00  3.10000000e+00  2.79521170e+00 
 3.15000000e+00  1.87055735e-02  3.15000000e+00  1.87055287e-02  3.15000000e+00  4.18842451e+00  3.15000000e+00  2.79521143e+00 
 3.20000000e+00  1.86723413e-02  3.20000000e+00  1.86722965e-02  3.20000000e+00  4.21146341e+00  3.20000000e+00  2.79521126e+00 
 3.25000000e+00  1.86524928e-02  3.25000000e+00  1.86524479e-02  3.25000000e+00  4.23447541e+00  3.25000000e+00  2.79521117e+00 
 3.30000000e+00  1.86407603e-02  3.30000000e+00  1.86407155e-02  3.30000000e+00  4.25744804e+00  3.30000000e+00  2.79521111e+00 
 3.35000000e+00  1.86338839e-02  3.35000000e+00  1.86338391e-02  3.35000000e+00  4.28037355e+00  3.35000000e+00  2.79521107e+00 
 3.40000000e+00  1.86298804e-02  3.40000000e+00  1.86298355e-02  3.40000000e+00  4.30324798e+00  3.40000000e+00  2.79521105e+00 
 3.45000000e+00  1.86275610e-02  3.45000000e+00  1.86275162e-02  3.45000000e+00  4.32607072e+00  3.45000000e+00  2.79521104e+00 
 3.50000000e+00  1.86262223e-02  3.50000000e+00  1.86261774e-02  3.50000000e+00  4.34884491e+00  3.50000000e+00  2.79521104e+00 
 3.55000000e+00  1.86254513e-02  3.55000000e+00  1.86254065e-02  3.55000000e+00  4.37157861e+00  3.55000000e+00  2.79521103e+00 
 3.60000000e+00  1.86250080e-02  3.60000000e+00  1.86249632e-02  3.60000000e+00  4.39428729e+00  3.60000000e+00  2.79521103e+00 
 3.65000000e+00  1.86247533e-02  3.65000000e+00  1.86247084e-02  3.65000000e+00  4.41699808e+00  3.65000000e+00  2.79521103e+00 
 3.70000000e+00  1.86246069e-02  3.70000000e+00  1.86245620e-02  3.70000000e+00  4.43975666e+00  3.70000000e+00  2.79521103e+00 
 3.75000000e+00  1.86245227e-02  3.75000000e+00  1.86244778e-02  3.75000000e+00  4.46263809e+00  3.75000000e+00  2.79521103e+00 
 3.80000000e+00  1.86244742e-02  3.80000000e+00  1.86244294e-02  3.80000000e+00  4.48576273e+00  3.80000000e+00  2.79521103e+00 
 3.85000000e+00  1.86244463e-02  3.85000000e+00  1.86244014e-02  3.85000000e+00  4.50931763e+00  3.85000000e+00  2.79521103e+00 
 3.90000000e+00  1.86244301e-02  3.90000000e+00  1.86243853e-02  3.90000000e+00  4.53357911e+00  3.90000000e+00  2.79521103e+00 
 3.95000000e+00  1.86244208e-02  3.95000000e+00  1.86243759e-02  3.95000000e+00  4.55891905e+00  3.95000000e+00  2.79521103e+00 
 4.00000000e+00  1.86244154e-02  4.00000000e+00  1.86243706e-02  4.00000000e+00  4.58575294e+00  4.00000000e+00  2.79521103e+00 
 4.05000000e+00  1.86244123e-02  4.05000000e+00  1.86243674e-02  4.05000000e+00  4.61437819e+00  4.05000000e+00  2.79521103e+00 
 4.10000000e+00  1.86244104e-02  4.10000000e+00  1.86243656e-02  4.10000000e+00  4.64474952e+00  4.10000000e+00  2.79521103e+00 
 4.15000000e+00  1.86244093e-02  4.15000000e+00  1.86243644e-02  4.15000000e+00  4.67642012e+00  4.15000000e+00  2.79521103e+00 
 4.20000000e+00  1.86244085e-02  4.20000000e+00  1.86243636e-02  4.20000000e+00  4.70876615e+00  4.20000000e+00  2.79521103e+00 
 4.25000000e+00  1.86244078e-02  4.25000000e+00  1.86243630e-02  4.25000000e+00  4.74124626e+00  4.25000000e+00  2.79521103e+00 
 4.30000000e+00  1.86244073e-02  4.30000000e+00  1.86243625e-02  4.30000000e+00  4.77348217e+00  4.30000000e+00  2.79521103e+00 
 4.35000000e+00  1.86244068e-02  4.35000000e+00  1.86243620e-02  4.35000000e+00  4.80521367e+00  4.35000000e+00  2.79521103e+00 
 4.40000000e+00  1.86244064e-02  4.40000000e+00  1.86243616e-02  4.40000000e+00  4.83622951e+00  4.40000000e+00  2.79521103e+00 
 4.45000000e+00  1.86244060e-02  4.45000000e+00  1.86243612e-02  4.45000000e+00  4.86630776e+00  4.45000000e+00  2.79521103e+00 
 4.50000000e+00  1.86244057e-02  4.50000000e+00  1.86243609e-02  4.50000000e+00  4.89515711e+00  4.50000000e+00  2.79521103e+00 
