 5.00000000e-01  4.86804778e-03 
 5.01000000e-01  4.86806426e-03 
 5.02000000e-01  4.86808079e-03 
 5.03000000e-01  4.86809736e-03 
 5.04000000e-01  4.86811398e-03 
 5.05000000e-01  4.86813063e-03 
 5.06000000e-01  4.86814733e-03 
 5.07000000e-01  4.86816407e-03 
 5.08000000e-01  4.86818086e-03 
 5.09000000e-01  4.86819768e-03 
 5.10000000e-01  4.86821456e-03 
 5.11000000e-01  4.86823147e-03 
 5.12000000e-01  4.86824843e-03 
 5.13000000e-01  4.86826543e-03 
 5.14000000e-01  4.86828248e-03 
 5.15000000e-01  4.86829957e-03 
 5.16000000e-01  4.86831671e-03 
 5.17000000e-01  4.86833389e-03 
 5.18000000e-01  4.86835111e-03 
 5.19000000e-01  4.86836838e-03 
 5.20000000e-01  4.86838570e-03 
 5.21000000e-01  4.86840306e-03 
 5.22000000e-01  4.86842047e-03 
 5.23000000e-01  4.86843792e-03 
 5.24000000e-01  4.86845542e-03 
 5.25000000e-01  4.86847296e-03 
 5.26000000e-01  4.86849055e-03 
 5.27000000e-01  4.86850819e-03 
 5.28000000e-01  4.86852587e-03 
 5.29000000e-01  4.86854360e-03 
 5.30000000e-01  4.86856138e-03 
 5.31000000e-01  4.86857920e-03 
 5.32000000e-01  4.86859707e-03 
 5.33000000e-01  4.86861499e-03 
 5.34000000e-01  4.86863296e-03 
 5.35000000e-01  4.86865098e-03 
 5.36000000e-01  4.86866904e-03 
 5.37000000e-01  4.86868715e-03 
 5.38000000e-01  4.86870531e-03 
 5.39000000e-01  4.86872352e-03 
 5.40000000e-01  4.86874178e-03 
 5.41000000e-01  4.86876009e-03 
 5.42000000e-01  4.86877844e-03 
 5.43000000e-01  4.86879685e-03 
 5.44000000e-01  4.86881531e-03 
 5.45000000e-01  4.86883381e-03 
 5.46000000e-01  4.86885237e-03 
 5.47000000e-01  4.86887098e-03 
 5.48000000e-01  4.86888963e-03 
 5.49000000e-01  4.86890834e-03 
 5.50000000e-01  4.86892710e-03 
 5.51000000e-01  4.86894591e-03 
 5.52000000e-01  4.86896477e-03 
 5.53000000e-01  4.86898368e-03 
 5.54000000e-01  4.86900265e-03 
 5.55000000e-01  4.86902167e-03 
 5.56000000e-01  4.86904073e-03 
 5.57000000e-01  4.86905986e-03 
 5.58000000e-01  4.86907903e-03 
 5.59000000e-01  4.86909826e-03 
 5.60000000e-01  4.86911754e-03 
 5.61000000e-01  4.86913687e-03 
 5.62000000e-01  4.86915626e-03 
 5.63000000e-01  4.86917570e-03 
 5.64000000e-01  4.86919520e-03 
 5.65000000e-01  4.86921475e-03 
 5.66000000e-01  4.86923435e-03 
 5.67000000e-01  4.86925401e-03 
 5.68000000e-01  4.86927372e-03 
 5.69000000e-01  4.86929349e-03 
 5.70000000e-01  4.86931332e-03 
 5.71000000e-01  4.86933320e-03 
 5.72000000e-01  4.86935313e-03 
 5.73000000e-01  4.86937312e-03 
 5.74000000e-01  4.86939317e-03 
 5.75000000e-01  4.86941328e-03 
 5.76000000e-01  4.86943344e-03 
 5.77000000e-01  4.86945366e-03 
 5.78000000e-01  4.86947393e-03 
 5.79000000e-01  4.86949427e-03 
 5.80000000e-01  4.86951466e-03 
 5.81000000e-01  4.86953511e-03 
 5.82000000e-01  4.86955562e-03 
 5.83000000e-01  4.86957618e-03 
 5.84000000e-01  4.86959681e-03 
 5.85000000e-01  4.86961750e-03 
 5.86000000e-01  4.86963824e-03 
 5.87000000e-01  4.86965904e-03 
 5.88000000e-01  4.86967991e-03 
 5.89000000e-01  4.86970083e-03 
 5.90000000e-01  4.86972181e-03 
 5.91000000e-01  4.86974286e-03 
 5.92000000e-01  4.86976396e-03 
 5.93000000e-01  4.86978513e-03 
 5.94000000e-01  4.86980636e-03 
 5.95000000e-01  4.86982765e-03 
 5.96000000e-01  4.86984900e-03 
 5.97000000e-01  4.86987041e-03 
 5.98000000e-01  4.86989189e-03 
 5.99000000e-01  4.86991343e-03 
 6.00000000e-01  4.86993503e-03 
 6.01000000e-01  4.86995670e-03 
 6.02000000e-01  4.86997843e-03 
 6.03000000e-01  4.87000022e-03 
 6.04000000e-01  4.87002208e-03 
 6.05000000e-01  4.87004400e-03 
 6.06000000e-01  4.87006599e-03 
 6.07000000e-01  4.87008804e-03 
 6.08000000e-01  4.87011016e-03 
 6.09000000e-01  4.87013234e-03 
 6.10000000e-01  4.87015459e-03 
 6.11000000e-01  4.87017691e-03 
 6.12000000e-01  4.87019929e-03 
 6.13000000e-01  4.87022174e-03 
 6.14000000e-01  4.87024425e-03 
 6.15000000e-01  4.87026684e-03 
 6.16000000e-01  4.87028949e-03 
 6.17000000e-01  4.87031221e-03 
 6.18000000e-01  4.87033499e-03 
 6.19000000e-01  4.87035785e-03 
 6.20000000e-01  4.87038078e-03 
 6.21000000e-01  4.87040377e-03 
 6.22000000e-01  4.87042684e-03 
 6.23000000e-01  4.87044997e-03 
 6.24000000e-01  4.87047317e-03 
 6.25000000e-01  4.87049645e-03 
 6.26000000e-01  4.87051980e-03 
 6.27000000e-01  4.87054321e-03 
 6.28000000e-01  4.87056670e-03 
 6.29000000e-01  4.87059026e-03 
 6.30000000e-01  4.87061390e-03 
 6.31000000e-01  4.87063760e-03 
 6.32000000e-01  4.87066138e-03 
 6.33000000e-01  4.87068523e-03 
 6.34000000e-01  4.87070916e-03 
 6.35000000e-01  4.87073316e-03 
 6.36000000e-01  4.87075723e-03 
 6.37000000e-01  4.87078138e-03 
 6.38000000e-01  4.87080560e-03 
 6.39000000e-01  4.87082990e-03 
 6.40000000e-01  4.87085428e-03 
 6.41000000e-01  4.87087873e-03 
 6.42000000e-01  4.87090325e-03 
 6.43000000e-01  4.87092786e-03 
 6.44000000e-01  4.87095254e-03 
 6.45000000e-01  4.87097730e-03 
 6.46000000e-01  4.87100213e-03 
 6.47000000e-01  4.87102705e-03 
 6.48000000e-01  4.87105204e-03 
 6.49000000e-01  4.87107711e-03 
 6.50000000e-01  4.87110227e-03 
 6.51000000e-01  4.87112750e-03 
 6.52000000e-01  4.87115281e-03 
 6.53000000e-01  4.87117820e-03 
 6.54000000e-01  4.87120367e-03 
 6.55000000e-01  4.87122923e-03 
 6.56000000e-01  4.87125486e-03 
 6.57000000e-01  4.87128058e-03 
 6.58000000e-01  4.87130638e-03 
 6.59000000e-01  4.87133227e-03 
 6.60000000e-01  4.87135823e-03 
 6.61000000e-01  4.87138428e-03 
 6.62000000e-01  4.87141042e-03 
 6.63000000e-01  4.87143664e-03 
 6.64000000e-01  4.87146294e-03 
 6.65000000e-01  4.87148933e-03 
 6.66000000e-01  4.87151581e-03 
 6.67000000e-01  4.87154237e-03 
 6.68000000e-01  4.87156902e-03 
 6.69000000e-01  4.87159575e-03 
 6.70000000e-01  4.87162258e-03 
 6.71000000e-01  4.87164949e-03 
 6.72000000e-01  4.87167649e-03 
 6.73000000e-01  4.87170357e-03 
 6.74000000e-01  4.87173075e-03 
 6.75000000e-01  4.87175802e-03 
 6.76000000e-01  4.87178537e-03 
 6.77000000e-01  4.87181282e-03 
 6.78000000e-01  4.87184036e-03 
 6.79000000e-01  4.87186799e-03 
 6.80000000e-01  4.87189571e-03 
 6.81000000e-01  4.87192353e-03 
 6.82000000e-01  4.87195143e-03 
 6.83000000e-01  4.87197943e-03 
 6.84000000e-01  4.87200753e-03 
 6.85000000e-01  4.87203572e-03 
 6.86000000e-01  4.87206400e-03 
 6.87000000e-01  4.87209238e-03 
 6.88000000e-01  4.87212086e-03 
 6.89000000e-01  4.87214943e-03 
 6.90000000e-01  4.87217809e-03 
 6.91000000e-01  4.87220686e-03 
 6.92000000e-01  4.87223572e-03 
 6.93000000e-01  4.87226468e-03 
 6.94000000e-01  4.87229374e-03 
 6.95000000e-01  4.87232290e-03 
 6.96000000e-01  4.87235216e-03 
 6.97000000e-01  4.87238152e-03 
 6.98000000e-01  4.87241098e-03 
 6.99000000e-01  4.87244054e-03 
 7.00000000e-01  4.87247021e-03 
 7.01000000e-01  4.87249997e-03 
 7.02000000e-01  4.87252984e-03 
 7.03000000e-01  4.87255981e-03 
 7.04000000e-01  4.87258989e-03 
 7.05000000e-01  4.87262007e-03 
 7.06000000e-01  4.87265036e-03 
 7.07000000e-01  4.87268075e-03 
 7.08000000e-01  4.87271125e-03 
 7.09000000e-01  4.87274185e-03 
 7.10000000e-01  4.87277256e-03 
 7.11000000e-01  4.87280338e-03 
 7.12000000e-01  4.87283431e-03 
 7.13000000e-01  4.87286535e-03 
 7.14000000e-01  4.87289650e-03 
 7.15000000e-01  4.87292775e-03 
 7.16000000e-01  4.87295912e-03 
 7.17000000e-01  4.87299060e-03 
 7.18000000e-01  4.87302220e-03 
 7.19000000e-01  4.87305390e-03 
 7.20000000e-01  4.87308572e-03 
 7.21000000e-01  4.87311765e-03 
 7.22000000e-01  4.87314970e-03 
 7.23000000e-01  4.87318186e-03 
 7.24000000e-01  4.87321414e-03 
 7.25000000e-01  4.87324653e-03 
 7.26000000e-01  4.87327904e-03 
 7.27000000e-01  4.87331167e-03 
 7.28000000e-01  4.87334442e-03 
 7.29000000e-01  4.87337729e-03 
 7.30000000e-01  4.87341027e-03 
 7.31000000e-01  4.87344338e-03 
 7.32000000e-01  4.87347661e-03 
 7.33000000e-01  4.87350995e-03 
 7.34000000e-01  4.87354343e-03 
 7.35000000e-01  4.87357702e-03 
 7.36000000e-01  4.87361074e-03 
 7.37000000e-01  4.87364458e-03 
 7.38000000e-01  4.87367855e-03 
 7.39000000e-01  4.87371264e-03 
 7.40000000e-01  4.87374686e-03 
 7.41000000e-01  4.87378121e-03 
 7.42000000e-01  4.87381568e-03 
 7.43000000e-01  4.87385029e-03 
 7.44000000e-01  4.87388502e-03 
 7.45000000e-01  4.87391989e-03 
 7.46000000e-01  4.87395488e-03 
 7.47000000e-01  4.87399001e-03 
 7.48000000e-01  4.87402526e-03 
 7.49000000e-01  4.87406066e-03 
 7.50000000e-01  4.87409618e-03 
 7.51000000e-01  4.87413184e-03 
 7.52000000e-01  4.87416764e-03 
 7.53000000e-01  4.87420357e-03 
 7.54000000e-01  4.87423964e-03 
 7.55000000e-01  4.87427584e-03 
 7.56000000e-01  4.87431219e-03 
 7.57000000e-01  4.87434867e-03 
 7.58000000e-01  4.87438530e-03 
 7.59000000e-01  4.87442206e-03 
 7.60000000e-01  4.87445897e-03 
 7.61000000e-01  4.87449602e-03 
 7.62000000e-01  4.87453322e-03 
 7.63000000e-01  4.87457056e-03 
 7.64000000e-01  4.87460804e-03 
 7.65000000e-01  4.87464567e-03 
 7.66000000e-01  4.87468345e-03 
 7.67000000e-01  4.87472137e-03 
 7.68000000e-01  4.87475945e-03 
 7.69000000e-01  4.87479767e-03 
 7.70000000e-01  4.87483604e-03 
 7.71000000e-01  4.87487457e-03 
 7.72000000e-01  4.87491325e-03 
 7.73000000e-01  4.87495208e-03 
 7.74000000e-01  4.87499106e-03 
 7.75000000e-01  4.87503020e-03 
 7.76000000e-01  4.87506950e-03 
 7.77000000e-01  4.87510895e-03 
 7.78000000e-01  4.87514857e-03 
 7.79000000e-01  4.87518834e-03 
 7.80000000e-01  4.87522827e-03 
 7.81000000e-01  4.87526836e-03 
 7.82000000e-01  4.87530861e-03 
 7.83000000e-01  4.87534903e-03 
 7.84000000e-01  4.87538961e-03 
 7.85000000e-01  4.87543035e-03 
 7.86000000e-01  4.87547126e-03 
 7.87000000e-01  4.87551234e-03 
 7.88000000e-01  4.87555359e-03 
 7.89000000e-01  4.87559500e-03 
 7.90000000e-01  4.87563659e-03 
 7.91000000e-01  4.87567834e-03 
 7.92000000e-01  4.87572027e-03 
 7.93000000e-01  4.87576237e-03 
 7.94000000e-01  4.87580465e-03 
 7.95000000e-01  4.87584710e-03 
 7.96000000e-01  4.87588973e-03 
 7.97000000e-01  4.87593253e-03 
 7.98000000e-01  4.87597552e-03 
 7.99000000e-01  4.87601868e-03 
 8.00000000e-01  4.87606203e-03 
 8.01000000e-01  4.87610556e-03 
 8.02000000e-01  4.87614927e-03 
 8.03000000e-01  4.87619317e-03 
 8.04000000e-01  4.87623725e-03 
 8.05000000e-01  4.87628152e-03 
 8.06000000e-01  4.87632597e-03 
 8.07000000e-01  4.87637062e-03 
 8.08000000e-01  4.87641546e-03 
 8.09000000e-01  4.87646049e-03 
 8.10000000e-01  4.87650548e-03 
 8.11000000e-01  4.87655113e-03 
 8.12000000e-01  4.87659674e-03 
 8.13000000e-01  4.87664255e-03 
 8.14000000e-01  4.87668856e-03 
 8.15000000e-01  4.87673477e-03 
 8.16000000e-01  4.87678118e-03 
 8.17000000e-01  4.87682779e-03 
 8.18000000e-01  4.87687461e-03 
 8.19000000e-01  4.87692163e-03 
 8.20000000e-01  4.87696885e-03 
 8.21000000e-01  4.87701629e-03 
 8.22000000e-01  4.87706393e-03 
 8.23000000e-01  4.87711179e-03 
 8.24000000e-01  4.87715985e-03 
 8.25000000e-01  4.87720813e-03 
 8.26000000e-01  4.87725663e-03 
 8.27000000e-01  4.87730534e-03 
 8.28000000e-01  4.87735427e-03 
 8.29000000e-01  4.87740342e-03 
 8.30000000e-01  4.87745279e-03 
 8.31000000e-01  4.87750238e-03 
 8.32000000e-01  4.87755219e-03 
 8.33000000e-01  4.87760223e-03 
 8.34000000e-01  4.87765250e-03 
 8.35000000e-01  4.87770300e-03 
 8.36000000e-01  4.87775372e-03 
 8.37000000e-01  4.87780468e-03 
 8.38000000e-01  4.87785587e-03 
 8.39000000e-01  4.87790730e-03 
 8.40000000e-01  4.87795896e-03 
 8.41000000e-01  4.87801086e-03 
 8.42000000e-01  4.87806300e-03 
 8.43000000e-01  4.87811539e-03 
 8.44000000e-01  4.87816801e-03 
 8.45000000e-01  4.87822088e-03 
 8.46000000e-01  4.87827400e-03 
 8.47000000e-01  4.87832737e-03 
 8.48000000e-01  4.87838099e-03 
 8.49000000e-01  4.87843485e-03 
 8.50000000e-01  4.87848898e-03 
 8.51000000e-01  4.87854336e-03 
 8.52000000e-01  4.87859799e-03 
 8.53000000e-01  4.87865289e-03 
 8.54000000e-01  4.87870805e-03 
 8.55000000e-01  4.87876347e-03 
 8.56000000e-01  4.87881915e-03 
 8.57000000e-01  4.87887511e-03 
 8.58000000e-01  4.87893133e-03 
 8.59000000e-01  4.87898782e-03 
 8.60000000e-01  4.87904459e-03 
 8.61000000e-01  4.87910163e-03 
 8.62000000e-01  4.87915895e-03 
 8.63000000e-01  4.87921655e-03 
 8.64000000e-01  4.87927443e-03 
 8.65000000e-01  4.87933259e-03 
 8.66000000e-01  4.87939104e-03 
 8.67000000e-01  4.87944978e-03 
 8.68000000e-01  4.87950881e-03 
 8.69000000e-01  4.87956812e-03 
 8.70000000e-01  4.87962774e-03 
 8.71000000e-01  4.87968765e-03 
 8.72000000e-01  4.87974785e-03 
 8.73000000e-01  4.87980836e-03 
 8.74000000e-01  4.87986917e-03 
 8.75000000e-01  4.87993029e-03 
 8.76000000e-01  4.87999172e-03 
 8.77000000e-01  4.88005345e-03 
 8.78000000e-01  4.88011550e-03 
 8.79000000e-01  4.88017787e-03 
 8.80000000e-01  4.88024055e-03 
 8.81000000e-01  4.88030355e-03 
 8.82000000e-01  4.88036687e-03 
 8.83000000e-01  4.88043052e-03 
 8.84000000e-01  4.88049450e-03 
 8.85000000e-01  4.88055881e-03 
 8.86000000e-01  4.88062345e-03 
 8.87000000e-01  4.88068842e-03 
 8.88000000e-01  4.88075374e-03 
 8.89000000e-01  4.88081939e-03 
 8.90000000e-01  4.88088539e-03 
 8.91000000e-01  4.88095174e-03 
 8.92000000e-01  4.88101843e-03 
 8.93000000e-01  4.88108548e-03 
 8.94000000e-01  4.88115288e-03 
 8.95000000e-01  4.88122063e-03 
 8.96000000e-01  4.88128875e-03 
 8.97000000e-01  4.88135724e-03 
 8.98000000e-01  4.88142608e-03 
 8.99000000e-01  4.88149530e-03 
 9.00000000e-01  4.88156489e-03 
 9.01000000e-01  4.88163486e-03 
 9.02000000e-01  4.88170520e-03 
 9.03000000e-01  4.88177593e-03 
 9.04000000e-01  4.88184704e-03 
 9.05000000e-01  4.88191854e-03 
 9.06000000e-01  4.88199043e-03 
 9.07000000e-01  4.88206272e-03 
 9.08000000e-01  4.88213540e-03 
 9.09000000e-01  4.88220848e-03 
 9.10000000e-01  4.88228197e-03 
 9.11000000e-01  4.88235587e-03 
 9.12000000e-01  4.88243018e-03 
 9.13000000e-01  4.88250491e-03 
 9.14000000e-01  4.88258005e-03 
 9.15000000e-01  4.88265561e-03 
 9.16000000e-01  4.88273160e-03 
 9.17000000e-01  4.88280803e-03 
 9.18000000e-01  4.88288488e-03 
 9.19000000e-01  4.88296217e-03 
 9.20000000e-01  4.88303990e-03 
 9.21000000e-01  4.88311808e-03 
 9.22000000e-01  4.88319670e-03 
 9.23000000e-01  4.88327578e-03 
 9.24000000e-01  4.88335531e-03 
 9.25000000e-01  4.88343531e-03 
 9.26000000e-01  4.88351577e-03 
 9.27000000e-01  4.88359669e-03 
 9.28000000e-01  4.88367809e-03 
 9.29000000e-01  4.88375997e-03 
 9.30000000e-01  4.88384233e-03 
 9.31000000e-01  4.88392517e-03 
 9.32000000e-01  4.88400851e-03 
 9.33000000e-01  4.88409234e-03 
 9.34000000e-01  4.88417666e-03 
 9.35000000e-01  4.88426149e-03 
 9.36000000e-01  4.88434683e-03 
 9.37000000e-01  4.88443268e-03 
 9.38000000e-01  4.88451905e-03 
 9.39000000e-01  4.88460594e-03 
 9.40000000e-01  4.88469336e-03 
 9.41000000e-01  4.88478131e-03 
 9.42000000e-01  4.88486980e-03 
 9.43000000e-01  4.88495883e-03 
 9.44000000e-01  4.88504840e-03 
 9.45000000e-01  4.88513853e-03 
 9.46000000e-01  4.88522922e-03 
 9.47000000e-01  4.88532047e-03 
 9.48000000e-01  4.88541228e-03 
 9.49000000e-01  4.88550467e-03 
 9.50000000e-01  4.88559764e-03 
 9.51000000e-01  4.88569119e-03 
 9.52000000e-01  4.88578533e-03 
 9.53000000e-01  4.88588007e-03 
 9.54000000e-01  4.88597540e-03 
 9.55000000e-01  4.88607135e-03 
 9.56000000e-01  4.88616791e-03 
 9.57000000e-01  4.88626508e-03 
 9.58000000e-01  4.88636288e-03 
 9.59000000e-01  4.88646132e-03 
 9.60000000e-01  4.88656039e-03 
 9.61000000e-01  4.88666010e-03 
 9.62000000e-01  4.88676046e-03 
 9.63000000e-01  4.88686148e-03 
 9.64000000e-01  4.88696317e-03 
 9.65000000e-01  4.88706552e-03 
 9.66000000e-01  4.88716855e-03 
 9.67000000e-01  4.88727226e-03 
 9.68000000e-01  4.88737666e-03 
 9.69000000e-01  4.88748176e-03 
 9.70000000e-01  4.88758757e-03 
 9.71000000e-01  4.88769408e-03 
 9.72000000e-01  4.88780131e-03 
 9.73000000e-01  4.88790927e-03 
 9.74000000e-01  4.88801797e-03 
 9.75000000e-01  4.88812740e-03 
 9.76000000e-01  4.88823758e-03 
 9.77000000e-01  4.88834852e-03 
 9.78000000e-01  4.88846022e-03 
 9.79000000e-01  4.88857270e-03 
 9.80000000e-01  4.88868596e-03 
 9.81000000e-01  4.88880000e-03 
 9.82000000e-01  4.88891485e-03 
 9.83000000e-01  4.88903050e-03 
 9.84000000e-01  4.88914696e-03 
 9.85000000e-01  4.88926424e-03 
 9.86000000e-01  4.88938236e-03 
 9.87000000e-01  4.88950132e-03 
 9.88000000e-01  4.88962113e-03 
 9.89000000e-01  4.88974180e-03 
 9.90000000e-01  4.88986334e-03 
 9.91000000e-01  4.88998575e-03 
 9.92000000e-01  4.89010905e-03 
 9.93000000e-01  4.89023325e-03 
 9.94000000e-01  4.89035836e-03 
 9.95000000e-01  4.89048439e-03 
 9.96000000e-01  4.89061134e-03 
 9.97000000e-01  4.89073923e-03 
 9.98000000e-01  4.89086807e-03 
 9.99000000e-01  4.89099787e-03 
 1.00000000e+00  4.89112864e-03 
 1.00100000e+00  4.89126039e-03 
 1.00200000e+00  4.89139313e-03 
 1.00300000e+00  4.89152688e-03 
 1.00400000e+00  4.89166164e-03 
 1.00500000e+00  4.89179743e-03 
 1.00600000e+00  4.89193426e-03 
 1.00700000e+00  4.89207214e-03 
 1.00800000e+00  4.89221108e-03 
 1.00900000e+00  4.89235110e-03 
 1.01000000e+00  4.89249220e-03 
 1.01100000e+00  4.89263441e-03 
 1.01200000e+00  4.89277773e-03 
 1.01300000e+00  4.89292218e-03 
 1.01400000e+00  4.89306777e-03 
 1.01500000e+00  4.89321451e-03 
 1.01600000e+00  4.89336243e-03 
 1.01700000e+00  4.89351152e-03 
 1.01800000e+00  4.89366181e-03 
 1.01900000e+00  4.89381331e-03 
 1.02000000e+00  4.89396604e-03 
 1.02100000e+00  4.89412001e-03 
 1.02200000e+00  4.89427524e-03 
 1.02300000e+00  4.89443174e-03 
 1.02400000e+00  4.89458952e-03 
 1.02500000e+00  4.89474861e-03 
 1.02600000e+00  4.89490902e-03 
 1.02700000e+00  4.89507077e-03 
 1.02800000e+00  4.89523387e-03 
 1.02900000e+00  4.89539834e-03 
 1.03000000e+00  4.89556420e-03 
 1.03100000e+00  4.89573146e-03 
 1.03200000e+00  4.89590015e-03 
 1.03300000e+00  4.89607028e-03 
 1.03400000e+00  4.89624187e-03 
 1.03500000e+00  4.89641494e-03 
 1.03600000e+00  4.89658951e-03 
 1.03700000e+00  4.89676560e-03 
 1.03800000e+00  4.89694323e-03 
 1.03900000e+00  4.89712242e-03 
 1.04000000e+00  4.89730318e-03 
 1.04100000e+00  4.89748555e-03 
 1.04200000e+00  4.89766954e-03 
 1.04300000e+00  4.89785518e-03 
 1.04400000e+00  4.89804248e-03 
 1.04500000e+00  4.89823146e-03 
 1.04600000e+00  4.89842216e-03 
 1.04700000e+00  4.89861460e-03 
 1.04800000e+00  4.89880880e-03 
 1.04900000e+00  4.89900477e-03 
 1.05000000e+00  4.89920256e-03 
 1.05100000e+00  4.89940218e-03 
 1.05200000e+00  4.89960366e-03 
 1.05300000e+00  4.89980702e-03 
 1.05400000e+00  4.90001230e-03 
 1.05500000e+00  4.90021951e-03 
 1.05600000e+00  4.90042869e-03 
 1.05700000e+00  4.90063987e-03 
 1.05800000e+00  4.90085307e-03 
 1.05900000e+00  4.90106832e-03 
 1.06000000e+00  4.90128565e-03 
 1.06100000e+00  4.90150510e-03 
 1.06200000e+00  4.90172669e-03 
 1.06300000e+00  4.90195046e-03 
 1.06400000e+00  4.90217643e-03 
 1.06500000e+00  4.90240465e-03 
 1.06600000e+00  4.90263514e-03 
 1.06700000e+00  4.90286794e-03 
 1.06800000e+00  4.90310308e-03 
 1.06900000e+00  4.90334060e-03 
 1.07000000e+00  4.90358053e-03 
 1.07100000e+00  4.90382292e-03 
 1.07200000e+00  4.90406780e-03 
 1.07300000e+00  4.90431520e-03 
 1.07400000e+00  4.90456518e-03 
 1.07500000e+00  4.90481776e-03 
 1.07600000e+00  4.90507299e-03 
 1.07700000e+00  4.90533091e-03 
 1.07800000e+00  4.90559157e-03 
 1.07900000e+00  4.90585501e-03 
 1.08000000e+00  4.90612126e-03 
 1.08100000e+00  4.90639039e-03 
 1.08200000e+00  4.90666243e-03 
 1.08300000e+00  4.90693744e-03 
 1.08400000e+00  4.90721545e-03 
 1.08500000e+00  4.90749653e-03 
 1.08600000e+00  4.90778072e-03 
 1.08700000e+00  4.90806807e-03 
 1.08800000e+00  4.90835864e-03 
 1.08900000e+00  4.90865248e-03 
 1.09000000e+00  4.90894965e-03 
 1.09100000e+00  4.90925021e-03 
 1.09200000e+00  4.90955420e-03 
 1.09300000e+00  4.90986170e-03 
 1.09400000e+00  4.91017277e-03 
 1.09500000e+00  4.91048746e-03 
 1.09600000e+00  4.91080584e-03 
 1.09700000e+00  4.91112797e-03 
 1.09800000e+00  4.91145393e-03 
 1.09900000e+00  4.91178378e-03 
 1.10000000e+00  4.91211759e-03 
 1.10100000e+00  4.91245543e-03 
 1.10200000e+00  4.91279738e-03 
 1.10300000e+00  4.91314352e-03 
 1.10400000e+00  4.91349392e-03 
 1.10500000e+00  4.91384865e-03 
 1.10600000e+00  4.91420781e-03 
 1.10700000e+00  4.91457148e-03 
 1.10800000e+00  4.91493973e-03 
 1.10900000e+00  4.91531267e-03 
 1.11000000e+00  4.91569038e-03 
 1.11100000e+00  4.91607294e-03 
 1.11200000e+00  4.91646047e-03 
 1.11300000e+00  4.91685306e-03 
 1.11400000e+00  4.91725079e-03 
 1.11500000e+00  4.91765379e-03 
 1.11600000e+00  4.91806216e-03 
 1.11700000e+00  4.91847600e-03 
 1.11800000e+00  4.91889542e-03 
 1.11900000e+00  4.91932055e-03 
 1.12000000e+00  4.91975149e-03 
 1.12100000e+00  4.92018838e-03 
 1.12200000e+00  4.92063133e-03 
 1.12300000e+00  4.92108048e-03 
 1.12400000e+00  4.92153596e-03 
 1.12500000e+00  4.92199790e-03 
 1.12600000e+00  4.92246645e-03 
 1.12700000e+00  4.92294174e-03 
 1.12800000e+00  4.92342394e-03 
 1.12900000e+00  4.92391318e-03 
 1.13000000e+00  4.92440964e-03 
 1.13100000e+00  4.92491347e-03 
 1.13200000e+00  4.92542485e-03 
 1.13300000e+00  4.92594394e-03 
 1.13400000e+00  4.92647092e-03 
 1.13500000e+00  4.92700599e-03 
 1.13600000e+00  4.92754933e-03 
 1.13700000e+00  4.92810114e-03 
 1.13800000e+00  4.92866162e-03 
 1.13900000e+00  4.92923098e-03 
 1.14000000e+00  4.92980945e-03 
 1.14100000e+00  4.93039724e-03 
 1.14200000e+00  4.93099459e-03 
 1.14300000e+00  4.93160174e-03 
 1.14400000e+00  4.93221895e-03 
 1.14500000e+00  4.93284646e-03 
 1.14600000e+00  4.93348454e-03 
 1.14700000e+00  4.93413348e-03 
 1.14800000e+00  4.93479357e-03 
 1.14900000e+00  4.93546508e-03 
 1.15000000e+00  4.93614835e-03 
 1.15100000e+00  4.93688068e-03 
 1.15200000e+00  4.93759150e-03 
 1.15300000e+00  4.93831533e-03 
 1.15400000e+00  4.93905257e-03 
 1.15500000e+00  4.93980360e-03 
 1.15600000e+00  4.94056887e-03 
 1.15700000e+00  4.94134879e-03 
 1.15800000e+00  4.94214383e-03 
 1.15900000e+00  4.94295446e-03 
 1.16000000e+00  4.94378120e-03 
 1.16100000e+00  4.94462455e-03 
 1.16200000e+00  4.94548508e-03 
 1.16300000e+00  4.94636335e-03 
 1.16400000e+00  4.94725998e-03 
 1.16500000e+00  4.94817560e-03 
 1.16600000e+00  4.94911089e-03 
 1.16700000e+00  4.95006654e-03 
 1.16800000e+00  4.95104331e-03 
 1.16900000e+00  4.95204197e-03 
 1.17000000e+00  4.95306336e-03 
 1.17100000e+00  4.95410836e-03 
 1.17200000e+00  4.95517788e-03 
 1.17300000e+00  4.95627292e-03 
 1.17400000e+00  4.95739452e-03 
 1.17500000e+00  4.95854379e-03 
 1.17600000e+00  4.95972190e-03 
 1.17700000e+00  4.96093011e-03 
 1.17800000e+00  4.96216976e-03 
 1.17900000e+00  4.96344229e-03 
 1.18000000e+00  4.96474923e-03 
 1.18100000e+00  4.96609221e-03 
 1.18200000e+00  4.96747301e-03 
 1.18300000e+00  4.96889352e-03 
 1.18400000e+00  4.97035579e-03 
 1.18500000e+00  4.97186202e-03 
 1.18600000e+00  4.97341572e-03 
 1.18700000e+00  4.97501359e-03 
 1.18800000e+00  4.97666887e-03 
 1.18900000e+00  4.97837728e-03 
 1.19000000e+00  4.98014382e-03 
 1.19100000e+00  4.98197217e-03 
 1.19200000e+00  4.98386633e-03 
 1.19300000e+00  4.98583309e-03 
 1.19400000e+00  4.98787760e-03 
 1.19500000e+00  4.99000255e-03 
 1.19600000e+00  4.99221450e-03 
 1.19700000e+00  4.99452018e-03 
 1.19800000e+00  4.99692846e-03 
 1.19900000e+00  4.99944838e-03 
 1.20000000e+00  5.00209025e-03 
 1.20100000e+00  5.00486591e-03 
 1.20200000e+00  5.00778908e-03 
 1.20300000e+00  5.01087576e-03 
 1.20400000e+00  5.01414478e-03 
 1.20500000e+00  5.01761850e-03 
 1.20600000e+00  5.02132455e-03 
 1.20700000e+00  5.02529511e-03 
 1.20800000e+00  5.02948847e-03 
 1.20900000e+00  5.03418490e-03 
 1.21000000e+00  5.03924724e-03 
 1.21100000e+00  5.04480024e-03 
 1.21200000e+00  5.05096742e-03 
 1.21300000e+00  5.05790379e-03 
 1.21400000e+00  5.06582911e-03 
 1.21500000e+00  5.07502101e-03 
 1.21600000e+00  5.08608843e-03 
 1.21700000e+00  5.09996223e-03 
 1.21800000e+00  5.11820745e-03 
 1.21900000e+00  5.14464401e-03 
 1.22000000e+00  5.18998585e-03 
 1.22100000e+00  5.29988648e-03 
 1.22200000e+00  5.69788238e-03 
 1.22300000e+00  6.74103977e-03 
 1.22400000e+00  9.07675869e-03 
 1.22500000e+00  1.60177268e-02 
 1.22600000e+00  5.43408719e-01 
 1.22700000e+00  4.99945521e+00 
 1.22800000e+00  4.99971120e+00 
 1.22900000e+00  4.99971641e+00 
 1.23000000e+00  4.99971719e+00 
 1.23100000e+00  4.99971746e+00 
 1.23200000e+00  4.99971759e+00 
 1.23300000e+00  4.99971767e+00 
 1.23400000e+00  4.99971771e+00 
 1.23500000e+00  4.99971742e+00 
 1.23600000e+00  4.99971744e+00 
 1.23700000e+00  4.99971746e+00 
 1.23800000e+00  4.99971748e+00 
 1.23900000e+00  4.99971749e+00 
 1.24000000e+00  4.99971750e+00 
 1.24100000e+00  4.99971751e+00 
 1.24200000e+00  4.99971752e+00 
 1.24300000e+00  4.99971753e+00 
 1.24400000e+00  4.99971753e+00 
 1.24500000e+00  4.99971754e+00 
 1.24600000e+00  4.99971754e+00 
 1.24700000e+00  4.99971755e+00 
 1.24800000e+00  4.99971755e+00 
 1.24900000e+00  4.99971755e+00 
 1.25000000e+00  4.99971756e+00 
 1.25100000e+00  4.99971756e+00 
 1.25200000e+00  4.99971756e+00 
 1.25300000e+00  4.99971756e+00 
 1.25400000e+00  4.99971757e+00 
 1.25500000e+00  4.99971757e+00 
 1.25600000e+00  4.99971757e+00 
 1.25700000e+00  4.99971757e+00 
 1.25800000e+00  4.99971757e+00 
 1.25900000e+00  4.99971757e+00 
 1.26000000e+00  4.99971758e+00 
 1.26100000e+00  4.99971758e+00 
 1.26200000e+00  4.99971758e+00 
 1.26300000e+00  4.99971758e+00 
 1.26400000e+00  4.99971758e+00 
 1.26500000e+00  4.99971758e+00 
 1.26600000e+00  4.99971758e+00 
 1.26700000e+00  4.99971758e+00 
 1.26800000e+00  4.99971759e+00 
 1.26900000e+00  4.99971759e+00 
 1.27000000e+00  4.99971759e+00 
 1.27100000e+00  4.99971759e+00 
 1.27200000e+00  4.99971759e+00 
 1.27300000e+00  4.99971759e+00 
 1.27400000e+00  4.99971759e+00 
 1.27500000e+00  4.99971759e+00 
 1.27600000e+00  4.99971759e+00 
 1.27700000e+00  4.99971759e+00 
 1.27800000e+00  4.99971759e+00 
 1.27900000e+00  4.99971759e+00 
 1.28000000e+00  4.99971759e+00 
 1.28100000e+00  4.99971760e+00 
 1.28200000e+00  4.99971760e+00 
 1.28300000e+00  4.99971760e+00 
 1.28400000e+00  4.99971760e+00 
 1.28500000e+00  4.99971760e+00 
 1.28600000e+00  4.99971760e+00 
 1.28700000e+00  4.99971760e+00 
 1.28800000e+00  4.99971760e+00 
 1.28900000e+00  4.99971760e+00 
 1.29000000e+00  4.99971760e+00 
 1.29100000e+00  4.99971760e+00 
 1.29200000e+00  4.99971760e+00 
 1.29300000e+00  4.99971760e+00 
 1.29400000e+00  4.99971760e+00 
 1.29500000e+00  4.99971760e+00 
 1.29600000e+00  4.99971760e+00 
 1.29700000e+00  4.99971760e+00 
 1.29800000e+00  4.99971760e+00 
 1.29900000e+00  4.99971760e+00 
 1.30000000e+00  4.99971760e+00 
 1.30100000e+00  4.99971760e+00 
 1.30200000e+00  4.99971760e+00 
 1.30300000e+00  4.99971760e+00 
 1.30400000e+00  4.99971760e+00 
 1.30500000e+00  4.99971760e+00 
 1.30600000e+00  4.99971760e+00 
 1.30700000e+00  4.99971761e+00 
 1.30800000e+00  4.99971761e+00 
 1.30900000e+00  4.99971761e+00 
 1.31000000e+00  4.99971761e+00 
 1.31100000e+00  4.99971761e+00 
 1.31200000e+00  4.99971761e+00 
 1.31300000e+00  4.99971761e+00 
 1.31400000e+00  4.99971761e+00 
 1.31500000e+00  4.99971761e+00 
 1.31600000e+00  4.99971761e+00 
 1.31700000e+00  4.99971761e+00 
 1.31800000e+00  4.99971761e+00 
 1.31900000e+00  4.99971761e+00 
 1.32000000e+00  4.99971761e+00 
 1.32100000e+00  4.99971761e+00 
 1.32200000e+00  4.99971761e+00 
 1.32300000e+00  4.99971761e+00 
 1.32400000e+00  4.99971761e+00 
 1.32500000e+00  4.99971761e+00 
 1.32600000e+00  4.99971761e+00 
 1.32700000e+00  4.99971761e+00 
 1.32800000e+00  4.99971761e+00 
 1.32900000e+00  4.99971761e+00 
 1.33000000e+00  4.99971761e+00 
 1.33100000e+00  4.99971761e+00 
 1.33200000e+00  4.99971761e+00 
 1.33300000e+00  4.99971761e+00 
 1.33400000e+00  4.99971761e+00 
 1.33500000e+00  4.99971761e+00 
 1.33600000e+00  4.99971761e+00 
 1.33700000e+00  4.99971761e+00 
 1.33800000e+00  4.99971761e+00 
 1.33900000e+00  4.99971761e+00 
 1.34000000e+00  4.99971761e+00 
 1.34100000e+00  4.99971761e+00 
 1.34200000e+00  4.99971761e+00 
 1.34300000e+00  4.99971761e+00 
 1.34400000e+00  4.99971761e+00 
 1.34500000e+00  4.99971761e+00 
 1.34600000e+00  4.99971761e+00 
 1.34700000e+00  4.99971761e+00 
 1.34800000e+00  4.99971761e+00 
 1.34900000e+00  4.99971761e+00 
 1.35000000e+00  4.99971761e+00 
 1.35100000e+00  4.99971761e+00 
 1.35200000e+00  4.99971761e+00 
 1.35300000e+00  4.99971761e+00 
 1.35400000e+00  4.99971761e+00 
 1.35500000e+00  4.99971761e+00 
 1.35600000e+00  4.99971761e+00 
 1.35700000e+00  4.99971761e+00 
 1.35800000e+00  4.99971761e+00 
 1.35900000e+00  4.99971761e+00 
 1.36000000e+00  4.99971761e+00 
 1.36100000e+00  4.99971761e+00 
 1.36200000e+00  4.99971761e+00 
 1.36300000e+00  4.99971761e+00 
 1.36400000e+00  4.99971761e+00 
 1.36500000e+00  4.99971761e+00 
 1.36600000e+00  4.99971761e+00 
 1.36700000e+00  4.99971761e+00 
 1.36800000e+00  4.99971761e+00 
 1.36900000e+00  4.99971761e+00 
 1.37000000e+00  4.99971761e+00 
 1.37100000e+00  4.99971761e+00 
 1.37200000e+00  4.99971761e+00 
 1.37300000e+00  4.99971761e+00 
 1.37400000e+00  4.99971761e+00 
 1.37500000e+00  4.99971761e+00 
 1.37600000e+00  4.99971761e+00 
 1.37700000e+00  4.99971761e+00 
 1.37800000e+00  4.99971761e+00 
 1.37900000e+00  4.99971761e+00 
 1.38000000e+00  4.99971761e+00 
 1.38100000e+00  4.99971761e+00 
 1.38200000e+00  4.99971761e+00 
 1.38300000e+00  4.99971761e+00 
 1.38400000e+00  4.99971761e+00 
 1.38500000e+00  4.99971761e+00 
 1.38600000e+00  4.99971761e+00 
 1.38700000e+00  4.99971761e+00 
 1.38800000e+00  4.99971761e+00 
 1.38900000e+00  4.99971761e+00 
 1.39000000e+00  4.99971761e+00 
 1.39100000e+00  4.99971761e+00 
 1.39200000e+00  4.99971761e+00 
 1.39300000e+00  4.99971761e+00 
 1.39400000e+00  4.99971761e+00 
 1.39500000e+00  4.99971761e+00 
 1.39600000e+00  4.99971761e+00 
 1.39700000e+00  4.99971761e+00 
 1.39800000e+00  4.99971762e+00 
 1.39900000e+00  4.99971762e+00 
 1.40000000e+00  4.99971762e+00 
 1.40100000e+00  4.99971762e+00 
 1.40200000e+00  4.99971762e+00 
 1.40300000e+00  4.99971762e+00 
 1.40400000e+00  4.99971762e+00 
 1.40500000e+00  4.99971762e+00 
 1.40600000e+00  4.99971762e+00 
 1.40700000e+00  4.99971762e+00 
 1.40800000e+00  4.99971762e+00 
 1.40900000e+00  4.99971762e+00 
 1.41000000e+00  4.99971762e+00 
 1.41100000e+00  4.99971762e+00 
 1.41200000e+00  4.99971762e+00 
 1.41300000e+00  4.99971762e+00 
 1.41400000e+00  4.99971762e+00 
 1.41500000e+00  4.99971762e+00 
 1.41600000e+00  4.99971762e+00 
 1.41700000e+00  4.99971762e+00 
 1.41800000e+00  4.99971762e+00 
 1.41900000e+00  4.99971762e+00 
 1.42000000e+00  4.99971762e+00 
 1.42100000e+00  4.99971762e+00 
 1.42200000e+00  4.99971762e+00 
 1.42300000e+00  4.99971762e+00 
 1.42400000e+00  4.99971762e+00 
 1.42500000e+00  4.99971762e+00 
 1.42600000e+00  4.99971762e+00 
 1.42700000e+00  4.99971762e+00 
 1.42800000e+00  4.99971762e+00 
 1.42900000e+00  4.99971762e+00 
 1.43000000e+00  4.99971762e+00 
 1.43100000e+00  4.99971762e+00 
 1.43200000e+00  4.99971762e+00 
 1.43300000e+00  4.99971762e+00 
 1.43400000e+00  4.99971762e+00 
 1.43500000e+00  4.99971762e+00 
 1.43600000e+00  4.99971762e+00 
 1.43700000e+00  4.99971762e+00 
 1.43800000e+00  4.99971762e+00 
 1.43900000e+00  4.99971762e+00 
 1.44000000e+00  4.99971762e+00 
 1.44100000e+00  4.99971762e+00 
 1.44200000e+00  4.99971762e+00 
 1.44300000e+00  4.99971762e+00 
 1.44400000e+00  4.99971762e+00 
 1.44500000e+00  4.99971762e+00 
 1.44600000e+00  4.99971762e+00 
 1.44700000e+00  4.99971762e+00 
 1.44800000e+00  4.99971762e+00 
 1.44900000e+00  4.99971762e+00 
 1.45000000e+00  4.99971762e+00 
 1.45100000e+00  4.99971762e+00 
 1.45200000e+00  4.99971762e+00 
 1.45300000e+00  4.99971762e+00 
 1.45400000e+00  4.99971762e+00 
 1.45500000e+00  4.99971762e+00 
 1.45600000e+00  4.99971762e+00 
 1.45700000e+00  4.99971762e+00 
 1.45800000e+00  4.99971762e+00 
 1.45900000e+00  4.99971762e+00 
 1.46000000e+00  4.99971762e+00 
 1.46100000e+00  4.99971762e+00 
 1.46200000e+00  4.99971762e+00 
 1.46300000e+00  4.99971762e+00 
 1.46400000e+00  4.99971762e+00 
 1.46500000e+00  4.99971762e+00 
 1.46600000e+00  4.99971762e+00 
 1.46700000e+00  4.99971762e+00 
 1.46800000e+00  4.99971762e+00 
 1.46900000e+00  4.99971762e+00 
 1.47000000e+00  4.99971762e+00 
 1.47100000e+00  4.99971762e+00 
 1.47200000e+00  4.99971762e+00 
 1.47300000e+00  4.99971762e+00 
 1.47400000e+00  4.99971762e+00 
 1.47500000e+00  4.99971762e+00 
 1.47600000e+00  4.99971762e+00 
 1.47700000e+00  4.99971762e+00 
 1.47800000e+00  4.99971762e+00 
 1.47900000e+00  4.99971762e+00 
 1.48000000e+00  4.99971762e+00 
 1.48100000e+00  4.99971762e+00 
 1.48200000e+00  4.99971762e+00 
 1.48300000e+00  4.99971762e+00 
 1.48400000e+00  4.99971762e+00 
 1.48500000e+00  4.99971762e+00 
 1.48600000e+00  4.99971762e+00 
 1.48700000e+00  4.99971762e+00 
 1.48800000e+00  4.99971762e+00 
 1.48900000e+00  4.99971762e+00 
 1.49000000e+00  4.99971762e+00 
 1.49100000e+00  4.99971762e+00 
 1.49200000e+00  4.99971762e+00 
 1.49300000e+00  4.99971762e+00 
 1.49400000e+00  4.99971762e+00 
 1.49500000e+00  4.99971762e+00 
 1.49600000e+00  4.99971762e+00 
 1.49700000e+00  4.99971762e+00 
 1.49800000e+00  4.99971762e+00 
 1.49900000e+00  4.99971762e+00 
 1.50000000e+00  4.99971762e+00 
 1.50100000e+00  4.99971762e+00 
 1.50200000e+00  4.99971762e+00 
 1.50300000e+00  4.99971762e+00 
 1.50400000e+00  4.99971762e+00 
 1.50500000e+00  4.99971762e+00 
 1.50600000e+00  4.99971762e+00 
 1.50700000e+00  4.99971762e+00 
 1.50800000e+00  4.99971762e+00 
 1.50900000e+00  4.99971762e+00 
 1.51000000e+00  4.99971762e+00 
 1.51100000e+00  4.99971762e+00 
 1.51200000e+00  4.99971762e+00 
 1.51300000e+00  4.99971762e+00 
 1.51400000e+00  4.99971762e+00 
 1.51500000e+00  4.99971762e+00 
 1.51600000e+00  4.99971762e+00 
 1.51700000e+00  4.99971762e+00 
 1.51800000e+00  4.99971762e+00 
 1.51900000e+00  4.99971762e+00 
 1.52000000e+00  4.99971762e+00 
 1.52100000e+00  4.99971762e+00 
 1.52200000e+00  4.99971762e+00 
 1.52300000e+00  4.99971762e+00 
 1.52400000e+00  4.99971762e+00 
 1.52500000e+00  4.99971762e+00 
 1.52600000e+00  4.99971762e+00 
 1.52700000e+00  4.99971762e+00 
 1.52800000e+00  4.99971762e+00 
 1.52900000e+00  4.99971762e+00 
 1.53000000e+00  4.99971762e+00 
 1.53100000e+00  4.99971762e+00 
 1.53200000e+00  4.99971762e+00 
 1.53300000e+00  4.99971762e+00 
 1.53400000e+00  4.99971762e+00 
 1.53500000e+00  4.99971762e+00 
 1.53600000e+00  4.99971762e+00 
 1.53700000e+00  4.99971762e+00 
 1.53800000e+00  4.99971762e+00 
 1.53900000e+00  4.99971762e+00 
 1.54000000e+00  4.99971762e+00 
 1.54100000e+00  4.99971762e+00 
 1.54200000e+00  4.99971762e+00 
 1.54300000e+00  4.99971762e+00 
 1.54400000e+00  4.99971762e+00 
 1.54500000e+00  4.99971762e+00 
 1.54600000e+00  4.99971762e+00 
 1.54700000e+00  4.99971762e+00 
 1.54800000e+00  4.99971762e+00 
 1.54900000e+00  4.99971762e+00 
 1.55000000e+00  4.99971762e+00 
 1.55100000e+00  4.99971762e+00 
 1.55200000e+00  4.99971762e+00 
 1.55300000e+00  4.99971762e+00 
 1.55400000e+00  4.99971762e+00 
 1.55500000e+00  4.99971762e+00 
 1.55600000e+00  4.99971762e+00 
 1.55700000e+00  4.99971762e+00 
 1.55800000e+00  4.99971762e+00 
 1.55900000e+00  4.99971762e+00 
 1.56000000e+00  4.99971762e+00 
 1.56100000e+00  4.99971762e+00 
 1.56200000e+00  4.99971762e+00 
 1.56300000e+00  4.99971762e+00 
 1.56400000e+00  4.99971762e+00 
 1.56500000e+00  4.99971762e+00 
 1.56600000e+00  4.99971762e+00 
 1.56700000e+00  4.99971762e+00 
 1.56800000e+00  4.99971762e+00 
 1.56900000e+00  4.99971762e+00 
 1.57000000e+00  4.99971762e+00 
 1.57100000e+00  4.99971762e+00 
 1.57200000e+00  4.99971762e+00 
 1.57300000e+00  4.99971762e+00 
 1.57400000e+00  4.99971762e+00 
 1.57500000e+00  4.99971762e+00 
 1.57600000e+00  4.99971762e+00 
 1.57700000e+00  4.99971762e+00 
 1.57800000e+00  4.99971762e+00 
 1.57900000e+00  4.99971762e+00 
 1.58000000e+00  4.99971762e+00 
 1.58100000e+00  4.99971762e+00 
 1.58200000e+00  4.99971762e+00 
 1.58300000e+00  4.99971762e+00 
 1.58400000e+00  4.99971762e+00 
 1.58500000e+00  4.99971762e+00 
 1.58600000e+00  4.99971762e+00 
 1.58700000e+00  4.99971762e+00 
 1.58800000e+00  4.99971762e+00 
 1.58900000e+00  4.99971762e+00 
 1.59000000e+00  4.99971762e+00 
 1.59100000e+00  4.99971762e+00 
 1.59200000e+00  4.99971762e+00 
 1.59300000e+00  4.99971762e+00 
 1.59400000e+00  4.99971762e+00 
 1.59500000e+00  4.99971762e+00 
 1.59600000e+00  4.99971762e+00 
 1.59700000e+00  4.99971762e+00 
 1.59800000e+00  4.99971762e+00 
 1.59900000e+00  4.99971762e+00 
 1.60000000e+00  4.99971762e+00 
 1.60100000e+00  4.99971762e+00 
 1.60200000e+00  4.99971762e+00 
 1.60300000e+00  4.99971762e+00 
 1.60400000e+00  4.99971762e+00 
 1.60500000e+00  4.99971762e+00 
 1.60600000e+00  4.99971762e+00 
 1.60700000e+00  4.99971762e+00 
 1.60800000e+00  4.99971762e+00 
 1.60900000e+00  4.99971762e+00 
 1.61000000e+00  4.99971762e+00 
 1.61100000e+00  4.99971762e+00 
 1.61200000e+00  4.99971762e+00 
 1.61300000e+00  4.99971762e+00 
 1.61400000e+00  4.99971762e+00 
 1.61500000e+00  4.99971762e+00 
 1.61600000e+00  4.99971762e+00 
 1.61700000e+00  4.99971762e+00 
 1.61800000e+00  4.99971762e+00 
 1.61900000e+00  4.99971762e+00 
 1.62000000e+00  4.99971762e+00 
 1.62100000e+00  4.99971762e+00 
 1.62200000e+00  4.99971762e+00 
 1.62300000e+00  4.99971762e+00 
 1.62400000e+00  4.99971762e+00 
 1.62500000e+00  4.99971762e+00 
 1.62600000e+00  4.99971762e+00 
 1.62700000e+00  4.99971762e+00 
 1.62800000e+00  4.99971762e+00 
 1.62900000e+00  4.99971762e+00 
 1.63000000e+00  4.99971762e+00 
 1.63100000e+00  4.99971762e+00 
 1.63200000e+00  4.99971762e+00 
 1.63300000e+00  4.99971762e+00 
 1.63400000e+00  4.99971762e+00 
 1.63500000e+00  4.99971762e+00 
 1.63600000e+00  4.99971762e+00 
 1.63700000e+00  4.99971762e+00 
 1.63800000e+00  4.99971762e+00 
 1.63900000e+00  4.99971762e+00 
 1.64000000e+00  4.99971762e+00 
 1.64100000e+00  4.99971762e+00 
 1.64200000e+00  4.99971762e+00 
 1.64300000e+00  4.99971762e+00 
 1.64400000e+00  4.99971762e+00 
 1.64500000e+00  4.99971762e+00 
 1.64600000e+00  4.99971762e+00 
 1.64700000e+00  4.99971762e+00 
 1.64800000e+00  4.99971762e+00 
 1.64900000e+00  4.99971762e+00 
 1.65000000e+00  4.99971762e+00 
 1.65100000e+00  4.99971762e+00 
 1.65200000e+00  4.99971762e+00 
 1.65300000e+00  4.99971762e+00 
 1.65400000e+00  4.99971762e+00 
 1.65500000e+00  4.99971762e+00 
 1.65600000e+00  4.99971762e+00 
 1.65700000e+00  4.99971762e+00 
 1.65800000e+00  4.99971762e+00 
 1.65900000e+00  4.99971762e+00 
 1.66000000e+00  4.99971762e+00 
 1.66100000e+00  4.99971762e+00 
 1.66200000e+00  4.99971762e+00 
 1.66300000e+00  4.99971762e+00 
 1.66400000e+00  4.99971762e+00 
 1.66500000e+00  4.99971762e+00 
 1.66600000e+00  4.99971762e+00 
 1.66700000e+00  4.99971762e+00 
 1.66800000e+00  4.99971762e+00 
 1.66900000e+00  4.99971762e+00 
 1.67000000e+00  4.99971762e+00 
 1.67100000e+00  4.99971762e+00 
 1.67200000e+00  4.99971762e+00 
 1.67300000e+00  4.99971762e+00 
 1.67400000e+00  4.99971762e+00 
 1.67500000e+00  4.99971762e+00 
 1.67600000e+00  4.99971762e+00 
 1.67700000e+00  4.99971762e+00 
 1.67800000e+00  4.99971762e+00 
 1.67900000e+00  4.99971762e+00 
 1.68000000e+00  4.99971762e+00 
 1.68100000e+00  4.99971762e+00 
 1.68200000e+00  4.99971762e+00 
 1.68300000e+00  4.99971762e+00 
 1.68400000e+00  4.99971762e+00 
 1.68500000e+00  4.99971762e+00 
 1.68600000e+00  4.99971762e+00 
 1.68700000e+00  4.99971762e+00 
 1.68800000e+00  4.99971762e+00 
 1.68900000e+00  4.99971762e+00 
 1.69000000e+00  4.99971762e+00 
 1.69100000e+00  4.99971762e+00 
 1.69200000e+00  4.99971762e+00 
 1.69300000e+00  4.99971762e+00 
 1.69400000e+00  4.99971762e+00 
 1.69500000e+00  4.99971762e+00 
 1.69600000e+00  4.99971762e+00 
 1.69700000e+00  4.99971762e+00 
 1.69800000e+00  4.99971762e+00 
 1.69900000e+00  4.99971762e+00 
 1.70000000e+00  4.99971762e+00 
 1.70100000e+00  4.99971762e+00 
 1.70200000e+00  4.99971762e+00 
 1.70300000e+00  4.99971762e+00 
 1.70400000e+00  4.99971762e+00 
 1.70500000e+00  4.99971762e+00 
 1.70600000e+00  4.99971762e+00 
 1.70700000e+00  4.99971762e+00 
 1.70800000e+00  4.99971762e+00 
 1.70900000e+00  4.99971762e+00 
 1.71000000e+00  4.99971762e+00 
 1.71100000e+00  4.99971762e+00 
 1.71200000e+00  4.99971762e+00 
 1.71300000e+00  4.99971762e+00 
 1.71400000e+00  4.99971762e+00 
 1.71500000e+00  4.99971762e+00 
 1.71600000e+00  4.99971762e+00 
 1.71700000e+00  4.99971762e+00 
 1.71800000e+00  4.99971762e+00 
 1.71900000e+00  4.99971762e+00 
 1.72000000e+00  4.99971762e+00 
 1.72100000e+00  4.99971762e+00 
 1.72200000e+00  4.99971762e+00 
 1.72300000e+00  4.99971762e+00 
 1.72400000e+00  4.99971762e+00 
 1.72500000e+00  4.99971762e+00 
 1.72600000e+00  4.99971762e+00 
 1.72700000e+00  4.99971762e+00 
 1.72800000e+00  4.99971762e+00 
 1.72900000e+00  4.99971762e+00 
 1.73000000e+00  4.99971762e+00 
 1.73100000e+00  4.99971762e+00 
 1.73200000e+00  4.99971762e+00 
 1.73300000e+00  4.99971762e+00 
 1.73400000e+00  4.99971762e+00 
 1.73500000e+00  4.99971762e+00 
 1.73600000e+00  4.99971762e+00 
 1.73700000e+00  4.99971762e+00 
 1.73800000e+00  4.99971762e+00 
 1.73900000e+00  4.99971762e+00 
 1.74000000e+00  4.99971762e+00 
 1.74100000e+00  4.99971762e+00 
 1.74200000e+00  4.99971762e+00 
 1.74300000e+00  4.99971762e+00 
 1.74400000e+00  4.99971762e+00 
 1.74500000e+00  4.99971762e+00 
 1.74600000e+00  4.99971762e+00 
 1.74700000e+00  4.99971762e+00 
 1.74800000e+00  4.99971762e+00 
 1.74900000e+00  4.99971762e+00 
 1.75000000e+00  4.99971762e+00 
 1.75100000e+00  4.99971762e+00 
 1.75200000e+00  4.99971762e+00 
 1.75300000e+00  4.99971762e+00 
 1.75400000e+00  4.99971762e+00 
 1.75500000e+00  4.99971762e+00 
 1.75600000e+00  4.99971762e+00 
 1.75700000e+00  4.99971762e+00 
 1.75800000e+00  4.99971762e+00 
 1.75900000e+00  4.99971762e+00 
 1.76000000e+00  4.99971762e+00 
 1.76100000e+00  4.99971762e+00 
 1.76200000e+00  4.99971762e+00 
 1.76300000e+00  4.99971762e+00 
 1.76400000e+00  4.99971762e+00 
 1.76500000e+00  4.99971762e+00 
 1.76600000e+00  4.99971762e+00 
 1.76700000e+00  4.99971762e+00 
 1.76800000e+00  4.99971762e+00 
 1.76900000e+00  4.99971762e+00 
 1.77000000e+00  4.99971762e+00 
 1.77100000e+00  4.99971762e+00 
 1.77200000e+00  4.99971762e+00 
 1.77300000e+00  4.99971762e+00 
 1.77400000e+00  4.99971762e+00 
 1.77500000e+00  4.99971762e+00 
 1.77600000e+00  4.99971762e+00 
 1.77700000e+00  4.99971762e+00 
 1.77800000e+00  4.99971762e+00 
 1.77900000e+00  4.99971762e+00 
 1.78000000e+00  4.99971762e+00 
 1.78100000e+00  4.99971762e+00 
 1.78200000e+00  4.99971762e+00 
 1.78300000e+00  4.99971762e+00 
 1.78400000e+00  4.99971762e+00 
 1.78500000e+00  4.99971762e+00 
 1.78600000e+00  4.99971762e+00 
 1.78700000e+00  4.99971762e+00 
 1.78800000e+00  4.99971762e+00 
 1.78900000e+00  4.99971762e+00 
 1.79000000e+00  4.99971762e+00 
 1.79100000e+00  4.99971762e+00 
 1.79200000e+00  4.99971762e+00 
 1.79300000e+00  4.99971762e+00 
 1.79400000e+00  4.99971762e+00 
 1.79500000e+00  4.99971762e+00 
 1.79600000e+00  4.99971762e+00 
 1.79700000e+00  4.99971762e+00 
 1.79800000e+00  4.99971762e+00 
 1.79900000e+00  4.99971762e+00 
 1.80000000e+00  4.99971762e+00 
 1.80100000e+00  4.99971762e+00 
 1.80200000e+00  4.99971762e+00 
 1.80300000e+00  4.99971762e+00 
 1.80400000e+00  4.99971762e+00 
 1.80500000e+00  4.99971762e+00 
 1.80600000e+00  4.99971762e+00 
 1.80700000e+00  4.99971762e+00 
 1.80800000e+00  4.99971762e+00 
 1.80900000e+00  4.99971762e+00 
 1.81000000e+00  4.99971762e+00 
 1.81100000e+00  4.99971762e+00 
 1.81200000e+00  4.99971762e+00 
 1.81300000e+00  4.99971762e+00 
 1.81400000e+00  4.99971762e+00 
 1.81500000e+00  4.99971762e+00 
 1.81600000e+00  4.99971762e+00 
 1.81700000e+00  4.99971762e+00 
 1.81800000e+00  4.99971762e+00 
 1.81900000e+00  4.99971762e+00 
 1.82000000e+00  4.99971762e+00 
 1.82100000e+00  4.99971762e+00 
 1.82200000e+00  4.99971762e+00 
 1.82300000e+00  4.99971762e+00 
 1.82400000e+00  4.99971762e+00 
 1.82500000e+00  4.99971762e+00 
 1.82600000e+00  4.99971762e+00 
 1.82700000e+00  4.99971762e+00 
 1.82800000e+00  4.99971762e+00 
 1.82900000e+00  4.99971762e+00 
 1.83000000e+00  4.99971762e+00 
 1.83100000e+00  4.99971762e+00 
 1.83200000e+00  4.99971762e+00 
 1.83300000e+00  4.99971762e+00 
 1.83400000e+00  4.99971762e+00 
 1.83500000e+00  4.99971762e+00 
 1.83600000e+00  4.99971762e+00 
 1.83700000e+00  4.99971762e+00 
 1.83800000e+00  4.99971762e+00 
 1.83900000e+00  4.99971762e+00 
 1.84000000e+00  4.99971762e+00 
 1.84100000e+00  4.99971762e+00 
 1.84200000e+00  4.99971762e+00 
 1.84300000e+00  4.99971762e+00 
 1.84400000e+00  4.99971762e+00 
 1.84500000e+00  4.99971762e+00 
 1.84600000e+00  4.99971762e+00 
 1.84700000e+00  4.99971762e+00 
 1.84800000e+00  4.99971762e+00 
 1.84900000e+00  4.99971762e+00 
 1.85000000e+00  4.99971762e+00 
 1.85100000e+00  4.99971762e+00 
 1.85200000e+00  4.99971762e+00 
 1.85300000e+00  4.99971762e+00 
 1.85400000e+00  4.99971762e+00 
 1.85500000e+00  4.99971762e+00 
 1.85600000e+00  4.99971762e+00 
 1.85700000e+00  4.99971762e+00 
 1.85800000e+00  4.99971762e+00 
 1.85900000e+00  4.99971762e+00 
 1.86000000e+00  4.99971762e+00 
 1.86100000e+00  4.99971762e+00 
 1.86200000e+00  4.99971762e+00 
 1.86300000e+00  4.99971762e+00 
 1.86400000e+00  4.99971762e+00 
 1.86500000e+00  4.99971762e+00 
 1.86600000e+00  4.99971762e+00 
 1.86700000e+00  4.99971762e+00 
 1.86800000e+00  4.99971762e+00 
 1.86900000e+00  4.99971762e+00 
 1.87000000e+00  4.99971762e+00 
 1.87100000e+00  4.99971762e+00 
 1.87200000e+00  4.99971762e+00 
 1.87300000e+00  4.99971762e+00 
 1.87400000e+00  4.99971762e+00 
 1.87500000e+00  4.99971762e+00 
 1.87600000e+00  4.99971762e+00 
 1.87700000e+00  4.99971762e+00 
 1.87800000e+00  4.99971762e+00 
 1.87900000e+00  4.99971762e+00 
 1.88000000e+00  4.99971762e+00 
 1.88100000e+00  4.99971762e+00 
 1.88200000e+00  4.99971762e+00 
 1.88300000e+00  4.99971762e+00 
 1.88400000e+00  4.99971762e+00 
 1.88500000e+00  4.99971762e+00 
 1.88600000e+00  4.99971762e+00 
 1.88700000e+00  4.99971762e+00 
 1.88800000e+00  4.99971762e+00 
 1.88900000e+00  4.99971762e+00 
 1.89000000e+00  4.99971762e+00 
 1.89100000e+00  4.99971762e+00 
 1.89200000e+00  4.99971762e+00 
 1.89300000e+00  4.99971762e+00 
 1.89400000e+00  4.99971762e+00 
 1.89500000e+00  4.99971762e+00 
 1.89600000e+00  4.99971762e+00 
 1.89700000e+00  4.99971762e+00 
 1.89800000e+00  4.99971762e+00 
 1.89900000e+00  4.99971762e+00 
 1.90000000e+00  4.99971762e+00 
 1.90100000e+00  4.99971762e+00 
 1.90200000e+00  4.99971762e+00 
 1.90300000e+00  4.99971762e+00 
 1.90400000e+00  4.99971762e+00 
 1.90500000e+00  4.99971762e+00 
 1.90600000e+00  4.99971762e+00 
 1.90700000e+00  4.99971762e+00 
 1.90800000e+00  4.99971762e+00 
 1.90900000e+00  4.99971762e+00 
 1.91000000e+00  4.99971762e+00 
 1.91100000e+00  4.99971762e+00 
 1.91200000e+00  4.99971762e+00 
 1.91300000e+00  4.99971762e+00 
 1.91400000e+00  4.99971762e+00 
 1.91500000e+00  4.99971762e+00 
 1.91600000e+00  4.99971762e+00 
 1.91700000e+00  4.99971762e+00 
 1.91800000e+00  4.99971762e+00 
 1.91900000e+00  4.99971762e+00 
 1.92000000e+00  4.99971762e+00 
 1.92100000e+00  4.99971762e+00 
 1.92200000e+00  4.99971762e+00 
 1.92300000e+00  4.99971762e+00 
 1.92400000e+00  4.99971762e+00 
 1.92500000e+00  4.99971762e+00 
 1.92600000e+00  4.99971762e+00 
 1.92700000e+00  4.99971762e+00 
 1.92800000e+00  4.99971762e+00 
 1.92900000e+00  4.99971762e+00 
 1.93000000e+00  4.99971762e+00 
 1.93100000e+00  4.99971762e+00 
 1.93200000e+00  4.99971762e+00 
 1.93300000e+00  4.99971762e+00 
 1.93400000e+00  4.99971762e+00 
 1.93500000e+00  4.99971762e+00 
 1.93600000e+00  4.99971762e+00 
 1.93700000e+00  4.99971762e+00 
 1.93800000e+00  4.99971762e+00 
 1.93900000e+00  4.99971762e+00 
 1.94000000e+00  4.99971762e+00 
 1.94100000e+00  4.99971762e+00 
 1.94200000e+00  4.99971762e+00 
 1.94300000e+00  4.99971762e+00 
 1.94400000e+00  4.99971762e+00 
 1.94500000e+00  4.99971762e+00 
 1.94600000e+00  4.99971762e+00 
 1.94700000e+00  4.99971762e+00 
 1.94800000e+00  4.99971762e+00 
 1.94900000e+00  4.99971762e+00 
 1.95000000e+00  4.99971762e+00 
 1.95100000e+00  4.99971762e+00 
 1.95200000e+00  4.99971762e+00 
 1.95300000e+00  4.99971762e+00 
 1.95400000e+00  4.99971762e+00 
 1.95500000e+00  4.99971762e+00 
 1.95600000e+00  4.99971762e+00 
 1.95700000e+00  4.99971762e+00 
 1.95800000e+00  4.99971762e+00 
 1.95900000e+00  4.99971762e+00 
 1.96000000e+00  4.99971762e+00 
 1.96100000e+00  4.99971762e+00 
 1.96200000e+00  4.99971762e+00 
 1.96300000e+00  4.99971762e+00 
 1.96400000e+00  4.99971762e+00 
 1.96500000e+00  4.99971762e+00 
 1.96600000e+00  4.99971762e+00 
 1.96700000e+00  4.99971762e+00 
 1.96800000e+00  4.99971762e+00 
 1.96900000e+00  4.99971762e+00 
 1.97000000e+00  4.99971762e+00 
 1.97100000e+00  4.99971762e+00 
 1.97200000e+00  4.99971762e+00 
 1.97300000e+00  4.99971762e+00 
 1.97400000e+00  4.99971762e+00 
 1.97500000e+00  4.99971762e+00 
 1.97600000e+00  4.99971762e+00 
 1.97700000e+00  4.99971762e+00 
 1.97800000e+00  4.99971762e+00 
 1.97900000e+00  4.99971762e+00 
 1.98000000e+00  4.99971762e+00 
 1.98100000e+00  4.99971762e+00 
 1.98200000e+00  4.99971762e+00 
 1.98300000e+00  4.99971762e+00 
 1.98400000e+00  4.99971762e+00 
 1.98500000e+00  4.99971762e+00 
 1.98600000e+00  4.99971762e+00 
 1.98700000e+00  4.99971762e+00 
 1.98800000e+00  4.99971762e+00 
 1.98900000e+00  4.99971762e+00 
 1.99000000e+00  4.99971762e+00 
 1.99100000e+00  4.99971762e+00 
 1.99200000e+00  4.99971762e+00 
 1.99300000e+00  4.99971762e+00 
 1.99400000e+00  4.99971762e+00 
 1.99500000e+00  4.99971762e+00 
 1.99600000e+00  4.99971762e+00 
 1.99700000e+00  4.99971762e+00 
 1.99800000e+00  4.99971762e+00 
 1.99900000e+00  4.99971762e+00 
 2.00000000e+00  4.99971762e+00 
