 1.15000000e+00  4.60626442e-01  1.15000000e+00  6.12940383e-01 
 1.15010000e+00  4.60752283e-01  1.15010000e+00  6.12939407e-01 
 1.15020000e+00  4.60878341e-01  1.15020000e+00  6.12938432e-01 
 1.15030000e+00  4.61004453e-01  1.15030000e+00  6.12937456e-01 
 1.15040000e+00  4.61130674e-01  1.15040000e+00  6.12936481e-01 
 1.15050000e+00  4.61257005e-01  1.15050000e+00  6.12935506e-01 
 1.15060000e+00  4.61383445e-01  1.15060000e+00  6.12934530e-01 
 1.15070000e+00  4.61509995e-01  1.15070000e+00  6.12933555e-01 
 1.15080000e+00  4.61636656e-01  1.15080000e+00  6.12932580e-01 
 1.15090000e+00  4.61763428e-01  1.15090000e+00  6.12931605e-01 
 1.15100000e+00  4.61890312e-01  1.15100000e+00  6.12930630e-01 
 1.15110000e+00  4.62017307e-01  1.15110000e+00  6.12929656e-01 
 1.15120000e+00  4.62144415e-01  1.15120000e+00  6.12928681e-01 
 1.15130000e+00  4.62271635e-01  1.15130000e+00  6.12927707e-01 
 1.15140000e+00  4.62398969e-01  1.15140000e+00  6.12926732e-01 
 1.15150000e+00  4.62526417e-01  1.15150000e+00  6.12925758e-01 
 1.15160000e+00  4.62653979e-01  1.15160000e+00  6.12924784e-01 
 1.15170000e+00  4.62781655e-01  1.15170000e+00  6.12923809e-01 
 1.15180000e+00  4.62909447e-01  1.15180000e+00  6.12922835e-01 
 1.15190000e+00  4.63037354e-01  1.15190000e+00  6.12921861e-01 
 1.15200000e+00  4.63165377e-01  1.15200000e+00  6.12920888e-01 
 1.15210000e+00  4.63293517e-01  1.15210000e+00  6.12919914e-01 
 1.15220000e+00  4.63421773e-01  1.15220000e+00  6.12918940e-01 
 1.15230000e+00  4.63550148e-01  1.15230000e+00  6.12917967e-01 
 1.15240000e+00  4.63678640e-01  1.15240000e+00  6.12916993e-01 
 1.15250000e+00  4.63807250e-01  1.15250000e+00  6.12916020e-01 
 1.15260000e+00  4.63935980e-01  1.15260000e+00  6.12915046e-01 
 1.15270000e+00  4.64064829e-01  1.15270000e+00  6.12914073e-01 
 1.15280000e+00  4.64193798e-01  1.15280000e+00  6.12913100e-01 
 1.15290000e+00  4.64322887e-01  1.15290000e+00  6.12912127e-01 
 1.15300000e+00  4.64452097e-01  1.15300000e+00  6.12911154e-01 
 1.15310000e+00  4.64581428e-01  1.15310000e+00  6.12910181e-01 
 1.15320000e+00  4.64710882e-01  1.15320000e+00  6.12909208e-01 
 1.15330000e+00  4.64840458e-01  1.15330000e+00  6.12908236e-01 
 1.15340000e+00  4.64970156e-01  1.15340000e+00  6.12907263e-01 
 1.15350000e+00  4.65099979e-01  1.15350000e+00  6.12906291e-01 
 1.15360000e+00  4.65229925e-01  1.15360000e+00  6.12905318e-01 
 1.15370000e+00  4.65359995e-01  1.15370000e+00  6.12904346e-01 
 1.15380000e+00  4.65490191e-01  1.15380000e+00  6.12903373e-01 
 1.15390000e+00  4.65620512e-01  1.15390000e+00  6.12902401e-01 
 1.15400000e+00  4.65750959e-01  1.15400000e+00  6.12901429e-01 
 1.15410000e+00  4.65881533e-01  1.15410000e+00  6.12900457e-01 
 1.15420000e+00  4.66012233e-01  1.15420000e+00  6.12899485e-01 
 1.15430000e+00  4.66143062e-01  1.15430000e+00  6.12898513e-01 
 1.15440000e+00  4.66274018e-01  1.15440000e+00  6.12897541e-01 
 1.15450000e+00  4.66405104e-01  1.15450000e+00  6.12896570e-01 
 1.15460000e+00  4.66536318e-01  1.15460000e+00  6.12895598e-01 
 1.15470000e+00  4.66667663e-01  1.15470000e+00  6.12894626e-01 
 1.15480000e+00  4.66799138e-01  1.15480000e+00  6.12893655e-01 
 1.15490000e+00  4.66930744e-01  1.15490000e+00  6.12892683e-01 
 1.15500000e+00  4.67062481e-01  1.15500000e+00  6.12891712e-01 
 1.15510000e+00  4.67194351e-01  1.15510000e+00  6.12890741e-01 
 1.15520000e+00  4.67326353e-01  1.15520000e+00  6.12889770e-01 
 1.15530000e+00  4.67458488e-01  1.15530000e+00  6.12888798e-01 
 1.15540000e+00  4.67590757e-01  1.15540000e+00  6.12887827e-01 
 1.15550000e+00  4.67723161e-01  1.15550000e+00  6.12886856e-01 
 1.15560000e+00  4.67855699e-01  1.15560000e+00  6.12885885e-01 
 1.15570000e+00  4.67988374e-01  1.15570000e+00  6.12884914e-01 
 1.15580000e+00  4.68121184e-01  1.15580000e+00  6.12883944e-01 
 1.15590000e+00  4.68254131e-01  1.15590000e+00  6.12882973e-01 
 1.15600000e+00  4.68387215e-01  1.15600000e+00  6.12882002e-01 
 1.15610000e+00  4.68520438e-01  1.15610000e+00  6.12881031e-01 
 1.15620000e+00  4.68653799e-01  1.15620000e+00  6.12880061e-01 
 1.15630000e+00  4.68787299e-01  1.15630000e+00  6.12879090e-01 
 1.15640000e+00  4.68920939e-01  1.15640000e+00  6.12878120e-01 
 1.15650000e+00  4.69054719e-01  1.15650000e+00  6.12877149e-01 
 1.15660000e+00  4.69188641e-01  1.15660000e+00  6.12876179e-01 
 1.15670000e+00  4.69322704e-01  1.15670000e+00  6.12875209e-01 
 1.15680000e+00  4.69456910e-01  1.15680000e+00  6.12874239e-01 
 1.15690000e+00  4.69591258e-01  1.15690000e+00  6.12873268e-01 
 1.15700000e+00  4.69725750e-01  1.15700000e+00  6.12872298e-01 
 1.15710000e+00  4.69860387e-01  1.15710000e+00  6.12871328e-01 
 1.15720000e+00  4.69995168e-01  1.15720000e+00  6.12870358e-01 
 1.15730000e+00  4.70130095e-01  1.15730000e+00  6.12869388e-01 
 1.15740000e+00  4.70265168e-01  1.15740000e+00  6.12868418e-01 
 1.15750000e+00  4.70400388e-01  1.15750000e+00  6.12867448e-01 
 1.15760000e+00  4.70535755e-01  1.15760000e+00  6.12866479e-01 
 1.15770000e+00  4.70671271e-01  1.15770000e+00  6.12865509e-01 
 1.15780000e+00  4.70806935e-01  1.15780000e+00  6.12864539e-01 
 1.15790000e+00  4.70942750e-01  1.15790000e+00  6.12863569e-01 
 1.15800000e+00  4.71078714e-01  1.15800000e+00  6.12862600e-01 
 1.15810000e+00  4.71214829e-01  1.15810000e+00  6.12861630e-01 
 1.15820000e+00  4.71351097e-01  1.15820000e+00  6.12860660e-01 
 1.15830000e+00  4.71487516e-01  1.15830000e+00  6.12859691e-01 
 1.15840000e+00  4.71624089e-01  1.15840000e+00  6.12858721e-01 
 1.15850000e+00  4.71760815e-01  1.15850000e+00  6.12857752e-01 
 1.15860000e+00  4.71897696e-01  1.15860000e+00  6.12856783e-01 
 1.15870000e+00  4.72034732e-01  1.15870000e+00  6.12855813e-01 
 1.15880000e+00  4.72171924e-01  1.15880000e+00  6.12854844e-01 
 1.15890000e+00  4.72309273e-01  1.15890000e+00  6.12853875e-01 
 1.15900000e+00  4.72446779e-01  1.15900000e+00  6.12852905e-01 
 1.15910000e+00  4.72584443e-01  1.15910000e+00  6.12851936e-01 
 1.15920000e+00  4.72722266e-01  1.15920000e+00  6.12850967e-01 
 1.15930000e+00  4.72860249e-01  1.15930000e+00  6.12849998e-01 
 1.15940000e+00  4.72998393e-01  1.15940000e+00  6.12849029e-01 
 1.15950000e+00  4.73136697e-01  1.15950000e+00  6.12848060e-01 
 1.15960000e+00  4.73275164e-01  1.15960000e+00  6.12847091e-01 
 1.15970000e+00  4.73413793e-01  1.15970000e+00  6.12846122e-01 
 1.15980000e+00  4.73552586e-01  1.15980000e+00  6.12845153e-01 
 1.15990000e+00  4.73691543e-01  1.15990000e+00  6.12844184e-01 
 1.16000000e+00  4.73830665e-01  1.16000000e+00  6.12843215e-01 
 1.16010000e+00  4.73969953e-01  1.16010000e+00  6.12842246e-01 
 1.16020000e+00  4.74109408e-01  1.16020000e+00  6.12841277e-01 
 1.16030000e+00  4.74249030e-01  1.16030000e+00  6.12840308e-01 
 1.16040000e+00  4.74388821e-01  1.16040000e+00  6.12839339e-01 
 1.16050000e+00  4.74528780e-01  1.16050000e+00  6.12838370e-01 
 1.16060000e+00  4.74668910e-01  1.16060000e+00  6.12837401e-01 
 1.16070000e+00  4.74809211e-01  1.16070000e+00  6.12836432e-01 
 1.16080000e+00  4.74949683e-01  1.16080000e+00  6.12835464e-01 
 1.16090000e+00  4.75090327e-01  1.16090000e+00  6.12834495e-01 
 1.16100000e+00  4.75231145e-01  1.16100000e+00  6.12833526e-01 
 1.16110000e+00  4.75372137e-01  1.16110000e+00  6.12832557e-01 
 1.16120000e+00  4.75513305e-01  1.16120000e+00  6.12831588e-01 
 1.16130000e+00  4.75654648e-01  1.16130000e+00  6.12830620e-01 
 1.16140000e+00  4.75796168e-01  1.16140000e+00  6.12829651e-01 
 1.16150000e+00  4.75937866e-01  1.16150000e+00  6.12828682e-01 
 1.16160000e+00  4.76079742e-01  1.16160000e+00  6.12827713e-01 
 1.16170000e+00  4.76221798e-01  1.16170000e+00  6.12826745e-01 
 1.16180000e+00  4.76364034e-01  1.16180000e+00  6.12825776e-01 
 1.16190000e+00  4.76506451e-01  1.16190000e+00  6.12824807e-01 
 1.16200000e+00  4.76649051e-01  1.16200000e+00  6.12823839e-01 
 1.16210000e+00  4.76791834e-01  1.16210000e+00  6.12822870e-01 
 1.16220000e+00  4.76934801e-01  1.16220000e+00  6.12821901e-01 
 1.16230000e+00  4.77077953e-01  1.16230000e+00  6.12820932e-01 
 1.16240000e+00  4.77221291e-01  1.16240000e+00  6.12819964e-01 
 1.16250000e+00  4.77364816e-01  1.16250000e+00  6.12818995e-01 
 1.16260000e+00  4.77508528e-01  1.16260000e+00  6.12818026e-01 
 1.16270000e+00  4.77652430e-01  1.16270000e+00  6.12817057e-01 
 1.16280000e+00  4.77796521e-01  1.16280000e+00  6.12816089e-01 
 1.16290000e+00  4.77940804e-01  1.16290000e+00  6.12815120e-01 
 1.16300000e+00  4.78085278e-01  1.16300000e+00  6.12814151e-01 
 1.16310000e+00  4.78229945e-01  1.16310000e+00  6.12813182e-01 
 1.16320000e+00  4.78374806e-01  1.16320000e+00  6.12812214e-01 
 1.16330000e+00  4.78519861e-01  1.16330000e+00  6.12811245e-01 
 1.16340000e+00  4.78665113e-01  1.16340000e+00  6.12810276e-01 
 1.16350000e+00  4.78810561e-01  1.16350000e+00  6.12809307e-01 
 1.16360000e+00  4.78956207e-01  1.16360000e+00  6.12808338e-01 
 1.16370000e+00  4.79102052e-01  1.16370000e+00  6.12807369e-01 
 1.16380000e+00  4.79248098e-01  1.16380000e+00  6.12806400e-01 
 1.16390000e+00  4.79394344e-01  1.16390000e+00  6.12805431e-01 
 1.16400000e+00  4.79540793e-01  1.16400000e+00  6.12804462e-01 
 1.16410000e+00  4.79687445e-01  1.16410000e+00  6.12803493e-01 
 1.16420000e+00  4.79834301e-01  1.16420000e+00  6.12802524e-01 
 1.16430000e+00  4.79981363e-01  1.16430000e+00  6.12801555e-01 
 1.16440000e+00  4.80128631e-01  1.16440000e+00  6.12800586e-01 
 1.16450000e+00  4.80276107e-01  1.16450000e+00  6.12799617e-01 
 1.16460000e+00  4.80423792e-01  1.16460000e+00  6.12798648e-01 
 1.16470000e+00  4.80571687e-01  1.16470000e+00  6.12797679e-01 
 1.16480000e+00  4.80719793e-01  1.16480000e+00  6.12796710e-01 
 1.16490000e+00  4.80868111e-01  1.16490000e+00  6.12795740e-01 
 1.16500000e+00  4.81016643e-01  1.16500000e+00  6.12794771e-01 
 1.16510000e+00  4.81165389e-01  1.16510000e+00  6.12793802e-01 
 1.16520000e+00  4.81314351e-01  1.16520000e+00  6.12792832e-01 
 1.16530000e+00  4.81463530e-01  1.16530000e+00  6.12791863e-01 
 1.16540000e+00  4.81612927e-01  1.16540000e+00  6.12790894e-01 
 1.16550000e+00  4.81762544e-01  1.16550000e+00  6.12789924e-01 
 1.16560000e+00  4.81912381e-01  1.16560000e+00  6.12788954e-01 
 1.16570000e+00  4.82062440e-01  1.16570000e+00  6.12787985e-01 
 1.16580000e+00  4.82212723e-01  1.16580000e+00  6.12787015e-01 
 1.16590000e+00  4.82363230e-01  1.16590000e+00  6.12786045e-01 
 1.16600000e+00  4.82513962e-01  1.16600000e+00  6.12785076e-01 
 1.16610000e+00  4.82664921e-01  1.16610000e+00  6.12784106e-01 
 1.16620000e+00  4.82816109e-01  1.16620000e+00  6.12783136e-01 
 1.16630000e+00  4.82967526e-01  1.16630000e+00  6.12782166e-01 
 1.16640000e+00  4.83119174e-01  1.16640000e+00  6.12781196e-01 
 1.16650000e+00  4.83271054e-01  1.16650000e+00  6.12780226e-01 
 1.16660000e+00  4.83423168e-01  1.16660000e+00  6.12779256e-01 
 1.16670000e+00  4.83575517e-01  1.16670000e+00  6.12778286e-01 
 1.16680000e+00  4.83728102e-01  1.16680000e+00  6.12777315e-01 
 1.16690000e+00  4.83880924e-01  1.16690000e+00  6.12776345e-01 
 1.16700000e+00  4.84033985e-01  1.16700000e+00  6.12775375e-01 
 1.16710000e+00  4.84187287e-01  1.16710000e+00  6.12774404e-01 
 1.16720000e+00  4.84340831e-01  1.16720000e+00  6.12773433e-01 
 1.16730000e+00  4.84494618e-01  1.16730000e+00  6.12772463e-01 
 1.16740000e+00  4.84648649e-01  1.16740000e+00  6.12771492e-01 
 1.16750000e+00  4.84802927e-01  1.16750000e+00  6.12770521e-01 
 1.16760000e+00  4.84957452e-01  1.16760000e+00  6.12769550e-01 
 1.16770000e+00  4.85112226e-01  1.16770000e+00  6.12768579e-01 
 1.16780000e+00  4.85267251e-01  1.16780000e+00  6.12767608e-01 
 1.16790000e+00  4.85422528e-01  1.16790000e+00  6.12766637e-01 
 1.16800000e+00  4.85578058e-01  1.16800000e+00  6.12765666e-01 
 1.16810000e+00  4.85733844e-01  1.16810000e+00  6.12764695e-01 
 1.16820000e+00  4.85889886e-01  1.16820000e+00  6.12763723e-01 
 1.16830000e+00  4.86046186e-01  1.16830000e+00  6.12762752e-01 
 1.16840000e+00  4.86202746e-01  1.16840000e+00  6.12761780e-01 
 1.16850000e+00  4.86359568e-01  1.16850000e+00  6.12760808e-01 
 1.16860000e+00  4.86516652e-01  1.16860000e+00  6.12759837e-01 
 1.16870000e+00  4.86674001e-01  1.16870000e+00  6.12758865e-01 
 1.16880000e+00  4.86831616e-01  1.16880000e+00  6.12757893e-01 
 1.16890000e+00  4.86989499e-01  1.16890000e+00  6.12756920e-01 
 1.16900000e+00  4.87147652e-01  1.16900000e+00  6.12755948e-01 
 1.16910000e+00  4.87306076e-01  1.16910000e+00  6.12754976e-01 
 1.16920000e+00  4.87464772e-01  1.16920000e+00  6.12754003e-01 
 1.16930000e+00  4.87623744e-01  1.16930000e+00  6.12753031e-01 
 1.16940000e+00  4.87782991e-01  1.16940000e+00  6.12752058e-01 
 1.16950000e+00  4.87942517e-01  1.16950000e+00  6.12751085e-01 
 1.16960000e+00  4.88102323e-01  1.16960000e+00  6.12750112e-01 
 1.16970000e+00  4.88262410e-01  1.16970000e+00  6.12749139e-01 
 1.16980000e+00  4.88422780e-01  1.16980000e+00  6.12748166e-01 
 1.16990000e+00  4.88583436e-01  1.16990000e+00  6.12747193e-01 
 1.17000000e+00  4.88744379e-01  1.17000000e+00  6.12746219e-01 
 1.17010000e+00  4.88905611e-01  1.17010000e+00  6.12745246e-01 
 1.17020000e+00  4.89067134e-01  1.17020000e+00  6.12744272e-01 
 1.17030000e+00  4.89228949e-01  1.17030000e+00  6.12743298e-01 
 1.17040000e+00  4.89391059e-01  1.17040000e+00  6.12742324e-01 
 1.17050000e+00  4.89553465e-01  1.17050000e+00  6.12741350e-01 
 1.17060000e+00  4.89716170e-01  1.17060000e+00  6.12740375e-01 
 1.17070000e+00  4.89879176e-01  1.17070000e+00  6.12739401e-01 
 1.17080000e+00  4.90042483e-01  1.17080000e+00  6.12738426e-01 
 1.17090000e+00  4.90206096e-01  1.17090000e+00  6.12737452e-01 
 1.17100000e+00  4.90370014e-01  1.17100000e+00  6.12736477e-01 
 1.17110000e+00  4.90534241e-01  1.17110000e+00  6.12735502e-01 
 1.17120000e+00  4.90698779e-01  1.17120000e+00  6.12734526e-01 
 1.17130000e+00  4.90863629e-01  1.17130000e+00  6.12733551e-01 
 1.17140000e+00  4.91028794e-01  1.17140000e+00  6.12732575e-01 
 1.17150000e+00  4.91194276e-01  1.17150000e+00  6.12731600e-01 
 1.17160000e+00  4.91360077e-01  1.17160000e+00  6.12730624e-01 
 1.17170000e+00  4.91526199e-01  1.17170000e+00  6.12729648e-01 
 1.17180000e+00  4.91692645e-01  1.17180000e+00  6.12728671e-01 
 1.17190000e+00  4.91859416e-01  1.17190000e+00  6.12727695e-01 
 1.17200000e+00  4.92026515e-01  1.17200000e+00  6.12726718e-01 
 1.17210000e+00  4.92193944e-01  1.17210000e+00  6.12725741e-01 
 1.17220000e+00  4.92361706e-01  1.17220000e+00  6.12724764e-01 
 1.17230000e+00  4.92529802e-01  1.17230000e+00  6.12723787e-01 
 1.17240000e+00  4.92698236e-01  1.17240000e+00  6.12722810e-01 
 1.17250000e+00  4.92867009e-01  1.17250000e+00  6.12721832e-01 
 1.17260000e+00  4.93036124e-01  1.17260000e+00  6.12720855e-01 
 1.17270000e+00  4.93205583e-01  1.17270000e+00  6.12719877e-01 
 1.17280000e+00  4.93375389e-01  1.17280000e+00  6.12718898e-01 
 1.17290000e+00  4.93545544e-01  1.17290000e+00  6.12717920e-01 
 1.17300000e+00  4.93716051e-01  1.17300000e+00  6.12716941e-01 
 1.17310000e+00  4.93886912e-01  1.17310000e+00  6.12715963e-01 
 1.17320000e+00  4.94058130e-01  1.17320000e+00  6.12714984e-01 
 1.17330000e+00  4.94229707e-01  1.17330000e+00  6.12714004e-01 
 1.17340000e+00  4.94401646e-01  1.17340000e+00  6.12713025e-01 
 1.17350000e+00  4.94573950e-01  1.17350000e+00  6.12712045e-01 
 1.17360000e+00  4.94746621e-01  1.17360000e+00  6.12711065e-01 
 1.17370000e+00  4.94919662e-01  1.17370000e+00  6.12710085e-01 
 1.17380000e+00  4.95093076e-01  1.17380000e+00  6.12709105e-01 
 1.17390000e+00  4.95266866e-01  1.17390000e+00  6.12708124e-01 
 1.17400000e+00  4.95441033e-01  1.17400000e+00  6.12707143e-01 
 1.17410000e+00  4.95615582e-01  1.17410000e+00  6.12706162e-01 
 1.17420000e+00  4.95790515e-01  1.17420000e+00  6.12705181e-01 
 1.17430000e+00  4.95965835e-01  1.17430000e+00  6.12704199e-01 
 1.17440000e+00  4.96141544e-01  1.17440000e+00  6.12703217e-01 
 1.17450000e+00  4.96317647e-01  1.17450000e+00  6.12702235e-01 
 1.17460000e+00  4.96494145e-01  1.17460000e+00  6.12701252e-01 
 1.17470000e+00  4.96671042e-01  1.17470000e+00  6.12700270e-01 
 1.17480000e+00  4.96848340e-01  1.17480000e+00  6.12699287e-01 
 1.17490000e+00  4.97026044e-01  1.17490000e+00  6.12698303e-01 
 1.17500000e+00  4.97204156e-01  1.17500000e+00  6.12697320e-01 
 1.17510000e+00  4.97382679e-01  1.17510000e+00  6.12696336e-01 
 1.17520000e+00  4.97561617e-01  1.17520000e+00  6.12695352e-01 
 1.17530000e+00  4.97740972e-01  1.17530000e+00  6.12694368e-01 
 1.17540000e+00  4.97920749e-01  1.17540000e+00  6.12693383e-01 
 1.17550000e+00  4.98100950e-01  1.17550000e+00  6.12692398e-01 
 1.17560000e+00  4.98281578e-01  1.17560000e+00  6.12691413e-01 
 1.17570000e+00  4.98462638e-01  1.17570000e+00  6.12690427e-01 
 1.17580000e+00  4.98644133e-01  1.17580000e+00  6.12689441e-01 
 1.17590000e+00  4.98826065e-01  1.17590000e+00  6.12688455e-01 
 1.17600000e+00  4.99008439e-01  1.17600000e+00  6.12687468e-01 
 1.17610000e+00  4.99191259e-01  1.17610000e+00  6.12686482e-01 
 1.17620000e+00  4.99374528e-01  1.17620000e+00  6.12685494e-01 
 1.17630000e+00  4.99558249e-01  1.17630000e+00  6.12684507e-01 
 1.17640000e+00  4.99742426e-01  1.17640000e+00  6.12683519e-01 
 1.17650000e+00  4.99927064e-01  1.17650000e+00  6.12682531e-01 
 1.17660000e+00  5.00112165e-01  1.17660000e+00  6.12681542e-01 
 1.17670000e+00  5.00297734e-01  1.17670000e+00  6.12680553e-01 
 1.17680000e+00  5.00483775e-01  1.17680000e+00  6.12679564e-01 
 1.17690000e+00  5.00670292e-01  1.17690000e+00  6.12678574e-01 
 1.17700000e+00  5.00857288e-01  1.17700000e+00  6.12677584e-01 
 1.17710000e+00  5.01044769e-01  1.17710000e+00  6.12676594e-01 
 1.17720000e+00  5.01232737e-01  1.17720000e+00  6.12675603e-01 
 1.17730000e+00  5.01421197e-01  1.17730000e+00  6.12674612e-01 
 1.17740000e+00  5.01610153e-01  1.17740000e+00  6.12673621e-01 
 1.17750000e+00  5.01799610e-01  1.17750000e+00  6.12672629e-01 
 1.17760000e+00  5.01989573e-01  1.17760000e+00  6.12671637e-01 
 1.17770000e+00  5.02180044e-01  1.17770000e+00  6.12670644e-01 
 1.17780000e+00  5.02371030e-01  1.17780000e+00  6.12669651e-01 
 1.17790000e+00  5.02562533e-01  1.17790000e+00  6.12668657e-01 
 1.17800000e+00  5.02754560e-01  1.17800000e+00  6.12667663e-01 
 1.17810000e+00  5.02947115e-01  1.17810000e+00  6.12666669e-01 
 1.17820000e+00  5.03140202e-01  1.17820000e+00  6.12665674e-01 
 1.17830000e+00  5.03333826e-01  1.17830000e+00  6.12664679e-01 
 1.17840000e+00  5.03527992e-01  1.17840000e+00  6.12663683e-01 
 1.17850000e+00  5.03722705e-01  1.17850000e+00  6.12662687e-01 
 1.17860000e+00  5.03917969e-01  1.17860000e+00  6.12661691e-01 
 1.17870000e+00  5.04113791e-01  1.17870000e+00  6.12660694e-01 
 1.17880000e+00  5.04310175e-01  1.17880000e+00  6.12659696e-01 
 1.17890000e+00  5.04507127e-01  1.17890000e+00  6.12658698e-01 
 1.17900000e+00  5.04704651e-01  1.17900000e+00  6.12657700e-01 
 1.17910000e+00  5.04902752e-01  1.17910000e+00  6.12656701e-01 
 1.17920000e+00  5.05101438e-01  1.17920000e+00  6.12655702e-01 
 1.17930000e+00  5.05300712e-01  1.17930000e+00  6.12654702e-01 
 1.17940000e+00  5.05500580e-01  1.17940000e+00  6.12653701e-01 
 1.17950000e+00  5.05701049e-01  1.17950000e+00  6.12652700e-01 
 1.17960000e+00  5.05902124e-01  1.17960000e+00  6.12651699e-01 
 1.17970000e+00  5.06103810e-01  1.17970000e+00  6.12650697e-01 
 1.17980000e+00  5.06306114e-01  1.17980000e+00  6.12649695e-01 
 1.17990000e+00  5.06509042e-01  1.17990000e+00  6.12648692e-01 
 1.18000000e+00  5.06712599e-01  1.18000000e+00  6.12647688e-01 
 1.18010000e+00  5.06916792e-01  1.18010000e+00  6.12646684e-01 
 1.18020000e+00  5.07121628e-01  1.18020000e+00  6.12645679e-01 
 1.18030000e+00  5.07327113e-01  1.18030000e+00  6.12644674e-01 
 1.18040000e+00  5.07533252e-01  1.18040000e+00  6.12643668e-01 
 1.18050000e+00  5.07740053e-01  1.18050000e+00  6.12642662e-01 
 1.18060000e+00  5.07947523e-01  1.18060000e+00  6.12641655e-01 
 1.18070000e+00  5.08155668e-01  1.18070000e+00  6.12640647e-01 
 1.18080000e+00  5.08364495e-01  1.18080000e+00  6.12639639e-01 
 1.18090000e+00  5.08574011e-01  1.18090000e+00  6.12638630e-01 
 1.18100000e+00  5.08784223e-01  1.18100000e+00  6.12637621e-01 
 1.18110000e+00  5.08995139e-01  1.18110000e+00  6.12636611e-01 
 1.18120000e+00  5.09206765e-01  1.18120000e+00  6.12635600e-01 
 1.18130000e+00  5.09419110e-01  1.18130000e+00  6.12634589e-01 
 1.18140000e+00  5.09632181e-01  1.18140000e+00  6.12633577e-01 
 1.18150000e+00  5.09845985e-01  1.18150000e+00  6.12632564e-01 
 1.18160000e+00  5.10060531e-01  1.18160000e+00  6.12631551e-01 
 1.18170000e+00  5.10275826e-01  1.18170000e+00  6.12630537e-01 
 1.18180000e+00  5.10491878e-01  1.18180000e+00  6.12629522e-01 
 1.18190000e+00  5.10708696e-01  1.18190000e+00  6.12628506e-01 
 1.18200000e+00  5.10926288e-01  1.18200000e+00  6.12627490e-01 
 1.18210000e+00  5.11144663e-01  1.18210000e+00  6.12626473e-01 
 1.18220000e+00  5.11363828e-01  1.18220000e+00  6.12625456e-01 
 1.18230000e+00  5.11583794e-01  1.18230000e+00  6.12624437e-01 
 1.18240000e+00  5.11804569e-01  1.18240000e+00  6.12623418e-01 
 1.18250000e+00  5.12026162e-01  1.18250000e+00  6.12622398e-01 
 1.18260000e+00  5.12248582e-01  1.18260000e+00  6.12621378e-01 
 1.18270000e+00  5.12471839e-01  1.18270000e+00  6.12620356e-01 
 1.18280000e+00  5.12695942e-01  1.18280000e+00  6.12619334e-01 
 1.18290000e+00  5.12920901e-01  1.18290000e+00  6.12618311e-01 
 1.18300000e+00  5.13146726e-01  1.18300000e+00  6.12617287e-01 
 1.18310000e+00  5.13373427e-01  1.18310000e+00  6.12616262e-01 
 1.18320000e+00  5.13601015e-01  1.18320000e+00  6.12615236e-01 
 1.18330000e+00  5.13829499e-01  1.18330000e+00  6.12614210e-01 
 1.18340000e+00  5.14058891e-01  1.18340000e+00  6.12613183e-01 
 1.18350000e+00  5.14289201e-01  1.18350000e+00  6.12612154e-01 
 1.18360000e+00  5.14520441e-01  1.18360000e+00  6.12611125e-01 
 1.18370000e+00  5.14752621e-01  1.18370000e+00  6.12610095e-01 
 1.18380000e+00  5.14985754e-01  1.18380000e+00  6.12609064e-01 
 1.18390000e+00  5.15219850e-01  1.18390000e+00  6.12608032e-01 
 1.18400000e+00  5.15454922e-01  1.18400000e+00  6.12607000e-01 
 1.18410000e+00  5.15690981e-01  1.18410000e+00  6.12605966e-01 
 1.18420000e+00  5.15928041e-01  1.18420000e+00  6.12604931e-01 
 1.18430000e+00  5.16166114e-01  1.18430000e+00  6.12603895e-01 
 1.18440000e+00  5.16405212e-01  1.18440000e+00  6.12602858e-01 
 1.18450000e+00  5.16645349e-01  1.18450000e+00  6.12601820e-01 
 1.18460000e+00  5.16886537e-01  1.18460000e+00  6.12600781e-01 
 1.18470000e+00  5.17128792e-01  1.18470000e+00  6.12599741e-01 
 1.18480000e+00  5.17372126e-01  1.18480000e+00  6.12598700e-01 
 1.18490000e+00  5.17616553e-01  1.18490000e+00  6.12597658e-01 
 1.18500000e+00  5.17862089e-01  1.18500000e+00  6.12596615e-01 
 1.18510000e+00  5.18108747e-01  1.18510000e+00  6.12595571e-01 
 1.18520000e+00  5.18356544e-01  1.18520000e+00  6.12594525e-01 
 1.18530000e+00  5.18605493e-01  1.18530000e+00  6.12593478e-01 
 1.18540000e+00  5.18855611e-01  1.18540000e+00  6.12592430e-01 
 1.18550000e+00  5.19106914e-01  1.18550000e+00  6.12591381e-01 
 1.18560000e+00  5.19359418e-01  1.18560000e+00  6.12590331e-01 
 1.18570000e+00  5.19613139e-01  1.18570000e+00  6.12589279e-01 
 1.18580000e+00  5.19868095e-01  1.18580000e+00  6.12588227e-01 
 1.18590000e+00  5.20124303e-01  1.18590000e+00  6.12587172e-01 
 1.18600000e+00  5.20381781e-01  1.18600000e+00  6.12586117e-01 
 1.18610000e+00  5.20640547e-01  1.18610000e+00  6.12585060e-01 
 1.18620000e+00  5.20900619e-01  1.18620000e+00  6.12584002e-01 
 1.18630000e+00  5.21162016e-01  1.18630000e+00  6.12582943e-01 
 1.18640000e+00  5.21424758e-01  1.18640000e+00  6.12581882e-01 
 1.18650000e+00  5.21688864e-01  1.18650000e+00  6.12580820e-01 
 1.18660000e+00  5.21954355e-01  1.18660000e+00  6.12579756e-01 
 1.18670000e+00  5.22221250e-01  1.18670000e+00  6.12578691e-01 
 1.18680000e+00  5.22489572e-01  1.18680000e+00  6.12577624e-01 
 1.18690000e+00  5.22759342e-01  1.18690000e+00  6.12576556e-01 
 1.18700000e+00  5.23030582e-01  1.18700000e+00  6.12575486e-01 
 1.18710000e+00  5.23303315e-01  1.18710000e+00  6.12574415e-01 
 1.18720000e+00  5.23577563e-01  1.18720000e+00  6.12573342e-01 
 1.18730000e+00  5.23853350e-01  1.18730000e+00  6.12572268e-01 
 1.18740000e+00  5.24130701e-01  1.18740000e+00  6.12571191e-01 
 1.18750000e+00  5.24409641e-01  1.18750000e+00  6.12570114e-01 
 1.18760000e+00  5.24690194e-01  1.18760000e+00  6.12569034e-01 
 1.18770000e+00  5.24972388e-01  1.18770000e+00  6.12567953e-01 
 1.18780000e+00  5.25256248e-01  1.18780000e+00  6.12566870e-01 
 1.18790000e+00  5.25541801e-01  1.18790000e+00  6.12565785e-01 
 1.18800000e+00  5.25829077e-01  1.18800000e+00  6.12564698e-01 
 1.18810000e+00  5.26118103e-01  1.18810000e+00  6.12563609e-01 
 1.18820000e+00  5.26408909e-01  1.18820000e+00  6.12562519e-01 
 1.18830000e+00  5.26701526e-01  1.18830000e+00  6.12561427e-01 
 1.18840000e+00  5.26995983e-01  1.18840000e+00  6.12560332e-01 
 1.18850000e+00  5.27292314e-01  1.18850000e+00  6.12559236e-01 
 1.18860000e+00  5.27590550e-01  1.18860000e+00  6.12558137e-01 
 1.18870000e+00  5.27890725e-01  1.18870000e+00  6.12557037e-01 
 1.18880000e+00  5.28192873e-01  1.18880000e+00  6.12555934e-01 
 1.18890000e+00  5.28497029e-01  1.18890000e+00  6.12554829e-01 
 1.18900000e+00  5.28803230e-01  1.18900000e+00  6.12553722e-01 
 1.18910000e+00  5.29111513e-01  1.18910000e+00  6.12552612e-01 
 1.18920000e+00  5.29421916e-01  1.18920000e+00  6.12551501e-01 
 1.18930000e+00  5.29734478e-01  1.18930000e+00  6.12550387e-01 
 1.18940000e+00  5.30049240e-01  1.18940000e+00  6.12549270e-01 
 1.18950000e+00  5.30366242e-01  1.18950000e+00  6.12548151e-01 
 1.18960000e+00  5.30685528e-01  1.18960000e+00  6.12547030e-01 
 1.18970000e+00  5.31007142e-01  1.18970000e+00  6.12545906e-01 
 1.18980000e+00  5.31331128e-01  1.18980000e+00  6.12544779e-01 
 1.18990000e+00  5.31657533e-01  1.18990000e+00  6.12543650e-01 
 1.19000000e+00  5.31986404e-01  1.19000000e+00  6.12542518e-01 
 1.19010000e+00  5.32317792e-01  1.19010000e+00  6.12541383e-01 
 1.19020000e+00  5.32651746e-01  1.19020000e+00  6.12540245e-01 
 1.19030000e+00  5.32988319e-01  1.19030000e+00  6.12539105e-01 
 1.19040000e+00  5.33327564e-01  1.19040000e+00  6.12537961e-01 
 1.19050000e+00  5.33669538e-01  1.19050000e+00  6.12536815e-01 
 1.19060000e+00  5.34014296e-01  1.19060000e+00  6.12535665e-01 
 1.19070000e+00  5.34361899e-01  1.19070000e+00  6.12534512e-01 
 1.19080000e+00  5.34712406e-01  1.19080000e+00  6.12533356e-01 
 1.19090000e+00  5.35065881e-01  1.19090000e+00  6.12532197e-01 
 1.19100000e+00  5.35422388e-01  1.19100000e+00  6.12531034e-01 
 1.19110000e+00  5.35781994e-01  1.19110000e+00  6.12529868e-01 
 1.19120000e+00  5.36144768e-01  1.19120000e+00  6.12528698e-01 
 1.19130000e+00  5.36510782e-01  1.19130000e+00  6.12527524e-01 
 1.19140000e+00  5.36880109e-01  1.19140000e+00  6.12526347e-01 
 1.19150000e+00  5.37252825e-01  1.19150000e+00  6.12525166e-01 
 1.19160000e+00  5.37629010e-01  1.19160000e+00  6.12523981e-01 
 1.19170000e+00  5.38008744e-01  1.19170000e+00  6.12522792e-01 
 1.19180000e+00  5.38392112e-01  1.19180000e+00  6.12521599e-01 
 1.19190000e+00  5.38779201e-01  1.19190000e+00  6.12520402e-01 
 1.19200000e+00  5.39170103e-01  1.19200000e+00  6.12519200e-01 
 1.19210000e+00  5.39564909e-01  1.19210000e+00  6.12517994e-01 
 1.19220000e+00  5.39963718e-01  1.19220000e+00  6.12516784e-01 
 1.19230000e+00  5.40366631e-01  1.19230000e+00  6.12515569e-01 
 1.19240000e+00  5.40773750e-01  1.19240000e+00  6.12514348e-01 
 1.19250000e+00  5.41185186e-01  1.19250000e+00  6.12513123e-01 
 1.19260000e+00  5.41601049e-01  1.19260000e+00  6.12511893e-01 
 1.19270000e+00  5.42021457e-01  1.19270000e+00  6.12510658e-01 
 1.19280000e+00  5.42446532e-01  1.19280000e+00  6.12509418e-01 
 1.19290000e+00  5.42876398e-01  1.19290000e+00  6.12508172e-01 
 1.19300000e+00  5.43311186e-01  1.19300000e+00  6.12506920e-01 
 1.19310000e+00  5.43751034e-01  1.19310000e+00  6.12505662e-01 
 1.19320000e+00  5.44196082e-01  1.19320000e+00  6.12504399e-01 
 1.19330000e+00  5.44646478e-01  1.19330000e+00  6.12503129e-01 
 1.19340000e+00  5.45102376e-01  1.19340000e+00  6.12501853e-01 
 1.19350000e+00  5.45563936e-01  1.19350000e+00  6.12500570e-01 
 1.19360000e+00  5.46031323e-01  1.19360000e+00  6.12499281e-01 
 1.19370000e+00  5.46504714e-01  1.19370000e+00  6.12497985e-01 
 1.19380000e+00  5.46984287e-01  1.19380000e+00  6.12496681e-01 
 1.19390000e+00  5.47470235e-01  1.19390000e+00  6.12495371e-01 
 1.19400000e+00  5.47962753e-01  1.19400000e+00  6.12494052e-01 
 1.19410000e+00  5.48462049e-01  1.19410000e+00  6.12492726e-01 
 1.19420000e+00  5.48968340e-01  1.19420000e+00  6.12491392e-01 
 1.19430000e+00  5.49481850e-01  1.19430000e+00  6.12490049e-01 
 1.19440000e+00  5.50002818e-01  1.19440000e+00  6.12488697e-01 
 1.19450000e+00  5.50531492e-01  1.19450000e+00  6.12487337e-01 
 1.19460000e+00  5.51068130e-01  1.19460000e+00  6.12485967e-01 
 1.19470000e+00  5.51613005e-01  1.19470000e+00  6.12484588e-01 
 1.19480000e+00  5.52166404e-01  1.19480000e+00  6.12483198e-01 
 1.19490000e+00  5.52728627e-01  1.19490000e+00  6.12481798e-01 
 1.19500000e+00  5.53299988e-01  1.19500000e+00  6.12480388e-01 
 1.19510000e+00  5.53880819e-01  1.19510000e+00  6.12478966e-01 
 1.19520000e+00  5.54471468e-01  1.19520000e+00  6.12477533e-01 
 1.19530000e+00  5.55072303e-01  1.19530000e+00  6.12476088e-01 
 1.19540000e+00  5.55683709e-01  1.19540000e+00  6.12474631e-01 
 1.19550000e+00  5.56306094e-01  1.19550000e+00  6.12473161e-01 
 1.19560000e+00  5.56939887e-01  1.19560000e+00  6.12471677e-01 
 1.19570000e+00  5.57585542e-01  1.19570000e+00  6.12470179e-01 
 1.19580000e+00  5.58243536e-01  1.19580000e+00  6.12468667e-01 
 1.19590000e+00  5.58914376e-01  1.19590000e+00  6.12467139e-01 
 1.19600000e+00  5.59598597e-01  1.19600000e+00  6.12465596e-01 
 1.19610000e+00  5.60296766e-01  1.19610000e+00  6.12464036e-01 
 1.19620000e+00  5.61009482e-01  1.19620000e+00  6.12462458e-01 
 1.19630000e+00  5.61737381e-01  1.19630000e+00  6.12460863e-01 
 1.19640000e+00  5.62481139e-01  1.19640000e+00  6.12459249e-01 
 1.19650000e+00  5.63241472e-01  1.19650000e+00  6.12457616e-01 
 1.19660000e+00  5.64019143e-01  1.19660000e+00  6.12455961e-01 
 1.19670000e+00  5.64814961e-01  1.19670000e+00  6.12454285e-01 
 1.19680000e+00  5.65629789e-01  1.19680000e+00  6.12452587e-01 
 1.19690000e+00  5.66464547e-01  1.19690000e+00  6.12450864e-01 
 1.19700000e+00  5.67320215e-01  1.19700000e+00  6.12449117e-01 
 1.19710000e+00  5.68197838e-01  1.19710000e+00  6.12447343e-01 
 1.19720000e+00  5.69098535e-01  1.19720000e+00  6.12445542e-01 
 1.19730000e+00  5.70023501e-01  1.19730000e+00  6.12443712e-01 
 1.19740000e+00  5.70974014e-01  1.19740000e+00  6.12441851e-01 
 1.19750000e+00  5.71951445e-01  1.19750000e+00  6.12439958e-01 
 1.19760000e+00  5.72957261e-01  1.19760000e+00  6.12438030e-01 
 1.19770000e+00  5.73993039e-01  1.19770000e+00  6.12436067e-01 
 1.19780000e+00  5.75060470e-01  1.19780000e+00  6.12434065e-01 
 1.19790000e+00  5.76161373e-01  1.19790000e+00  6.12432023e-01 
 1.19800000e+00  5.77297705e-01  1.19800000e+00  6.12429938e-01 
 1.19810000e+00  5.78471572e-01  1.19810000e+00  6.12427808e-01 
 1.19820000e+00  5.79685241e-01  1.19820000e+00  6.12425630e-01 
 1.19830000e+00  5.80941160e-01  1.19830000e+00  6.12423400e-01 
 1.19840000e+00  5.82241967e-01  1.19840000e+00  6.12421116e-01 
 1.19850000e+00  5.83590511e-01  1.19850000e+00  6.12418774e-01 
 1.19860000e+00  5.84989868e-01  1.19860000e+00  6.12416370e-01 
 1.19870000e+00  5.86443361e-01  1.19870000e+00  6.12413900e-01 
 1.19880000e+00  5.87954585e-01  1.19880000e+00  6.12411360e-01 
 1.19890000e+00  5.89527423e-01  1.19890000e+00  6.12408744e-01 
 1.19900000e+00  5.91166074e-01  1.19900000e+00  6.12406047e-01 
 1.19910000e+00  5.92875077e-01  1.19910000e+00  6.12403264e-01 
 1.19920000e+00  5.94659339e-01  1.19920000e+00  6.12400388e-01 
 1.19930000e+00  5.96524157e-01  1.19930000e+00  6.12397413e-01 
 1.19940000e+00  5.98475249e-01  1.19940000e+00  6.12394332e-01 
 1.19950000e+00  6.00518780e-01  1.19950000e+00  6.12391136e-01 
 1.19960000e+00  6.02661386e-01  1.19960000e+00  6.12387817e-01 
 1.19970000e+00  6.04910198e-01  1.19970000e+00  6.12384365e-01 
 1.19980000e+00  6.07272858e-01  1.19980000e+00  6.12380772e-01 
 1.19990000e+00  6.09757540e-01  1.19990000e+00  6.12377026e-01 
 1.20000000e+00  6.12372950e-01  1.20000000e+00  6.12373115e-01 
 1.20010000e+00  6.15128329e-01  1.20010000e+00  6.12369028e-01 
 1.20020000e+00  6.18033433e-01  1.20020000e+00  6.12364752e-01 
 1.20030000e+00  6.21098511e-01  1.20030000e+00  6.12360273e-01 
 1.20040000e+00  6.24334256e-01  1.20040000e+00  6.12355575e-01 
 1.20050000e+00  6.27751740e-01  1.20050000e+00  6.12350645e-01 
 1.20060000e+00  6.31362327e-01  1.20060000e+00  6.12345466e-01 
 1.20070000e+00  6.35177567e-01  1.20070000e+00  6.12340022e-01 
 1.20080000e+00  6.39209057e-01  1.20080000e+00  6.12334297e-01 
 1.20090000e+00  6.43468291e-01  1.20090000e+00  6.12328272e-01 
 1.20100000e+00  6.47966483e-01  1.20100000e+00  6.12321932e-01 
 1.20110000e+00  6.52714379e-01  1.20110000e+00  6.12315259e-01 
 1.20120000e+00  6.57722060e-01  1.20120000e+00  6.12308238e-01 
 1.20130000e+00  6.62998746e-01  1.20130000e+00  6.12300852e-01 
 1.20140000e+00  6.68552604e-01  1.20140000e+00  6.12293086e-01 
 1.20150000e+00  6.74390586e-01  1.20150000e+00  6.12284927e-01 
 1.20160000e+00  6.80518279e-01  1.20160000e+00  6.12276362e-01 
 1.20170000e+00  6.86939804e-01  1.20170000e+00  6.12267380e-01 
 1.20180000e+00  6.93657747e-01  1.20180000e+00  6.12257970e-01 
 1.20190000e+00  7.00673129e-01  1.20190000e+00  6.12248125e-01 
 1.20200000e+00  7.07985433e-01  1.20200000e+00  6.12237837e-01 
 1.20210000e+00  7.15592647e-01  1.20210000e+00  6.12227102e-01 
 1.20220000e+00  7.23491364e-01  1.20220000e+00  6.12215914e-01 
 1.20230000e+00  7.31676888e-01  1.20230000e+00  6.12204272e-01 
 1.20240000e+00  7.40143373e-01  1.20240000e+00  6.12192173e-01 
 1.20250000e+00  7.48883966e-01  1.20250000e+00  6.12179618e-01 
 1.20260000e+00  7.57890956e-01  1.20260000e+00  6.12166606e-01 
 1.20270000e+00  7.67155923e-01  1.20270000e+00  6.12153138e-01 
 1.20280000e+00  7.76669877e-01  1.20280000e+00  6.12139216e-01 
 1.20290000e+00  7.86423391e-01  1.20290000e+00  6.12124841e-01 
 1.20300000e+00  7.96406715e-01  1.20300000e+00  6.12110015e-01 
 1.20310000e+00  8.06609887e-01  1.20310000e+00  6.12094741e-01 
 1.20320000e+00  8.17022817e-01  1.20320000e+00  6.12079020e-01 
 1.20330000e+00  8.27635368e-01  1.20330000e+00  6.12062854e-01 
 1.20340000e+00  8.38437420e-01  1.20340000e+00  6.12046245e-01 
 1.20350000e+00  8.49418916e-01  1.20350000e+00  6.12029194e-01 
 1.20360000e+00  8.60569913e-01  1.20360000e+00  6.12011703e-01 
 1.20370000e+00  8.71880603e-01  1.20370000e+00  6.11993772e-01 
 1.20380000e+00  8.83341344e-01  1.20380000e+00  6.11975401e-01 
 1.20390000e+00  8.94942670e-01  1.20390000e+00  6.11956591e-01 
 1.20400000e+00  9.06675305e-01  1.20400000e+00  6.11937341e-01 
 1.20410000e+00  9.18530168e-01  1.20410000e+00  6.11917650e-01 
 1.20420000e+00  9.30498371e-01  1.20420000e+00  6.11897515e-01 
 1.20430000e+00  9.42571218e-01  1.20430000e+00  6.11876936e-01 
 1.20440000e+00  9.54740198e-01  1.20440000e+00  6.11855910e-01 
 1.20450000e+00  9.66996981e-01  1.20450000e+00  6.11834432e-01 
 1.20460000e+00  9.79333405e-01  1.20460000e+00  6.11812500e-01 
 1.20470000e+00  9.91741464e-01  1.20470000e+00  6.11790108e-01 
 1.20480000e+00  1.00421330e+00  1.20480000e+00  6.11767252e-01 
 1.20490000e+00  1.01674119e+00  1.20490000e+00  6.11743927e-01 
 1.20500000e+00  1.02931752e+00  1.20500000e+00  6.11720125e-01 
 1.20510000e+00  1.04193479e+00  1.20510000e+00  6.11695840e-01 
 1.20520000e+00  1.05458558e+00  1.20520000e+00  6.11671064e-01 
 1.20530000e+00  1.06726257e+00  1.20530000e+00  6.11645789e-01 
 1.20540000e+00  1.07995845e+00  1.20540000e+00  6.11620007e-01 
 1.20550000e+00  1.09266601e+00  1.20550000e+00  6.11593706e-01 
 1.20560000e+00  1.10537802e+00  1.20560000e+00  6.11566878e-01 
 1.20570000e+00  1.11808729e+00  1.20570000e+00  6.11539510e-01 
 1.20580000e+00  1.13078660e+00  1.20580000e+00  6.11511590e-01 
 1.20590000e+00  1.14346873e+00  1.20590000e+00  6.11483106e-01 
 1.20600000e+00  1.15612640e+00  1.20600000e+00  6.11454044e-01 
 1.20610000e+00  1.16875228e+00  1.20610000e+00  6.11424390e-01 
 1.20620000e+00  1.18133895e+00  1.20620000e+00  6.11394127e-01 
 1.20630000e+00  1.19387893e+00  1.20630000e+00  6.11363239e-01 
 1.20640000e+00  1.20636457e+00  1.20640000e+00  6.11331708e-01 
 1.20650000e+00  1.21878812e+00  1.20650000e+00  6.11299516e-01 
 1.20660000e+00  1.23114167e+00  1.20660000e+00  6.11266643e-01 
 1.20670000e+00  1.24341711e+00  1.20670000e+00  6.11233067e-01 
 1.20680000e+00  1.25560615e+00  1.20680000e+00  6.11198767e-01 
 1.20690000e+00  1.26770027e+00  1.20690000e+00  6.11163717e-01 
 1.20700000e+00  1.27969070e+00  1.20700000e+00  6.11127894e-01 
 1.20710000e+00  1.29156840e+00  1.20710000e+00  6.11091270e-01 
 1.20720000e+00  1.30332403e+00  1.20720000e+00  6.11053817e-01 
 1.20730000e+00  1.31494796e+00  1.20730000e+00  6.11015504e-01 
 1.20740000e+00  1.32643018e+00  1.20740000e+00  6.10976301e-01 
 1.20750000e+00  1.33776036e+00  1.20750000e+00  6.10936173e-01 
 1.20760000e+00  1.34892780e+00  1.20760000e+00  6.10895085e-01 
 1.20770000e+00  1.35992141e+00  1.20770000e+00  6.10853001e-01 
 1.20780000e+00  1.37072974e+00  1.20780000e+00  6.10809881e-01 
 1.20790000e+00  1.38134100e+00  1.20790000e+00  6.10765684e-01 
 1.20800000e+00  1.39174304e+00  1.20800000e+00  6.10720369e-01 
 1.20810000e+00  1.40192347e+00  1.20810000e+00  6.10673892e-01 
 1.20820000e+00  1.41186971e+00  1.20820000e+00  6.10626210e-01 
 1.20830000e+00  1.42156908e+00  1.20830000e+00  6.10577276e-01 
 1.20840000e+00  1.43100900e+00  1.20840000e+00  6.10527048e-01 
 1.20850000e+00  1.44017712e+00  1.20850000e+00  6.10475482e-01 
 1.20860000e+00  1.44906160e+00  1.20860000e+00  6.10422538e-01 
 1.20870000e+00  1.45765136e+00  1.20870000e+00  6.10368177e-01 
 1.20880000e+00  1.46593637e+00  1.20880000e+00  6.10312367e-01 
 1.20890000e+00  1.47390799e+00  1.20890000e+00  6.10255081e-01 
 1.20900000e+00  1.48155929e+00  1.20900000e+00  6.10196301e-01 
 1.20910000e+00  1.48888532e+00  1.20910000e+00  6.10136015e-01 
 1.20920000e+00  1.49588341e+00  1.20920000e+00  6.10074222e-01 
 1.20930000e+00  1.50255330e+00  1.20930000e+00  6.10010934e-01 
 1.20940000e+00  1.50889724e+00  1.20940000e+00  6.09946169e-01 
 1.20950000e+00  1.51491997e+00  1.20950000e+00  6.09879959e-01 
 1.20960000e+00  1.52062857e+00  1.20960000e+00  6.09812345e-01 
 1.20970000e+00  1.52603225e+00  1.20970000e+00  6.09743377e-01 
 1.20980000e+00  1.53114204e+00  1.20980000e+00  6.09673112e-01 
 1.20990000e+00  1.53597041e+00  1.20990000e+00  6.09601613e-01 
 1.21000000e+00  1.54053092e+00  1.21000000e+00  6.09528946e-01 
 1.21010000e+00  1.54483786e+00  1.21010000e+00  6.09455182e-01 
 1.21020000e+00  1.54890586e+00  1.21020000e+00  6.09380391e-01 
 1.21030000e+00  1.55274962e+00  1.21030000e+00  6.09304644e-01 
 1.21040000e+00  1.55638361e+00  1.21040000e+00  6.09228008e-01 
 1.21050000e+00  1.55982192e+00  1.21050000e+00  6.09150551e-01 
 1.21060000e+00  1.56307808e+00  1.21060000e+00  6.09072335e-01 
 1.21070000e+00  1.56616495e+00  1.21070000e+00  6.08993422e-01 
 1.21080000e+00  1.56909464e+00  1.21080000e+00  6.08913866e-01 
 1.21090000e+00  1.57187852e+00  1.21090000e+00  6.08833722e-01 
 1.21100000e+00  1.57452716e+00  1.21100000e+00  6.08753038e-01 
 1.21110000e+00  1.57705038e+00  1.21110000e+00  6.08671859e-01 
 1.21120000e+00  1.57945724e+00  1.21120000e+00  6.08590228e-01 
 1.21130000e+00  1.58175610e+00  1.21130000e+00  6.08508183e-01 
 1.21140000e+00  1.58395466e+00  1.21140000e+00  6.08425758e-01 
 1.21150000e+00  1.58605998e+00  1.21150000e+00  6.08342987e-01 
 1.21160000e+00  1.58807855e+00  1.21160000e+00  6.08259900e-01 
 1.21170000e+00  1.59001633e+00  1.21170000e+00  6.08176523e-01 
 1.21180000e+00  1.59187877e+00  1.21180000e+00  6.08092882e-01 
 1.21190000e+00  1.59367089e+00  1.21190000e+00  6.08009000e-01 
 1.21200000e+00  1.59539729e+00  1.21200000e+00  6.07924897e-01 
 1.21210000e+00  1.59706218e+00  1.21210000e+00  6.07840593e-01 
 1.21220000e+00  1.59866944e+00  1.21220000e+00  6.07756107e-01 
 1.21230000e+00  1.60022264e+00  1.21230000e+00  6.07671453e-01 
 1.21240000e+00  1.60172507e+00  1.21240000e+00  6.07586647e-01 
 1.21250000e+00  1.60317974e+00  1.21250000e+00  6.07501703e-01 
 1.21260000e+00  1.60458944e+00  1.21260000e+00  6.07416634e-01 
 1.21270000e+00  1.60595675e+00  1.21270000e+00  6.07331452e-01 
 1.21280000e+00  1.60728405e+00  1.21280000e+00  6.07246166e-01 
 1.21290000e+00  1.60857353e+00  1.21290000e+00  6.07160789e-01 
 1.21300000e+00  1.60982723e+00  1.21300000e+00  6.07075328e-01 
 1.21310000e+00  1.61104705e+00  1.21310000e+00  6.06989792e-01 
 1.21320000e+00  1.61223474e+00  1.21320000e+00  6.06904190e-01 
 1.21330000e+00  1.61339193e+00  1.21330000e+00  6.06818529e-01 
 1.21340000e+00  1.61452013e+00  1.21340000e+00  6.06732816e-01 
 1.21350000e+00  1.61562077e+00  1.21350000e+00  6.06647058e-01 
 1.21360000e+00  1.61669515e+00  1.21360000e+00  6.06561260e-01 
 1.21370000e+00  1.61774452e+00  1.21370000e+00  6.06475428e-01 
 1.21380000e+00  1.61877003e+00  1.21380000e+00  6.06389568e-01 
 1.21390000e+00  1.61977275e+00  1.21390000e+00  6.06303684e-01 
 1.21400000e+00  1.62075368e+00  1.21400000e+00  6.06217782e-01 
 1.21410000e+00  1.62171379e+00  1.21410000e+00  6.06131865e-01 
 1.21420000e+00  1.62265395e+00  1.21420000e+00  6.06045938e-01 
 1.21430000e+00  1.62357501e+00  1.21430000e+00  6.05960005e-01 
 1.21440000e+00  1.62447774e+00  1.21440000e+00  6.05874069e-01 
 1.21450000e+00  1.62536289e+00  1.21450000e+00  6.05788134e-01 
 1.21460000e+00  1.62623115e+00  1.21460000e+00  6.05702203e-01 
 1.21470000e+00  1.62708319e+00  1.21470000e+00  6.05616279e-01 
 1.21480000e+00  1.62791962e+00  1.21480000e+00  6.05530365e-01 
 1.21490000e+00  1.62874102e+00  1.21490000e+00  6.05444464e-01 
 1.21500000e+00  1.62954797e+00  1.21500000e+00  6.05358578e-01 
 1.21510000e+00  1.63034097e+00  1.21510000e+00  6.05272710e-01 
 1.21520000e+00  1.63112054e+00  1.21520000e+00  6.05186863e-01 
 1.21530000e+00  1.63188713e+00  1.21530000e+00  6.05101038e-01 
 1.21540000e+00  1.63264121e+00  1.21540000e+00  6.05015237e-01 
 1.21550000e+00  1.63338318e+00  1.21550000e+00  6.04929464e-01 
 1.21560000e+00  1.63411347e+00  1.21560000e+00  6.04843719e-01 
 1.21570000e+00  1.63483245e+00  1.21570000e+00  6.04758005e-01 
 1.21580000e+00  1.63554049e+00  1.21580000e+00  6.04672322e-01 
 1.21590000e+00  1.63623793e+00  1.21590000e+00  6.04586674e-01 
 1.21600000e+00  1.63692512e+00  1.21600000e+00  6.04501062e-01 
 1.21610000e+00  1.63760237e+00  1.21610000e+00  6.04415487e-01 
 1.21620000e+00  1.63826997e+00  1.21620000e+00  6.04329950e-01 
 1.21630000e+00  1.63892823e+00  1.21630000e+00  6.04244453e-01 
 1.21640000e+00  1.63957741e+00  1.21640000e+00  6.04158998e-01 
 1.21650000e+00  1.64021778e+00  1.21650000e+00  6.04073585e-01 
 1.21660000e+00  1.64084959e+00  1.21660000e+00  6.03988217e-01 
 1.21670000e+00  1.64147308e+00  1.21670000e+00  6.03902894e-01 
 1.21680000e+00  1.64208849e+00  1.21680000e+00  6.03817617e-01 
 1.21690000e+00  1.64269603e+00  1.21690000e+00  6.03732387e-01 
 1.21700000e+00  1.64329593e+00  1.21700000e+00  6.03647206e-01 
 1.21710000e+00  1.64388838e+00  1.21710000e+00  6.03562075e-01 
 1.21720000e+00  1.64447358e+00  1.21720000e+00  6.03476994e-01 
 1.21730000e+00  1.64505172e+00  1.21730000e+00  6.03391965e-01 
 1.21740000e+00  1.64562298e+00  1.21740000e+00  6.03306988e-01 
 1.21750000e+00  1.64618753e+00  1.21750000e+00  6.03222065e-01 
 1.21760000e+00  1.64674554e+00  1.21760000e+00  6.03137196e-01 
 1.21770000e+00  1.64729718e+00  1.21770000e+00  6.03052383e-01 
 1.21780000e+00  1.64784259e+00  1.21780000e+00  6.02967625e-01 
 1.21790000e+00  1.64838193e+00  1.21790000e+00  6.02882924e-01 
 1.21800000e+00  1.64891533e+00  1.21800000e+00  6.02798280e-01 
 1.21810000e+00  1.64944295e+00  1.21810000e+00  6.02713695e-01 
 1.21820000e+00  1.64996491e+00  1.21820000e+00  6.02629169e-01 
 1.21830000e+00  1.65048134e+00  1.21830000e+00  6.02544702e-01 
 1.21840000e+00  1.65099237e+00  1.21840000e+00  6.02460296e-01 
 1.21850000e+00  1.65149811e+00  1.21850000e+00  6.02375951e-01 
 1.21860000e+00  1.65199868e+00  1.21860000e+00  6.02291668e-01 
 1.21870000e+00  1.65249420e+00  1.21870000e+00  6.02207446e-01 
 1.21880000e+00  1.65298478e+00  1.21880000e+00  6.02123288e-01 
 1.21890000e+00  1.65347051e+00  1.21890000e+00  6.02039193e-01 
 1.21900000e+00  1.65395150e+00  1.21900000e+00  6.01955163e-01 
 1.21910000e+00  1.65442785e+00  1.21910000e+00  6.01871197e-01 
 1.21920000e+00  1.65489965e+00  1.21920000e+00  6.01787296e-01 
 1.21930000e+00  1.65536700e+00  1.21930000e+00  6.01703461e-01 
 1.21940000e+00  1.65582998e+00  1.21940000e+00  6.01619692e-01 
 1.21950000e+00  1.65628868e+00  1.21950000e+00  6.01535990e-01 
 1.21960000e+00  1.65674319e+00  1.21960000e+00  6.01452355e-01 
 1.21970000e+00  1.65719358e+00  1.21970000e+00  6.01368788e-01 
 1.21980000e+00  1.65763994e+00  1.21980000e+00  6.01285289e-01 
 1.21990000e+00  1.65808234e+00  1.21990000e+00  6.01201859e-01 
 1.22000000e+00  1.65852085e+00  1.22000000e+00  6.01118498e-01 
 1.22010000e+00  1.65895556e+00  1.22010000e+00  6.01035206e-01 
 1.22020000e+00  1.65938652e+00  1.22020000e+00  6.00951985e-01 
 1.22030000e+00  1.65981380e+00  1.22030000e+00  6.00868833e-01 
 1.22040000e+00  1.66023748e+00  1.22040000e+00  6.00785753e-01 
 1.22050000e+00  1.66065761e+00  1.22050000e+00  6.00702744e-01 
 1.22060000e+00  1.66107427e+00  1.22060000e+00  6.00619807e-01 
 1.22070000e+00  1.66148750e+00  1.22070000e+00  6.00536942e-01 
 1.22080000e+00  1.66189737e+00  1.22080000e+00  6.00454149e-01 
 1.22090000e+00  1.66230393e+00  1.22090000e+00  6.00371429e-01 
 1.22100000e+00  1.66270725e+00  1.22100000e+00  6.00288782e-01 
 1.22110000e+00  1.66310737e+00  1.22110000e+00  6.00206208e-01 
 1.22120000e+00  1.66350435e+00  1.22120000e+00  6.00123709e-01 
 1.22130000e+00  1.66389824e+00  1.22130000e+00  6.00041284e-01 
 1.22140000e+00  1.66428909e+00  1.22140000e+00  5.99958933e-01 
 1.22150000e+00  1.66467695e+00  1.22150000e+00  5.99876657e-01 
 1.22160000e+00  1.66506187e+00  1.22160000e+00  5.99794457e-01 
 1.22170000e+00  1.66544389e+00  1.22170000e+00  5.99712332e-01 
 1.22180000e+00  1.66582306e+00  1.22180000e+00  5.99630283e-01 
 1.22190000e+00  1.66619943e+00  1.22190000e+00  5.99548310e-01 
 1.22200000e+00  1.66657303e+00  1.22200000e+00  5.99466413e-01 
 1.22210000e+00  1.66694391e+00  1.22210000e+00  5.99384594e-01 
 1.22220000e+00  1.66731211e+00  1.22220000e+00  5.99302851e-01 
 1.22230000e+00  1.66767767e+00  1.22230000e+00  5.99221186e-01 
 1.22240000e+00  1.66804063e+00  1.22240000e+00  5.99139599e-01 
 1.22250000e+00  1.66840103e+00  1.22250000e+00  5.99058090e-01 
 1.22260000e+00  1.66875890e+00  1.22260000e+00  5.98976659e-01 
 1.22270000e+00  1.66911428e+00  1.22270000e+00  5.98895306e-01 
 1.22280000e+00  1.66946721e+00  1.22280000e+00  5.98814033e-01 
 1.22290000e+00  1.66981772e+00  1.22290000e+00  5.98732838e-01 
 1.22300000e+00  1.67016584e+00  1.22300000e+00  5.98651723e-01 
 1.22310000e+00  1.67051162e+00  1.22310000e+00  5.98570687e-01 
 1.22320000e+00  1.67085507e+00  1.22320000e+00  5.98489732e-01 
 1.22330000e+00  1.67119624e+00  1.22330000e+00  5.98408856e-01 
 1.22340000e+00  1.67153516e+00  1.22340000e+00  5.98328061e-01 
 1.22350000e+00  1.67187184e+00  1.22350000e+00  5.98247346e-01 
 1.22360000e+00  1.67220633e+00  1.22360000e+00  5.98166713e-01 
 1.22370000e+00  1.67253866e+00  1.22370000e+00  5.98086160e-01 
 1.22380000e+00  1.67286885e+00  1.22380000e+00  5.98005689e-01 
 1.22390000e+00  1.67319692e+00  1.22390000e+00  5.97925299e-01 
 1.22400000e+00  1.67352292e+00  1.22400000e+00  5.97844991e-01 
 1.22410000e+00  1.67384686e+00  1.22410000e+00  5.97764766e-01 
 1.22420000e+00  1.67416876e+00  1.22420000e+00  5.97684622e-01 
 1.22430000e+00  1.67448867e+00  1.22430000e+00  5.97604561e-01 
 1.22440000e+00  1.67480659e+00  1.22440000e+00  5.97524583e-01 
 1.22450000e+00  1.67512256e+00  1.22450000e+00  5.97444688e-01 
 1.22460000e+00  1.67543660e+00  1.22460000e+00  5.97364876e-01 
 1.22470000e+00  1.67574873e+00  1.22470000e+00  5.97285147e-01 
 1.22480000e+00  1.67605898e+00  1.22480000e+00  5.97205502e-01 
 1.22490000e+00  1.67636737e+00  1.22490000e+00  5.97125940e-01 
 1.22500000e+00  1.67667392e+00  1.22500000e+00  5.97046463e-01 
 1.22510000e+00  1.67697865e+00  1.22510000e+00  5.96967070e-01 
 1.22520000e+00  1.67728158e+00  1.22520000e+00  5.96887761e-01 
 1.22530000e+00  1.67758275e+00  1.22530000e+00  5.96808537e-01 
 1.22540000e+00  1.67788216e+00  1.22540000e+00  5.96729398e-01 
 1.22550000e+00  1.67817983e+00  1.22550000e+00  5.96650343e-01 
 1.22560000e+00  1.67847579e+00  1.22560000e+00  5.96571374e-01 
 1.22570000e+00  1.67877006e+00  1.22570000e+00  5.96492490e-01 
 1.22580000e+00  1.67906265e+00  1.22580000e+00  5.96413692e-01 
 1.22590000e+00  1.67935358e+00  1.22590000e+00  5.96334980e-01 
 1.22600000e+00  1.67964288e+00  1.22600000e+00  5.96256353e-01 
 1.22610000e+00  1.67993055e+00  1.22610000e+00  5.96177813e-01 
 1.22620000e+00  1.68021663e+00  1.22620000e+00  5.96099359e-01 
 1.22630000e+00  1.68050112e+00  1.22630000e+00  5.96020991e-01 
 1.22640000e+00  1.68078404e+00  1.22640000e+00  5.95942710e-01 
 1.22650000e+00  1.68106541e+00  1.22650000e+00  5.95864516e-01 
 1.22660000e+00  1.68134525e+00  1.22660000e+00  5.95786409e-01 
 1.22670000e+00  1.68162356e+00  1.22670000e+00  5.95708389e-01 
 1.22680000e+00  1.68190038e+00  1.22680000e+00  5.95630457e-01 
 1.22690000e+00  1.68217571e+00  1.22690000e+00  5.95552612e-01 
 1.22700000e+00  1.68244957e+00  1.22700000e+00  5.95474855e-01 
 1.22710000e+00  1.68272197e+00  1.22710000e+00  5.95397185e-01 
 1.22720000e+00  1.68299293e+00  1.22720000e+00  5.95319604e-01 
 1.22730000e+00  1.68326247e+00  1.22730000e+00  5.95242111e-01 
 1.22740000e+00  1.68353059e+00  1.22740000e+00  5.95164706e-01 
 1.22750000e+00  1.68379731e+00  1.22750000e+00  5.95087389e-01 
 1.22760000e+00  1.68406265e+00  1.22760000e+00  5.95010162e-01 
 1.22770000e+00  1.68432662e+00  1.22770000e+00  5.94933023e-01 
 1.22780000e+00  1.68458924e+00  1.22780000e+00  5.94855973e-01 
 1.22790000e+00  1.68485051e+00  1.22790000e+00  5.94779012e-01 
 1.22800000e+00  1.68511045e+00  1.22800000e+00  5.94702140e-01 
 1.22810000e+00  1.68536907e+00  1.22810000e+00  5.94625358e-01 
 1.22820000e+00  1.68562638e+00  1.22820000e+00  5.94548665e-01 
 1.22830000e+00  1.68588241e+00  1.22830000e+00  5.94472063e-01 
 1.22840000e+00  1.68613715e+00  1.22840000e+00  5.94395550e-01 
 1.22850000e+00  1.68639063e+00  1.22850000e+00  5.94319127e-01 
 1.22860000e+00  1.68664284e+00  1.22860000e+00  5.94242794e-01 
 1.22870000e+00  1.68689382e+00  1.22870000e+00  5.94166551e-01 
 1.22880000e+00  1.68714356e+00  1.22880000e+00  5.94090399e-01 
 1.22890000e+00  1.68739207e+00  1.22890000e+00  5.94014337e-01 
 1.22900000e+00  1.68763938e+00  1.22900000e+00  5.93938366e-01 
 1.22910000e+00  1.68788549e+00  1.22910000e+00  5.93862486e-01 
 1.22920000e+00  1.68813040e+00  1.22920000e+00  5.93786697e-01 
 1.22930000e+00  1.68837414e+00  1.22930000e+00  5.93710999e-01 
 1.22940000e+00  1.68861671e+00  1.22940000e+00  5.93635393e-01 
 1.22950000e+00  1.68885813e+00  1.22950000e+00  5.93559877e-01 
 1.22960000e+00  1.68909839e+00  1.22960000e+00  5.93484453e-01 
 1.22970000e+00  1.68933752e+00  1.22970000e+00  5.93409121e-01 
 1.22980000e+00  1.68957552e+00  1.22980000e+00  5.93333881e-01 
 1.22990000e+00  1.68981240e+00  1.22990000e+00  5.93258732e-01 
 1.23000000e+00  1.69004817e+00  1.23000000e+00  5.93183675e-01 
 1.23010000e+00  1.69028285e+00  1.23010000e+00  5.93108711e-01 
 1.23020000e+00  1.69051643e+00  1.23020000e+00  5.93033838e-01 
 1.23030000e+00  1.69074894e+00  1.23030000e+00  5.92959058e-01 
 1.23040000e+00  1.69098037e+00  1.23040000e+00  5.92884371e-01 
 1.23050000e+00  1.69121074e+00  1.23050000e+00  5.92809776e-01 
 1.23060000e+00  1.69144006e+00  1.23060000e+00  5.92735274e-01 
 1.23070000e+00  1.69166833e+00  1.23070000e+00  5.92660865e-01 
 1.23080000e+00  1.69189557e+00  1.23080000e+00  5.92586548e-01 
 1.23090000e+00  1.69212178e+00  1.23090000e+00  5.92512325e-01 
 1.23100000e+00  1.69234696e+00  1.23100000e+00  5.92438195e-01 
 1.23110000e+00  1.69257114e+00  1.23110000e+00  5.92364158e-01 
 1.23120000e+00  1.69279432e+00  1.23120000e+00  5.92290214e-01 
 1.23130000e+00  1.69301650e+00  1.23130000e+00  5.92216364e-01 
 1.23140000e+00  1.69323769e+00  1.23140000e+00  5.92142608e-01 
 1.23150000e+00  1.69345790e+00  1.23150000e+00  5.92068945e-01 
 1.23160000e+00  1.69367714e+00  1.23160000e+00  5.91995376e-01 
 1.23170000e+00  1.69389542e+00  1.23170000e+00  5.91921901e-01 
 1.23180000e+00  1.69411273e+00  1.23180000e+00  5.91848520e-01 
 1.23190000e+00  1.69432910e+00  1.23190000e+00  5.91775233e-01 
 1.23200000e+00  1.69454453e+00  1.23200000e+00  5.91702040e-01 
 1.23210000e+00  1.69475903e+00  1.23210000e+00  5.91628942e-01 
 1.23220000e+00  1.69497259e+00  1.23220000e+00  5.91555938e-01 
 1.23230000e+00  1.69518524e+00  1.23230000e+00  5.91483028e-01 
 1.23240000e+00  1.69539697e+00  1.23240000e+00  5.91410214e-01 
 1.23250000e+00  1.69560779e+00  1.23250000e+00  5.91337493e-01 
 1.23260000e+00  1.69581772e+00  1.23260000e+00  5.91264868e-01 
 1.23270000e+00  1.69602675e+00  1.23270000e+00  5.91192337e-01 
 1.23280000e+00  1.69623489e+00  1.23280000e+00  5.91119902e-01 
 1.23290000e+00  1.69644215e+00  1.23290000e+00  5.91047561e-01 
 1.23300000e+00  1.69664854e+00  1.23300000e+00  5.90975316e-01 
 1.23310000e+00  1.69685407e+00  1.23310000e+00  5.90903165e-01 
 1.23320000e+00  1.69705873e+00  1.23320000e+00  5.90831110e-01 
 1.23330000e+00  1.69726253e+00  1.23330000e+00  5.90759151e-01 
 1.23340000e+00  1.69746549e+00  1.23340000e+00  5.90687287e-01 
 1.23350000e+00  1.69766760e+00  1.23350000e+00  5.90615518e-01 
 1.23360000e+00  1.69786888e+00  1.23360000e+00  5.90543845e-01 
 1.23370000e+00  1.69806932e+00  1.23370000e+00  5.90472268e-01 
 1.23380000e+00  1.69826895e+00  1.23380000e+00  5.90400787e-01 
 1.23390000e+00  1.69846775e+00  1.23390000e+00  5.90329401e-01 
 1.23400000e+00  1.69866573e+00  1.23400000e+00  5.90258112e-01 
 1.23410000e+00  1.69886291e+00  1.23410000e+00  5.90186918e-01 
 1.23420000e+00  1.69905929e+00  1.23420000e+00  5.90115821e-01 
 1.23430000e+00  1.69925487e+00  1.23430000e+00  5.90044819e-01 
 1.23440000e+00  1.69944966e+00  1.23440000e+00  5.89973914e-01 
 1.23450000e+00  1.69964366e+00  1.23450000e+00  5.89903106e-01 
 1.23460000e+00  1.69983688e+00  1.23460000e+00  5.89832393e-01 
 1.23470000e+00  1.70002933e+00  1.23470000e+00  5.89761777e-01 
 1.23480000e+00  1.70022100e+00  1.23480000e+00  5.89691258e-01 
 1.23490000e+00  1.70041191e+00  1.23490000e+00  5.89620835e-01 
 1.23500000e+00  1.70060206e+00  1.23500000e+00  5.89550509e-01 
 1.23510000e+00  1.70079146e+00  1.23510000e+00  5.89480280e-01 
 1.23520000e+00  1.70098010e+00  1.23520000e+00  5.89410147e-01 
 1.23530000e+00  1.70116800e+00  1.23530000e+00  5.89340111e-01 
 1.23540000e+00  1.70135516e+00  1.23540000e+00  5.89270172e-01 
 1.23550000e+00  1.70154158e+00  1.23550000e+00  5.89200330e-01 
 1.23560000e+00  1.70172728e+00  1.23560000e+00  5.89130585e-01 
 1.23570000e+00  1.70191224e+00  1.23570000e+00  5.89060937e-01 
 1.23580000e+00  1.70209649e+00  1.23580000e+00  5.88991386e-01 
 1.23590000e+00  1.70228002e+00  1.23590000e+00  5.88921932e-01 
 1.23600000e+00  1.70246283e+00  1.23600000e+00  5.88852576e-01 
 1.23610000e+00  1.70264494e+00  1.23610000e+00  5.88783317e-01 
 1.23620000e+00  1.70282635e+00  1.23620000e+00  5.88714155e-01 
 1.23630000e+00  1.70300705e+00  1.23630000e+00  5.88645090e-01 
 1.23640000e+00  1.70318707e+00  1.23640000e+00  5.88576123e-01 
 1.23650000e+00  1.70336639e+00  1.23650000e+00  5.88507253e-01 
 1.23660000e+00  1.70354502e+00  1.23660000e+00  5.88438481e-01 
 1.23670000e+00  1.70372298e+00  1.23670000e+00  5.88369807e-01 
 1.23680000e+00  1.70390025e+00  1.23680000e+00  5.88301230e-01 
 1.23690000e+00  1.70407686e+00  1.23690000e+00  5.88232751e-01 
 1.23700000e+00  1.70425279e+00  1.23700000e+00  5.88164369e-01 
 1.23710000e+00  1.70442806e+00  1.23710000e+00  5.88096085e-01 
 1.23720000e+00  1.70460267e+00  1.23720000e+00  5.88027899e-01 
 1.23730000e+00  1.70477662e+00  1.23730000e+00  5.87959811e-01 
 1.23740000e+00  1.70494992e+00  1.23740000e+00  5.87891821e-01 
 1.23750000e+00  1.70512257e+00  1.23750000e+00  5.87823928e-01 
 1.23760000e+00  1.70529457e+00  1.23760000e+00  5.87756134e-01 
 1.23770000e+00  1.70546594e+00  1.23770000e+00  5.87688437e-01 
 1.23780000e+00  1.70563666e+00  1.23780000e+00  5.87620838e-01 
 1.23790000e+00  1.70580675e+00  1.23790000e+00  5.87553338e-01 
 1.23800000e+00  1.70597621e+00  1.23800000e+00  5.87485935e-01 
 1.23810000e+00  1.70614505e+00  1.23810000e+00  5.87418631e-01 
 1.23820000e+00  1.70631326e+00  1.23820000e+00  5.87351424e-01 
 1.23830000e+00  1.70648085e+00  1.23830000e+00  5.87284316e-01 
 1.23840000e+00  1.70664783e+00  1.23840000e+00  5.87217306e-01 
 1.23850000e+00  1.70681419e+00  1.23850000e+00  5.87150394e-01 
 1.23860000e+00  1.70697995e+00  1.23860000e+00  5.87083580e-01 
 1.23870000e+00  1.70714510e+00  1.23870000e+00  5.87016865e-01 
 1.23880000e+00  1.70730964e+00  1.23880000e+00  5.86950248e-01 
 1.23890000e+00  1.70747359e+00  1.23890000e+00  5.86883729e-01 
 1.23900000e+00  1.70763695e+00  1.23900000e+00  5.86817308e-01 
 1.23910000e+00  1.70779971e+00  1.23910000e+00  5.86750986e-01 
 1.23920000e+00  1.70796189e+00  1.23920000e+00  5.86684762e-01 
 1.23930000e+00  1.70812348e+00  1.23930000e+00  5.86618636e-01 
 1.23940000e+00  1.70828449e+00  1.23940000e+00  5.86552609e-01 
 1.23950000e+00  1.70844492e+00  1.23950000e+00  5.86486680e-01 
 1.23960000e+00  1.70860478e+00  1.23960000e+00  5.86420850e-01 
 1.23970000e+00  1.70876406e+00  1.23970000e+00  5.86355117e-01 
 1.23980000e+00  1.70892278e+00  1.23980000e+00  5.86289484e-01 
 1.23990000e+00  1.70908093e+00  1.23990000e+00  5.86223949e-01 
 1.24000000e+00  1.70923851e+00  1.24000000e+00  5.86158512e-01 
 1.24010000e+00  1.70939554e+00  1.24010000e+00  5.86093173e-01 
 1.24020000e+00  1.70955201e+00  1.24020000e+00  5.86027933e-01 
 1.24030000e+00  1.70970793e+00  1.24030000e+00  5.85962792e-01 
 1.24040000e+00  1.70986330e+00  1.24040000e+00  5.85897749e-01 
 1.24050000e+00  1.71001812e+00  1.24050000e+00  5.85832804e-01 
 1.24060000e+00  1.71017239e+00  1.24060000e+00  5.85767958e-01 
 1.24070000e+00  1.71032612e+00  1.24070000e+00  5.85703210e-01 
 1.24080000e+00  1.71047932e+00  1.24080000e+00  5.85638561e-01 
 1.24090000e+00  1.71063198e+00  1.24090000e+00  5.85574011e-01 
 1.24100000e+00  1.71078410e+00  1.24100000e+00  5.85509558e-01 
 1.24110000e+00  1.71093570e+00  1.24110000e+00  5.85445204e-01 
 1.24120000e+00  1.71108676e+00  1.24120000e+00  5.85380949e-01 
 1.24130000e+00  1.71123731e+00  1.24130000e+00  5.85316792e-01 
 1.24140000e+00  1.71138733e+00  1.24140000e+00  5.85252734e-01 
 1.24150000e+00  1.71153683e+00  1.24150000e+00  5.85188773e-01 
 1.24160000e+00  1.71168581e+00  1.24160000e+00  5.85124912e-01 
 1.24170000e+00  1.71183429e+00  1.24170000e+00  5.85061149e-01 
 1.24180000e+00  1.71198225e+00  1.24180000e+00  5.84997484e-01 
 1.24190000e+00  1.71212970e+00  1.24190000e+00  5.84933917e-01 
 1.24200000e+00  1.71227664e+00  1.24200000e+00  5.84870449e-01 
 1.24210000e+00  1.71242308e+00  1.24210000e+00  5.84807079e-01 
 1.24220000e+00  1.71256903e+00  1.24220000e+00  5.84743808e-01 
 1.24230000e+00  1.71271447e+00  1.24230000e+00  5.84680635e-01 
 1.24240000e+00  1.71285942e+00  1.24240000e+00  5.84617560e-01 
 1.24250000e+00  1.71300387e+00  1.24250000e+00  5.84554584e-01 
 1.24260000e+00  1.71314783e+00  1.24260000e+00  5.84491705e-01 
 1.24270000e+00  1.71329131e+00  1.24270000e+00  5.84428926e-01 
 1.24280000e+00  1.71343430e+00  1.24280000e+00  5.84366244e-01 
 1.24290000e+00  1.71357680e+00  1.24290000e+00  5.84303660e-01 
 1.24300000e+00  1.71371883e+00  1.24300000e+00  5.84241175e-01 
 1.24310000e+00  1.71386037e+00  1.24310000e+00  5.84178788e-01 
 1.24320000e+00  1.71400144e+00  1.24320000e+00  5.84116499e-01 
 1.24330000e+00  1.71414204e+00  1.24330000e+00  5.84054308e-01 
 1.24340000e+00  1.71428216e+00  1.24340000e+00  5.83992215e-01 
 1.24350000e+00  1.71442182e+00  1.24350000e+00  5.83930220e-01 
 1.24360000e+00  1.71456101e+00  1.24360000e+00  5.83868324e-01 
 1.24370000e+00  1.71469973e+00  1.24370000e+00  5.83806525e-01 
 1.24380000e+00  1.71483799e+00  1.24380000e+00  5.83744824e-01 
 1.24390000e+00  1.71497579e+00  1.24390000e+00  5.83683221e-01 
 1.24400000e+00  1.71511314e+00  1.24400000e+00  5.83621716e-01 
 1.24410000e+00  1.71525003e+00  1.24410000e+00  5.83560309e-01 
 1.24420000e+00  1.71538646e+00  1.24420000e+00  5.83499000e-01 
 1.24430000e+00  1.71552244e+00  1.24430000e+00  5.83437788e-01 
 1.24440000e+00  1.71565798e+00  1.24440000e+00  5.83376674e-01 
 1.24450000e+00  1.71579307e+00  1.24450000e+00  5.83315658e-01 
 1.24460000e+00  1.71592771e+00  1.24460000e+00  5.83254740e-01 
 1.24470000e+00  1.71606191e+00  1.24470000e+00  5.83193919e-01 
 1.24480000e+00  1.71619567e+00  1.24480000e+00  5.83133196e-01 
 1.24490000e+00  1.71632899e+00  1.24490000e+00  5.83072571e-01 
 1.24500000e+00  1.71646188e+00  1.24500000e+00  5.83012042e-01 
 1.24510000e+00  1.71659433e+00  1.24510000e+00  5.82951612e-01 
 1.24520000e+00  1.71672634e+00  1.24520000e+00  5.82891279e-01 
 1.24530000e+00  1.71685793e+00  1.24530000e+00  5.82831043e-01 
 1.24540000e+00  1.71698909e+00  1.24540000e+00  5.82770904e-01 
 1.24550000e+00  1.71711983e+00  1.24550000e+00  5.82710863e-01 
 1.24560000e+00  1.71725014e+00  1.24560000e+00  5.82650919e-01 
 1.24570000e+00  1.71738002e+00  1.24570000e+00  5.82591072e-01 
 1.24580000e+00  1.71750949e+00  1.24580000e+00  5.82531322e-01 
 1.24590000e+00  1.71763854e+00  1.24590000e+00  5.82471670e-01 
 1.24600000e+00  1.71776717e+00  1.24600000e+00  5.82412114e-01 
 1.24610000e+00  1.71789539e+00  1.24610000e+00  5.82352655e-01 
 1.24620000e+00  1.71802320e+00  1.24620000e+00  5.82293294e-01 
 1.24630000e+00  1.71815059e+00  1.24630000e+00  5.82234029e-01 
 1.24640000e+00  1.71827758e+00  1.24640000e+00  5.82174861e-01 
 1.24650000e+00  1.71840416e+00  1.24650000e+00  5.82115789e-01 
 1.24660000e+00  1.71853033e+00  1.24660000e+00  5.82056814e-01 
 1.24670000e+00  1.71865611e+00  1.24670000e+00  5.81997936e-01 
 1.24680000e+00  1.71878148e+00  1.24680000e+00  5.81939155e-01 
 1.24690000e+00  1.71890645e+00  1.24690000e+00  5.81880470e-01 
 1.24700000e+00  1.71903102e+00  1.24700000e+00  5.81821881e-01 
 1.24710000e+00  1.71915520e+00  1.24710000e+00  5.81763389e-01 
 1.24720000e+00  1.71927898e+00  1.24720000e+00  5.81704993e-01 
 1.24730000e+00  1.71940237e+00  1.24730000e+00  5.81646694e-01 
 1.24740000e+00  1.71952537e+00  1.24740000e+00  5.81588490e-01 
 1.24750000e+00  1.71964798e+00  1.24750000e+00  5.81530383e-01 
 1.24760000e+00  1.71977021e+00  1.24760000e+00  5.81472372e-01 
 1.24770000e+00  1.71989205e+00  1.24770000e+00  5.81414457e-01 
 1.24780000e+00  1.72001350e+00  1.24780000e+00  5.81356637e-01 
 1.24790000e+00  1.72013458e+00  1.24790000e+00  5.81298914e-01 
 1.24800000e+00  1.72025527e+00  1.24800000e+00  5.81241286e-01 
 1.24810000e+00  1.72037558e+00  1.24810000e+00  5.81183754e-01 
 1.24820000e+00  1.72049552e+00  1.24820000e+00  5.81126318e-01 
 1.24830000e+00  1.72061509e+00  1.24830000e+00  5.81068977e-01 
 1.24840000e+00  1.72073428e+00  1.24840000e+00  5.81011732e-01 
 1.24850000e+00  1.72085309e+00  1.24850000e+00  5.80954582e-01 
 1.24860000e+00  1.72097154e+00  1.24860000e+00  5.80897527e-01 
 1.24870000e+00  1.72108962e+00  1.24870000e+00  5.80840568e-01 
 1.24880000e+00  1.72120733e+00  1.24880000e+00  5.80783704e-01 
 1.24890000e+00  1.72132468e+00  1.24890000e+00  5.80726935e-01 
 1.24900000e+00  1.72144166e+00  1.24900000e+00  5.80670261e-01 
 1.24910000e+00  1.72155828e+00  1.24910000e+00  5.80613682e-01 
 1.24920000e+00  1.72167454e+00  1.24920000e+00  5.80557198e-01 
 1.24930000e+00  1.72179044e+00  1.24930000e+00  5.80500808e-01 
 1.24940000e+00  1.72190598e+00  1.24940000e+00  5.80444514e-01 
 1.24950000e+00  1.72202117e+00  1.24950000e+00  5.80388314e-01 
 1.24960000e+00  1.72213600e+00  1.24960000e+00  5.80332208e-01 
 1.24970000e+00  1.72225048e+00  1.24970000e+00  5.80276197e-01 
 1.24980000e+00  1.72236461e+00  1.24980000e+00  5.80220281e-01 
 1.24990000e+00  1.72247839e+00  1.24990000e+00  5.80164458e-01 
 1.25000000e+00  1.72259182e+00  1.25000000e+00  5.80108730e-01 
