 1.15000000e+00  4.80959922e-01  1.15000000e+00  6.50299559e-01 
 1.15010000e+00  4.81086704e-01  1.15010000e+00  6.50298657e-01 
 1.15020000e+00  4.81213707e-01  1.15020000e+00  6.50297754e-01 
 1.15030000e+00  4.81340765e-01  1.15030000e+00  6.50296851e-01 
 1.15040000e+00  4.81467935e-01  1.15040000e+00  6.50295949e-01 
 1.15050000e+00  4.81595216e-01  1.15050000e+00  6.50295046e-01 
 1.15060000e+00  4.81722610e-01  1.15060000e+00  6.50294144e-01 
 1.15070000e+00  4.81850116e-01  1.15070000e+00  6.50293242e-01 
 1.15080000e+00  4.81977736e-01  1.15080000e+00  6.50292339e-01 
 1.15090000e+00  4.82105469e-01  1.15090000e+00  6.50291437e-01 
 1.15100000e+00  4.82233316e-01  1.15100000e+00  6.50290535e-01 
 1.15110000e+00  4.82361278e-01  1.15110000e+00  6.50289633e-01 
 1.15120000e+00  4.82489355e-01  1.15120000e+00  6.50288730e-01 
 1.15130000e+00  4.82617547e-01  1.15130000e+00  6.50287828e-01 
 1.15140000e+00  4.82745855e-01  1.15140000e+00  6.50286926e-01 
 1.15150000e+00  4.82874280e-01  1.15150000e+00  6.50286024e-01 
 1.15160000e+00  4.83002821e-01  1.15160000e+00  6.50285122e-01 
 1.15170000e+00  4.83131480e-01  1.15170000e+00  6.50284220e-01 
 1.15180000e+00  4.83260257e-01  1.15180000e+00  6.50283318e-01 
 1.15190000e+00  4.83389152e-01  1.15190000e+00  6.50282417e-01 
 1.15200000e+00  4.83518165e-01  1.15200000e+00  6.50281515e-01 
 1.15210000e+00  4.83647298e-01  1.15210000e+00  6.50280613e-01 
 1.15220000e+00  4.83776551e-01  1.15220000e+00  6.50279711e-01 
 1.15230000e+00  4.83905924e-01  1.15230000e+00  6.50278809e-01 
 1.15240000e+00  4.84035418e-01  1.15240000e+00  6.50277908e-01 
 1.15250000e+00  4.84165033e-01  1.15250000e+00  6.50277006e-01 
 1.15260000e+00  4.84294770e-01  1.15260000e+00  6.50276104e-01 
 1.15270000e+00  4.84424629e-01  1.15270000e+00  6.50275203e-01 
 1.15280000e+00  4.84554611e-01  1.15280000e+00  6.50274301e-01 
 1.15290000e+00  4.84684716e-01  1.15290000e+00  6.50273400e-01 
 1.15300000e+00  4.84814945e-01  1.15300000e+00  6.50272498e-01 
 1.15310000e+00  4.84945298e-01  1.15310000e+00  6.50271597e-01 
 1.15320000e+00  4.85075776e-01  1.15320000e+00  6.50270695e-01 
 1.15330000e+00  4.85206380e-01  1.15330000e+00  6.50269794e-01 
 1.15340000e+00  4.85337109e-01  1.15340000e+00  6.50268893e-01 
 1.15350000e+00  4.85467965e-01  1.15350000e+00  6.50267991e-01 
 1.15360000e+00  4.85598948e-01  1.15360000e+00  6.50267090e-01 
 1.15370000e+00  4.85730058e-01  1.15370000e+00  6.50266189e-01 
 1.15380000e+00  4.85861297e-01  1.15380000e+00  6.50265287e-01 
 1.15390000e+00  4.85992664e-01  1.15390000e+00  6.50264386e-01 
 1.15400000e+00  4.86124160e-01  1.15400000e+00  6.50263485e-01 
 1.15410000e+00  4.86255786e-01  1.15410000e+00  6.50262584e-01 
 1.15420000e+00  4.86387542e-01  1.15420000e+00  6.50261682e-01 
 1.15430000e+00  4.86519429e-01  1.15430000e+00  6.50260781e-01 
 1.15440000e+00  4.86651447e-01  1.15440000e+00  6.50259880e-01 
 1.15450000e+00  4.86783598e-01  1.15450000e+00  6.50258979e-01 
 1.15460000e+00  4.86915881e-01  1.15460000e+00  6.50258078e-01 
 1.15470000e+00  4.87048297e-01  1.15470000e+00  6.50257177e-01 
 1.15480000e+00  4.87180846e-01  1.15480000e+00  6.50256276e-01 
 1.15490000e+00  4.87313530e-01  1.15490000e+00  6.50255375e-01 
 1.15500000e+00  4.87446349e-01  1.15500000e+00  6.50254474e-01 
 1.15510000e+00  4.87579303e-01  1.15510000e+00  6.50253573e-01 
 1.15520000e+00  4.87712393e-01  1.15520000e+00  6.50252672e-01 
 1.15530000e+00  4.87845620e-01  1.15530000e+00  6.50251771e-01 
 1.15540000e+00  4.87978984e-01  1.15540000e+00  6.50250870e-01 
 1.15550000e+00  4.88112486e-01  1.15550000e+00  6.50249969e-01 
 1.15560000e+00  4.88246127e-01  1.15560000e+00  6.50249068e-01 
 1.15570000e+00  4.88379906e-01  1.15570000e+00  6.50248167e-01 
 1.15580000e+00  4.88513825e-01  1.15580000e+00  6.50247266e-01 
 1.15590000e+00  4.88647884e-01  1.15590000e+00  6.50246365e-01 
 1.15600000e+00  4.88782085e-01  1.15600000e+00  6.50245464e-01 
 1.15610000e+00  4.88916427e-01  1.15610000e+00  6.50244563e-01 
 1.15620000e+00  4.89050911e-01  1.15620000e+00  6.50243662e-01 
 1.15630000e+00  4.89185537e-01  1.15630000e+00  6.50242761e-01 
 1.15640000e+00  4.89320308e-01  1.15640000e+00  6.50241860e-01 
 1.15650000e+00  4.89455222e-01  1.15650000e+00  6.50240959e-01 
 1.15660000e+00  4.89590281e-01  1.15660000e+00  6.50240059e-01 
 1.15670000e+00  4.89725486e-01  1.15670000e+00  6.50239158e-01 
 1.15680000e+00  4.89860836e-01  1.15680000e+00  6.50238257e-01 
 1.15690000e+00  4.89996334e-01  1.15690000e+00  6.50237356e-01 
 1.15700000e+00  4.90131978e-01  1.15700000e+00  6.50236455e-01 
 1.15710000e+00  4.90267771e-01  1.15710000e+00  6.50235554e-01 
 1.15720000e+00  4.90403713e-01  1.15720000e+00  6.50234653e-01 
 1.15730000e+00  4.90539804e-01  1.15730000e+00  6.50233752e-01 
 1.15740000e+00  4.90676045e-01  1.15740000e+00  6.50232851e-01 
 1.15750000e+00  4.90812437e-01  1.15750000e+00  6.50231950e-01 
 1.15760000e+00  4.90948980e-01  1.15760000e+00  6.50231050e-01 
 1.15770000e+00  4.91085676e-01  1.15770000e+00  6.50230149e-01 
 1.15780000e+00  4.91222525e-01  1.15780000e+00  6.50229248e-01 
 1.15790000e+00  4.91359527e-01  1.15790000e+00  6.50228347e-01 
 1.15800000e+00  4.91496684e-01  1.15800000e+00  6.50227446e-01 
 1.15810000e+00  4.91633995e-01  1.15810000e+00  6.50226545e-01 
 1.15820000e+00  4.91771463e-01  1.15820000e+00  6.50225644e-01 
 1.15830000e+00  4.91909087e-01  1.15830000e+00  6.50224743e-01 
 1.15840000e+00  4.92046868e-01  1.15840000e+00  6.50223842e-01 
 1.15850000e+00  4.92184807e-01  1.15850000e+00  6.50222941e-01 
 1.15860000e+00  4.92322905e-01  1.15860000e+00  6.50222040e-01 
 1.15870000e+00  4.92461162e-01  1.15870000e+00  6.50221139e-01 
 1.15880000e+00  4.92599580e-01  1.15880000e+00  6.50220238e-01 
 1.15890000e+00  4.92738159e-01  1.15890000e+00  6.50219336e-01 
 1.15900000e+00  4.92876899e-01  1.15900000e+00  6.50218435e-01 
 1.15910000e+00  4.93015803e-01  1.15910000e+00  6.50217534e-01 
 1.15920000e+00  4.93154869e-01  1.15920000e+00  6.50216633e-01 
 1.15930000e+00  4.93294099e-01  1.15930000e+00  6.50215732e-01 
 1.15940000e+00  4.93433495e-01  1.15940000e+00  6.50214831e-01 
 1.15950000e+00  4.93573056e-01  1.15950000e+00  6.50213929e-01 
 1.15960000e+00  4.93712784e-01  1.15960000e+00  6.50213028e-01 
 1.15970000e+00  4.93852679e-01  1.15970000e+00  6.50212127e-01 
 1.15980000e+00  4.93992742e-01  1.15980000e+00  6.50211226e-01 
 1.15990000e+00  4.94132974e-01  1.15990000e+00  6.50210324e-01 
 1.16000000e+00  4.94273376e-01  1.16000000e+00  6.50209423e-01 
 1.16010000e+00  4.94413949e-01  1.16010000e+00  6.50208521e-01 
 1.16020000e+00  4.94554693e-01  1.16020000e+00  6.50207620e-01 
 1.16030000e+00  4.94695609e-01  1.16030000e+00  6.50206719e-01 
 1.16040000e+00  4.94836698e-01  1.16040000e+00  6.50205817e-01 
 1.16050000e+00  4.94977962e-01  1.16050000e+00  6.50204915e-01 
 1.16060000e+00  4.95119400e-01  1.16060000e+00  6.50204014e-01 
 1.16070000e+00  4.95261014e-01  1.16070000e+00  6.50203112e-01 
 1.16080000e+00  4.95402805e-01  1.16080000e+00  6.50202211e-01 
 1.16090000e+00  4.95544773e-01  1.16090000e+00  6.50201309e-01 
 1.16100000e+00  4.95686919e-01  1.16100000e+00  6.50200407e-01 
 1.16110000e+00  4.95829245e-01  1.16110000e+00  6.50199505e-01 
 1.16120000e+00  4.95971751e-01  1.16120000e+00  6.50198604e-01 
 1.16130000e+00  4.96114438e-01  1.16130000e+00  6.50197702e-01 
 1.16140000e+00  4.96257307e-01  1.16140000e+00  6.50196800e-01 
 1.16150000e+00  4.96400359e-01  1.16150000e+00  6.50195898e-01 
 1.16160000e+00  4.96543595e-01  1.16160000e+00  6.50194996e-01 
 1.16170000e+00  4.96687016e-01  1.16170000e+00  6.50194094e-01 
 1.16180000e+00  4.96830622e-01  1.16180000e+00  6.50193192e-01 
 1.16190000e+00  4.96974415e-01  1.16190000e+00  6.50192289e-01 
 1.16200000e+00  4.97118396e-01  1.16200000e+00  6.50191387e-01 
 1.16210000e+00  4.97262566e-01  1.16210000e+00  6.50190485e-01 
 1.16220000e+00  4.97406925e-01  1.16220000e+00  6.50189583e-01 
 1.16230000e+00  4.97551474e-01  1.16230000e+00  6.50188680e-01 
 1.16240000e+00  4.97696216e-01  1.16240000e+00  6.50187778e-01 
 1.16250000e+00  4.97841149e-01  1.16250000e+00  6.50186875e-01 
 1.16260000e+00  4.97986277e-01  1.16260000e+00  6.50185973e-01 
 1.16270000e+00  4.98131599e-01  1.16270000e+00  6.50185070e-01 
 1.16280000e+00  4.98277116e-01  1.16280000e+00  6.50184167e-01 
 1.16290000e+00  4.98422831e-01  1.16290000e+00  6.50183265e-01 
 1.16300000e+00  4.98568742e-01  1.16300000e+00  6.50182362e-01 
 1.16310000e+00  4.98714853e-01  1.16310000e+00  6.50181459e-01 
 1.16320000e+00  4.98861164e-01  1.16320000e+00  6.50180556e-01 
 1.16330000e+00  4.99007675e-01  1.16330000e+00  6.50179653e-01 
 1.16340000e+00  4.99154388e-01  1.16340000e+00  6.50178750e-01 
 1.16350000e+00  4.99301304e-01  1.16350000e+00  6.50177847e-01 
 1.16360000e+00  4.99448425e-01  1.16360000e+00  6.50176943e-01 
 1.16370000e+00  4.99595750e-01  1.16370000e+00  6.50176040e-01 
 1.16380000e+00  4.99743282e-01  1.16380000e+00  6.50175137e-01 
 1.16390000e+00  4.99891021e-01  1.16390000e+00  6.50174233e-01 
 1.16400000e+00  5.00038969e-01  1.16400000e+00  6.50173329e-01 
 1.16410000e+00  5.00187126e-01  1.16410000e+00  6.50172426e-01 
 1.16420000e+00  5.00335495e-01  1.16420000e+00  6.50171522e-01 
 1.16430000e+00  5.00484075e-01  1.16430000e+00  6.50170618e-01 
 1.16440000e+00  5.00632868e-01  1.16440000e+00  6.50169714e-01 
 1.16450000e+00  5.00781876e-01  1.16450000e+00  6.50168810e-01 
 1.16460000e+00  5.00931099e-01  1.16460000e+00  6.50167906e-01 
 1.16470000e+00  5.01080539e-01  1.16470000e+00  6.50167002e-01 
 1.16480000e+00  5.01230197e-01  1.16480000e+00  6.50166098e-01 
 1.16490000e+00  5.01380074e-01  1.16490000e+00  6.50165194e-01 
 1.16500000e+00  5.01530171e-01  1.16500000e+00  6.50164289e-01 
 1.16510000e+00  5.01680490e-01  1.16510000e+00  6.50163385e-01 
 1.16520000e+00  5.01831031e-01  1.16520000e+00  6.50162480e-01 
 1.16530000e+00  5.01981797e-01  1.16530000e+00  6.50161575e-01 
 1.16540000e+00  5.02132788e-01  1.16540000e+00  6.50160670e-01 
 1.16550000e+00  5.02284005e-01  1.16550000e+00  6.50159765e-01 
 1.16560000e+00  5.02435451e-01  1.16560000e+00  6.50158860e-01 
 1.16570000e+00  5.02587125e-01  1.16570000e+00  6.50157955e-01 
 1.16580000e+00  5.02739031e-01  1.16580000e+00  6.50157050e-01 
 1.16590000e+00  5.02891168e-01  1.16590000e+00  6.50156145e-01 
 1.16600000e+00  5.03043538e-01  1.16600000e+00  6.50155239e-01 
 1.16610000e+00  5.03196142e-01  1.16610000e+00  6.50154334e-01 
 1.16620000e+00  5.03348983e-01  1.16620000e+00  6.50153428e-01 
 1.16630000e+00  5.03502061e-01  1.16630000e+00  6.50152522e-01 
 1.16640000e+00  5.03655377e-01  1.16640000e+00  6.50151616e-01 
 1.16650000e+00  5.03808933e-01  1.16650000e+00  6.50150710e-01 
 1.16660000e+00  5.03962731e-01  1.16660000e+00  6.50149804e-01 
 1.16670000e+00  5.04116771e-01  1.16670000e+00  6.50148898e-01 
 1.16680000e+00  5.04271056e-01  1.16680000e+00  6.50147991e-01 
 1.16690000e+00  5.04425587e-01  1.16690000e+00  6.50147085e-01 
 1.16700000e+00  5.04580364e-01  1.16700000e+00  6.50146178e-01 
 1.16710000e+00  5.04735391e-01  1.16710000e+00  6.50145271e-01 
 1.16720000e+00  5.04890667e-01  1.16720000e+00  6.50144364e-01 
 1.16730000e+00  5.05046195e-01  1.16730000e+00  6.50143457e-01 
 1.16740000e+00  5.05201976e-01  1.16740000e+00  6.50142550e-01 
 1.16750000e+00  5.05358012e-01  1.16750000e+00  6.50141643e-01 
 1.16760000e+00  5.05514304e-01  1.16760000e+00  6.50140735e-01 
 1.16770000e+00  5.05670854e-01  1.16770000e+00  6.50139828e-01 
 1.16780000e+00  5.05827663e-01  1.16780000e+00  6.50138920e-01 
 1.16790000e+00  5.05984732e-01  1.16790000e+00  6.50138012e-01 
 1.16800000e+00  5.06142065e-01  1.16800000e+00  6.50137104e-01 
 1.16810000e+00  5.06299661e-01  1.16810000e+00  6.50136196e-01 
 1.16820000e+00  5.06457523e-01  1.16820000e+00  6.50135287e-01 
 1.16830000e+00  5.06615653e-01  1.16830000e+00  6.50134379e-01 
 1.16840000e+00  5.06774051e-01  1.16840000e+00  6.50133470e-01 
 1.16850000e+00  5.06932720e-01  1.16850000e+00  6.50132561e-01 
 1.16860000e+00  5.07091662e-01  1.16860000e+00  6.50131652e-01 
 1.16870000e+00  5.07250877e-01  1.16870000e+00  6.50130743e-01 
 1.16880000e+00  5.07410369e-01  1.16880000e+00  6.50129834e-01 
 1.16890000e+00  5.07570138e-01  1.16890000e+00  6.50128925e-01 
 1.16900000e+00  5.07730186e-01  1.16900000e+00  6.50128015e-01 
 1.16910000e+00  5.07890515e-01  1.16910000e+00  6.50127105e-01 
 1.16920000e+00  5.08051127e-01  1.16920000e+00  6.50126195e-01 
 1.16930000e+00  5.08212024e-01  1.16930000e+00  6.50125285e-01 
 1.16940000e+00  5.08373208e-01  1.16940000e+00  6.50124375e-01 
 1.16950000e+00  5.08534679e-01  1.16950000e+00  6.50123464e-01 
 1.16960000e+00  5.08696441e-01  1.16960000e+00  6.50122554e-01 
 1.16970000e+00  5.08858495e-01  1.16970000e+00  6.50121643e-01 
 1.16980000e+00  5.09020843e-01  1.16980000e+00  6.50120732e-01 
 1.16990000e+00  5.09183486e-01  1.16990000e+00  6.50119820e-01 
 1.17000000e+00  5.09346428e-01  1.17000000e+00  6.50118909e-01 
 1.17010000e+00  5.09509669e-01  1.17010000e+00  6.50117997e-01 
 1.17020000e+00  5.09673212e-01  1.17020000e+00  6.50117086e-01 
 1.17030000e+00  5.09837059e-01  1.17030000e+00  6.50116174e-01 
 1.17040000e+00  5.10001212e-01  1.17040000e+00  6.50115261e-01 
 1.17050000e+00  5.10165672e-01  1.17050000e+00  6.50114349e-01 
 1.17060000e+00  5.10330442e-01  1.17060000e+00  6.50113436e-01 
 1.17070000e+00  5.10495524e-01  1.17070000e+00  6.50112524e-01 
 1.17080000e+00  5.10660920e-01  1.17080000e+00  6.50111611e-01 
 1.17090000e+00  5.10826632e-01  1.17090000e+00  6.50110697e-01 
 1.17100000e+00  5.10992663e-01  1.17100000e+00  6.50109784e-01 
 1.17110000e+00  5.11159014e-01  1.17110000e+00  6.50108870e-01 
 1.17120000e+00  5.11325688e-01  1.17120000e+00  6.50107956e-01 
 1.17130000e+00  5.11492686e-01  1.17130000e+00  6.50107042e-01 
 1.17140000e+00  5.11660012e-01  1.17140000e+00  6.50106128e-01 
 1.17150000e+00  5.11827666e-01  1.17150000e+00  6.50105213e-01 
 1.17160000e+00  5.11995653e-01  1.17160000e+00  6.50104299e-01 
 1.17170000e+00  5.12163973e-01  1.17170000e+00  6.50103384e-01 
 1.17180000e+00  5.12332630e-01  1.17180000e+00  6.50102468e-01 
 1.17190000e+00  5.12501625e-01  1.17190000e+00  6.50101553e-01 
 1.17200000e+00  5.12670961e-01  1.17200000e+00  6.50100637e-01 
 1.17210000e+00  5.12840641e-01  1.17210000e+00  6.50099721e-01 
 1.17220000e+00  5.13010666e-01  1.17220000e+00  6.50098805e-01 
 1.17230000e+00  5.13181040e-01  1.17230000e+00  6.50097888e-01 
 1.17240000e+00  5.13351765e-01  1.17240000e+00  6.50096972e-01 
 1.17250000e+00  5.13522843e-01  1.17250000e+00  6.50096055e-01 
 1.17260000e+00  5.13694276e-01  1.17260000e+00  6.50095138e-01 
 1.17270000e+00  5.13866068e-01  1.17270000e+00  6.50094220e-01 
 1.17280000e+00  5.14038221e-01  1.17280000e+00  6.50093302e-01 
 1.17290000e+00  5.14210738e-01  1.17290000e+00  6.50092384e-01 
 1.17300000e+00  5.14383621e-01  1.17300000e+00  6.50091466e-01 
 1.17310000e+00  5.14556873e-01  1.17310000e+00  6.50090547e-01 
 1.17320000e+00  5.14730496e-01  1.17320000e+00  6.50089629e-01 
 1.17330000e+00  5.14904494e-01  1.17330000e+00  6.50088709e-01 
 1.17340000e+00  5.15078869e-01  1.17340000e+00  6.50087790e-01 
 1.17350000e+00  5.15253624e-01  1.17350000e+00  6.50086870e-01 
 1.17360000e+00  5.15428762e-01  1.17360000e+00  6.50085950e-01 
 1.17370000e+00  5.15604286e-01  1.17370000e+00  6.50085030e-01 
 1.17380000e+00  5.15780199e-01  1.17380000e+00  6.50084109e-01 
 1.17390000e+00  5.15956503e-01  1.17390000e+00  6.50083188e-01 
 1.17400000e+00  5.16133201e-01  1.17400000e+00  6.50082267e-01 
 1.17410000e+00  5.16310297e-01  1.17410000e+00  6.50081346e-01 
 1.17420000e+00  5.16487794e-01  1.17420000e+00  6.50080424e-01 
 1.17430000e+00  5.16665694e-01  1.17430000e+00  6.50079502e-01 
 1.17440000e+00  5.16844001e-01  1.17440000e+00  6.50078579e-01 
 1.17450000e+00  5.17022719e-01  1.17450000e+00  6.50077656e-01 
 1.17460000e+00  5.17201849e-01  1.17460000e+00  6.50076733e-01 
 1.17470000e+00  5.17381396e-01  1.17470000e+00  6.50075810e-01 
 1.17480000e+00  5.17561362e-01  1.17480000e+00  6.50074886e-01 
 1.17490000e+00  5.17741752e-01  1.17490000e+00  6.50073962e-01 
 1.17500000e+00  5.17922567e-01  1.17500000e+00  6.50073038e-01 
 1.17510000e+00  5.18103813e-01  1.17510000e+00  6.50072113e-01 
 1.17520000e+00  5.18285492e-01  1.17520000e+00  6.50071188e-01 
 1.17530000e+00  5.18467607e-01  1.17530000e+00  6.50070262e-01 
 1.17540000e+00  5.18650162e-01  1.17540000e+00  6.50069336e-01 
 1.17550000e+00  5.18833161e-01  1.17550000e+00  6.50068410e-01 
 1.17560000e+00  5.19016608e-01  1.17560000e+00  6.50067483e-01 
 1.17570000e+00  5.19200505e-01  1.17570000e+00  6.50066556e-01 
 1.17580000e+00  5.19384858e-01  1.17580000e+00  6.50065629e-01 
 1.17590000e+00  5.19569668e-01  1.17590000e+00  6.50064701e-01 
 1.17600000e+00  5.19754941e-01  1.17600000e+00  6.50063773e-01 
 1.17610000e+00  5.19940680e-01  1.17610000e+00  6.50062845e-01 
 1.17620000e+00  5.20126889e-01  1.17620000e+00  6.50061916e-01 
 1.17630000e+00  5.20313572e-01  1.17630000e+00  6.50060986e-01 
 1.17640000e+00  5.20500732e-01  1.17640000e+00  6.50060057e-01 
 1.17650000e+00  5.20688375e-01  1.17650000e+00  6.50059127e-01 
 1.17660000e+00  5.20876503e-01  1.17660000e+00  6.50058196e-01 
 1.17670000e+00  5.21065122e-01  1.17670000e+00  6.50057265e-01 
 1.17680000e+00  5.21254235e-01  1.17680000e+00  6.50056334e-01 
 1.17690000e+00  5.21443847e-01  1.17690000e+00  6.50055402e-01 
 1.17700000e+00  5.21633962e-01  1.17700000e+00  6.50054470e-01 
 1.17710000e+00  5.21824584e-01  1.17710000e+00  6.50053537e-01 
 1.17720000e+00  5.22015718e-01  1.17720000e+00  6.50052604e-01 
 1.17730000e+00  5.22207369e-01  1.17730000e+00  6.50051670e-01 
 1.17740000e+00  5.22399540e-01  1.17740000e+00  6.50050736e-01 
 1.17750000e+00  5.22592236e-01  1.17750000e+00  6.50049802e-01 
 1.17760000e+00  5.22785463e-01  1.17760000e+00  6.50048867e-01 
 1.17770000e+00  5.22979224e-01  1.17770000e+00  6.50047931e-01 
 1.17780000e+00  5.23173526e-01  1.17780000e+00  6.50046996e-01 
 1.17790000e+00  5.23368371e-01  1.17790000e+00  6.50046059e-01 
 1.17800000e+00  5.23563767e-01  1.17800000e+00  6.50045122e-01 
 1.17810000e+00  5.23759717e-01  1.17810000e+00  6.50044185e-01 
 1.17820000e+00  5.23956226e-01  1.17820000e+00  6.50043247e-01 
 1.17830000e+00  5.24153300e-01  1.17830000e+00  6.50042309e-01 
 1.17840000e+00  5.24350945e-01  1.17840000e+00  6.50041370e-01 
 1.17850000e+00  5.24549164e-01  1.17850000e+00  6.50040430e-01 
 1.17860000e+00  5.24747965e-01  1.17860000e+00  6.50039490e-01 
 1.17870000e+00  5.24947351e-01  1.17870000e+00  6.50038550e-01 
 1.17880000e+00  5.25147329e-01  1.17880000e+00  6.50037609e-01 
 1.17890000e+00  5.25347905e-01  1.17890000e+00  6.50036667e-01 
 1.17900000e+00  5.25549083e-01  1.17900000e+00  6.50035725e-01 
 1.17910000e+00  5.25750870e-01  1.17910000e+00  6.50034783e-01 
 1.17920000e+00  5.25953272e-01  1.17920000e+00  6.50033839e-01 
 1.17930000e+00  5.26156295e-01  1.17930000e+00  6.50032896e-01 
 1.17940000e+00  5.26359944e-01  1.17940000e+00  6.50031951e-01 
 1.17950000e+00  5.26564226e-01  1.17950000e+00  6.50031006e-01 
 1.17960000e+00  5.26769147e-01  1.17960000e+00  6.50030061e-01 
 1.17970000e+00  5.26974714e-01  1.17970000e+00  6.50029114e-01 
 1.17980000e+00  5.27180932e-01  1.17980000e+00  6.50028168e-01 
 1.17990000e+00  5.27387809e-01  1.17990000e+00  6.50027220e-01 
 1.18000000e+00  5.27595350e-01  1.18000000e+00  6.50026272e-01 
 1.18010000e+00  5.27803563e-01  1.18010000e+00  6.50025324e-01 
 1.18020000e+00  5.28012455e-01  1.18020000e+00  6.50024374e-01 
 1.18030000e+00  5.28222032e-01  1.18030000e+00  6.50023424e-01 
 1.18040000e+00  5.28432302e-01  1.18040000e+00  6.50022474e-01 
 1.18050000e+00  5.28643271e-01  1.18050000e+00  6.50021523e-01 
 1.18060000e+00  5.28854948e-01  1.18060000e+00  6.50020571e-01 
 1.18070000e+00  5.29067338e-01  1.18070000e+00  6.50019618e-01 
 1.18080000e+00  5.29280450e-01  1.18080000e+00  6.50018665e-01 
 1.18090000e+00  5.29494292e-01  1.18090000e+00  6.50017711e-01 
 1.18100000e+00  5.29708871e-01  1.18100000e+00  6.50016756e-01 
 1.18110000e+00  5.29924195e-01  1.18110000e+00  6.50015800e-01 
 1.18120000e+00  5.30140272e-01  1.18120000e+00  6.50014844e-01 
 1.18130000e+00  5.30357111e-01  1.18130000e+00  6.50013887e-01 
 1.18140000e+00  5.30574719e-01  1.18140000e+00  6.50012930e-01 
 1.18150000e+00  5.30793105e-01  1.18150000e+00  6.50011971e-01 
 1.18160000e+00  5.31012277e-01  1.18160000e+00  6.50011012e-01 
 1.18170000e+00  5.31232244e-01  1.18170000e+00  6.50010052e-01 
 1.18180000e+00  5.31453016e-01  1.18180000e+00  6.50009091e-01 
 1.18190000e+00  5.31674600e-01  1.18190000e+00  6.50008130e-01 
 1.18200000e+00  5.31897007e-01  1.18200000e+00  6.50007168e-01 
 1.18210000e+00  5.32120245e-01  1.18210000e+00  6.50006204e-01 
 1.18220000e+00  5.32344325e-01  1.18220000e+00  6.50005240e-01 
 1.18230000e+00  5.32569255e-01  1.18230000e+00  6.50004275e-01 
 1.18240000e+00  5.32795045e-01  1.18240000e+00  6.50003310e-01 
 1.18250000e+00  5.33021706e-01  1.18250000e+00  6.50002343e-01 
 1.18260000e+00  5.33249247e-01  1.18260000e+00  6.50001376e-01 
 1.18270000e+00  5.33477680e-01  1.18270000e+00  6.50000407e-01 
 1.18280000e+00  5.33707013e-01  1.18280000e+00  6.49999438e-01 
 1.18290000e+00  5.33937260e-01  1.18290000e+00  6.49998468e-01 
 1.18300000e+00  5.34168429e-01  1.18300000e+00  6.49997497e-01 
 1.18310000e+00  5.34400532e-01  1.18310000e+00  6.49996525e-01 
 1.18320000e+00  5.34633582e-01  1.18320000e+00  6.49995552e-01 
 1.18330000e+00  5.34867588e-01  1.18330000e+00  6.49994578e-01 
 1.18340000e+00  5.35102563e-01  1.18340000e+00  6.49993603e-01 
 1.18350000e+00  5.35338519e-01  1.18350000e+00  6.49992627e-01 
 1.18360000e+00  5.35575469e-01  1.18360000e+00  6.49991650e-01 
 1.18370000e+00  5.35813423e-01  1.18370000e+00  6.49990672e-01 
 1.18380000e+00  5.36052396e-01  1.18380000e+00  6.49989693e-01 
 1.18390000e+00  5.36292400e-01  1.18390000e+00  6.49988713e-01 
 1.18400000e+00  5.36533449e-01  1.18400000e+00  6.49987732e-01 
 1.18410000e+00  5.36775555e-01  1.18410000e+00  6.49986750e-01 
 1.18420000e+00  5.37018733e-01  1.18420000e+00  6.49985766e-01 
 1.18430000e+00  5.37262996e-01  1.18430000e+00  6.49984782e-01 
 1.18440000e+00  5.37508359e-01  1.18440000e+00  6.49983796e-01 
 1.18450000e+00  5.37754836e-01  1.18450000e+00  6.49982810e-01 
 1.18460000e+00  5.38002442e-01  1.18460000e+00  6.49981822e-01 
 1.18470000e+00  5.38251192e-01  1.18470000e+00  6.49980833e-01 
 1.18480000e+00  5.38501102e-01  1.18480000e+00  6.49979842e-01 
 1.18490000e+00  5.38752187e-01  1.18490000e+00  6.49978851e-01 
 1.18500000e+00  5.39004464e-01  1.18500000e+00  6.49977858e-01 
 1.18510000e+00  5.39257948e-01  1.18510000e+00  6.49976864e-01 
 1.18520000e+00  5.39512657e-01  1.18520000e+00  6.49975869e-01 
 1.18530000e+00  5.39768608e-01  1.18530000e+00  6.49974872e-01 
 1.18540000e+00  5.40025819e-01  1.18540000e+00  6.49973874e-01 
 1.18550000e+00  5.40284306e-01  1.18550000e+00  6.49972875e-01 
 1.18560000e+00  5.40544089e-01  1.18560000e+00  6.49971874e-01 
 1.18570000e+00  5.40805186e-01  1.18570000e+00  6.49970872e-01 
 1.18580000e+00  5.41067615e-01  1.18580000e+00  6.49969869e-01 
 1.18590000e+00  5.41331398e-01  1.18590000e+00  6.49968864e-01 
 1.18600000e+00  5.41596553e-01  1.18600000e+00  6.49967857e-01 
 1.18610000e+00  5.41863101e-01  1.18610000e+00  6.49966850e-01 
 1.18620000e+00  5.42131063e-01  1.18620000e+00  6.49965840e-01 
 1.18630000e+00  5.42400459e-01  1.18630000e+00  6.49964829e-01 
 1.18640000e+00  5.42671313e-01  1.18640000e+00  6.49963817e-01 
 1.18650000e+00  5.42943645e-01  1.18650000e+00  6.49962803e-01 
 1.18660000e+00  5.43217480e-01  1.18660000e+00  6.49961787e-01 
 1.18670000e+00  5.43492839e-01  1.18670000e+00  6.49960770e-01 
 1.18680000e+00  5.43769748e-01  1.18680000e+00  6.49959751e-01 
 1.18690000e+00  5.44048230e-01  1.18690000e+00  6.49958731e-01 
 1.18700000e+00  5.44328311e-01  1.18700000e+00  6.49957708e-01 
 1.18710000e+00  5.44610016e-01  1.18710000e+00  6.49956684e-01 
 1.18720000e+00  5.44893372e-01  1.18720000e+00  6.49955659e-01 
 1.18730000e+00  5.45178405e-01  1.18730000e+00  6.49954631e-01 
 1.18740000e+00  5.45465144e-01  1.18740000e+00  6.49953601e-01 
 1.18750000e+00  5.45753616e-01  1.18750000e+00  6.49952570e-01 
 1.18760000e+00  5.46043850e-01  1.18760000e+00  6.49951537e-01 
 1.18770000e+00  5.46335876e-01  1.18770000e+00  6.49950501e-01 
 1.18780000e+00  5.46629725e-01  1.18780000e+00  6.49949464e-01 
 1.18790000e+00  5.46925427e-01  1.18790000e+00  6.49948425e-01 
 1.18800000e+00  5.47223016e-01  1.18800000e+00  6.49947384e-01 
 1.18810000e+00  5.47522523e-01  1.18810000e+00  6.49946340e-01 
 1.18820000e+00  5.47823983e-01  1.18820000e+00  6.49945295e-01 
 1.18830000e+00  5.48127430e-01  1.18830000e+00  6.49944247e-01 
 1.18840000e+00  5.48432900e-01  1.18840000e+00  6.49943197e-01 
 1.18850000e+00  5.48740430e-01  1.18850000e+00  6.49942145e-01 
 1.18860000e+00  5.49050057e-01  1.18860000e+00  6.49941090e-01 
 1.18870000e+00  5.49361819e-01  1.18870000e+00  6.49940033e-01 
 1.18880000e+00  5.49675756e-01  1.18880000e+00  6.49938974e-01 
 1.18890000e+00  5.49991910e-01  1.18890000e+00  6.49937913e-01 
 1.18900000e+00  5.50310322e-01  1.18900000e+00  6.49936848e-01 
 1.18910000e+00  5.50631035e-01  1.18910000e+00  6.49935782e-01 
 1.18920000e+00  5.50954093e-01  1.18920000e+00  6.49934712e-01 
 1.18930000e+00  5.51279543e-01  1.18930000e+00  6.49933640e-01 
 1.18940000e+00  5.51607431e-01  1.18940000e+00  6.49932565e-01 
 1.18950000e+00  5.51937805e-01  1.18950000e+00  6.49931488e-01 
 1.18960000e+00  5.52270716e-01  1.18960000e+00  6.49930408e-01 
 1.18970000e+00  5.52606215e-01  1.18970000e+00  6.49929324e-01 
 1.18980000e+00  5.52944354e-01  1.18980000e+00  6.49928238e-01 
 1.18990000e+00  5.53285188e-01  1.18990000e+00  6.49927149e-01 
 1.19000000e+00  5.53628773e-01  1.19000000e+00  6.49926057e-01 
 1.19010000e+00  5.53975167e-01  1.19010000e+00  6.49924962e-01 
 1.19020000e+00  5.54324430e-01  1.19020000e+00  6.49923863e-01 
 1.19030000e+00  5.54676624e-01  1.19030000e+00  6.49922761e-01 
 1.19040000e+00  5.55031812e-01  1.19040000e+00  6.49921656e-01 
 1.19050000e+00  5.55390059e-01  1.19050000e+00  6.49920547e-01 
 1.19060000e+00  5.55751434e-01  1.19060000e+00  6.49919435e-01 
 1.19070000e+00  5.56116006e-01  1.19070000e+00  6.49918319e-01 
 1.19080000e+00  5.56483849e-01  1.19080000e+00  6.49917200e-01 
 1.19090000e+00  5.56855036e-01  1.19090000e+00  6.49916076e-01 
 1.19100000e+00  5.57229645e-01  1.19100000e+00  6.49914949e-01 
 1.19110000e+00  5.57607757e-01  1.19110000e+00  6.49913818e-01 
 1.19120000e+00  5.57989453e-01  1.19120000e+00  6.49912683e-01 
 1.19130000e+00  5.58374820e-01  1.19130000e+00  6.49911544e-01 
 1.19140000e+00  5.58763947e-01  1.19140000e+00  6.49910400e-01 
 1.19150000e+00  5.59156925e-01  1.19150000e+00  6.49909252e-01 
 1.19160000e+00  5.59553849e-01  1.19160000e+00  6.49908100e-01 
 1.19170000e+00  5.59954819e-01  1.19170000e+00  6.49906943e-01 
 1.19180000e+00  5.60359936e-01  1.19180000e+00  6.49905781e-01 
 1.19190000e+00  5.60769308e-01  1.19190000e+00  6.49904614e-01 
 1.19200000e+00  5.61183043e-01  1.19200000e+00  6.49903443e-01 
 1.19210000e+00  5.61601257e-01  1.19210000e+00  6.49902266e-01 
 1.19220000e+00  5.62024068e-01  1.19220000e+00  6.49901084e-01 
 1.19230000e+00  5.62451599e-01  1.19230000e+00  6.49899897e-01 
 1.19240000e+00  5.62883980e-01  1.19240000e+00  6.49898704e-01 
 1.19250000e+00  5.63321344e-01  1.19250000e+00  6.49897505e-01 
 1.19260000e+00  5.63763828e-01  1.19260000e+00  6.49896300e-01 
 1.19270000e+00  5.64211579e-01  1.19270000e+00  6.49895090e-01 
 1.19280000e+00  5.64664746e-01  1.19280000e+00  6.49893873e-01 
 1.19290000e+00  5.65123486e-01  1.19290000e+00  6.49892650e-01 
 1.19300000e+00  5.65587962e-01  1.19300000e+00  6.49891420e-01 
 1.19310000e+00  5.66058346e-01  1.19310000e+00  6.49890183e-01 
 1.19320000e+00  5.66534814e-01  1.19320000e+00  6.49888940e-01 
 1.19330000e+00  5.67017552e-01  1.19330000e+00  6.49887689e-01 
 1.19340000e+00  5.67506754e-01  1.19340000e+00  6.49886430e-01 
 1.19350000e+00  5.68002623e-01  1.19350000e+00  6.49885164e-01 
 1.19360000e+00  5.68505370e-01  1.19360000e+00  6.49883890e-01 
 1.19370000e+00  5.69015216e-01  1.19370000e+00  6.49882608e-01 
 1.19380000e+00  5.69532394e-01  1.19380000e+00  6.49881317e-01 
 1.19390000e+00  5.70057146e-01  1.19390000e+00  6.49880018e-01 
 1.19400000e+00  5.70589726e-01  1.19400000e+00  6.49878709e-01 
 1.19410000e+00  5.71130401e-01  1.19410000e+00  6.49877391e-01 
 1.19420000e+00  5.71679450e-01  1.19420000e+00  6.49876063e-01 
 1.19430000e+00  5.72237168e-01  1.19430000e+00  6.49874725e-01 
 1.19440000e+00  5.72803862e-01  1.19440000e+00  6.49873377e-01 
 1.19450000e+00  5.73379856e-01  1.19450000e+00  6.49872018e-01 
 1.19460000e+00  5.73965492e-01  1.19460000e+00  6.49870647e-01 
 1.19470000e+00  5.74561128e-01  1.19470000e+00  6.49869265e-01 
 1.19480000e+00  5.75167142e-01  1.19480000e+00  6.49867871e-01 
 1.19490000e+00  5.75783931e-01  1.19490000e+00  6.49866464e-01 
 1.19500000e+00  5.76411916e-01  1.19500000e+00  6.49865044e-01 
 1.19510000e+00  5.77051539e-01  1.19510000e+00  6.49863610e-01 
 1.19520000e+00  5.77703269e-01  1.19520000e+00  6.49862162e-01 
 1.19530000e+00  5.78367600e-01  1.19530000e+00  6.49860700e-01 
 1.19540000e+00  5.79045054e-01  1.19540000e+00  6.49859222e-01 
 1.19550000e+00  5.79736186e-01  1.19550000e+00  6.49857728e-01 
 1.19560000e+00  5.80441581e-01  1.19560000e+00  6.49856217e-01 
 1.19570000e+00  5.81161861e-01  1.19570000e+00  6.49854688e-01 
 1.19580000e+00  5.81897687e-01  1.19580000e+00  6.49853142e-01 
 1.19590000e+00  5.82649757e-01  1.19590000e+00  6.49851576e-01 
 1.19600000e+00  5.83418817e-01  1.19600000e+00  6.49849990e-01 
 1.19610000e+00  5.84205658e-01  1.19610000e+00  6.49848383e-01 
 1.19620000e+00  5.85011123e-01  1.19620000e+00  6.49846754e-01 
 1.19630000e+00  5.85836111e-01  1.19630000e+00  6.49845102e-01 
 1.19640000e+00  5.86681578e-01  1.19640000e+00  6.49843425e-01 
 1.19650000e+00  5.87548548e-01  1.19650000e+00  6.49841723e-01 
 1.19660000e+00  5.88438112e-01  1.19660000e+00  6.49839994e-01 
 1.19670000e+00  5.89351438e-01  1.19670000e+00  6.49838237e-01 
 1.19680000e+00  5.90289776e-01  1.19680000e+00  6.49836451e-01 
 1.19690000e+00  5.91254466e-01  1.19690000e+00  6.49834633e-01 
 1.19700000e+00  5.92246942e-01  1.19700000e+00  6.49832781e-01 
 1.19710000e+00  5.93268746e-01  1.19710000e+00  6.49830895e-01 
 1.19720000e+00  5.94321533e-01  1.19720000e+00  6.49828972e-01 
 1.19730000e+00  5.95407081e-01  1.19730000e+00  6.49827009e-01 
 1.19740000e+00  5.96527305e-01  1.19740000e+00  6.49825005e-01 
 1.19750000e+00  5.97684266e-01  1.19750000e+00  6.49822957e-01 
 1.19760000e+00  5.98880186e-01  1.19760000e+00  6.49820863e-01 
 1.19770000e+00  6.00117462e-01  1.19770000e+00  6.49818718e-01 
 1.19780000e+00  6.01398679e-01  1.19780000e+00  6.49816521e-01 
 1.19790000e+00  6.02726632e-01  1.19790000e+00  6.49814267e-01 
 1.19800000e+00  6.04104339e-01  1.19800000e+00  6.49811954e-01 
 1.19810000e+00  6.05535065e-01  1.19810000e+00  6.49809576e-01 
 1.19820000e+00  6.07022339e-01  1.19820000e+00  6.49807130e-01 
 1.19830000e+00  6.08569983e-01  1.19830000e+00  6.49804610e-01 
 1.19840000e+00  6.10182131e-01  1.19840000e+00  6.49802013e-01 
 1.19850000e+00  6.11863256e-01  1.19850000e+00  6.49799331e-01 
 1.19860000e+00  6.13618200e-01  1.19860000e+00  6.49796559e-01 
 1.19870000e+00  6.15452198e-01  1.19870000e+00  6.49793691e-01 
 1.19880000e+00  6.17370908e-01  1.19880000e+00  6.49790719e-01 
 1.19890000e+00  6.19380441e-01  1.19890000e+00  6.49787636e-01 
 1.19900000e+00  6.21487386e-01  1.19900000e+00  6.49784433e-01 
 1.19910000e+00  6.23698838e-01  1.19910000e+00  6.49781101e-01 
 1.19920000e+00  6.26022419e-01  1.19920000e+00  6.49777631e-01 
 1.19930000e+00  6.28466299e-01  1.19930000e+00  6.49774011e-01 
 1.19940000e+00  6.31039204e-01  1.19940000e+00  6.49770231e-01 
 1.19950000e+00  6.33750421e-01  1.19950000e+00  6.49766278e-01 
 1.19960000e+00  6.36609790e-01  1.19960000e+00  6.49762140e-01 
 1.19970000e+00  6.39627681e-01  1.19970000e+00  6.49757802e-01 
 1.19980000e+00  6.42814955e-01  1.19980000e+00  6.49753251e-01 
 1.19990000e+00  6.46182902e-01  1.19990000e+00  6.49748470e-01 
 1.20000000e+00  6.49743166e-01  1.20000000e+00  6.49743445e-01 
 1.20010000e+00  6.53507632e-01  1.20010000e+00  6.49738157e-01 
 1.20020000e+00  6.57488299e-01  1.20020000e+00  6.49732591e-01 
 1.20030000e+00  6.61697127e-01  1.20030000e+00  6.49726729e-01 
 1.20040000e+00  6.66145852e-01  1.20040000e+00  6.49720554e-01 
 1.20050000e+00  6.70845801e-01  1.20050000e+00  6.49714047e-01 
 1.20060000e+00  6.75807675e-01  1.20060000e+00  6.49707193e-01 
 1.20070000e+00  6.81041347e-01  1.20070000e+00  6.49699975e-01 
 1.20080000e+00  6.86555652e-01  1.20080000e+00  6.49692377e-01 
 1.20090000e+00  6.92358201e-01  1.20090000e+00  6.49684384e-01 
 1.20100000e+00  6.98455222e-01  1.20100000e+00  6.49675983e-01 
 1.20110000e+00  7.04851432e-01  1.20110000e+00  6.49667162e-01 
 1.20120000e+00  7.11549952e-01  1.20120000e+00  6.49657910e-01 
 1.20130000e+00  7.18552268e-01  1.20130000e+00  6.49648219e-01 
 1.20140000e+00  7.25858237e-01  1.20140000e+00  6.49638080e-01 
 1.20150000e+00  7.33466133e-01  1.20150000e+00  6.49627488e-01 
 1.20160000e+00  7.41372739e-01  1.20160000e+00  6.49616439e-01 
 1.20170000e+00  7.49573455e-01  1.20170000e+00  6.49604929e-01 
 1.20180000e+00  7.58062443e-01  1.20180000e+00  6.49592955e-01 
 1.20190000e+00  7.66832777e-01  1.20190000e+00  6.49580519e-01 
 1.20200000e+00  7.75876600e-01  1.20200000e+00  6.49567618e-01 
 1.20210000e+00  7.85185284e-01  1.20210000e+00  6.49554254e-01 
 1.20220000e+00  7.94749581e-01  1.20220000e+00  6.49540429e-01 
 1.20230000e+00  8.04559761e-01  1.20230000e+00  6.49526144e-01 
 1.20240000e+00  8.14605743e-01  1.20240000e+00  6.49511400e-01 
 1.20250000e+00  8.24877207e-01  1.20250000e+00  6.49496199e-01 
 1.20260000e+00  8.35363691e-01  1.20260000e+00  6.49480545e-01 
 1.20270000e+00  8.46054677e-01  1.20270000e+00  6.49464438e-01 
 1.20280000e+00  8.56939657e-01  1.20280000e+00  6.49447880e-01 
 1.20290000e+00  8.68008189e-01  1.20290000e+00  6.49430872e-01 
 1.20300000e+00  8.79249943e-01  1.20300000e+00  6.49413415e-01 
 1.20310000e+00  8.90654734e-01  1.20310000e+00  6.49395511e-01 
 1.20320000e+00  9.02212543e-01  1.20320000e+00  6.49377159e-01 
 1.20330000e+00  9.13913542e-01  1.20330000e+00  6.49358358e-01 
 1.20340000e+00  9.25748094e-01  1.20340000e+00  6.49339109e-01 
 1.20350000e+00  9.37706767e-01  1.20350000e+00  6.49319409e-01 
 1.20360000e+00  9.49780328e-01  1.20360000e+00  6.49299257e-01 
 1.20370000e+00  9.61959744e-01  1.20370000e+00  6.49278650e-01 
 1.20380000e+00  9.74236174e-01  1.20380000e+00  6.49257585e-01 
 1.20390000e+00  9.86600957e-01  1.20390000e+00  6.49236058e-01 
 1.20400000e+00  9.99045607e-01  1.20400000e+00  6.49214066e-01 
 1.20410000e+00  1.01156180e+00  1.20410000e+00  6.49191602e-01 
 1.20420000e+00  1.02414134e+00  1.20420000e+00  6.49168662e-01 
 1.20430000e+00  1.03677620e+00  1.20430000e+00  6.49145238e-01 
 1.20440000e+00  1.04945842e+00  1.20440000e+00  6.49121324e-01 
 1.20450000e+00  1.06218019e+00  1.20450000e+00  6.49096913e-01 
 1.20460000e+00  1.07493375e+00  1.20460000e+00  6.49071995e-01 
 1.20470000e+00  1.08771140e+00  1.20470000e+00  6.49046562e-01 
 1.20480000e+00  1.10050553e+00  1.20480000e+00  6.49020603e-01 
 1.20490000e+00  1.11330852e+00  1.20490000e+00  6.48994108e-01 
 1.20500000e+00  1.12611277e+00  1.20500000e+00  6.48967065e-01 
 1.20510000e+00  1.13891069e+00  1.20510000e+00  6.48939461e-01 
 1.20520000e+00  1.15169466e+00  1.20520000e+00  6.48911283e-01 
 1.20530000e+00  1.16445701e+00  1.20530000e+00  6.48882517e-01 
 1.20540000e+00  1.17718999e+00  1.20540000e+00  6.48853148e-01 
 1.20550000e+00  1.18988580e+00  1.20550000e+00  6.48823158e-01 
 1.20560000e+00  1.20253649e+00  1.20560000e+00  6.48792531e-01 
 1.20570000e+00  1.21513401e+00  1.20570000e+00  6.48761247e-01 
 1.20580000e+00  1.22767016e+00  1.20580000e+00  6.48729287e-01 
 1.20590000e+00  1.24013653e+00  1.20590000e+00  6.48696630e-01 
 1.20600000e+00  1.25252453e+00  1.20600000e+00  6.48663253e-01 
 1.20610000e+00  1.26482535e+00  1.20610000e+00  6.48629132e-01 
 1.20620000e+00  1.27702992e+00  1.20620000e+00  6.48594241e-01 
 1.20630000e+00  1.28912886e+00  1.20630000e+00  6.48558554e-01 
 1.20640000e+00  1.30111253e+00  1.20640000e+00  6.48522042e-01 
 1.20650000e+00  1.31297091e+00  1.20650000e+00  6.48484674e-01 
 1.20660000e+00  1.32469364e+00  1.20660000e+00  6.48446418e-01 
 1.20670000e+00  1.33626998e+00  1.20670000e+00  6.48407238e-01 
 1.20680000e+00  1.34768875e+00  1.20680000e+00  6.48367100e-01 
 1.20690000e+00  1.35893839e+00  1.20690000e+00  6.48325963e-01 
 1.20700000e+00  1.37000689e+00  1.20700000e+00  6.48283788e-01 
 1.20710000e+00  1.38088180e+00  1.20710000e+00  6.48240532e-01 
 1.20720000e+00  1.39155031e+00  1.20720000e+00  6.48196151e-01 
 1.20730000e+00  1.40199921e+00  1.20730000e+00  6.48150598e-01 
 1.20740000e+00  1.41221502e+00  1.20740000e+00  6.48103826e-01 
 1.20750000e+00  1.42218408e+00  1.20750000e+00  6.48055786e-01 
 1.20760000e+00  1.43189266e+00  1.20760000e+00  6.48006431e-01 
 1.20770000e+00  1.44132720e+00  1.20770000e+00  6.47955713e-01 
 1.20780000e+00  1.45047451e+00  1.20780000e+00  6.47903585e-01 
 1.20790000e+00  1.45932208e+00  1.20790000e+00  6.47850004e-01 
 1.20800000e+00  1.46785839e+00  1.20800000e+00  6.47794931e-01 
 1.20810000e+00  1.47607328e+00  1.20810000e+00  6.47738335e-01 
 1.20820000e+00  1.48395832e+00  1.20820000e+00  6.47680189e-01 
 1.20830000e+00  1.49150718e+00  1.20830000e+00  6.47620477e-01 
 1.20840000e+00  1.49871593e+00  1.20840000e+00  6.47559195e-01 
 1.20850000e+00  1.50558326e+00  1.20850000e+00  6.47496348e-01 
 1.20860000e+00  1.51211064e+00  1.20860000e+00  6.47431953e-01 
 1.20870000e+00  1.51830230e+00  1.20870000e+00  6.47366040e-01 
 1.20880000e+00  1.52416516e+00  1.20880000e+00  6.47298650e-01 
 1.20890000e+00  1.52970851e+00  1.20890000e+00  6.47229833e-01 
 1.20900000e+00  1.53494377e+00  1.20900000e+00  6.47159648e-01 
 1.20910000e+00  1.53988402e+00  1.20910000e+00  6.47088162e-01 
 1.20920000e+00  1.54454363e+00  1.20920000e+00  6.47015445e-01 
 1.20930000e+00  1.54893779e+00  1.20930000e+00  6.46941572e-01 
 1.20940000e+00  1.55308212e+00  1.20940000e+00  6.46866617e-01 
 1.20950000e+00  1.55699234e+00  1.20950000e+00  6.46790654e-01 
 1.20960000e+00  1.56068396e+00  1.20960000e+00  6.46713758e-01 
 1.20970000e+00  1.56417203e+00  1.20970000e+00  6.46635999e-01 
 1.20980000e+00  1.56747099e+00  1.20980000e+00  6.46557444e-01 
 1.20990000e+00  1.57059456e+00  1.20990000e+00  6.46478157e-01 
 1.21000000e+00  1.57355563e+00  1.21000000e+00  6.46398198e-01 
 1.21010000e+00  1.57636625e+00  1.21010000e+00  6.46317623e-01 
 1.21020000e+00  1.57903762e+00  1.21020000e+00  6.46236483e-01 
 1.21030000e+00  1.58158010e+00  1.21030000e+00  6.46154826e-01 
 1.21040000e+00  1.58400323e+00  1.21040000e+00  6.46072696e-01 
 1.21050000e+00  1.58631579e+00  1.21050000e+00  6.45990133e-01 
 1.21060000e+00  1.58852585e+00  1.21060000e+00  6.45907174e-01 
 1.21070000e+00  1.59064077e+00  1.21070000e+00  6.45823852e-01 
 1.21080000e+00  1.59266733e+00  1.21080000e+00  6.45740199e-01 
 1.21090000e+00  1.59461172e+00  1.21090000e+00  6.45656242e-01 
 1.21100000e+00  1.59647959e+00  1.21100000e+00  6.45572008e-01 
 1.21110000e+00  1.59827612e+00  1.21110000e+00  6.45487520e-01 
 1.21120000e+00  1.60000608e+00  1.21120000e+00  6.45402800e-01 
 1.21130000e+00  1.60167381e+00  1.21130000e+00  6.45317867e-01 
 1.21140000e+00  1.60328329e+00  1.21140000e+00  6.45232741e-01 
 1.21150000e+00  1.60483819e+00  1.21150000e+00  6.45147436e-01 
 1.21160000e+00  1.60634188e+00  1.21160000e+00  6.45061969e-01 
 1.21170000e+00  1.60779744e+00  1.21170000e+00  6.44976354e-01 
 1.21180000e+00  1.60920773e+00  1.21180000e+00  6.44890603e-01 
 1.21190000e+00  1.61057538e+00  1.21190000e+00  6.44804729e-01 
 1.21200000e+00  1.61190280e+00  1.21200000e+00  6.44718743e-01 
 1.21210000e+00  1.61319223e+00  1.21210000e+00  6.44632655e-01 
 1.21220000e+00  1.61444575e+00  1.21220000e+00  6.44546473e-01 
 1.21230000e+00  1.61566528e+00  1.21230000e+00  6.44460208e-01 
 1.21240000e+00  1.61685260e+00  1.21240000e+00  6.44373866e-01 
 1.21250000e+00  1.61800935e+00  1.21250000e+00  6.44287457e-01 
 1.21260000e+00  1.61913707e+00  1.21260000e+00  6.44200986e-01 
 1.21270000e+00  1.62023720e+00  1.21270000e+00  6.44114459e-01 
 1.21280000e+00  1.62131107e+00  1.21280000e+00  6.44027885e-01 
 1.21290000e+00  1.62235992e+00  1.21290000e+00  6.43941267e-01 
 1.21300000e+00  1.62338491e+00  1.21300000e+00  6.43854611e-01 
 1.21310000e+00  1.62438713e+00  1.21310000e+00  6.43767922e-01 
 1.21320000e+00  1.62536759e+00  1.21320000e+00  6.43681205e-01 
 1.21330000e+00  1.62632726e+00  1.21330000e+00  6.43594464e-01 
 1.21340000e+00  1.62726701e+00  1.21340000e+00  6.43507704e-01 
 1.21350000e+00  1.62818770e+00  1.21350000e+00  6.43420927e-01 
 1.21360000e+00  1.62909011e+00  1.21360000e+00  6.43334139e-01 
 1.21370000e+00  1.62997498e+00  1.21370000e+00  6.43247341e-01 
 1.21380000e+00  1.63084301e+00  1.21380000e+00  6.43160538e-01 
 1.21390000e+00  1.63169487e+00  1.21390000e+00  6.43073733e-01 
 1.21400000e+00  1.63253118e+00  1.21400000e+00  6.42986927e-01 
 1.21410000e+00  1.63335252e+00  1.21410000e+00  6.42900125e-01 
 1.21420000e+00  1.63415945e+00  1.21420000e+00  6.42813329e-01 
 1.21430000e+00  1.63495250e+00  1.21430000e+00  6.42726540e-01 
 1.21440000e+00  1.63573217e+00  1.21440000e+00  6.42639762e-01 
 1.21450000e+00  1.63649893e+00  1.21450000e+00  6.42552997e-01 
 1.21460000e+00  1.63725322e+00  1.21460000e+00  6.42466246e-01 
 1.21470000e+00  1.63799547e+00  1.21470000e+00  6.42379512e-01 
 1.21480000e+00  1.63872609e+00  1.21480000e+00  6.42292796e-01 
 1.21490000e+00  1.63944547e+00  1.21490000e+00  6.42206102e-01 
 1.21500000e+00  1.64015396e+00  1.21500000e+00  6.42119429e-01 
 1.21510000e+00  1.64085191e+00  1.21510000e+00  6.42032780e-01 
 1.21520000e+00  1.64153967e+00  1.21520000e+00  6.41946156e-01 
 1.21530000e+00  1.64221753e+00  1.21530000e+00  6.41859559e-01 
 1.21540000e+00  1.64288582e+00  1.21540000e+00  6.41772991e-01 
 1.21550000e+00  1.64354481e+00  1.21550000e+00  6.41686452e-01 
 1.21560000e+00  1.64419478e+00  1.21560000e+00  6.41599944e-01 
 1.21570000e+00  1.64483599e+00  1.21570000e+00  6.41513469e-01 
 1.21580000e+00  1.64546870e+00  1.21580000e+00  6.41427026e-01 
 1.21590000e+00  1.64609314e+00  1.21590000e+00  6.41340619e-01 
 1.21600000e+00  1.64670956e+00  1.21600000e+00  6.41254248e-01 
 1.21610000e+00  1.64731816e+00  1.21610000e+00  6.41167913e-01 
 1.21620000e+00  1.64791917e+00  1.21620000e+00  6.41081616e-01 
 1.21630000e+00  1.64851278e+00  1.21630000e+00  6.40995358e-01 
 1.21640000e+00  1.64909919e+00  1.21640000e+00  6.40909140e-01 
 1.21650000e+00  1.64967858e+00  1.21650000e+00  6.40822963e-01 
 1.21660000e+00  1.65025115e+00  1.21660000e+00  6.40736827e-01 
 1.21670000e+00  1.65081706e+00  1.21670000e+00  6.40650734e-01 
 1.21680000e+00  1.65137647e+00  1.21680000e+00  6.40564684e-01 
 1.21690000e+00  1.65192956e+00  1.21690000e+00  6.40478679e-01 
 1.21700000e+00  1.65247647e+00  1.21700000e+00  6.40392718e-01 
 1.21710000e+00  1.65301735e+00  1.21710000e+00  6.40306803e-01 
 1.21720000e+00  1.65355235e+00  1.21720000e+00  6.40220935e-01 
 1.21730000e+00  1.65408160e+00  1.21730000e+00  6.40135114e-01 
 1.21740000e+00  1.65460523e+00  1.21740000e+00  6.40049340e-01 
 1.21750000e+00  1.65512338e+00  1.21750000e+00  6.39963615e-01 
 1.21760000e+00  1.65563617e+00  1.21760000e+00  6.39877939e-01 
 1.21770000e+00  1.65614372e+00  1.21770000e+00  6.39792313e-01 
 1.21780000e+00  1.65664614e+00  1.21780000e+00  6.39706737e-01 
 1.21790000e+00  1.65714355e+00  1.21790000e+00  6.39621212e-01 
 1.21800000e+00  1.65763605e+00  1.21800000e+00  6.39535739e-01 
 1.21810000e+00  1.65812375e+00  1.21810000e+00  6.39450317e-01 
 1.21820000e+00  1.65860675e+00  1.21820000e+00  6.39364949e-01 
 1.21830000e+00  1.65908515e+00  1.21830000e+00  6.39279633e-01 
 1.21840000e+00  1.65955904e+00  1.21840000e+00  6.39194371e-01 
 1.21850000e+00  1.66002851e+00  1.21850000e+00  6.39109163e-01 
 1.21860000e+00  1.66049366e+00  1.21860000e+00  6.39024010e-01 
 1.21870000e+00  1.66095456e+00  1.21870000e+00  6.38938912e-01 
 1.21880000e+00  1.66141130e+00  1.21880000e+00  6.38853869e-01 
 1.21890000e+00  1.66186397e+00  1.21890000e+00  6.38768882e-01 
 1.21900000e+00  1.66231264e+00  1.21900000e+00  6.38683952e-01 
 1.21910000e+00  1.66275739e+00  1.21910000e+00  6.38599078e-01 
 1.21920000e+00  1.66319828e+00  1.21920000e+00  6.38514262e-01 
 1.21930000e+00  1.66363540e+00  1.21930000e+00  6.38429504e-01 
 1.21940000e+00  1.66406881e+00  1.21940000e+00  6.38344803e-01 
 1.21950000e+00  1.66449858e+00  1.21950000e+00  6.38260161e-01 
 1.21960000e+00  1.66492478e+00  1.21960000e+00  6.38175578e-01 
 1.21970000e+00  1.66534747e+00  1.21970000e+00  6.38091054e-01 
 1.21980000e+00  1.66576670e+00  1.21980000e+00  6.38006590e-01 
 1.21990000e+00  1.66618255e+00  1.21990000e+00  6.37922185e-01 
 1.22000000e+00  1.66659507e+00  1.22000000e+00  6.37837841e-01 
 1.22010000e+00  1.66700432e+00  1.22010000e+00  6.37753557e-01 
 1.22020000e+00  1.66741035e+00  1.22020000e+00  6.37669335e-01 
 1.22030000e+00  1.66781322e+00  1.22030000e+00  6.37585173e-01 
 1.22040000e+00  1.66821297e+00  1.22040000e+00  6.37501073e-01 
 1.22050000e+00  1.66860967e+00  1.22050000e+00  6.37417036e-01 
 1.22060000e+00  1.66900336e+00  1.22060000e+00  6.37333060e-01 
 1.22070000e+00  1.66939409e+00  1.22070000e+00  6.37249147e-01 
 1.22080000e+00  1.66978191e+00  1.22080000e+00  6.37165296e-01 
 1.22090000e+00  1.67016686e+00  1.22090000e+00  6.37081509e-01 
 1.22100000e+00  1.67054899e+00  1.22100000e+00  6.36997785e-01 
 1.22110000e+00  1.67092835e+00  1.22110000e+00  6.36914125e-01 
 1.22120000e+00  1.67130497e+00  1.22120000e+00  6.36830529e-01 
 1.22130000e+00  1.67167889e+00  1.22130000e+00  6.36746997e-01 
 1.22140000e+00  1.67205017e+00  1.22140000e+00  6.36663530e-01 
 1.22150000e+00  1.67241883e+00  1.22150000e+00  6.36580127e-01 
 1.22160000e+00  1.67278492e+00  1.22160000e+00  6.36496789e-01 
 1.22170000e+00  1.67314848e+00  1.22170000e+00  6.36413517e-01 
 1.22180000e+00  1.67350953e+00  1.22180000e+00  6.36330310e-01 
 1.22190000e+00  1.67386813e+00  1.22190000e+00  6.36247169e-01 
 1.22200000e+00  1.67422430e+00  1.22200000e+00  6.36164094e-01 
 1.22210000e+00  1.67457808e+00  1.22210000e+00  6.36081085e-01 
 1.22220000e+00  1.67492950e+00  1.22220000e+00  6.35998143e-01 
 1.22230000e+00  1.67527860e+00  1.22230000e+00  6.35915267e-01 
 1.22240000e+00  1.67562540e+00  1.22240000e+00  6.35832459e-01 
 1.22250000e+00  1.67596995e+00  1.22250000e+00  6.35749717e-01 
 1.22260000e+00  1.67631226e+00  1.22260000e+00  6.35667043e-01 
 1.22270000e+00  1.67665238e+00  1.22270000e+00  6.35584437e-01 
 1.22280000e+00  1.67699032e+00  1.22280000e+00  6.35501899e-01 
 1.22290000e+00  1.67732612e+00  1.22290000e+00  6.35419428e-01 
 1.22300000e+00  1.67765982e+00  1.22300000e+00  6.35337026e-01 
 1.22310000e+00  1.67799142e+00  1.22310000e+00  6.35254692e-01 
 1.22320000e+00  1.67832097e+00  1.22320000e+00  6.35172427e-01 
 1.22330000e+00  1.67864849e+00  1.22330000e+00  6.35090231e-01 
 1.22340000e+00  1.67897400e+00  1.22340000e+00  6.35008104e-01 
 1.22350000e+00  1.67929753e+00  1.22350000e+00  6.34926046e-01 
 1.22360000e+00  1.67961911e+00  1.22360000e+00  6.34844058e-01 
 1.22370000e+00  1.67993875e+00  1.22370000e+00  6.34762140e-01 
 1.22380000e+00  1.68025649e+00  1.22380000e+00  6.34680291e-01 
 1.22390000e+00  1.68057235e+00  1.22390000e+00  6.34598513e-01 
 1.22400000e+00  1.68088635e+00  1.22400000e+00  6.34516804e-01 
 1.22410000e+00  1.68119851e+00  1.22410000e+00  6.34435166e-01 
 1.22420000e+00  1.68150886e+00  1.22420000e+00  6.34353599e-01 
 1.22430000e+00  1.68181741e+00  1.22430000e+00  6.34272103e-01 
 1.22440000e+00  1.68212419e+00  1.22440000e+00  6.34190677e-01 
 1.22450000e+00  1.68242922e+00  1.22450000e+00  6.34109323e-01 
 1.22460000e+00  1.68273251e+00  1.22460000e+00  6.34028040e-01 
 1.22470000e+00  1.68303410e+00  1.22470000e+00  6.33946829e-01 
 1.22480000e+00  1.68333400e+00  1.22480000e+00  6.33865689e-01 
 1.22490000e+00  1.68363222e+00  1.22490000e+00  6.33784621e-01 
 1.22500000e+00  1.68392879e+00  1.22500000e+00  6.33703625e-01 
 1.22510000e+00  1.68422373e+00  1.22510000e+00  6.33622702e-01 
 1.22520000e+00  1.68451705e+00  1.22520000e+00  6.33541850e-01 
 1.22530000e+00  1.68480878e+00  1.22530000e+00  6.33461072e-01 
 1.22540000e+00  1.68509892e+00  1.22540000e+00  6.33380366e-01 
 1.22550000e+00  1.68538750e+00  1.22550000e+00  6.33299732e-01 
 1.22560000e+00  1.68567453e+00  1.22560000e+00  6.33219172e-01 
 1.22570000e+00  1.68596004e+00  1.22570000e+00  6.33138685e-01 
 1.22580000e+00  1.68624403e+00  1.22580000e+00  6.33058272e-01 
 1.22590000e+00  1.68652653e+00  1.22590000e+00  6.32977931e-01 
 1.22600000e+00  1.68680754e+00  1.22600000e+00  6.32897665e-01 
 1.22610000e+00  1.68708709e+00  1.22610000e+00  6.32817472e-01 
 1.22620000e+00  1.68736519e+00  1.22620000e+00  6.32737353e-01 
 1.22630000e+00  1.68764186e+00  1.22630000e+00  6.32657308e-01 
 1.22640000e+00  1.68791710e+00  1.22640000e+00  6.32577338e-01 
 1.22650000e+00  1.68819094e+00  1.22650000e+00  6.32497442e-01 
 1.22660000e+00  1.68846339e+00  1.22660000e+00  6.32417620e-01 
 1.22670000e+00  1.68873446e+00  1.22670000e+00  6.32337873e-01 
 1.22680000e+00  1.68900417e+00  1.22680000e+00  6.32258201e-01 
 1.22690000e+00  1.68927253e+00  1.22690000e+00  6.32178604e-01 
 1.22700000e+00  1.68953955e+00  1.22700000e+00  6.32099082e-01 
 1.22710000e+00  1.68980524e+00  1.22710000e+00  6.32019636e-01 
 1.22720000e+00  1.69006963e+00  1.22720000e+00  6.31940264e-01 
 1.22730000e+00  1.69033272e+00  1.22730000e+00  6.31860969e-01 
 1.22740000e+00  1.69059452e+00  1.22740000e+00  6.31781749e-01 
 1.22750000e+00  1.69085506e+00  1.22750000e+00  6.31702604e-01 
 1.22760000e+00  1.69111433e+00  1.22760000e+00  6.31623536e-01 
 1.22770000e+00  1.69137235e+00  1.22770000e+00  6.31544544e-01 
 1.22780000e+00  1.69162913e+00  1.22780000e+00  6.31465628e-01 
 1.22790000e+00  1.69188469e+00  1.22790000e+00  6.31386788e-01 
 1.22800000e+00  1.69213904e+00  1.22800000e+00  6.31308025e-01 
 1.22810000e+00  1.69239218e+00  1.22810000e+00  6.31229339e-01 
 1.22820000e+00  1.69264413e+00  1.22820000e+00  6.31150729e-01 
 1.22830000e+00  1.69289490e+00  1.22830000e+00  6.31072196e-01 
 1.22840000e+00  1.69314450e+00  1.22840000e+00  6.30993740e-01 
 1.22850000e+00  1.69339293e+00  1.22850000e+00  6.30915361e-01 
 1.22860000e+00  1.69364022e+00  1.22860000e+00  6.30837060e-01 
 1.22870000e+00  1.69388638e+00  1.22870000e+00  6.30758836e-01 
 1.22880000e+00  1.69413140e+00  1.22880000e+00  6.30680689e-01 
 1.22890000e+00  1.69437530e+00  1.22890000e+00  6.30602621e-01 
 1.22900000e+00  1.69461809e+00  1.22900000e+00  6.30524629e-01 
 1.22910000e+00  1.69485979e+00  1.22910000e+00  6.30446716e-01 
 1.22920000e+00  1.69510039e+00  1.22920000e+00  6.30368881e-01 
 1.22930000e+00  1.69533991e+00  1.22930000e+00  6.30291124e-01 
 1.22940000e+00  1.69557836e+00  1.22940000e+00  6.30213445e-01 
 1.22950000e+00  1.69581575e+00  1.22950000e+00  6.30135845e-01 
 1.22960000e+00  1.69605209e+00  1.22960000e+00  6.30058323e-01 
 1.22970000e+00  1.69628738e+00  1.22970000e+00  6.29980880e-01 
 1.22980000e+00  1.69652163e+00  1.22980000e+00  6.29903515e-01 
 1.22990000e+00  1.69675486e+00  1.22990000e+00  6.29826229e-01 
 1.23000000e+00  1.69698707e+00  1.23000000e+00  6.29749023e-01 
 1.23010000e+00  1.69721827e+00  1.23010000e+00  6.29671895e-01 
 1.23020000e+00  1.69744846e+00  1.23020000e+00  6.29594847e-01 
 1.23030000e+00  1.69767766e+00  1.23030000e+00  6.29517878e-01 
 1.23040000e+00  1.69790588e+00  1.23040000e+00  6.29440988e-01 
 1.23050000e+00  1.69813312e+00  1.23050000e+00  6.29364178e-01 
 1.23060000e+00  1.69835938e+00  1.23060000e+00  6.29287447e-01 
 1.23070000e+00  1.69858469e+00  1.23070000e+00  6.29210797e-01 
 1.23080000e+00  1.69880904e+00  1.23080000e+00  6.29134226e-01 
 1.23090000e+00  1.69903244e+00  1.23090000e+00  6.29057735e-01 
 1.23100000e+00  1.69925490e+00  1.23100000e+00  6.28981325e-01 
 1.23110000e+00  1.69947643e+00  1.23110000e+00  6.28904994e-01 
 1.23120000e+00  1.69969703e+00  1.23120000e+00  6.28828744e-01 
 1.23130000e+00  1.69991672e+00  1.23130000e+00  6.28752575e-01 
 1.23140000e+00  1.70013549e+00  1.23140000e+00  6.28676485e-01 
 1.23150000e+00  1.70035336e+00  1.23150000e+00  6.28600477e-01 
 1.23160000e+00  1.70057033e+00  1.23160000e+00  6.28524549e-01 
 1.23170000e+00  1.70078641e+00  1.23170000e+00  6.28448703e-01 
 1.23180000e+00  1.70100161e+00  1.23180000e+00  6.28372937e-01 
 1.23190000e+00  1.70121593e+00  1.23190000e+00  6.28297252e-01 
 1.23200000e+00  1.70142937e+00  1.23200000e+00  6.28221648e-01 
 1.23210000e+00  1.70164196e+00  1.23210000e+00  6.28146126e-01 
 1.23220000e+00  1.70185368e+00  1.23220000e+00  6.28070685e-01 
 1.23230000e+00  1.70206455e+00  1.23230000e+00  6.27995326e-01 
 1.23240000e+00  1.70227458e+00  1.23240000e+00  6.27920048e-01 
 1.23250000e+00  1.70248376e+00  1.23250000e+00  6.27844852e-01 
 1.23260000e+00  1.70269211e+00  1.23260000e+00  6.27769738e-01 
 1.23270000e+00  1.70289964e+00  1.23270000e+00  6.27694706e-01 
 1.23280000e+00  1.70310634e+00  1.23280000e+00  6.27619755e-01 
 1.23290000e+00  1.70331222e+00  1.23290000e+00  6.27544887e-01 
 1.23300000e+00  1.70351730e+00  1.23300000e+00  6.27470101e-01 
 1.23310000e+00  1.70372157e+00  1.23310000e+00  6.27395397e-01 
 1.23320000e+00  1.70392504e+00  1.23320000e+00  6.27320776e-01 
 1.23330000e+00  1.70412771e+00  1.23330000e+00  6.27246237e-01 
 1.23340000e+00  1.70432960e+00  1.23340000e+00  6.27171781e-01 
 1.23350000e+00  1.70453071e+00  1.23350000e+00  6.27097407e-01 
 1.23360000e+00  1.70473104e+00  1.23360000e+00  6.27023116e-01 
 1.23370000e+00  1.70493059e+00  1.23370000e+00  6.26948908e-01 
 1.23380000e+00  1.70512938e+00  1.23380000e+00  6.26874783e-01 
 1.23390000e+00  1.70532741e+00  1.23390000e+00  6.26800742e-01 
 1.23400000e+00  1.70552468e+00  1.23400000e+00  6.26726783e-01 
 1.23410000e+00  1.70572120e+00  1.23410000e+00  6.26652907e-01 
 1.23420000e+00  1.70591697e+00  1.23420000e+00  6.26579115e-01 
 1.23430000e+00  1.70611201e+00  1.23430000e+00  6.26505407e-01 
 1.23440000e+00  1.70630630e+00  1.23440000e+00  6.26431782e-01 
 1.23450000e+00  1.70649986e+00  1.23450000e+00  6.26358240e-01 
 1.23460000e+00  1.70669270e+00  1.23460000e+00  6.26284782e-01 
 1.23470000e+00  1.70688481e+00  1.23470000e+00  6.26211408e-01 
 1.23480000e+00  1.70707620e+00  1.23480000e+00  6.26138118e-01 
 1.23490000e+00  1.70726689e+00  1.23490000e+00  6.26064912e-01 
 1.23500000e+00  1.70745686e+00  1.23500000e+00  6.25991790e-01 
 1.23510000e+00  1.70764613e+00  1.23510000e+00  6.25918752e-01 
 1.23520000e+00  1.70783469e+00  1.23520000e+00  6.25845798e-01 
 1.23530000e+00  1.70802257e+00  1.23530000e+00  6.25772929e-01 
 1.23540000e+00  1.70820975e+00  1.23540000e+00  6.25700144e-01 
 1.23550000e+00  1.70839625e+00  1.23550000e+00  6.25627444e-01 
 1.23560000e+00  1.70858206e+00  1.23560000e+00  6.25554828e-01 
 1.23570000e+00  1.70876719e+00  1.23570000e+00  6.25482297e-01 
 1.23580000e+00  1.70895166e+00  1.23580000e+00  6.25409850e-01 
 1.23590000e+00  1.70913545e+00  1.23590000e+00  6.25337489e-01 
 1.23600000e+00  1.70931857e+00  1.23600000e+00  6.25265212e-01 
 1.23610000e+00  1.70950104e+00  1.23610000e+00  6.25193020e-01 
 1.23620000e+00  1.70968284e+00  1.23620000e+00  6.25120914e-01 
 1.23630000e+00  1.70986399e+00  1.23630000e+00  6.25048892e-01 
 1.23640000e+00  1.71004450e+00  1.23640000e+00  6.24976956e-01 
 1.23650000e+00  1.71022435e+00  1.23650000e+00  6.24905105e-01 
 1.23660000e+00  1.71040357e+00  1.23660000e+00  6.24833340e-01 
 1.23670000e+00  1.71058214e+00  1.23670000e+00  6.24761660e-01 
 1.23680000e+00  1.71076009e+00  1.23680000e+00  6.24690065e-01 
 1.23690000e+00  1.71093740e+00  1.23690000e+00  6.24618557e-01 
 1.23700000e+00  1.71111408e+00  1.23700000e+00  6.24547134e-01 
 1.23710000e+00  1.71129014e+00  1.23710000e+00  6.24475796e-01 
 1.23720000e+00  1.71146558e+00  1.23720000e+00  6.24404545e-01 
 1.23730000e+00  1.71164040e+00  1.23730000e+00  6.24333380e-01 
 1.23740000e+00  1.71181462e+00  1.23740000e+00  6.24262300e-01 
 1.23750000e+00  1.71198822e+00  1.23750000e+00  6.24191307e-01 
 1.23760000e+00  1.71216121e+00  1.23760000e+00  6.24120400e-01 
 1.23770000e+00  1.71233361e+00  1.23770000e+00  6.24049579e-01 
 1.23780000e+00  1.71250540e+00  1.23780000e+00  6.23978844e-01 
 1.23790000e+00  1.71267660e+00  1.23790000e+00  6.23908196e-01 
 1.23800000e+00  1.71284721e+00  1.23800000e+00  6.23837634e-01 
 1.23810000e+00  1.71301723e+00  1.23810000e+00  6.23767159e-01 
 1.23820000e+00  1.71318666e+00  1.23820000e+00  6.23696770e-01 
 1.23830000e+00  1.71335551e+00  1.23830000e+00  6.23626468e-01 
 1.23840000e+00  1.71352378e+00  1.23840000e+00  6.23556253e-01 
 1.23850000e+00  1.71369148e+00  1.23850000e+00  6.23486124e-01 
 1.23860000e+00  1.71385860e+00  1.23860000e+00  6.23416083e-01 
 1.23870000e+00  1.71402516e+00  1.23870000e+00  6.23346128e-01 
 1.23880000e+00  1.71419114e+00  1.23880000e+00  6.23276260e-01 
 1.23890000e+00  1.71435657e+00  1.23890000e+00  6.23206480e-01 
 1.23900000e+00  1.71452143e+00  1.23900000e+00  6.23136786e-01 
 1.23910000e+00  1.71468573e+00  1.23910000e+00  6.23067180e-01 
 1.23920000e+00  1.71484948e+00  1.23920000e+00  6.22997661e-01 
 1.23930000e+00  1.71501268e+00  1.23930000e+00  6.22928230e-01 
 1.23940000e+00  1.71517533e+00  1.23940000e+00  6.22858885e-01 
 1.23950000e+00  1.71533744e+00  1.23950000e+00  6.22789629e-01 
 1.23960000e+00  1.71549900e+00  1.23960000e+00  6.22720459e-01 
 1.23970000e+00  1.71566002e+00  1.23970000e+00  6.22651378e-01 
 1.23980000e+00  1.71582050e+00  1.23980000e+00  6.22582384e-01 
 1.23990000e+00  1.71598045e+00  1.23990000e+00  6.22513477e-01 
 1.24000000e+00  1.71613987e+00  1.24000000e+00  6.22444659e-01 
 1.24010000e+00  1.71629876e+00  1.24010000e+00  6.22375928e-01 
 1.24020000e+00  1.71645712e+00  1.24020000e+00  6.22307285e-01 
 1.24030000e+00  1.71661496e+00  1.24030000e+00  6.22238731e-01 
 1.24040000e+00  1.71677228e+00  1.24040000e+00  6.22170264e-01 
 1.24050000e+00  1.71692908e+00  1.24050000e+00  6.22101885e-01 
 1.24060000e+00  1.71708537e+00  1.24060000e+00  6.22033594e-01 
 1.24070000e+00  1.71724114e+00  1.24070000e+00  6.21965392e-01 
 1.24080000e+00  1.71739640e+00  1.24080000e+00  6.21897277e-01 
 1.24090000e+00  1.71755115e+00  1.24090000e+00  6.21829251e-01 
 1.24100000e+00  1.71770540e+00  1.24100000e+00  6.21761313e-01 
 1.24110000e+00  1.71785915e+00  1.24110000e+00  6.21693464e-01 
 1.24120000e+00  1.71801239e+00  1.24120000e+00  6.21625703e-01 
 1.24130000e+00  1.71816514e+00  1.24130000e+00  6.21558031e-01 
 1.24140000e+00  1.71831740e+00  1.24140000e+00  6.21490447e-01 
 1.24150000e+00  1.71846916e+00  1.24150000e+00  6.21422952e-01 
 1.24160000e+00  1.71862042e+00  1.24160000e+00  6.21355545e-01 
 1.24170000e+00  1.71877121e+00  1.24170000e+00  6.21288227e-01 
 1.24180000e+00  1.71892150e+00  1.24180000e+00  6.21220998e-01 
 1.24190000e+00  1.71907131e+00  1.24190000e+00  6.21153857e-01 
 1.24200000e+00  1.71922064e+00  1.24200000e+00  6.21086806e-01 
 1.24210000e+00  1.71936950e+00  1.24210000e+00  6.21019843e-01 
 1.24220000e+00  1.71951787e+00  1.24220000e+00  6.20952969e-01 
 1.24230000e+00  1.71966578e+00  1.24230000e+00  6.20886184e-01 
 1.24240000e+00  1.71981321e+00  1.24240000e+00  6.20819489e-01 
 1.24250000e+00  1.71996017e+00  1.24250000e+00  6.20752882e-01 
 1.24260000e+00  1.72010666e+00  1.24260000e+00  6.20686364e-01 
 1.24270000e+00  1.72025269e+00  1.24270000e+00  6.20619936e-01 
 1.24280000e+00  1.72039825e+00  1.24280000e+00  6.20553596e-01 
 1.24290000e+00  1.72054335e+00  1.24290000e+00  6.20487346e-01 
 1.24300000e+00  1.72068800e+00  1.24300000e+00  6.20421185e-01 
 1.24310000e+00  1.72083219e+00  1.24310000e+00  6.20355114e-01 
 1.24320000e+00  1.72097592e+00  1.24320000e+00  6.20289132e-01 
 1.24330000e+00  1.72111920e+00  1.24330000e+00  6.20223239e-01 
 1.24340000e+00  1.72126204e+00  1.24340000e+00  6.20157435e-01 
 1.24350000e+00  1.72140442e+00  1.24350000e+00  6.20091722e-01 
 1.24360000e+00  1.72154636e+00  1.24360000e+00  6.20026097e-01 
 1.24370000e+00  1.72168785e+00  1.24370000e+00  6.19960562e-01 
 1.24380000e+00  1.72182890e+00  1.24380000e+00  6.19895117e-01 
 1.24390000e+00  1.72196951e+00  1.24390000e+00  6.19829761e-01 
 1.24400000e+00  1.72210968e+00  1.24400000e+00  6.19764495e-01 
 1.24410000e+00  1.72224942e+00  1.24410000e+00  6.19699319e-01 
 1.24420000e+00  1.72238872e+00  1.24420000e+00  6.19634232e-01 
 1.24430000e+00  1.72252759e+00  1.24430000e+00  6.19569235e-01 
 1.24440000e+00  1.72266603e+00  1.24440000e+00  6.19504328e-01 
 1.24450000e+00  1.72280404e+00  1.24450000e+00  6.19439511e-01 
 1.24460000e+00  1.72294163e+00  1.24460000e+00  6.19374783e-01 
 1.24470000e+00  1.72307879e+00  1.24470000e+00  6.19310146e-01 
 1.24480000e+00  1.72321552e+00  1.24480000e+00  6.19245598e-01 
 1.24490000e+00  1.72335184e+00  1.24490000e+00  6.19181140e-01 
 1.24500000e+00  1.72348774e+00  1.24500000e+00  6.19116772e-01 
 1.24510000e+00  1.72362322e+00  1.24510000e+00  6.19052494e-01 
 1.24520000e+00  1.72375828e+00  1.24520000e+00  6.18988306e-01 
 1.24530000e+00  1.72389293e+00  1.24530000e+00  6.18924208e-01 
 1.24540000e+00  1.72402717e+00  1.24540000e+00  6.18860200e-01 
 1.24550000e+00  1.72416100e+00  1.24550000e+00  6.18796282e-01 
 1.24560000e+00  1.72429442e+00  1.24560000e+00  6.18732455e-01 
 1.24570000e+00  1.72442744e+00  1.24570000e+00  6.18668717e-01 
 1.24580000e+00  1.72456005e+00  1.24580000e+00  6.18605069e-01 
 1.24590000e+00  1.72469226e+00  1.24590000e+00  6.18541512e-01 
 1.24600000e+00  1.72482406e+00  1.24600000e+00  6.18478045e-01 
 1.24610000e+00  1.72495547e+00  1.24610000e+00  6.18414668e-01 
 1.24620000e+00  1.72508648e+00  1.24620000e+00  6.18351381e-01 
 1.24630000e+00  1.72521709e+00  1.24630000e+00  6.18288184e-01 
 1.24640000e+00  1.72534731e+00  1.24640000e+00  6.18225078e-01 
 1.24650000e+00  1.72547713e+00  1.24650000e+00  6.18162062e-01 
 1.24660000e+00  1.72560657e+00  1.24660000e+00  6.18099136e-01 
 1.24670000e+00  1.72573561e+00  1.24670000e+00  6.18036301e-01 
 1.24680000e+00  1.72586427e+00  1.24680000e+00  6.17973555e-01 
 1.24690000e+00  1.72599254e+00  1.24690000e+00  6.17910901e-01 
 1.24700000e+00  1.72612042e+00  1.24700000e+00  6.17848336e-01 
 1.24710000e+00  1.72624792e+00  1.24710000e+00  6.17785862e-01 
 1.24720000e+00  1.72637504e+00  1.24720000e+00  6.17723478e-01 
 1.24730000e+00  1.72650179e+00  1.24730000e+00  6.17661184e-01 
 1.24740000e+00  1.72662815e+00  1.24740000e+00  6.17598981e-01 
 1.24750000e+00  1.72675413e+00  1.24750000e+00  6.17536869e-01 
 1.24760000e+00  1.72687974e+00  1.24760000e+00  6.17474846e-01 
 1.24770000e+00  1.72700498e+00  1.24770000e+00  6.17412914e-01 
 1.24780000e+00  1.72712984e+00  1.24780000e+00  6.17351073e-01 
 1.24790000e+00  1.72725434e+00  1.24790000e+00  6.17289322e-01 
 1.24800000e+00  1.72737846e+00  1.24800000e+00  6.17227661e-01 
 1.24810000e+00  1.72750222e+00  1.24810000e+00  6.17166090e-01 
 1.24820000e+00  1.72762561e+00  1.24820000e+00  6.17104611e-01 
 1.24830000e+00  1.72774863e+00  1.24830000e+00  6.17043221e-01 
 1.24840000e+00  1.72787129e+00  1.24840000e+00  6.16981922e-01 
 1.24850000e+00  1.72799359e+00  1.24850000e+00  6.16920713e-01 
 1.24860000e+00  1.72811553e+00  1.24860000e+00  6.16859595e-01 
 1.24870000e+00  1.72823711e+00  1.24870000e+00  6.16798568e-01 
 1.24880000e+00  1.72835834e+00  1.24880000e+00  6.16737630e-01 
 1.24890000e+00  1.72847920e+00  1.24890000e+00  6.16676783e-01 
 1.24900000e+00  1.72859972e+00  1.24900000e+00  6.16616027e-01 
 1.24910000e+00  1.72871988e+00  1.24910000e+00  6.16555361e-01 
 1.24920000e+00  1.72883968e+00  1.24920000e+00  6.16494785e-01 
 1.24930000e+00  1.72895914e+00  1.24930000e+00  6.16434300e-01 
 1.24940000e+00  1.72907825e+00  1.24940000e+00  6.16373905e-01 
 1.24950000e+00  1.72919701e+00  1.24950000e+00  6.16313601e-01 
 1.24960000e+00  1.72931542e+00  1.24960000e+00  6.16253387e-01 
 1.24970000e+00  1.72943349e+00  1.24970000e+00  6.16193263e-01 
 1.24980000e+00  1.72955121e+00  1.24980000e+00  6.16133230e-01 
 1.24990000e+00  1.72966859e+00  1.24990000e+00  6.16073287e-01 
 1.25000000e+00  1.72978563e+00  1.25000000e+00  6.16013435e-01 
