 1.15000000e+00  4.40445487e-01  1.15000000e+00  5.73291619e-01 
 1.15010000e+00  4.40569967e-01  1.15010000e+00  5.73290544e-01 
 1.15020000e+00  4.40694654e-01  1.15020000e+00  5.73289469e-01 
 1.15030000e+00  4.40819394e-01  1.15030000e+00  5.73288395e-01 
 1.15040000e+00  4.40944239e-01  1.15040000e+00  5.73287321e-01 
 1.15050000e+00  4.41069189e-01  1.15050000e+00  5.73286246e-01 
 1.15060000e+00  4.41194244e-01  1.15060000e+00  5.73285173e-01 
 1.15070000e+00  4.41319404e-01  1.15070000e+00  5.73284099e-01 
 1.15080000e+00  4.41444672e-01  1.15080000e+00  5.73283025e-01 
 1.15090000e+00  4.41570045e-01  1.15090000e+00  5.73281952e-01 
 1.15100000e+00  4.41695526e-01  1.15100000e+00  5.73280879e-01 
 1.15110000e+00  4.41821114e-01  1.15110000e+00  5.73279806e-01 
 1.15120000e+00  4.41946811e-01  1.15120000e+00  5.73278733e-01 
 1.15130000e+00  4.42072615e-01  1.15130000e+00  5.73277660e-01 
 1.15140000e+00  4.42198529e-01  1.15140000e+00  5.73276588e-01 
 1.15150000e+00  4.42324551e-01  1.15150000e+00  5.73275516e-01 
 1.15160000e+00  4.42450683e-01  1.15160000e+00  5.73274444e-01 
 1.15170000e+00  4.42576926e-01  1.15170000e+00  5.73273372e-01 
 1.15180000e+00  4.42703278e-01  1.15180000e+00  5.73272300e-01 
 1.15190000e+00  4.42829742e-01  1.15190000e+00  5.73271229e-01 
 1.15200000e+00  4.42956317e-01  1.15200000e+00  5.73270157e-01 
 1.15210000e+00  4.43083004e-01  1.15210000e+00  5.73269086e-01 
 1.15220000e+00  4.43209803e-01  1.15220000e+00  5.73268015e-01 
 1.15230000e+00  4.43336714e-01  1.15230000e+00  5.73266944e-01 
 1.15240000e+00  4.43463739e-01  1.15240000e+00  5.73265874e-01 
 1.15250000e+00  4.43590878e-01  1.15250000e+00  5.73264803e-01 
 1.15260000e+00  4.43718130e-01  1.15260000e+00  5.73263733e-01 
 1.15270000e+00  4.43845497e-01  1.15270000e+00  5.73262663e-01 
 1.15280000e+00  4.43972979e-01  1.15280000e+00  5.73261593e-01 
 1.15290000e+00  4.44100577e-01  1.15290000e+00  5.73260523e-01 
 1.15300000e+00  4.44228290e-01  1.15300000e+00  5.73259454e-01 
 1.15310000e+00  4.44356120e-01  1.15310000e+00  5.73258384e-01 
 1.15320000e+00  4.44484067e-01  1.15320000e+00  5.73257315e-01 
 1.15330000e+00  4.44612131e-01  1.15330000e+00  5.73256246e-01 
 1.15340000e+00  4.44740313e-01  1.15340000e+00  5.73255177e-01 
 1.15350000e+00  4.44868613e-01  1.15350000e+00  5.73254108e-01 
 1.15360000e+00  4.44997032e-01  1.15360000e+00  5.73253040e-01 
 1.15370000e+00  4.45125570e-01  1.15370000e+00  5.73251971e-01 
 1.15380000e+00  4.45254228e-01  1.15380000e+00  5.73250903e-01 
 1.15390000e+00  4.45383006e-01  1.15390000e+00  5.73249835e-01 
 1.15400000e+00  4.45511905e-01  1.15400000e+00  5.73248767e-01 
 1.15410000e+00  4.45640925e-01  1.15410000e+00  5.73247699e-01 
 1.15420000e+00  4.45770067e-01  1.15420000e+00  5.73246632e-01 
 1.15430000e+00  4.45899331e-01  1.15430000e+00  5.73245564e-01 
 1.15440000e+00  4.46028718e-01  1.15440000e+00  5.73244497e-01 
 1.15450000e+00  4.46158228e-01  1.15450000e+00  5.73243430e-01 
 1.15460000e+00  4.46287862e-01  1.15460000e+00  5.73242363e-01 
 1.15470000e+00  4.46417620e-01  1.15470000e+00  5.73241296e-01 
 1.15480000e+00  4.46547503e-01  1.15480000e+00  5.73240230e-01 
 1.15490000e+00  4.46677512e-01  1.15490000e+00  5.73239163e-01 
 1.15500000e+00  4.46807646e-01  1.15500000e+00  5.73238097e-01 
 1.15510000e+00  4.46937907e-01  1.15510000e+00  5.73237031e-01 
 1.15520000e+00  4.47068295e-01  1.15520000e+00  5.73235965e-01 
 1.15530000e+00  4.47198810e-01  1.15530000e+00  5.73234899e-01 
 1.15540000e+00  4.47329453e-01  1.15540000e+00  5.73233833e-01 
 1.15550000e+00  4.47460225e-01  1.15550000e+00  5.73232768e-01 
 1.15560000e+00  4.47591126e-01  1.15560000e+00  5.73231702e-01 
 1.15570000e+00  4.47722157e-01  1.15570000e+00  5.73230637e-01 
 1.15580000e+00  4.47853317e-01  1.15580000e+00  5.73229572e-01 
 1.15590000e+00  4.47984609e-01  1.15590000e+00  5.73228507e-01 
 1.15600000e+00  4.48116032e-01  1.15600000e+00  5.73227442e-01 
 1.15610000e+00  4.48247587e-01  1.15610000e+00  5.73226378e-01 
 1.15620000e+00  4.48379274e-01  1.15620000e+00  5.73225313e-01 
 1.15630000e+00  4.48511095e-01  1.15630000e+00  5.73224249e-01 
 1.15640000e+00  4.48643049e-01  1.15640000e+00  5.73223185e-01 
 1.15650000e+00  4.48775137e-01  1.15650000e+00  5.73222121e-01 
 1.15660000e+00  4.48907361e-01  1.15660000e+00  5.73221057e-01 
 1.15670000e+00  4.49039719e-01  1.15670000e+00  5.73219993e-01 
 1.15680000e+00  4.49172214e-01  1.15680000e+00  5.73218929e-01 
 1.15690000e+00  4.49304845e-01  1.15690000e+00  5.73217866e-01 
 1.15700000e+00  4.49437613e-01  1.15700000e+00  5.73216802e-01 
 1.15710000e+00  4.49570519e-01  1.15710000e+00  5.73215739e-01 
 1.15720000e+00  4.49703564e-01  1.15720000e+00  5.73214676e-01 
 1.15730000e+00  4.49836747e-01  1.15730000e+00  5.73213613e-01 
 1.15740000e+00  4.49970071e-01  1.15740000e+00  5.73212550e-01 
 1.15750000e+00  4.50103534e-01  1.15750000e+00  5.73211487e-01 
 1.15760000e+00  4.50237138e-01  1.15760000e+00  5.73210425e-01 
 1.15770000e+00  4.50370884e-01  1.15770000e+00  5.73209362e-01 
 1.15780000e+00  4.50504772e-01  1.15780000e+00  5.73208300e-01 
 1.15790000e+00  4.50638803e-01  1.15790000e+00  5.73207238e-01 
 1.15800000e+00  4.50772977e-01  1.15800000e+00  5.73206176e-01 
 1.15810000e+00  4.50907295e-01  1.15810000e+00  5.73205114e-01 
 1.15820000e+00  4.51041758e-01  1.15820000e+00  5.73204052e-01 
 1.15830000e+00  4.51176366e-01  1.15830000e+00  5.73202991e-01 
 1.15840000e+00  4.51311121e-01  1.15840000e+00  5.73201929e-01 
 1.15850000e+00  4.51446022e-01  1.15850000e+00  5.73200868e-01 
 1.15860000e+00  4.51581070e-01  1.15860000e+00  5.73199806e-01 
 1.15870000e+00  4.51716266e-01  1.15870000e+00  5.73198745e-01 
 1.15880000e+00  4.51851611e-01  1.15880000e+00  5.73197684e-01 
 1.15890000e+00  4.51987106e-01  1.15890000e+00  5.73196623e-01 
 1.15900000e+00  4.52122751e-01  1.15900000e+00  5.73195562e-01 
 1.15910000e+00  4.52258546e-01  1.15910000e+00  5.73194502e-01 
 1.15920000e+00  4.52394493e-01  1.15920000e+00  5.73193441e-01 
 1.15930000e+00  4.52530592e-01  1.15930000e+00  5.73192381e-01 
 1.15940000e+00  4.52666844e-01  1.15940000e+00  5.73191320e-01 
 1.15950000e+00  4.52803249e-01  1.15950000e+00  5.73190260e-01 
 1.15960000e+00  4.52939809e-01  1.15960000e+00  5.73189200e-01 
 1.15970000e+00  4.53076524e-01  1.15970000e+00  5.73188140e-01 
 1.15980000e+00  4.53213394e-01  1.15980000e+00  5.73187080e-01 
 1.15990000e+00  4.53350421e-01  1.15990000e+00  5.73186020e-01 
 1.16000000e+00  4.53487606e-01  1.16000000e+00  5.73184961e-01 
 1.16010000e+00  4.53624948e-01  1.16010000e+00  5.73183901e-01 
 1.16020000e+00  4.53762449e-01  1.16020000e+00  5.73182842e-01 
 1.16030000e+00  4.53900109e-01  1.16030000e+00  5.73181782e-01 
 1.16040000e+00  4.54037930e-01  1.16040000e+00  5.73180723e-01 
 1.16050000e+00  4.54175912e-01  1.16050000e+00  5.73179664e-01 
 1.16060000e+00  4.54314055e-01  1.16060000e+00  5.73178605e-01 
 1.16070000e+00  4.54452361e-01  1.16070000e+00  5.73177546e-01 
 1.16080000e+00  4.54590830e-01  1.16080000e+00  5.73176487e-01 
 1.16090000e+00  4.54729464e-01  1.16090000e+00  5.73175428e-01 
 1.16100000e+00  4.54868262e-01  1.16100000e+00  5.73174370e-01 
 1.16110000e+00  4.55007226e-01  1.16110000e+00  5.73173311e-01 
 1.16120000e+00  4.55146356e-01  1.16120000e+00  5.73172253e-01 
 1.16130000e+00  4.55285654e-01  1.16130000e+00  5.73171194e-01 
 1.16140000e+00  4.55425120e-01  1.16140000e+00  5.73170136e-01 
 1.16150000e+00  4.55564754e-01  1.16150000e+00  5.73169078e-01 
 1.16160000e+00  4.55704559e-01  1.16160000e+00  5.73168020e-01 
 1.16170000e+00  4.55844534e-01  1.16170000e+00  5.73166962e-01 
 1.16180000e+00  4.55984681e-01  1.16180000e+00  5.73165904e-01 
 1.16190000e+00  4.56124999e-01  1.16190000e+00  5.73164846e-01 
 1.16200000e+00  4.56265491e-01  1.16200000e+00  5.73163788e-01 
 1.16210000e+00  4.56406157e-01  1.16210000e+00  5.73162731e-01 
 1.16220000e+00  4.56546998e-01  1.16220000e+00  5.73161673e-01 
 1.16230000e+00  4.56688015e-01  1.16230000e+00  5.73160615e-01 
 1.16240000e+00  4.56829208e-01  1.16240000e+00  5.73159558e-01 
 1.16250000e+00  4.56970578e-01  1.16250000e+00  5.73158501e-01 
 1.16260000e+00  4.57112127e-01  1.16260000e+00  5.73157443e-01 
 1.16270000e+00  4.57253856e-01  1.16270000e+00  5.73156386e-01 
 1.16280000e+00  4.57395764e-01  1.16280000e+00  5.73155329e-01 
 1.16290000e+00  4.57537854e-01  1.16290000e+00  5.73154272e-01 
 1.16300000e+00  4.57680125e-01  1.16300000e+00  5.73153215e-01 
 1.16310000e+00  4.57822580e-01  1.16310000e+00  5.73152158e-01 
 1.16320000e+00  4.57965218e-01  1.16320000e+00  5.73151101e-01 
 1.16330000e+00  4.58108041e-01  1.16330000e+00  5.73150045e-01 
 1.16340000e+00  4.58251050e-01  1.16340000e+00  5.73148988e-01 
 1.16350000e+00  4.58394246e-01  1.16350000e+00  5.73147931e-01 
 1.16360000e+00  4.58537630e-01  1.16360000e+00  5.73146875e-01 
 1.16370000e+00  4.58681202e-01  1.16370000e+00  5.73145818e-01 
 1.16380000e+00  4.58824963e-01  1.16380000e+00  5.73144762e-01 
 1.16390000e+00  4.58968916e-01  1.16390000e+00  5.73143706e-01 
 1.16400000e+00  4.59113059e-01  1.16400000e+00  5.73142649e-01 
 1.16410000e+00  4.59257396e-01  1.16410000e+00  5.73141593e-01 
 1.16420000e+00  4.59401926e-01  1.16420000e+00  5.73140537e-01 
 1.16430000e+00  4.59546651e-01  1.16430000e+00  5.73139481e-01 
 1.16440000e+00  4.59691571e-01  1.16440000e+00  5.73138425e-01 
 1.16450000e+00  4.59836688e-01  1.16450000e+00  5.73137369e-01 
 1.16460000e+00  4.59982003e-01  1.16460000e+00  5.73136313e-01 
 1.16470000e+00  4.60127517e-01  1.16470000e+00  5.73135257e-01 
 1.16480000e+00  4.60273230e-01  1.16480000e+00  5.73134201e-01 
 1.16490000e+00  4.60419145e-01  1.16490000e+00  5.73133145e-01 
 1.16500000e+00  4.60565261e-01  1.16500000e+00  5.73132089e-01 
 1.16510000e+00  4.60711581e-01  1.16510000e+00  5.73131034e-01 
 1.16520000e+00  4.60858104e-01  1.16520000e+00  5.73129978e-01 
 1.16530000e+00  4.61004833e-01  1.16530000e+00  5.73128922e-01 
 1.16540000e+00  4.61151769e-01  1.16540000e+00  5.73127867e-01 
 1.16550000e+00  4.61298911e-01  1.16550000e+00  5.73126811e-01 
 1.16560000e+00  4.61446263e-01  1.16560000e+00  5.73125756e-01 
 1.16570000e+00  4.61593824e-01  1.16570000e+00  5.73124700e-01 
 1.16580000e+00  4.61741596e-01  1.16580000e+00  5.73123645e-01 
 1.16590000e+00  4.61889581e-01  1.16590000e+00  5.73122589e-01 
 1.16600000e+00  4.62037778e-01  1.16600000e+00  5.73121534e-01 
 1.16610000e+00  4.62186190e-01  1.16610000e+00  5.73120478e-01 
 1.16620000e+00  4.62334818e-01  1.16620000e+00  5.73119423e-01 
 1.16630000e+00  4.62483662e-01  1.16630000e+00  5.73118368e-01 
 1.16640000e+00  4.62632724e-01  1.16640000e+00  5.73117312e-01 
 1.16650000e+00  4.62782006e-01  1.16650000e+00  5.73116257e-01 
 1.16660000e+00  4.62931508e-01  1.16660000e+00  5.73115202e-01 
 1.16670000e+00  4.63081232e-01  1.16670000e+00  5.73114147e-01 
 1.16680000e+00  4.63231179e-01  1.16680000e+00  5.73113092e-01 
 1.16690000e+00  4.63381350e-01  1.16690000e+00  5.73112036e-01 
 1.16700000e+00  4.63531746e-01  1.16700000e+00  5.73110981e-01 
 1.16710000e+00  4.63682369e-01  1.16710000e+00  5.73109926e-01 
 1.16720000e+00  4.63833221e-01  1.16720000e+00  5.73108871e-01 
 1.16730000e+00  4.63984302e-01  1.16730000e+00  5.73107816e-01 
 1.16740000e+00  4.64135613e-01  1.16740000e+00  5.73106761e-01 
 1.16750000e+00  4.64287157e-01  1.16750000e+00  5.73105705e-01 
 1.16760000e+00  4.64438933e-01  1.16760000e+00  5.73104650e-01 
 1.16770000e+00  4.64590945e-01  1.16770000e+00  5.73103595e-01 
 1.16780000e+00  4.64743193e-01  1.16780000e+00  5.73102540e-01 
 1.16790000e+00  4.64895678e-01  1.16790000e+00  5.73101485e-01 
 1.16800000e+00  4.65048402e-01  1.16800000e+00  5.73100430e-01 
 1.16810000e+00  4.65201366e-01  1.16810000e+00  5.73099375e-01 
 1.16820000e+00  4.65354572e-01  1.16820000e+00  5.73098320e-01 
 1.16830000e+00  4.65508021e-01  1.16830000e+00  5.73097264e-01 
 1.16840000e+00  4.65661715e-01  1.16840000e+00  5.73096209e-01 
 1.16850000e+00  4.65815654e-01  1.16850000e+00  5.73095154e-01 
 1.16860000e+00  4.65969841e-01  1.16860000e+00  5.73094099e-01 
 1.16870000e+00  4.66124277e-01  1.16870000e+00  5.73093044e-01 
 1.16880000e+00  4.66278963e-01  1.16880000e+00  5.73091988e-01 
 1.16890000e+00  4.66433902e-01  1.16890000e+00  5.73090933e-01 
 1.16900000e+00  4.66589093e-01  1.16900000e+00  5.73089878e-01 
 1.16910000e+00  4.66744540e-01  1.16910000e+00  5.73088823e-01 
 1.16920000e+00  4.66900243e-01  1.16920000e+00  5.73087767e-01 
 1.16930000e+00  4.67056205e-01  1.16930000e+00  5.73086712e-01 
 1.16940000e+00  4.67212426e-01  1.16940000e+00  5.73085657e-01 
 1.16950000e+00  4.67368908e-01  1.16950000e+00  5.73084601e-01 
 1.16960000e+00  4.67525653e-01  1.16960000e+00  5.73083546e-01 
 1.16970000e+00  4.67682663e-01  1.16970000e+00  5.73082490e-01 
 1.16980000e+00  4.67839939e-01  1.16980000e+00  5.73081435e-01 
 1.16990000e+00  4.67997482e-01  1.16990000e+00  5.73080379e-01 
 1.17000000e+00  4.68155295e-01  1.17000000e+00  5.73079324e-01 
 1.17010000e+00  4.68313379e-01  1.17010000e+00  5.73078268e-01 
 1.17020000e+00  4.68471736e-01  1.17020000e+00  5.73077212e-01 
 1.17030000e+00  4.68630368e-01  1.17030000e+00  5.73076157e-01 
 1.17040000e+00  4.68789276e-01  1.17040000e+00  5.73075101e-01 
 1.17050000e+00  4.68948462e-01  1.17050000e+00  5.73074045e-01 
 1.17060000e+00  4.69107928e-01  1.17060000e+00  5.73072989e-01 
 1.17070000e+00  4.69267675e-01  1.17070000e+00  5.73071933e-01 
 1.17080000e+00  4.69427706e-01  1.17080000e+00  5.73070877e-01 
 1.17090000e+00  4.69588022e-01  1.17090000e+00  5.73069821e-01 
 1.17100000e+00  4.69748625e-01  1.17100000e+00  5.73068765e-01 
 1.17110000e+00  4.69909517e-01  1.17110000e+00  5.73067709e-01 
 1.17120000e+00  4.70070700e-01  1.17120000e+00  5.73066653e-01 
 1.17130000e+00  4.70232176e-01  1.17130000e+00  5.73065596e-01 
 1.17140000e+00  4.70393946e-01  1.17140000e+00  5.73064540e-01 
 1.17150000e+00  4.70556012e-01  1.17150000e+00  5.73063483e-01 
 1.17160000e+00  4.70718378e-01  1.17160000e+00  5.73062427e-01 
 1.17170000e+00  4.70881043e-01  1.17170000e+00  5.73061370e-01 
 1.17180000e+00  4.71044011e-01  1.17180000e+00  5.73060313e-01 
 1.17190000e+00  4.71207284e-01  1.17190000e+00  5.73059257e-01 
 1.17200000e+00  4.71370863e-01  1.17200000e+00  5.73058200e-01 
 1.17210000e+00  4.71534751e-01  1.17210000e+00  5.73057143e-01 
 1.17220000e+00  4.71698949e-01  1.17220000e+00  5.73056086e-01 
 1.17230000e+00  4.71863460e-01  1.17230000e+00  5.73055028e-01 
 1.17240000e+00  4.72028286e-01  1.17240000e+00  5.73053971e-01 
 1.17250000e+00  4.72193429e-01  1.17250000e+00  5.73052914e-01 
 1.17260000e+00  4.72358891e-01  1.17260000e+00  5.73051856e-01 
 1.17270000e+00  4.72524675e-01  1.17270000e+00  5.73050799e-01 
 1.17280000e+00  4.72690782e-01  1.17280000e+00  5.73049741e-01 
 1.17290000e+00  4.72857214e-01  1.17290000e+00  5.73048683e-01 
 1.17300000e+00  4.73023975e-01  1.17300000e+00  5.73047625e-01 
 1.17310000e+00  4.73191066e-01  1.17310000e+00  5.73046567e-01 
 1.17320000e+00  4.73358490e-01  1.17320000e+00  5.73045509e-01 
 1.17330000e+00  4.73526249e-01  1.17330000e+00  5.73044450e-01 
 1.17340000e+00  4.73694345e-01  1.17340000e+00  5.73043392e-01 
 1.17350000e+00  4.73862781e-01  1.17350000e+00  5.73042333e-01 
 1.17360000e+00  4.74031559e-01  1.17360000e+00  5.73041275e-01 
 1.17370000e+00  4.74200681e-01  1.17370000e+00  5.73040216e-01 
 1.17380000e+00  4.74370150e-01  1.17380000e+00  5.73039157e-01 
 1.17390000e+00  4.74539969e-01  1.17390000e+00  5.73038098e-01 
 1.17400000e+00  4.74710140e-01  1.17400000e+00  5.73037038e-01 
 1.17410000e+00  4.74880665e-01  1.17410000e+00  5.73035979e-01 
 1.17420000e+00  4.75051548e-01  1.17420000e+00  5.73034919e-01 
 1.17430000e+00  4.75222790e-01  1.17430000e+00  5.73033860e-01 
 1.17440000e+00  4.75394394e-01  1.17440000e+00  5.73032800e-01 
 1.17450000e+00  4.75566364e-01  1.17450000e+00  5.73031740e-01 
 1.17460000e+00  4.75738701e-01  1.17460000e+00  5.73030680e-01 
 1.17470000e+00  4.75911408e-01  1.17470000e+00  5.73029619e-01 
 1.17480000e+00  4.76084489e-01  1.17480000e+00  5.73028559e-01 
 1.17490000e+00  4.76257946e-01  1.17490000e+00  5.73027498e-01 
 1.17500000e+00  4.76431781e-01  1.17500000e+00  5.73026437e-01 
 1.17510000e+00  4.76605998e-01  1.17510000e+00  5.73025376e-01 
 1.17520000e+00  4.76780599e-01  1.17520000e+00  5.73024315e-01 
 1.17530000e+00  4.76955588e-01  1.17530000e+00  5.73023253e-01 
 1.17540000e+00  4.77130967e-01  1.17540000e+00  5.73022191e-01 
 1.17550000e+00  4.77306739e-01  1.17550000e+00  5.73021130e-01 
 1.17560000e+00  4.77482908e-01  1.17560000e+00  5.73020068e-01 
 1.17570000e+00  4.77659475e-01  1.17570000e+00  5.73019005e-01 
 1.17580000e+00  4.77836446e-01  1.17580000e+00  5.73017943e-01 
 1.17590000e+00  4.78013822e-01  1.17590000e+00  5.73016880e-01 
 1.17600000e+00  4.78191606e-01  1.17600000e+00  5.73015817e-01 
 1.17610000e+00  4.78369803e-01  1.17610000e+00  5.73014754e-01 
 1.17620000e+00  4.78548415e-01  1.17620000e+00  5.73013691e-01 
 1.17630000e+00  4.78727445e-01  1.17630000e+00  5.73012627e-01 
 1.17640000e+00  4.78906897e-01  1.17640000e+00  5.73011563e-01 
 1.17650000e+00  4.79086774e-01  1.17650000e+00  5.73010499e-01 
 1.17660000e+00  4.79267079e-01  1.17660000e+00  5.73009435e-01 
 1.17670000e+00  4.79447816e-01  1.17670000e+00  5.73008370e-01 
 1.17680000e+00  4.79628989e-01  1.17680000e+00  5.73007306e-01 
 1.17690000e+00  4.79810601e-01  1.17690000e+00  5.73006241e-01 
 1.17700000e+00  4.79992655e-01  1.17700000e+00  5.73005175e-01 
 1.17710000e+00  4.80175156e-01  1.17710000e+00  5.73004110e-01 
 1.17720000e+00  4.80358106e-01  1.17720000e+00  5.73003044e-01 
 1.17730000e+00  4.80541510e-01  1.17730000e+00  5.73001978e-01 
 1.17740000e+00  4.80725371e-01  1.17740000e+00  5.73000911e-01 
 1.17750000e+00  4.80909693e-01  1.17750000e+00  5.72999845e-01 
 1.17760000e+00  4.81094480e-01  1.17760000e+00  5.72998778e-01 
 1.17770000e+00  4.81279736e-01  1.17770000e+00  5.72997711e-01 
 1.17780000e+00  4.81465464e-01  1.17780000e+00  5.72996643e-01 
 1.17790000e+00  4.81651670e-01  1.17790000e+00  5.72995575e-01 
 1.17800000e+00  4.81838356e-01  1.17800000e+00  5.72994507e-01 
 1.17810000e+00  4.82025527e-01  1.17810000e+00  5.72993439e-01 
 1.17820000e+00  4.82213187e-01  1.17820000e+00  5.72992370e-01 
 1.17830000e+00  4.82401340e-01  1.17830000e+00  5.72991301e-01 
 1.17840000e+00  4.82589991e-01  1.17840000e+00  5.72990232e-01 
 1.17850000e+00  4.82779144e-01  1.17850000e+00  5.72989162e-01 
 1.17860000e+00  4.82968803e-01  1.17860000e+00  5.72988092e-01 
 1.17870000e+00  4.83158973e-01  1.17870000e+00  5.72987021e-01 
 1.17880000e+00  4.83349659e-01  1.17880000e+00  5.72985951e-01 
 1.17890000e+00  4.83540864e-01  1.17890000e+00  5.72984880e-01 
 1.17900000e+00  4.83732593e-01  1.17900000e+00  5.72983808e-01 
 1.17910000e+00  4.83924852e-01  1.17910000e+00  5.72982736e-01 
 1.17920000e+00  4.84117644e-01  1.17920000e+00  5.72981664e-01 
 1.17930000e+00  4.84310975e-01  1.17930000e+00  5.72980592e-01 
 1.17940000e+00  4.84504850e-01  1.17940000e+00  5.72979519e-01 
 1.17950000e+00  4.84699274e-01  1.17950000e+00  5.72978445e-01 
 1.17960000e+00  4.84894251e-01  1.17960000e+00  5.72977372e-01 
 1.17970000e+00  4.85089786e-01  1.17970000e+00  5.72976297e-01 
 1.17980000e+00  4.85285886e-01  1.17980000e+00  5.72975223e-01 
 1.17990000e+00  4.85482555e-01  1.17990000e+00  5.72974148e-01 
 1.18000000e+00  4.85679798e-01  1.18000000e+00  5.72973073e-01 
 1.18010000e+00  4.85877621e-01  1.18010000e+00  5.72971997e-01 
 1.18020000e+00  4.86076030e-01  1.18020000e+00  5.72970921e-01 
 1.18030000e+00  4.86275029e-01  1.18030000e+00  5.72969844e-01 
 1.18040000e+00  4.86474625e-01  1.18040000e+00  5.72968767e-01 
 1.18050000e+00  4.86674823e-01  1.18050000e+00  5.72967689e-01 
 1.18060000e+00  4.86875629e-01  1.18060000e+00  5.72966611e-01 
 1.18070000e+00  4.87077050e-01  1.18070000e+00  5.72965533e-01 
 1.18080000e+00  4.87279090e-01  1.18080000e+00  5.72964454e-01 
 1.18090000e+00  4.87481756e-01  1.18090000e+00  5.72963374e-01 
 1.18100000e+00  4.87685055e-01  1.18100000e+00  5.72962295e-01 
 1.18110000e+00  4.87888991e-01  1.18110000e+00  5.72961214e-01 
 1.18120000e+00  4.88093573e-01  1.18120000e+00  5.72960133e-01 
 1.18130000e+00  4.88298806e-01  1.18130000e+00  5.72959052e-01 
 1.18140000e+00  4.88504697e-01  1.18140000e+00  5.72957970e-01 
 1.18150000e+00  4.88711252e-01  1.18150000e+00  5.72956887e-01 
 1.18160000e+00  4.88918478e-01  1.18160000e+00  5.72955804e-01 
 1.18170000e+00  4.89126383e-01  1.18170000e+00  5.72954721e-01 
 1.18180000e+00  4.89334972e-01  1.18180000e+00  5.72953637e-01 
 1.18190000e+00  4.89544254e-01  1.18190000e+00  5.72952552e-01 
 1.18200000e+00  4.89754234e-01  1.18200000e+00  5.72951467e-01 
 1.18210000e+00  4.89964922e-01  1.18210000e+00  5.72950381e-01 
 1.18220000e+00  4.90176323e-01  1.18220000e+00  5.72949295e-01 
 1.18230000e+00  4.90388446e-01  1.18230000e+00  5.72948208e-01 
 1.18240000e+00  4.90601299e-01  1.18240000e+00  5.72947120e-01 
 1.18250000e+00  4.90814888e-01  1.18250000e+00  5.72946032e-01 
 1.18260000e+00  4.91029222e-01  1.18260000e+00  5.72944943e-01 
 1.18270000e+00  4.91244310e-01  1.18270000e+00  5.72943853e-01 
 1.18280000e+00  4.91460158e-01  1.18280000e+00  5.72942763e-01 
 1.18290000e+00  4.91676776e-01  1.18290000e+00  5.72941673e-01 
 1.18300000e+00  4.91894172e-01  1.18300000e+00  5.72940581e-01 
 1.18310000e+00  4.92112354e-01  1.18310000e+00  5.72939489e-01 
 1.18320000e+00  4.92331332e-01  1.18320000e+00  5.72938396e-01 
 1.18330000e+00  4.92551114e-01  1.18330000e+00  5.72937303e-01 
 1.18340000e+00  4.92771709e-01  1.18340000e+00  5.72936208e-01 
 1.18350000e+00  4.92993127e-01  1.18350000e+00  5.72935114e-01 
 1.18360000e+00  4.93215376e-01  1.18360000e+00  5.72934018e-01 
 1.18370000e+00  4.93438467e-01  1.18370000e+00  5.72932922e-01 
 1.18380000e+00  4.93662409e-01  1.18380000e+00  5.72931824e-01 
 1.18390000e+00  4.93887211e-01  1.18390000e+00  5.72930726e-01 
 1.18400000e+00  4.94112885e-01  1.18400000e+00  5.72929628e-01 
 1.18410000e+00  4.94339440e-01  1.18410000e+00  5.72928528e-01 
 1.18420000e+00  4.94566886e-01  1.18420000e+00  5.72927428e-01 
 1.18430000e+00  4.94795235e-01  1.18430000e+00  5.72926327e-01 
 1.18440000e+00  4.95024496e-01  1.18440000e+00  5.72925225e-01 
 1.18450000e+00  4.95254682e-01  1.18450000e+00  5.72924122e-01 
 1.18460000e+00  4.95485803e-01  1.18460000e+00  5.72923019e-01 
 1.18470000e+00  4.95717870e-01  1.18470000e+00  5.72921914e-01 
 1.18480000e+00  4.95950895e-01  1.18480000e+00  5.72920809e-01 
 1.18490000e+00  4.96184891e-01  1.18490000e+00  5.72919703e-01 
 1.18500000e+00  4.96419868e-01  1.18500000e+00  5.72918595e-01 
 1.18510000e+00  4.96655840e-01  1.18510000e+00  5.72917487e-01 
 1.18520000e+00  4.96892818e-01  1.18520000e+00  5.72916378e-01 
 1.18530000e+00  4.97130816e-01  1.18530000e+00  5.72915268e-01 
 1.18540000e+00  4.97369847e-01  1.18540000e+00  5.72914157e-01 
 1.18550000e+00  4.97609923e-01  1.18550000e+00  5.72913045e-01 
 1.18560000e+00  4.97851059e-01  1.18560000e+00  5.72911932e-01 
 1.18570000e+00  4.98093268e-01  1.18570000e+00  5.72910818e-01 
 1.18580000e+00  4.98336564e-01  1.18580000e+00  5.72909703e-01 
 1.18590000e+00  4.98580962e-01  1.18590000e+00  5.72908587e-01 
 1.18600000e+00  4.98826475e-01  1.18600000e+00  5.72907470e-01 
 1.18610000e+00  4.99073120e-01  1.18610000e+00  5.72906352e-01 
 1.18620000e+00  4.99320911e-01  1.18620000e+00  5.72905233e-01 
 1.18630000e+00  4.99569864e-01  1.18630000e+00  5.72904112e-01 
 1.18640000e+00  4.99819995e-01  1.18640000e+00  5.72902991e-01 
 1.18650000e+00  5.00071319e-01  1.18650000e+00  5.72901868e-01 
 1.18660000e+00  5.00323854e-01  1.18660000e+00  5.72900744e-01 
 1.18670000e+00  5.00577616e-01  1.18670000e+00  5.72899619e-01 
 1.18680000e+00  5.00832622e-01  1.18680000e+00  5.72898492e-01 
 1.18690000e+00  5.01088891e-01  1.18690000e+00  5.72897365e-01 
 1.18700000e+00  5.01346440e-01  1.18700000e+00  5.72896236e-01 
 1.18710000e+00  5.01605287e-01  1.18710000e+00  5.72895106e-01 
 1.18720000e+00  5.01865451e-01  1.18720000e+00  5.72893974e-01 
 1.18730000e+00  5.02126952e-01  1.18730000e+00  5.72892841e-01 
 1.18740000e+00  5.02389809e-01  1.18740000e+00  5.72891707e-01 
 1.18750000e+00  5.02654042e-01  1.18750000e+00  5.72890571e-01 
 1.18760000e+00  5.02919671e-01  1.18760000e+00  5.72889434e-01 
 1.18770000e+00  5.03186718e-01  1.18770000e+00  5.72888296e-01 
 1.18780000e+00  5.03455204e-01  1.18780000e+00  5.72887156e-01 
 1.18790000e+00  5.03725151e-01  1.18790000e+00  5.72886015e-01 
 1.18800000e+00  5.03996580e-01  1.18800000e+00  5.72884872e-01 
 1.18810000e+00  5.04269517e-01  1.18810000e+00  5.72883727e-01 
 1.18820000e+00  5.04543983e-01  1.18820000e+00  5.72882581e-01 
 1.18830000e+00  5.04820002e-01  1.18830000e+00  5.72881434e-01 
 1.18840000e+00  5.05097600e-01  1.18840000e+00  5.72880284e-01 
 1.18850000e+00  5.05376802e-01  1.18850000e+00  5.72879133e-01 
 1.18860000e+00  5.05657633e-01  1.18860000e+00  5.72877981e-01 
 1.18870000e+00  5.05940120e-01  1.18870000e+00  5.72876827e-01 
 1.18880000e+00  5.06224290e-01  1.18880000e+00  5.72875670e-01 
 1.18890000e+00  5.06510171e-01  1.18890000e+00  5.72874513e-01 
 1.18900000e+00  5.06797791e-01  1.18900000e+00  5.72873353e-01 
 1.18910000e+00  5.07087180e-01  1.18910000e+00  5.72872191e-01 
 1.18920000e+00  5.07378366e-01  1.18920000e+00  5.72871028e-01 
 1.18930000e+00  5.07671382e-01  1.18930000e+00  5.72869863e-01 
 1.18940000e+00  5.07966258e-01  1.18940000e+00  5.72868695e-01 
 1.18950000e+00  5.08263026e-01  1.18950000e+00  5.72867526e-01 
 1.18960000e+00  5.08561721e-01  1.18960000e+00  5.72866354e-01 
 1.18970000e+00  5.08862375e-01  1.18970000e+00  5.72865181e-01 
 1.18980000e+00  5.09165024e-01  1.18980000e+00  5.72864005e-01 
 1.18990000e+00  5.09469703e-01  1.18990000e+00  5.72862828e-01 
 1.19000000e+00  5.09776450e-01  1.19000000e+00  5.72861648e-01 
 1.19010000e+00  5.10085301e-01  1.19010000e+00  5.72860465e-01 
 1.19020000e+00  5.10396297e-01  1.19020000e+00  5.72859281e-01 
 1.19030000e+00  5.10709477e-01  1.19030000e+00  5.72858094e-01 
 1.19040000e+00  5.11024881e-01  1.19040000e+00  5.72856904e-01 
 1.19050000e+00  5.11342553e-01  1.19050000e+00  5.72855713e-01 
 1.19060000e+00  5.11662534e-01  1.19060000e+00  5.72854518e-01 
 1.19070000e+00  5.11984871e-01  1.19070000e+00  5.72853321e-01 
 1.19080000e+00  5.12309609e-01  1.19080000e+00  5.72852122e-01 
 1.19090000e+00  5.12636795e-01  1.19090000e+00  5.72850920e-01 
 1.19100000e+00  5.12966478e-01  1.19100000e+00  5.72849715e-01 
 1.19110000e+00  5.13298707e-01  1.19110000e+00  5.72848507e-01 
 1.19120000e+00  5.13633535e-01  1.19120000e+00  5.72847296e-01 
 1.19130000e+00  5.13971015e-01  1.19130000e+00  5.72846083e-01 
 1.19140000e+00  5.14311201e-01  1.19140000e+00  5.72844866e-01 
 1.19150000e+00  5.14654150e-01  1.19150000e+00  5.72843647e-01 
 1.19160000e+00  5.14999920e-01  1.19160000e+00  5.72842424e-01 
 1.19170000e+00  5.15348571e-01  1.19170000e+00  5.72841198e-01 
 1.19180000e+00  5.15700164e-01  1.19180000e+00  5.72839969e-01 
 1.19190000e+00  5.16054765e-01  1.19190000e+00  5.72838736e-01 
 1.19200000e+00  5.16412438e-01  1.19200000e+00  5.72837500e-01 
 1.19210000e+00  5.16773252e-01  1.19210000e+00  5.72836261e-01 
 1.19220000e+00  5.17137278e-01  1.19220000e+00  5.72835018e-01 
 1.19230000e+00  5.17504587e-01  1.19230000e+00  5.72833771e-01 
 1.19240000e+00  5.17875255e-01  1.19240000e+00  5.72832520e-01 
 1.19250000e+00  5.18249360e-01  1.19250000e+00  5.72831266e-01 
 1.19260000e+00  5.18626982e-01  1.19260000e+00  5.72830008e-01 
 1.19270000e+00  5.19008204e-01  1.19270000e+00  5.72828745e-01 
 1.19280000e+00  5.19393112e-01  1.19280000e+00  5.72827478e-01 
 1.19290000e+00  5.19781795e-01  1.19290000e+00  5.72826208e-01 
 1.19300000e+00  5.20174345e-01  1.19300000e+00  5.72824932e-01 
 1.19310000e+00  5.20570858e-01  1.19310000e+00  5.72823652e-01 
 1.19320000e+00  5.20971433e-01  1.19320000e+00  5.72822368e-01 
 1.19330000e+00  5.21376171e-01  1.19330000e+00  5.72821079e-01 
 1.19340000e+00  5.21785181e-01  1.19340000e+00  5.72819784e-01 
 1.19350000e+00  5.22198572e-01  1.19350000e+00  5.72818485e-01 
 1.19360000e+00  5.22616458e-01  1.19360000e+00  5.72817181e-01 
 1.19370000e+00  5.23038960e-01  1.19370000e+00  5.72815871e-01 
 1.19380000e+00  5.23466199e-01  1.19380000e+00  5.72814556e-01 
 1.19390000e+00  5.23898306e-01  1.19390000e+00  5.72813235e-01 
 1.19400000e+00  5.24335413e-01  1.19400000e+00  5.72811909e-01 
 1.19410000e+00  5.24777659e-01  1.19410000e+00  5.72810577e-01 
 1.19420000e+00  5.25225189e-01  1.19420000e+00  5.72809238e-01 
 1.19430000e+00  5.25678153e-01  1.19430000e+00  5.72807893e-01 
 1.19440000e+00  5.26136708e-01  1.19440000e+00  5.72806542e-01 
 1.19450000e+00  5.26601017e-01  1.19450000e+00  5.72805184e-01 
 1.19460000e+00  5.27071251e-01  1.19460000e+00  5.72803819e-01 
 1.19470000e+00  5.27547587e-01  1.19470000e+00  5.72802447e-01 
 1.19480000e+00  5.28030209e-01  1.19480000e+00  5.72801067e-01 
 1.19490000e+00  5.28519312e-01  1.19490000e+00  5.72799680e-01 
 1.19500000e+00  5.29015098e-01  1.19500000e+00  5.72798286e-01 
 1.19510000e+00  5.29517777e-01  1.19510000e+00  5.72796883e-01 
 1.19520000e+00  5.30027570e-01  1.19520000e+00  5.72795471e-01 
 1.19530000e+00  5.30544709e-01  1.19530000e+00  5.72794052e-01 
 1.19540000e+00  5.31069433e-01  1.19540000e+00  5.72792623e-01 
 1.19550000e+00  5.31601998e-01  1.19550000e+00  5.72791185e-01 
 1.19560000e+00  5.32142668e-01  1.19560000e+00  5.72789737e-01 
 1.19570000e+00  5.32691720e-01  1.19570000e+00  5.72788280e-01 
 1.19580000e+00  5.33249448e-01  1.19580000e+00  5.72786812e-01 
 1.19590000e+00  5.33816156e-01  1.19590000e+00  5.72785333e-01 
 1.19600000e+00  5.34392167e-01  1.19600000e+00  5.72783844e-01 
 1.19610000e+00  5.34977819e-01  1.19610000e+00  5.72782343e-01 
 1.19620000e+00  5.35573467e-01  1.19620000e+00  5.72780830e-01 
 1.19630000e+00  5.36179485e-01  1.19630000e+00  5.72779305e-01 
 1.19640000e+00  5.36796269e-01  1.19640000e+00  5.72777767e-01 
 1.19650000e+00  5.37424232e-01  1.19650000e+00  5.72776216e-01 
 1.19660000e+00  5.38063813e-01  1.19660000e+00  5.72774651e-01 
 1.19670000e+00  5.38715475e-01  1.19670000e+00  5.72773071e-01 
 1.19680000e+00  5.39379704e-01  1.19680000e+00  5.72771477e-01 
 1.19690000e+00  5.40057018e-01  1.19690000e+00  5.72769866e-01 
 1.19700000e+00  5.40747961e-01  1.19700000e+00  5.72768240e-01 
 1.19710000e+00  5.41453112e-01  1.19710000e+00  5.72766596e-01 
 1.19720000e+00  5.42173080e-01  1.19720000e+00  5.72764934e-01 
 1.19730000e+00  5.42908515e-01  1.19730000e+00  5.72763254e-01 
 1.19740000e+00  5.43660104e-01  1.19740000e+00  5.72761555e-01 
 1.19750000e+00  5.44428577e-01  1.19750000e+00  5.72759835e-01 
 1.19760000e+00  5.45214710e-01  1.19760000e+00  5.72758093e-01 
 1.19770000e+00  5.46019327e-01  1.19770000e+00  5.72756330e-01 
 1.19780000e+00  5.46843307e-01  1.19780000e+00  5.72754543e-01 
 1.19790000e+00  5.47687583e-01  1.19790000e+00  5.72752731e-01 
 1.19800000e+00  5.48553152e-01  1.19800000e+00  5.72750893e-01 
 1.19810000e+00  5.49441079e-01  1.19810000e+00  5.72749029e-01 
 1.19820000e+00  5.50352497e-01  1.19820000e+00  5.72747135e-01 
 1.19830000e+00  5.51288620e-01  1.19830000e+00  5.72745212e-01 
 1.19840000e+00  5.52250746e-01  1.19840000e+00  5.72743257e-01 
 1.19850000e+00  5.53240264e-01  1.19850000e+00  5.72741268e-01 
 1.19860000e+00  5.54258662e-01  1.19860000e+00  5.72739245e-01 
 1.19870000e+00  5.55307535e-01  1.19870000e+00  5.72737183e-01 
 1.19880000e+00  5.56388597e-01  1.19880000e+00  5.72735083e-01 
 1.19890000e+00  5.57503685e-01  1.19890000e+00  5.72732941e-01 
 1.19900000e+00  5.58654776e-01  1.19900000e+00  5.72730754e-01 
 1.19910000e+00  5.59843995e-01  1.19910000e+00  5.72728521e-01 
 1.19920000e+00  5.61073629e-01  1.19920000e+00  5.72726237e-01 
 1.19930000e+00  5.62346143e-01  1.19930000e+00  5.72723901e-01 
 1.19940000e+00  5.63664189e-01  1.19940000e+00  5.72721509e-01 
 1.19950000e+00  5.65030630e-01  1.19950000e+00  5.72719057e-01 
 1.19960000e+00  5.66448551e-01  1.19960000e+00  5.72716541e-01 
 1.19970000e+00  5.67921281e-01  1.19970000e+00  5.72713956e-01 
 1.19980000e+00  5.69452413e-01  1.19980000e+00  5.72711300e-01 
 1.19990000e+00  5.71045822e-01  1.19990000e+00  5.72708565e-01 
 1.20000000e+00  5.72705693e-01  1.20000000e+00  5.72705748e-01 
 1.20010000e+00  5.74436537e-01  1.20010000e+00  5.72702842e-01 
 1.20020000e+00  5.76243220e-01  1.20020000e+00  5.72699841e-01 
 1.20030000e+00  5.78130984e-01  1.20030000e+00  5.72696738e-01 
 1.20040000e+00  5.80105472e-01  1.20040000e+00  5.72693526e-01 
 1.20050000e+00  5.82172750e-01  1.20050000e+00  5.72690196e-01 
 1.20060000e+00  5.84339328e-01  1.20060000e+00  5.72686742e-01 
 1.20070000e+00  5.86612181e-01  1.20070000e+00  5.72683152e-01 
 1.20080000e+00  5.88998758e-01  1.20080000e+00  5.72679418e-01 
 1.20090000e+00  5.91506994e-01  1.20090000e+00  5.72675528e-01 
 1.20100000e+00  5.94145312e-01  1.20100000e+00  5.72671472e-01 
 1.20110000e+00  5.96922611e-01  1.20110000e+00  5.72667237e-01 
 1.20120000e+00  5.99848249e-01  1.20120000e+00  5.72662811e-01 
 1.20130000e+00  6.02932009e-01  1.20130000e+00  5.72658181e-01 
 1.20140000e+00  6.06184048e-01  1.20140000e+00  5.72653331e-01 
 1.20150000e+00  6.09614830e-01  1.20150000e+00  5.72648248e-01 
 1.20160000e+00  6.13235039e-01  1.20160000e+00  5.72642916e-01 
 1.20170000e+00  6.17055470e-01  1.20170000e+00  5.72637320e-01 
 1.20180000e+00  6.21086904e-01  1.20180000e+00  5.72631443e-01 
 1.20190000e+00  6.25339959e-01  1.20190000e+00  5.72625270e-01 
 1.20200000e+00  6.29824932e-01  1.20200000e+00  5.72618784e-01 
 1.20210000e+00  6.34551624e-01  1.20210000e+00  5.72611970e-01 
 1.20220000e+00  6.39529167e-01  1.20220000e+00  5.72604813e-01 
 1.20230000e+00  6.44765849e-01  1.20230000e+00  5.72597297e-01 
 1.20240000e+00  6.50268951e-01  1.20240000e+00  5.72589409e-01 
 1.20250000e+00  6.56044604e-01  1.20250000e+00  5.72581137e-01 
 1.20260000e+00  6.62097668e-01  1.20260000e+00  5.72572468e-01 
 1.20270000e+00  6.68431648e-01  1.20270000e+00  5.72563392e-01 
 1.20280000e+00  6.75048642e-01  1.20280000e+00  5.72553900e-01 
 1.20290000e+00  6.81949324e-01  1.20290000e+00  5.72543985e-01 
 1.20300000e+00  6.89132970e-01  1.20300000e+00  5.72533640e-01 
 1.20310000e+00  6.96597507e-01  1.20310000e+00  5.72522861e-01 
 1.20320000e+00  7.04339598e-01  1.20320000e+00  5.72511644e-01 
 1.20330000e+00  7.12354750e-01  1.20330000e+00  5.72499986e-01 
 1.20340000e+00  7.20637427e-01  1.20340000e+00  5.72487887e-01 
 1.20350000e+00  7.29181186e-01  1.20350000e+00  5.72475346e-01 
 1.20360000e+00  7.37978807e-01  1.20360000e+00  5.72462363e-01 
 1.20370000e+00  7.47022424e-01  1.20370000e+00  5.72448939e-01 
 1.20380000e+00  7.56303653e-01  1.20380000e+00  5.72435076e-01 
 1.20390000e+00  7.65813704e-01  1.20390000e+00  5.72420776e-01 
 1.20400000e+00  7.75543493e-01  1.20400000e+00  5.72406040e-01 
 1.20410000e+00  7.85483730e-01  1.20410000e+00  5.72390870e-01 
 1.20420000e+00  7.95625006e-01  1.20420000e+00  5.72375270e-01 
 1.20430000e+00  8.05957860e-01  1.20430000e+00  5.72359240e-01 
 1.20440000e+00  8.16472838e-01  1.20440000e+00  5.72342784e-01 
 1.20450000e+00  8.27160543e-01  1.20450000e+00  5.72325902e-01 
 1.20460000e+00  8.38011669e-01  1.20460000e+00  5.72308595e-01 
 1.20470000e+00  8.49017035e-01  1.20470000e+00  5.72290866e-01 
 1.20480000e+00  8.60167607e-01  1.20480000e+00  5.72272715e-01 
 1.20490000e+00  8.71454511e-01  1.20490000e+00  5.72254142e-01 
 1.20500000e+00  8.82869048e-01  1.20500000e+00  5.72235147e-01 
 1.20510000e+00  8.94402696e-01  1.20510000e+00  5.72215730e-01 
 1.20520000e+00  9.06047116e-01  1.20520000e+00  5.72195890e-01 
 1.20530000e+00  9.17794149e-01  1.20530000e+00  5.72175625e-01 
 1.20540000e+00  9.29635810e-01  1.20540000e+00  5.72154934e-01 
 1.20550000e+00  9.41564287e-01  1.20550000e+00  5.72133814e-01 
 1.20560000e+00  9.53571933e-01  1.20560000e+00  5.72112262e-01 
 1.20570000e+00  9.65651253e-01  1.20570000e+00  5.72090275e-01 
 1.20580000e+00  9.77794900e-01  1.20580000e+00  5.72067850e-01 
 1.20590000e+00  9.89995658e-01  1.20590000e+00  5.72044981e-01 
 1.20600000e+00  1.00224644e+00  1.20600000e+00  5.72021663e-01 
 1.20610000e+00  1.01454026e+00  1.20610000e+00  5.71997892e-01 
 1.20620000e+00  1.02687024e+00  1.20620000e+00  5.71973661e-01 
 1.20630000e+00  1.03922959e+00  1.20630000e+00  5.71948964e-01 
 1.20640000e+00  1.05161159e+00  1.20640000e+00  5.71923793e-01 
 1.20650000e+00  1.06400958e+00  1.20650000e+00  5.71898141e-01 
 1.20660000e+00  1.07641696e+00  1.20660000e+00  5.71871999e-01 
 1.20670000e+00  1.08882714e+00  1.20670000e+00  5.71845359e-01 
 1.20680000e+00  1.10123357e+00  1.20680000e+00  5.71818210e-01 
 1.20690000e+00  1.11362971e+00  1.20690000e+00  5.71790542e-01 
 1.20700000e+00  1.12600902e+00  1.20700000e+00  5.71762344e-01 
 1.20710000e+00  1.13836491e+00  1.20710000e+00  5.71733605e-01 
 1.20720000e+00  1.15069079e+00  1.20720000e+00  5.71704313e-01 
 1.20730000e+00  1.16298001e+00  1.20730000e+00  5.71674453e-01 
 1.20740000e+00  1.17522585e+00  1.20740000e+00  5.71644012e-01 
 1.20750000e+00  1.18742153e+00  1.20750000e+00  5.71612975e-01 
 1.20760000e+00  1.19956017e+00  1.20760000e+00  5.71581327e-01 
 1.20770000e+00  1.21163478e+00  1.20770000e+00  5.71549050e-01 
 1.20780000e+00  1.22363824e+00  1.20780000e+00  5.71516128e-01 
 1.20790000e+00  1.23556331e+00  1.20790000e+00  5.71482542e-01 
 1.20800000e+00  1.24740259e+00  1.20800000e+00  5.71448272e-01 
 1.20810000e+00  1.25914849e+00  1.20810000e+00  5.71413298e-01 
 1.20820000e+00  1.27079324e+00  1.20820000e+00  5.71377598e-01 
 1.20830000e+00  1.28232889e+00  1.20830000e+00  5.71341148e-01 
 1.20840000e+00  1.29374723e+00  1.20840000e+00  5.71303926e-01 
 1.20850000e+00  1.30503984e+00  1.20850000e+00  5.71265905e-01 
 1.20860000e+00  1.31619803e+00  1.20860000e+00  5.71227058e-01 
 1.20870000e+00  1.32721288e+00  1.20870000e+00  5.71187358e-01 
 1.20880000e+00  1.33807517e+00  1.20880000e+00  5.71146775e-01 
 1.20890000e+00  1.34877543e+00  1.20890000e+00  5.71105279e-01 
 1.20900000e+00  1.35930390e+00  1.20900000e+00  5.71062837e-01 
 1.20910000e+00  1.36965059e+00  1.20910000e+00  5.71019417e-01 
 1.20920000e+00  1.37980525e+00  1.20920000e+00  5.70974983e-01 
 1.20930000e+00  1.38975745e+00  1.20930000e+00  5.70929500e-01 
 1.20940000e+00  1.39949661e+00  1.20940000e+00  5.70882933e-01 
 1.20950000e+00  1.40901208e+00  1.20950000e+00  5.70835245e-01 
 1.20960000e+00  1.41829324e+00  1.20960000e+00  5.70786400e-01 
 1.20970000e+00  1.42732961e+00  1.20970000e+00  5.70736362e-01 
 1.20980000e+00  1.43611102e+00  1.20980000e+00  5.70685098e-01 
 1.20990000e+00  1.44462780e+00  1.20990000e+00  5.70632574e-01 
 1.21000000e+00  1.45287094e+00  1.21000000e+00  5.70578762e-01 
 1.21010000e+00  1.46083238e+00  1.21010000e+00  5.70523638e-01 
 1.21020000e+00  1.46850518e+00  1.21020000e+00  5.70467180e-01 
 1.21030000e+00  1.47588382e+00  1.21030000e+00  5.70409376e-01 
 1.21040000e+00  1.48296437e+00  1.21040000e+00  5.70350218e-01 
 1.21050000e+00  1.48974468e+00  1.21050000e+00  5.70289707e-01 
 1.21060000e+00  1.49622456e+00  1.21060000e+00  5.70227851e-01 
 1.21070000e+00  1.50240577e+00  1.21070000e+00  5.70164669e-01 
 1.21080000e+00  1.50829208e+00  1.21080000e+00  5.70100187e-01 
 1.21090000e+00  1.51388916e+00  1.21090000e+00  5.70034437e-01 
 1.21100000e+00  1.51920444e+00  1.21100000e+00  5.69967461e-01 
 1.21110000e+00  1.52424689e+00  1.21110000e+00  5.69899307e-01 
 1.21120000e+00  1.52902677e+00  1.21120000e+00  5.69830027e-01 
 1.21130000e+00  1.53355536e+00  1.21130000e+00  5.69759677e-01 
 1.21140000e+00  1.53784466e+00  1.21140000e+00  5.69688316e-01 
 1.21150000e+00  1.54190713e+00  1.21150000e+00  5.69616005e-01 
 1.21160000e+00  1.54575543e+00  1.21160000e+00  5.69542805e-01 
 1.21170000e+00  1.54940219e+00  1.21170000e+00  5.69468776e-01 
 1.21180000e+00  1.55285984e+00  1.21180000e+00  5.69393976e-01 
 1.21190000e+00  1.55614046e+00  1.21190000e+00  5.69318463e-01 
 1.21200000e+00  1.55925565e+00  1.21200000e+00  5.69242292e-01 
 1.21210000e+00  1.56221649e+00  1.21210000e+00  5.69165513e-01 
 1.21220000e+00  1.56503343e+00  1.21220000e+00  5.69088175e-01 
 1.21230000e+00  1.56771634e+00  1.21230000e+00  5.69010324e-01 
 1.21240000e+00  1.57027441e+00  1.21240000e+00  5.68932003e-01 
 1.21250000e+00  1.57271624e+00  1.21250000e+00  5.68853251e-01 
 1.21260000e+00  1.57504979e+00  1.21260000e+00  5.68774105e-01 
 1.21270000e+00  1.57728248e+00  1.21270000e+00  5.68694600e-01 
 1.21280000e+00  1.57942113e+00  1.21280000e+00  5.68614766e-01 
 1.21290000e+00  1.58147205e+00  1.21290000e+00  5.68534632e-01 
 1.21300000e+00  1.58344108e+00  1.21300000e+00  5.68454226e-01 
 1.21310000e+00  1.58533359e+00  1.21310000e+00  5.68373571e-01 
 1.21320000e+00  1.58715452e+00  1.21320000e+00  5.68292691e-01 
 1.21330000e+00  1.58890844e+00  1.21330000e+00  5.68211607e-01 
 1.21340000e+00  1.59059956e+00  1.21340000e+00  5.68130337e-01 
 1.21350000e+00  1.59223175e+00  1.21350000e+00  5.68048900e-01 
 1.21360000e+00  1.59380860e+00  1.21360000e+00  5.67967311e-01 
 1.21370000e+00  1.59533341e+00  1.21370000e+00  5.67885587e-01 
 1.21380000e+00  1.59680922e+00  1.21380000e+00  5.67803740e-01 
 1.21390000e+00  1.59823886e+00  1.21390000e+00  5.67721784e-01 
 1.21400000e+00  1.59962494e+00  1.21400000e+00  5.67639731e-01 
 1.21410000e+00  1.60096988e+00  1.21410000e+00  5.67557592e-01 
 1.21420000e+00  1.60227590e+00  1.21420000e+00  5.67475377e-01 
 1.21430000e+00  1.60354511e+00  1.21430000e+00  5.67393096e-01 
 1.21440000e+00  1.60477941e+00  1.21440000e+00  5.67310757e-01 
 1.21450000e+00  1.60598062e+00  1.21450000e+00  5.67228369e-01 
 1.21460000e+00  1.60715039e+00  1.21460000e+00  5.67145939e-01 
 1.21470000e+00  1.60829030e+00  1.21470000e+00  5.67063475e-01 
 1.21480000e+00  1.60940178e+00  1.21480000e+00  5.66980983e-01 
 1.21490000e+00  1.61048619e+00  1.21490000e+00  5.66898470e-01 
 1.21500000e+00  1.61154481e+00  1.21500000e+00  5.66815942e-01 
 1.21510000e+00  1.61257881e+00  1.21510000e+00  5.66733403e-01 
 1.21520000e+00  1.61358931e+00  1.21520000e+00  5.66650859e-01 
 1.21530000e+00  1.61457734e+00  1.21530000e+00  5.66568316e-01 
 1.21540000e+00  1.61554389e+00  1.21540000e+00  5.66485776e-01 
 1.21550000e+00  1.61648986e+00  1.21550000e+00  5.66403246e-01 
 1.21560000e+00  1.61741613e+00  1.21560000e+00  5.66320728e-01 
 1.21570000e+00  1.61832350e+00  1.21570000e+00  5.66238227e-01 
 1.21580000e+00  1.61921274e+00  1.21580000e+00  5.66155746e-01 
 1.21590000e+00  1.62008457e+00  1.21590000e+00  5.66073289e-01 
 1.21600000e+00  1.62093966e+00  1.21600000e+00  5.65990858e-01 
 1.21610000e+00  1.62177867e+00  1.21610000e+00  5.65908457e-01 
 1.21620000e+00  1.62260219e+00  1.21620000e+00  5.65826089e-01 
 1.21630000e+00  1.62341081e+00  1.21630000e+00  5.65743756e-01 
 1.21640000e+00  1.62420505e+00  1.21640000e+00  5.65661461e-01 
 1.21650000e+00  1.62498545e+00  1.21650000e+00  5.65579207e-01 
 1.21660000e+00  1.62575249e+00  1.21660000e+00  5.65496995e-01 
 1.21670000e+00  1.62650663e+00  1.21670000e+00  5.65414829e-01 
 1.21680000e+00  1.62724832e+00  1.21680000e+00  5.65332709e-01 
 1.21690000e+00  1.62797796e+00  1.21690000e+00  5.65250639e-01 
 1.21700000e+00  1.62869597e+00  1.21700000e+00  5.65168619e-01 
 1.21710000e+00  1.62940271e+00  1.21710000e+00  5.65086653e-01 
 1.21720000e+00  1.63009856e+00  1.21720000e+00  5.65004741e-01 
 1.21730000e+00  1.63078384e+00  1.21730000e+00  5.64922886e-01 
 1.21740000e+00  1.63145890e+00  1.21740000e+00  5.64841088e-01 
 1.21750000e+00  1.63212405e+00  1.21750000e+00  5.64759350e-01 
 1.21760000e+00  1.63277957e+00  1.21760000e+00  5.64677673e-01 
 1.21770000e+00  1.63342577e+00  1.21770000e+00  5.64596059e-01 
 1.21780000e+00  1.63406291e+00  1.21780000e+00  5.64514508e-01 
 1.21790000e+00  1.63469125e+00  1.21790000e+00  5.64433022e-01 
 1.21800000e+00  1.63531105e+00  1.21800000e+00  5.64351603e-01 
 1.21810000e+00  1.63592254e+00  1.21810000e+00  5.64270251e-01 
 1.21820000e+00  1.63652596e+00  1.21820000e+00  5.64188968e-01 
 1.21830000e+00  1.63712152e+00  1.21830000e+00  5.64107754e-01 
 1.21840000e+00  1.63770943e+00  1.21840000e+00  5.64026612e-01 
 1.21850000e+00  1.63828990e+00  1.21850000e+00  5.63945541e-01 
 1.21860000e+00  1.63886312e+00  1.21860000e+00  5.63864544e-01 
 1.21870000e+00  1.63942928e+00  1.21870000e+00  5.63783620e-01 
 1.21880000e+00  1.63998856e+00  1.21880000e+00  5.63702771e-01 
 1.21890000e+00  1.64054113e+00  1.21890000e+00  5.63621998e-01 
 1.21900000e+00  1.64108716e+00  1.21900000e+00  5.63541302e-01 
 1.21910000e+00  1.64162681e+00  1.21910000e+00  5.63460683e-01 
 1.21920000e+00  1.64216023e+00  1.21920000e+00  5.63380142e-01 
 1.21930000e+00  1.64268757e+00  1.21930000e+00  5.63299681e-01 
 1.21940000e+00  1.64320898e+00  1.21940000e+00  5.63219299e-01 
 1.21950000e+00  1.64372458e+00  1.21950000e+00  5.63138998e-01 
 1.21960000e+00  1.64423453e+00  1.21960000e+00  5.63058778e-01 
 1.21970000e+00  1.64473893e+00  1.21970000e+00  5.62978640e-01 
 1.21980000e+00  1.64523793e+00  1.21980000e+00  5.62898584e-01 
 1.21990000e+00  1.64573163e+00  1.21990000e+00  5.62818612e-01 
 1.22000000e+00  1.64622016e+00  1.22000000e+00  5.62738724e-01 
 1.22010000e+00  1.64670362e+00  1.22010000e+00  5.62658921e-01 
 1.22020000e+00  1.64718213e+00  1.22020000e+00  5.62579202e-01 
 1.22030000e+00  1.64765579e+00  1.22030000e+00  5.62499570e-01 
 1.22040000e+00  1.64812469e+00  1.22040000e+00  5.62420023e-01 
 1.22050000e+00  1.64858895e+00  1.22050000e+00  5.62340564e-01 
 1.22060000e+00  1.64904864e+00  1.22060000e+00  5.62261192e-01 
 1.22070000e+00  1.64950388e+00  1.22070000e+00  5.62181908e-01 
 1.22080000e+00  1.64995473e+00  1.22080000e+00  5.62102712e-01 
 1.22090000e+00  1.65040130e+00  1.22090000e+00  5.62023605e-01 
 1.22100000e+00  1.65084366e+00  1.22100000e+00  5.61944588e-01 
 1.22110000e+00  1.65128189e+00  1.22110000e+00  5.61865660e-01 
 1.22120000e+00  1.65171608e+00  1.22120000e+00  5.61786823e-01 
 1.22130000e+00  1.65214631e+00  1.22130000e+00  5.61708076e-01 
 1.22140000e+00  1.65257263e+00  1.22140000e+00  5.61629421e-01 
 1.22150000e+00  1.65299513e+00  1.22150000e+00  5.61550857e-01 
 1.22160000e+00  1.65341388e+00  1.22160000e+00  5.61472386e-01 
 1.22170000e+00  1.65382895e+00  1.22170000e+00  5.61394006e-01 
 1.22180000e+00  1.65424039e+00  1.22180000e+00  5.61315720e-01 
 1.22190000e+00  1.65464828e+00  1.22190000e+00  5.61237527e-01 
 1.22200000e+00  1.65505268e+00  1.22200000e+00  5.61159427e-01 
 1.22210000e+00  1.65545365e+00  1.22210000e+00  5.61081422e-01 
 1.22220000e+00  1.65585124e+00  1.22220000e+00  5.61003510e-01 
 1.22230000e+00  1.65624552e+00  1.22230000e+00  5.60925694e-01 
 1.22240000e+00  1.65663654e+00  1.22240000e+00  5.60847972e-01 
 1.22250000e+00  1.65702435e+00  1.22250000e+00  5.60770346e-01 
 1.22260000e+00  1.65740901e+00  1.22260000e+00  5.60692815e-01 
 1.22270000e+00  1.65779058e+00  1.22270000e+00  5.60615380e-01 
 1.22280000e+00  1.65816909e+00  1.22280000e+00  5.60538042e-01 
 1.22290000e+00  1.65854460e+00  1.22290000e+00  5.60460800e-01 
 1.22300000e+00  1.65891716e+00  1.22300000e+00  5.60383655e-01 
 1.22310000e+00  1.65928682e+00  1.22310000e+00  5.60306607e-01 
 1.22320000e+00  1.65965361e+00  1.22320000e+00  5.60229657e-01 
 1.22330000e+00  1.66001759e+00  1.22330000e+00  5.60152804e-01 
 1.22340000e+00  1.66037879e+00  1.22340000e+00  5.60076049e-01 
 1.22350000e+00  1.66073727e+00  1.22350000e+00  5.59999393e-01 
 1.22360000e+00  1.66109305e+00  1.22360000e+00  5.59922835e-01 
 1.22370000e+00  1.66144618e+00  1.22370000e+00  5.59846376e-01 
 1.22380000e+00  1.66179671e+00  1.22380000e+00  5.59770016e-01 
 1.22390000e+00  1.66214466e+00  1.22390000e+00  5.59693755e-01 
 1.22400000e+00  1.66249008e+00  1.22400000e+00  5.59617594e-01 
 1.22410000e+00  1.66283300e+00  1.22410000e+00  5.59541532e-01 
 1.22420000e+00  1.66317346e+00  1.22420000e+00  5.59465571e-01 
 1.22430000e+00  1.66351149e+00  1.22430000e+00  5.59389709e-01 
 1.22440000e+00  1.66384712e+00  1.22440000e+00  5.59313949e-01 
 1.22450000e+00  1.66418040e+00  1.22450000e+00  5.59238288e-01 
 1.22460000e+00  1.66451135e+00  1.22460000e+00  5.59162729e-01 
 1.22470000e+00  1.66484001e+00  1.22470000e+00  5.59087270e-01 
 1.22480000e+00  1.66516640e+00  1.22480000e+00  5.59011913e-01 
 1.22490000e+00  1.66549056e+00  1.22490000e+00  5.58936657e-01 
 1.22500000e+00  1.66581252e+00  1.22500000e+00  5.58861503e-01 
 1.22510000e+00  1.66613230e+00  1.22510000e+00  5.58786451e-01 
 1.22520000e+00  1.66644993e+00  1.22520000e+00  5.58711500e-01 
 1.22530000e+00  1.66676545e+00  1.22530000e+00  5.58636652e-01 
 1.22540000e+00  1.66707888e+00  1.22540000e+00  5.58561906e-01 
 1.22550000e+00  1.66739025e+00  1.22550000e+00  5.58487263e-01 
 1.22560000e+00  1.66769957e+00  1.22560000e+00  5.58412722e-01 
 1.22570000e+00  1.66800689e+00  1.22570000e+00  5.58338285e-01 
 1.22580000e+00  1.66831222e+00  1.22580000e+00  5.58263950e-01 
 1.22590000e+00  1.66861559e+00  1.22590000e+00  5.58189718e-01 
 1.22600000e+00  1.66891703e+00  1.22600000e+00  5.58115590e-01 
 1.22610000e+00  1.66921655e+00  1.22610000e+00  5.58041565e-01 
 1.22620000e+00  1.66951418e+00  1.22620000e+00  5.57967644e-01 
 1.22630000e+00  1.66980994e+00  1.22630000e+00  5.57893826e-01 
 1.22640000e+00  1.67010386e+00  1.22640000e+00  5.57820113e-01 
 1.22650000e+00  1.67039596e+00  1.22650000e+00  5.57746503e-01 
 1.22660000e+00  1.67068626e+00  1.22660000e+00  5.57672998e-01 
 1.22670000e+00  1.67097477e+00  1.22670000e+00  5.57599597e-01 
 1.22680000e+00  1.67126153e+00  1.22680000e+00  5.57526300e-01 
 1.22690000e+00  1.67154655e+00  1.22690000e+00  5.57453108e-01 
 1.22700000e+00  1.67182985e+00  1.22700000e+00  5.57380020e-01 
 1.22710000e+00  1.67211146e+00  1.22710000e+00  5.57307038e-01 
 1.22720000e+00  1.67239138e+00  1.22720000e+00  5.57234160e-01 
 1.22730000e+00  1.67266964e+00  1.22730000e+00  5.57161387e-01 
 1.22740000e+00  1.67294626e+00  1.22740000e+00  5.57088719e-01 
 1.22750000e+00  1.67322126e+00  1.22750000e+00  5.57016157e-01 
 1.22760000e+00  1.67349465e+00  1.22760000e+00  5.56943699e-01 
 1.22770000e+00  1.67376645e+00  1.22770000e+00  5.56871348e-01 
 1.22780000e+00  1.67403668e+00  1.22780000e+00  5.56799101e-01 
 1.22790000e+00  1.67430535e+00  1.22790000e+00  5.56726961e-01 
 1.22800000e+00  1.67457249e+00  1.22800000e+00  5.56654926e-01 
 1.22810000e+00  1.67483811e+00  1.22810000e+00  5.56582996e-01 
 1.22820000e+00  1.67510222e+00  1.22820000e+00  5.56511173e-01 
 1.22830000e+00  1.67536484e+00  1.22830000e+00  5.56439456e-01 
 1.22840000e+00  1.67562599e+00  1.22840000e+00  5.56367844e-01 
 1.22850000e+00  1.67588568e+00  1.22850000e+00  5.56296339e-01 
 1.22860000e+00  1.67614393e+00  1.22860000e+00  5.56224940e-01 
 1.22870000e+00  1.67640075e+00  1.22870000e+00  5.56153647e-01 
 1.22880000e+00  1.67665616e+00  1.22880000e+00  5.56082461e-01 
 1.22890000e+00  1.67691016e+00  1.22890000e+00  5.56011381e-01 
 1.22900000e+00  1.67716278e+00  1.22900000e+00  5.55940408e-01 
 1.22910000e+00  1.67741403e+00  1.22910000e+00  5.55869541e-01 
 1.22920000e+00  1.67766392e+00  1.22920000e+00  5.55798780e-01 
 1.22930000e+00  1.67791247e+00  1.22930000e+00  5.55728126e-01 
 1.22940000e+00  1.67815969e+00  1.22940000e+00  5.55657579e-01 
 1.22950000e+00  1.67840558e+00  1.22950000e+00  5.55587139e-01 
 1.22960000e+00  1.67865017e+00  1.22960000e+00  5.55516806e-01 
 1.22970000e+00  1.67889347e+00  1.22970000e+00  5.55446579e-01 
 1.22980000e+00  1.67913549e+00  1.22980000e+00  5.55376459e-01 
 1.22990000e+00  1.67937624e+00  1.22990000e+00  5.55306447e-01 
 1.23000000e+00  1.67961573e+00  1.23000000e+00  5.55236541e-01 
 1.23010000e+00  1.67985398e+00  1.23010000e+00  5.55166742e-01 
 1.23020000e+00  1.68009100e+00  1.23020000e+00  5.55097051e-01 
 1.23030000e+00  1.68032679e+00  1.23030000e+00  5.55027466e-01 
 1.23040000e+00  1.68056137e+00  1.23040000e+00  5.54957989e-01 
 1.23050000e+00  1.68079476e+00  1.23050000e+00  5.54888619e-01 
 1.23060000e+00  1.68102696e+00  1.23060000e+00  5.54819356e-01 
 1.23070000e+00  1.68125798e+00  1.23070000e+00  5.54750200e-01 
 1.23080000e+00  1.68148783e+00  1.23080000e+00  5.54681152e-01 
 1.23090000e+00  1.68171653e+00  1.23090000e+00  5.54612211e-01 
 1.23100000e+00  1.68194408e+00  1.23100000e+00  5.54543377e-01 
 1.23110000e+00  1.68217050e+00  1.23110000e+00  5.54474651e-01 
 1.23120000e+00  1.68239579e+00  1.23120000e+00  5.54406032e-01 
 1.23130000e+00  1.68261996e+00  1.23130000e+00  5.54337520e-01 
 1.23140000e+00  1.68284303e+00  1.23140000e+00  5.54269116e-01 
 1.23150000e+00  1.68306501e+00  1.23150000e+00  5.54200819e-01 
 1.23160000e+00  1.68328589e+00  1.23160000e+00  5.54132630e-01 
 1.23170000e+00  1.68350570e+00  1.23170000e+00  5.54064548e-01 
 1.23180000e+00  1.68372444e+00  1.23180000e+00  5.53996573e-01 
 1.23190000e+00  1.68394213e+00  1.23190000e+00  5.53928706e-01 
 1.23200000e+00  1.68415876e+00  1.23200000e+00  5.53860947e-01 
 1.23210000e+00  1.68437435e+00  1.23210000e+00  5.53793295e-01 
 1.23220000e+00  1.68458891e+00  1.23220000e+00  5.53725750e-01 
 1.23230000e+00  1.68480245e+00  1.23230000e+00  5.53658312e-01 
 1.23240000e+00  1.68501497e+00  1.23240000e+00  5.53590983e-01 
 1.23250000e+00  1.68522648e+00  1.23250000e+00  5.53523760e-01 
 1.23260000e+00  1.68543700e+00  1.23260000e+00  5.53456645e-01 
 1.23270000e+00  1.68564652e+00  1.23270000e+00  5.53389638e-01 
 1.23280000e+00  1.68585507e+00  1.23280000e+00  5.53322737e-01 
 1.23290000e+00  1.68606264e+00  1.23290000e+00  5.53255945e-01 
 1.23300000e+00  1.68626924e+00  1.23300000e+00  5.53189259e-01 
 1.23310000e+00  1.68647488e+00  1.23310000e+00  5.53122681e-01 
 1.23320000e+00  1.68667958e+00  1.23320000e+00  5.53056210e-01 
 1.23330000e+00  1.68688333e+00  1.23330000e+00  5.52989847e-01 
 1.23340000e+00  1.68708614e+00  1.23340000e+00  5.52923591e-01 
 1.23350000e+00  1.68728803e+00  1.23350000e+00  5.52857442e-01 
 1.23360000e+00  1.68748899e+00  1.23360000e+00  5.52791401e-01 
 1.23370000e+00  1.68768904e+00  1.23370000e+00  5.52725466e-01 
 1.23380000e+00  1.68788818e+00  1.23380000e+00  5.52659639e-01 
 1.23390000e+00  1.68808643e+00  1.23390000e+00  5.52593919e-01 
 1.23400000e+00  1.68828378e+00  1.23400000e+00  5.52528307e-01 
 1.23410000e+00  1.68848024e+00  1.23410000e+00  5.52462801e-01 
 1.23420000e+00  1.68867582e+00  1.23420000e+00  5.52397402e-01 
 1.23430000e+00  1.68887054e+00  1.23430000e+00  5.52332111e-01 
 1.23440000e+00  1.68906438e+00  1.23440000e+00  5.52266926e-01 
 1.23450000e+00  1.68925737e+00  1.23450000e+00  5.52201849e-01 
 1.23460000e+00  1.68944950e+00  1.23460000e+00  5.52136878e-01 
 1.23470000e+00  1.68964079e+00  1.23470000e+00  5.52072014e-01 
 1.23480000e+00  1.68983123e+00  1.23480000e+00  5.52007257e-01 
 1.23490000e+00  1.69002084e+00  1.23490000e+00  5.51942607e-01 
 1.23500000e+00  1.69020963e+00  1.23500000e+00  5.51878064e-01 
 1.23510000e+00  1.69039759e+00  1.23510000e+00  5.51813627e-01 
 1.23520000e+00  1.69058473e+00  1.23520000e+00  5.51749297e-01 
 1.23530000e+00  1.69077107e+00  1.23530000e+00  5.51685074e-01 
 1.23540000e+00  1.69095660e+00  1.23540000e+00  5.51620957e-01 
 1.23550000e+00  1.69114133e+00  1.23550000e+00  5.51556947e-01 
 1.23560000e+00  1.69132527e+00  1.23560000e+00  5.51493043e-01 
 1.23570000e+00  1.69150842e+00  1.23570000e+00  5.51429246e-01 
 1.23580000e+00  1.69169080e+00  1.23580000e+00  5.51365555e-01 
 1.23590000e+00  1.69187239e+00  1.23590000e+00  5.51301970e-01 
 1.23600000e+00  1.69205322e+00  1.23600000e+00  5.51238491e-01 
 1.23610000e+00  1.69223328e+00  1.23610000e+00  5.51175119e-01 
 1.23620000e+00  1.69241258e+00  1.23620000e+00  5.51111853e-01 
 1.23630000e+00  1.69259112e+00  1.23630000e+00  5.51048692e-01 
 1.23640000e+00  1.69276892e+00  1.23640000e+00  5.50985638e-01 
 1.23650000e+00  1.69294597e+00  1.23650000e+00  5.50922690e-01 
 1.23660000e+00  1.69312229e+00  1.23660000e+00  5.50859847e-01 
 1.23670000e+00  1.69329787e+00  1.23670000e+00  5.50797110e-01 
 1.23680000e+00  1.69347272e+00  1.23680000e+00  5.50734479e-01 
 1.23690000e+00  1.69364685e+00  1.23690000e+00  5.50671953e-01 
 1.23700000e+00  1.69382026e+00  1.23700000e+00  5.50609534e-01 
 1.23710000e+00  1.69399296e+00  1.23710000e+00  5.50547219e-01 
 1.23720000e+00  1.69416495e+00  1.23720000e+00  5.50485010e-01 
 1.23730000e+00  1.69433623e+00  1.23730000e+00  5.50422906e-01 
 1.23740000e+00  1.69450681e+00  1.23740000e+00  5.50360908e-01 
 1.23750000e+00  1.69467670e+00  1.23750000e+00  5.50299014e-01 
 1.23760000e+00  1.69484590e+00  1.23760000e+00  5.50237226e-01 
 1.23770000e+00  1.69501441e+00  1.23770000e+00  5.50175543e-01 
 1.23780000e+00  1.69518224e+00  1.23780000e+00  5.50113965e-01 
 1.23790000e+00  1.69534940e+00  1.23790000e+00  5.50052491e-01 
 1.23800000e+00  1.69551588e+00  1.23800000e+00  5.49991123e-01 
 1.23810000e+00  1.69568169e+00  1.23810000e+00  5.49929859e-01 
 1.23820000e+00  1.69584684e+00  1.23820000e+00  5.49868699e-01 
 1.23830000e+00  1.69601134e+00  1.23830000e+00  5.49807644e-01 
 1.23840000e+00  1.69617517e+00  1.23840000e+00  5.49746694e-01 
 1.23850000e+00  1.69633836e+00  1.23850000e+00  5.49685848e-01 
 1.23860000e+00  1.69650090e+00  1.23860000e+00  5.49625106e-01 
 1.23870000e+00  1.69666280e+00  1.23870000e+00  5.49564468e-01 
 1.23880000e+00  1.69682405e+00  1.23880000e+00  5.49503934e-01 
 1.23890000e+00  1.69698468e+00  1.23890000e+00  5.49443504e-01 
 1.23900000e+00  1.69714467e+00  1.23900000e+00  5.49383178e-01 
 1.23910000e+00  1.69730404e+00  1.23910000e+00  5.49322956e-01 
 1.23920000e+00  1.69746278e+00  1.23920000e+00  5.49262838e-01 
 1.23930000e+00  1.69762091e+00  1.23930000e+00  5.49202823e-01 
 1.23940000e+00  1.69777842e+00  1.23940000e+00  5.49142911e-01 
 1.23950000e+00  1.69793533e+00  1.23950000e+00  5.49083103e-01 
 1.23960000e+00  1.69809162e+00  1.23960000e+00  5.49023398e-01 
 1.23970000e+00  1.69824731e+00  1.23970000e+00  5.48963797e-01 
 1.23980000e+00  1.69840240e+00  1.23980000e+00  5.48904298e-01 
 1.23990000e+00  1.69855690e+00  1.23990000e+00  5.48844902e-01 
 1.24000000e+00  1.69871080e+00  1.24000000e+00  5.48785610e-01 
 1.24010000e+00  1.69886412e+00  1.24010000e+00  5.48726420e-01 
 1.24020000e+00  1.69901685e+00  1.24020000e+00  5.48667332e-01 
 1.24030000e+00  1.69916900e+00  1.24030000e+00  5.48608347e-01 
 1.24040000e+00  1.69932057e+00  1.24040000e+00  5.48549465e-01 
 1.24050000e+00  1.69947156e+00  1.24050000e+00  5.48490685e-01 
 1.24060000e+00  1.69962199e+00  1.24060000e+00  5.48432007e-01 
 1.24070000e+00  1.69977184e+00  1.24070000e+00  5.48373431e-01 
 1.24080000e+00  1.69992114e+00  1.24080000e+00  5.48314957e-01 
 1.24090000e+00  1.70006987e+00  1.24090000e+00  5.48256585e-01 
 1.24100000e+00  1.70021805e+00  1.24100000e+00  5.48198315e-01 
 1.24110000e+00  1.70036567e+00  1.24110000e+00  5.48140146e-01 
 1.24120000e+00  1.70051274e+00  1.24120000e+00  5.48082079e-01 
 1.24130000e+00  1.70065926e+00  1.24130000e+00  5.48024114e-01 
 1.24140000e+00  1.70080524e+00  1.24140000e+00  5.47966249e-01 
 1.24150000e+00  1.70095067e+00  1.24150000e+00  5.47908486e-01 
 1.24160000e+00  1.70109557e+00  1.24160000e+00  5.47850824e-01 
 1.24170000e+00  1.70123993e+00  1.24170000e+00  5.47793263e-01 
 1.24180000e+00  1.70138377e+00  1.24180000e+00  5.47735803e-01 
 1.24190000e+00  1.70152707e+00  1.24190000e+00  5.47678443e-01 
 1.24200000e+00  1.70166985e+00  1.24200000e+00  5.47621184e-01 
 1.24210000e+00  1.70181210e+00  1.24210000e+00  5.47564025e-01 
 1.24220000e+00  1.70195383e+00  1.24220000e+00  5.47506967e-01 
 1.24230000e+00  1.70209505e+00  1.24230000e+00  5.47450009e-01 
 1.24240000e+00  1.70223576e+00  1.24240000e+00  5.47393151e-01 
 1.24250000e+00  1.70237595e+00  1.24250000e+00  5.47336393e-01 
 1.24260000e+00  1.70251563e+00  1.24260000e+00  5.47279735e-01 
 1.24270000e+00  1.70265481e+00  1.24270000e+00  5.47223177e-01 
 1.24280000e+00  1.70279349e+00  1.24280000e+00  5.47166718e-01 
 1.24290000e+00  1.70293167e+00  1.24290000e+00  5.47110358e-01 
 1.24300000e+00  1.70306935e+00  1.24300000e+00  5.47054098e-01 
 1.24310000e+00  1.70320654e+00  1.24310000e+00  5.46997937e-01 
 1.24320000e+00  1.70334323e+00  1.24320000e+00  5.46941876e-01 
 1.24330000e+00  1.70347944e+00  1.24330000e+00  5.46885913e-01 
 1.24340000e+00  1.70361516e+00  1.24340000e+00  5.46830049e-01 
 1.24350000e+00  1.70375040e+00  1.24350000e+00  5.46774283e-01 
 1.24360000e+00  1.70388516e+00  1.24360000e+00  5.46718616e-01 
 1.24370000e+00  1.70401944e+00  1.24370000e+00  5.46663048e-01 
 1.24380000e+00  1.70415325e+00  1.24380000e+00  5.46607578e-01 
 1.24390000e+00  1.70428658e+00  1.24390000e+00  5.46552206e-01 
 1.24400000e+00  1.70441945e+00  1.24400000e+00  5.46496932e-01 
 1.24410000e+00  1.70455184e+00  1.24410000e+00  5.46441756e-01 
 1.24420000e+00  1.70468377e+00  1.24420000e+00  5.46386677e-01 
 1.24430000e+00  1.70481524e+00  1.24430000e+00  5.46331697e-01 
 1.24440000e+00  1.70494625e+00  1.24440000e+00  5.46276813e-01 
 1.24450000e+00  1.70507681e+00  1.24450000e+00  5.46222027e-01 
 1.24460000e+00  1.70520690e+00  1.24460000e+00  5.46167339e-01 
 1.24470000e+00  1.70533655e+00  1.24470000e+00  5.46112747e-01 
 1.24480000e+00  1.70546574e+00  1.24480000e+00  5.46058252e-01 
 1.24490000e+00  1.70559449e+00  1.24490000e+00  5.46003854e-01 
 1.24500000e+00  1.70572279e+00  1.24500000e+00  5.45949553e-01 
 1.24510000e+00  1.70585065e+00  1.24510000e+00  5.45895348e-01 
 1.24520000e+00  1.70597807e+00  1.24520000e+00  5.45841240e-01 
 1.24530000e+00  1.70610505e+00  1.24530000e+00  5.45787227e-01 
 1.24540000e+00  1.70623160e+00  1.24540000e+00  5.45733311e-01 
 1.24550000e+00  1.70635771e+00  1.24550000e+00  5.45679491e-01 
 1.24560000e+00  1.70648339e+00  1.24560000e+00  5.45625766e-01 
 1.24570000e+00  1.70660864e+00  1.24570000e+00  5.45572138e-01 
 1.24580000e+00  1.70673347e+00  1.24580000e+00  5.45518604e-01 
 1.24590000e+00  1.70685787e+00  1.24590000e+00  5.45465166e-01 
 1.24600000e+00  1.70698185e+00  1.24600000e+00  5.45411824e-01 
 1.24610000e+00  1.70710541e+00  1.24610000e+00  5.45358576e-01 
 1.24620000e+00  1.70722855e+00  1.24620000e+00  5.45305423e-01 
 1.24630000e+00  1.70735127e+00  1.24630000e+00  5.45252366e-01 
 1.24640000e+00  1.70747358e+00  1.24640000e+00  5.45199402e-01 
 1.24650000e+00  1.70759548e+00  1.24650000e+00  5.45146534e-01 
 1.24660000e+00  1.70771697e+00  1.24660000e+00  5.45093759e-01 
 1.24670000e+00  1.70783805e+00  1.24670000e+00  5.45041079e-01 
 1.24680000e+00  1.70795873e+00  1.24680000e+00  5.44988493e-01 
 1.24690000e+00  1.70807900e+00  1.24690000e+00  5.44936001e-01 
 1.24700000e+00  1.70819888e+00  1.24700000e+00  5.44883602e-01 
 1.24710000e+00  1.70831835e+00  1.24710000e+00  5.44831297e-01 
 1.24720000e+00  1.70843743e+00  1.24720000e+00  5.44779086e-01 
 1.24730000e+00  1.70855611e+00  1.24730000e+00  5.44726968e-01 
 1.24740000e+00  1.70867440e+00  1.24740000e+00  5.44674943e-01 
 1.24750000e+00  1.70879230e+00  1.24750000e+00  5.44623011e-01 
 1.24760000e+00  1.70890981e+00  1.24760000e+00  5.44571172e-01 
 1.24770000e+00  1.70902693e+00  1.24770000e+00  5.44519426e-01 
 1.24780000e+00  1.70914367e+00  1.24780000e+00  5.44467772e-01 
 1.24790000e+00  1.70926002e+00  1.24790000e+00  5.44416211e-01 
 1.24800000e+00  1.70937599e+00  1.24800000e+00  5.44364742e-01 
 1.24810000e+00  1.70949158e+00  1.24810000e+00  5.44313365e-01 
 1.24820000e+00  1.70960680e+00  1.24820000e+00  5.44262080e-01 
 1.24830000e+00  1.70972164e+00  1.24830000e+00  5.44210887e-01 
 1.24840000e+00  1.70983610e+00  1.24840000e+00  5.44159786e-01 
 1.24850000e+00  1.70995019e+00  1.24850000e+00  5.44108776e-01 
 1.24860000e+00  1.71006392e+00  1.24860000e+00  5.44057857e-01 
 1.24870000e+00  1.71017727e+00  1.24870000e+00  5.44007030e-01 
 1.24880000e+00  1.71029026e+00  1.24880000e+00  5.43956294e-01 
 1.24890000e+00  1.71040288e+00  1.24890000e+00  5.43905649e-01 
 1.24900000e+00  1.71051514e+00  1.24900000e+00  5.43855094e-01 
 1.24910000e+00  1.71062704e+00  1.24910000e+00  5.43804630e-01 
 1.24920000e+00  1.71073858e+00  1.24920000e+00  5.43754257e-01 
 1.24930000e+00  1.71084976e+00  1.24930000e+00  5.43703973e-01 
 1.24940000e+00  1.71096059e+00  1.24940000e+00  5.43653780e-01 
 1.24950000e+00  1.71107106e+00  1.24950000e+00  5.43603677e-01 
 1.24960000e+00  1.71118118e+00  1.24960000e+00  5.43553664e-01 
 1.24970000e+00  1.71129095e+00  1.24970000e+00  5.43503740e-01 
 1.24980000e+00  1.71140036e+00  1.24980000e+00  5.43453906e-01 
 1.24990000e+00  1.71150944e+00  1.24990000e+00  5.43404162e-01 
 1.25000000e+00  1.71161816e+00  1.25000000e+00  5.43354506e-01 
