 1.15000000e+00  4.83981722e-01  1.15000000e+00  5.54142507e-01 
 1.15010000e+00  4.84094367e-01  1.15010000e+00  5.54141605e-01 
 1.15020000e+00  4.84207114e-01  1.15020000e+00  5.54140703e-01 
 1.15030000e+00  4.84319885e-01  1.15030000e+00  5.54139801e-01 
 1.15040000e+00  4.84432707e-01  1.15040000e+00  5.54138900e-01 
 1.15050000e+00  4.84545581e-01  1.15050000e+00  5.54137999e-01 
 1.15060000e+00  4.84658505e-01  1.15060000e+00  5.54137099e-01 
 1.15070000e+00  4.84771481e-01  1.15070000e+00  5.54136198e-01 
 1.15080000e+00  4.84884507e-01  1.15080000e+00  5.54135298e-01 
 1.15090000e+00  4.84997586e-01  1.15090000e+00  5.54134399e-01 
 1.15100000e+00  4.85110716e-01  1.15100000e+00  5.54133499e-01 
 1.15110000e+00  4.85223897e-01  1.15110000e+00  5.54132600e-01 
 1.15120000e+00  4.85337130e-01  1.15120000e+00  5.54131701e-01 
 1.15130000e+00  4.85450416e-01  1.15130000e+00  5.54130802e-01 
 1.15140000e+00  4.85563753e-01  1.15140000e+00  5.54129904e-01 
 1.15150000e+00  4.85677143e-01  1.15150000e+00  5.54129006e-01 
 1.15160000e+00  4.85790585e-01  1.15160000e+00  5.54128108e-01 
 1.15170000e+00  4.85904080e-01  1.15170000e+00  5.54127211e-01 
 1.15180000e+00  4.86017627e-01  1.15180000e+00  5.54126314e-01 
 1.15190000e+00  4.86131227e-01  1.15190000e+00  5.54125417e-01 
 1.15200000e+00  4.86244880e-01  1.15200000e+00  5.54124520e-01 
 1.15210000e+00  4.86358587e-01  1.15210000e+00  5.54123624e-01 
 1.15220000e+00  4.86472346e-01  1.15220000e+00  5.54122728e-01 
 1.15230000e+00  4.86586159e-01  1.15230000e+00  5.54121832e-01 
 1.15240000e+00  4.86700025e-01  1.15240000e+00  5.54120937e-01 
 1.15250000e+00  4.86813945e-01  1.15250000e+00  5.54120042e-01 
 1.15260000e+00  4.86927919e-01  1.15260000e+00  5.54119147e-01 
 1.15270000e+00  4.87041946e-01  1.15270000e+00  5.54118252e-01 
 1.15280000e+00  4.87156028e-01  1.15280000e+00  5.54117358e-01 
 1.15290000e+00  4.87270164e-01  1.15290000e+00  5.54116464e-01 
 1.15300000e+00  4.87384354e-01  1.15300000e+00  5.54115570e-01 
 1.15310000e+00  4.87498599e-01  1.15310000e+00  5.54114677e-01 
 1.15320000e+00  4.87612899e-01  1.15320000e+00  5.54113784e-01 
 1.15330000e+00  4.87727253e-01  1.15330000e+00  5.54112891e-01 
 1.15340000e+00  4.87841662e-01  1.15340000e+00  5.54111999e-01 
 1.15350000e+00  4.87956127e-01  1.15350000e+00  5.54111106e-01 
 1.15360000e+00  4.88070646e-01  1.15360000e+00  5.54110214e-01 
 1.15370000e+00  4.88185222e-01  1.15370000e+00  5.54109323e-01 
 1.15380000e+00  4.88299852e-01  1.15380000e+00  5.54108431e-01 
 1.15390000e+00  4.88414539e-01  1.15390000e+00  5.54107540e-01 
 1.15400000e+00  4.88529281e-01  1.15400000e+00  5.54106650e-01 
 1.15410000e+00  4.88644079e-01  1.15410000e+00  5.54105759e-01 
 1.15420000e+00  4.88758934e-01  1.15420000e+00  5.54104869e-01 
 1.15430000e+00  4.88873844e-01  1.15430000e+00  5.54103979e-01 
 1.15440000e+00  4.88988812e-01  1.15440000e+00  5.54103090e-01 
 1.15450000e+00  4.89103836e-01  1.15450000e+00  5.54102200e-01 
 1.15460000e+00  4.89218916e-01  1.15460000e+00  5.54101311e-01 
 1.15470000e+00  4.89334054e-01  1.15470000e+00  5.54100423e-01 
 1.15480000e+00  4.89449249e-01  1.15480000e+00  5.54099534e-01 
 1.15490000e+00  4.89564501e-01  1.15490000e+00  5.54098646e-01 
 1.15500000e+00  4.89679811e-01  1.15500000e+00  5.54097758e-01 
 1.15510000e+00  4.89795178e-01  1.15510000e+00  5.54096871e-01 
 1.15520000e+00  4.89910603e-01  1.15520000e+00  5.54095984e-01 
 1.15530000e+00  4.90026086e-01  1.15530000e+00  5.54095097e-01 
 1.15540000e+00  4.90141627e-01  1.15540000e+00  5.54094210e-01 
 1.15550000e+00  4.90257226e-01  1.15550000e+00  5.54093324e-01 
 1.15560000e+00  4.90372884e-01  1.15560000e+00  5.54092438e-01 
 1.15570000e+00  4.90488600e-01  1.15570000e+00  5.54091552e-01 
 1.15580000e+00  4.90604375e-01  1.15580000e+00  5.54090666e-01 
 1.15590000e+00  4.90720209e-01  1.15590000e+00  5.54089781e-01 
 1.15600000e+00  4.90836102e-01  1.15600000e+00  5.54088896e-01 
 1.15610000e+00  4.90952054e-01  1.15610000e+00  5.54088012e-01 
 1.15620000e+00  4.91068066e-01  1.15620000e+00  5.54087128e-01 
 1.15630000e+00  4.91184138e-01  1.15630000e+00  5.54086244e-01 
 1.15640000e+00  4.91300269e-01  1.15640000e+00  5.54085360e-01 
 1.15650000e+00  4.91416460e-01  1.15650000e+00  5.54084477e-01 
 1.15660000e+00  4.91532711e-01  1.15660000e+00  5.54083593e-01 
 1.15670000e+00  4.91649023e-01  1.15670000e+00  5.54082711e-01 
 1.15680000e+00  4.91765395e-01  1.15680000e+00  5.54081828e-01 
 1.15690000e+00  4.91881828e-01  1.15690000e+00  5.54080946e-01 
 1.15700000e+00  4.91998322e-01  1.15700000e+00  5.54080064e-01 
 1.15710000e+00  4.92114876e-01  1.15710000e+00  5.54079183e-01 
 1.15720000e+00  4.92231492e-01  1.15720000e+00  5.54078301e-01 
 1.15730000e+00  4.92348169e-01  1.15730000e+00  5.54077420e-01 
 1.15740000e+00  4.92464908e-01  1.15740000e+00  5.54076540e-01 
 1.15750000e+00  4.92581709e-01  1.15750000e+00  5.54075659e-01 
 1.15760000e+00  4.92698571e-01  1.15760000e+00  5.54074779e-01 
 1.15770000e+00  4.92815496e-01  1.15770000e+00  5.54073899e-01 
 1.15780000e+00  4.92932483e-01  1.15780000e+00  5.54073020e-01 
 1.15790000e+00  4.93049532e-01  1.15790000e+00  5.54072140e-01 
 1.15800000e+00  4.93166645e-01  1.15800000e+00  5.54071262e-01 
 1.15810000e+00  4.93283820e-01  1.15810000e+00  5.54070383e-01 
 1.15820000e+00  4.93401058e-01  1.15820000e+00  5.54069505e-01 
 1.15830000e+00  4.93518359e-01  1.15830000e+00  5.54068627e-01 
 1.15840000e+00  4.93635724e-01  1.15840000e+00  5.54067749e-01 
 1.15850000e+00  4.93753152e-01  1.15850000e+00  5.54066871e-01 
 1.15860000e+00  4.93870645e-01  1.15860000e+00  5.54065994e-01 
 1.15870000e+00  4.93988201e-01  1.15870000e+00  5.54065117e-01 
 1.15880000e+00  4.94105821e-01  1.15880000e+00  5.54064241e-01 
 1.15890000e+00  4.94223506e-01  1.15890000e+00  5.54063365e-01 
 1.15900000e+00  4.94341256e-01  1.15900000e+00  5.54062489e-01 
 1.15910000e+00  4.94459070e-01  1.15910000e+00  5.54061613e-01 
 1.15920000e+00  4.94576950e-01  1.15920000e+00  5.54060738e-01 
 1.15930000e+00  4.94694894e-01  1.15930000e+00  5.54059863e-01 
 1.15940000e+00  4.94812905e-01  1.15940000e+00  5.54058988e-01 
 1.15950000e+00  4.94930980e-01  1.15950000e+00  5.54058114e-01 
 1.15960000e+00  4.95049122e-01  1.15960000e+00  5.54057239e-01 
 1.15970000e+00  4.95167329e-01  1.15970000e+00  5.54056366e-01 
 1.15980000e+00  4.95285603e-01  1.15980000e+00  5.54055492e-01 
 1.15990000e+00  4.95403944e-01  1.15990000e+00  5.54054619e-01 
 1.16000000e+00  4.95522351e-01  1.16000000e+00  5.54053746e-01 
 1.16010000e+00  4.95640825e-01  1.16010000e+00  5.54052873e-01 
 1.16020000e+00  4.95759366e-01  1.16020000e+00  5.54052001e-01 
 1.16030000e+00  4.95877974e-01  1.16030000e+00  5.54051129e-01 
 1.16040000e+00  4.95996650e-01  1.16040000e+00  5.54050257e-01 
 1.16050000e+00  4.96115393e-01  1.16050000e+00  5.54049386e-01 
 1.16060000e+00  4.96234205e-01  1.16060000e+00  5.54048515e-01 
 1.16070000e+00  4.96353084e-01  1.16070000e+00  5.54047644e-01 
 1.16080000e+00  4.96472033e-01  1.16080000e+00  5.54046773e-01 
 1.16090000e+00  4.96591049e-01  1.16090000e+00  5.54045903e-01 
 1.16100000e+00  4.96710135e-01  1.16100000e+00  5.54045033e-01 
 1.16110000e+00  4.96829289e-01  1.16110000e+00  5.54044163e-01 
 1.16120000e+00  4.96948513e-01  1.16120000e+00  5.54043294e-01 
 1.16130000e+00  4.97067807e-01  1.16130000e+00  5.54042425e-01 
 1.16140000e+00  4.97187170e-01  1.16140000e+00  5.54041556e-01 
 1.16150000e+00  4.97306603e-01  1.16150000e+00  5.54040688e-01 
 1.16160000e+00  4.97426106e-01  1.16160000e+00  5.54039820e-01 
 1.16170000e+00  4.97545680e-01  1.16170000e+00  5.54038952e-01 
 1.16180000e+00  4.97665324e-01  1.16180000e+00  5.54038085e-01 
 1.16190000e+00  4.97785040e-01  1.16190000e+00  5.54037217e-01 
 1.16200000e+00  4.97904826e-01  1.16200000e+00  5.54036350e-01 
 1.16210000e+00  4.98024684e-01  1.16210000e+00  5.54035484e-01 
 1.16220000e+00  4.98144613e-01  1.16220000e+00  5.54034617e-01 
 1.16230000e+00  4.98264615e-01  1.16230000e+00  5.54033751e-01 
 1.16240000e+00  4.98384688e-01  1.16240000e+00  5.54032886e-01 
 1.16250000e+00  4.98504834e-01  1.16250000e+00  5.54032020e-01 
 1.16260000e+00  4.98625052e-01  1.16260000e+00  5.54031155e-01 
 1.16270000e+00  4.98745343e-01  1.16270000e+00  5.54030290e-01 
 1.16280000e+00  4.98865707e-01  1.16280000e+00  5.54029426e-01 
 1.16290000e+00  4.98986145e-01  1.16290000e+00  5.54028562e-01 
 1.16300000e+00  4.99106656e-01  1.16300000e+00  5.54027698e-01 
 1.16310000e+00  4.99227241e-01  1.16310000e+00  5.54026834e-01 
 1.16320000e+00  4.99347900e-01  1.16320000e+00  5.54025971e-01 
 1.16330000e+00  4.99468633e-01  1.16330000e+00  5.54025108e-01 
 1.16340000e+00  4.99589441e-01  1.16340000e+00  5.54024245e-01 
 1.16350000e+00  4.99710324e-01  1.16350000e+00  5.54023383e-01 
 1.16360000e+00  4.99831281e-01  1.16360000e+00  5.54022521e-01 
 1.16370000e+00  4.99952315e-01  1.16370000e+00  5.54021659e-01 
 1.16380000e+00  5.00073423e-01  1.16380000e+00  5.54020798e-01 
 1.16390000e+00  5.00194608e-01  1.16390000e+00  5.54019936e-01 
 1.16400000e+00  5.00315869e-01  1.16400000e+00  5.54019076e-01 
 1.16410000e+00  5.00437206e-01  1.16410000e+00  5.54018215e-01 
 1.16420000e+00  5.00558620e-01  1.16420000e+00  5.54017355e-01 
 1.16430000e+00  5.00680111e-01  1.16430000e+00  5.54016495e-01 
 1.16440000e+00  5.00801679e-01  1.16440000e+00  5.54015635e-01 
 1.16450000e+00  5.00923325e-01  1.16450000e+00  5.54014776e-01 
 1.16460000e+00  5.01045048e-01  1.16460000e+00  5.54013917e-01 
 1.16470000e+00  5.01166849e-01  1.16470000e+00  5.54013058e-01 
 1.16480000e+00  5.01288729e-01  1.16480000e+00  5.54012200e-01 
 1.16490000e+00  5.01410688e-01  1.16490000e+00  5.54011341e-01 
 1.16500000e+00  5.01532725e-01  1.16500000e+00  5.54010484e-01 
 1.16510000e+00  5.01654841e-01  1.16510000e+00  5.54009626e-01 
 1.16520000e+00  5.01777037e-01  1.16520000e+00  5.54008769e-01 
 1.16530000e+00  5.01899313e-01  1.16530000e+00  5.54007912e-01 
 1.16540000e+00  5.02021669e-01  1.16540000e+00  5.54007055e-01 
 1.16550000e+00  5.02144105e-01  1.16550000e+00  5.54006199e-01 
 1.16560000e+00  5.02266621e-01  1.16560000e+00  5.54005343e-01 
 1.16570000e+00  5.02389219e-01  1.16570000e+00  5.54004487e-01 
 1.16580000e+00  5.02511898e-01  1.16580000e+00  5.54003632e-01 
 1.16590000e+00  5.02634658e-01  1.16590000e+00  5.54002777e-01 
 1.16600000e+00  5.02757500e-01  1.16600000e+00  5.54001922e-01 
 1.16610000e+00  5.02880425e-01  1.16610000e+00  5.54001067e-01 
 1.16620000e+00  5.03003431e-01  1.16620000e+00  5.54000213e-01 
 1.16630000e+00  5.03126521e-01  1.16630000e+00  5.53999359e-01 
 1.16640000e+00  5.03249693e-01  1.16640000e+00  5.53998506e-01 
 1.16650000e+00  5.03372949e-01  1.16650000e+00  5.53997652e-01 
 1.16660000e+00  5.03496289e-01  1.16660000e+00  5.53996799e-01 
 1.16670000e+00  5.03619712e-01  1.16670000e+00  5.53995947e-01 
 1.16680000e+00  5.03743220e-01  1.16680000e+00  5.53995094e-01 
 1.16690000e+00  5.03866812e-01  1.16690000e+00  5.53994242e-01 
 1.16700000e+00  5.03990489e-01  1.16700000e+00  5.53993390e-01 
 1.16710000e+00  5.04114252e-01  1.16710000e+00  5.53992539e-01 
 1.16720000e+00  5.04238100e-01  1.16720000e+00  5.53991688e-01 
 1.16730000e+00  5.04362034e-01  1.16730000e+00  5.53990837e-01 
 1.16740000e+00  5.04486054e-01  1.16740000e+00  5.53989986e-01 
 1.16750000e+00  5.04610161e-01  1.16750000e+00  5.53989136e-01 
 1.16760000e+00  5.04734355e-01  1.16760000e+00  5.53988286e-01 
 1.16770000e+00  5.04858636e-01  1.16770000e+00  5.53987437e-01 
 1.16780000e+00  5.04983004e-01  1.16780000e+00  5.53986587e-01 
 1.16790000e+00  5.05107461e-01  1.16790000e+00  5.53985738e-01 
 1.16800000e+00  5.05232006e-01  1.16800000e+00  5.53984889e-01 
 1.16810000e+00  5.05356639e-01  1.16810000e+00  5.53984041e-01 
 1.16820000e+00  5.05481361e-01  1.16820000e+00  5.53983193e-01 
 1.16830000e+00  5.05606173e-01  1.16830000e+00  5.53982345e-01 
 1.16840000e+00  5.05731074e-01  1.16840000e+00  5.53981497e-01 
 1.16850000e+00  5.05856065e-01  1.16850000e+00  5.53980650e-01 
 1.16860000e+00  5.05981147e-01  1.16860000e+00  5.53979803e-01 
 1.16870000e+00  5.06106319e-01  1.16870000e+00  5.53978956e-01 
 1.16880000e+00  5.06231582e-01  1.16880000e+00  5.53978110e-01 
 1.16890000e+00  5.06356937e-01  1.16890000e+00  5.53977264e-01 
 1.16900000e+00  5.06482383e-01  1.16900000e+00  5.53976418e-01 
 1.16910000e+00  5.06607922e-01  1.16910000e+00  5.53975573e-01 
 1.16920000e+00  5.06733553e-01  1.16920000e+00  5.53974728e-01 
 1.16930000e+00  5.06859277e-01  1.16930000e+00  5.53973883e-01 
 1.16940000e+00  5.06985095e-01  1.16940000e+00  5.53973038e-01 
 1.16950000e+00  5.07111006e-01  1.16950000e+00  5.53972194e-01 
 1.16960000e+00  5.07237011e-01  1.16960000e+00  5.53971350e-01 
 1.16970000e+00  5.07363111e-01  1.16970000e+00  5.53970507e-01 
 1.16980000e+00  5.07489305e-01  1.16980000e+00  5.53969663e-01 
 1.16990000e+00  5.07615595e-01  1.16990000e+00  5.53968820e-01 
 1.17000000e+00  5.07741980e-01  1.17000000e+00  5.53967977e-01 
 1.17010000e+00  5.07868461e-01  1.17010000e+00  5.53967135e-01 
 1.17020000e+00  5.07995038e-01  1.17020000e+00  5.53966293e-01 
 1.17030000e+00  5.08121713e-01  1.17030000e+00  5.53965451e-01 
 1.17040000e+00  5.08248484e-01  1.17040000e+00  5.53964609e-01 
 1.17050000e+00  5.08375353e-01  1.17050000e+00  5.53963768e-01 
 1.17060000e+00  5.08502321e-01  1.17060000e+00  5.53962927e-01 
 1.17070000e+00  5.08629386e-01  1.17070000e+00  5.53962087e-01 
 1.17080000e+00  5.08756550e-01  1.17080000e+00  5.53961246e-01 
 1.17090000e+00  5.08883814e-01  1.17090000e+00  5.53960406e-01 
 1.17100000e+00  5.09011177e-01  1.17100000e+00  5.53959566e-01 
 1.17110000e+00  5.09138641e-01  1.17110000e+00  5.53958727e-01 
 1.17120000e+00  5.09266204e-01  1.17120000e+00  5.53957888e-01 
 1.17130000e+00  5.09393869e-01  1.17130000e+00  5.53957049e-01 
 1.17140000e+00  5.09521635e-01  1.17140000e+00  5.53956210e-01 
 1.17150000e+00  5.09649503e-01  1.17150000e+00  5.53955372e-01 
 1.17160000e+00  5.09777473e-01  1.17160000e+00  5.53954534e-01 
 1.17170000e+00  5.09905546e-01  1.17170000e+00  5.53953696e-01 
 1.17180000e+00  5.10033722e-01  1.17180000e+00  5.53952859e-01 
 1.17190000e+00  5.10162002e-01  1.17190000e+00  5.53952022e-01 
 1.17200000e+00  5.10290385e-01  1.17200000e+00  5.53951185e-01 
 1.17210000e+00  5.10418873e-01  1.17210000e+00  5.53950349e-01 
 1.17220000e+00  5.10547466e-01  1.17220000e+00  5.53949512e-01 
 1.17230000e+00  5.10676164e-01  1.17230000e+00  5.53948677e-01 
 1.17240000e+00  5.10804969e-01  1.17240000e+00  5.53947841e-01 
 1.17250000e+00  5.10933879e-01  1.17250000e+00  5.53947006e-01 
 1.17260000e+00  5.11062896e-01  1.17260000e+00  5.53946171e-01 
 1.17270000e+00  5.11192021e-01  1.17270000e+00  5.53945336e-01 
 1.17280000e+00  5.11321253e-01  1.17280000e+00  5.53944501e-01 
 1.17290000e+00  5.11450594e-01  1.17290000e+00  5.53943667e-01 
 1.17300000e+00  5.11580043e-01  1.17300000e+00  5.53942834e-01 
 1.17310000e+00  5.11709601e-01  1.17310000e+00  5.53942000e-01 
 1.17320000e+00  5.11839269e-01  1.17320000e+00  5.53941167e-01 
 1.17330000e+00  5.11969047e-01  1.17330000e+00  5.53940334e-01 
 1.17340000e+00  5.12098936e-01  1.17340000e+00  5.53939501e-01 
 1.17350000e+00  5.12228936e-01  1.17350000e+00  5.53938669e-01 
 1.17360000e+00  5.12359048e-01  1.17360000e+00  5.53937837e-01 
 1.17370000e+00  5.12489272e-01  1.17370000e+00  5.53937005e-01 
 1.17380000e+00  5.12619608e-01  1.17380000e+00  5.53936173e-01 
 1.17390000e+00  5.12750058e-01  1.17390000e+00  5.53935342e-01 
 1.17400000e+00  5.12880621e-01  1.17400000e+00  5.53934511e-01 
 1.17410000e+00  5.13011299e-01  1.17410000e+00  5.53933680e-01 
 1.17420000e+00  5.13142092e-01  1.17420000e+00  5.53932850e-01 
 1.17430000e+00  5.13272999e-01  1.17430000e+00  5.53932020e-01 
 1.17440000e+00  5.13404023e-01  1.17440000e+00  5.53931190e-01 
 1.17450000e+00  5.13535163e-01  1.17450000e+00  5.53930361e-01 
 1.17460000e+00  5.13666420e-01  1.17460000e+00  5.53929532e-01 
 1.17470000e+00  5.13797795e-01  1.17470000e+00  5.53928703e-01 
 1.17480000e+00  5.13929287e-01  1.17480000e+00  5.53927874e-01 
 1.17490000e+00  5.14060898e-01  1.17490000e+00  5.53927046e-01 
 1.17500000e+00  5.14192628e-01  1.17500000e+00  5.53926218e-01 
 1.17510000e+00  5.14324478e-01  1.17510000e+00  5.53925390e-01 
 1.17520000e+00  5.14456449e-01  1.17520000e+00  5.53924562e-01 
 1.17530000e+00  5.14588540e-01  1.17530000e+00  5.53923735e-01 
 1.17540000e+00  5.14720752e-01  1.17540000e+00  5.53922908e-01 
 1.17550000e+00  5.14853087e-01  1.17550000e+00  5.53922082e-01 
 1.17560000e+00  5.14985544e-01  1.17560000e+00  5.53921255e-01 
 1.17570000e+00  5.15118124e-01  1.17570000e+00  5.53920429e-01 
 1.17580000e+00  5.15250828e-01  1.17580000e+00  5.53919604e-01 
 1.17590000e+00  5.15383657e-01  1.17590000e+00  5.53918778e-01 
 1.17600000e+00  5.15516610e-01  1.17600000e+00  5.53917953e-01 
 1.17610000e+00  5.15649689e-01  1.17610000e+00  5.53917128e-01 
 1.17620000e+00  5.15782895e-01  1.17620000e+00  5.53916303e-01 
 1.17630000e+00  5.15916227e-01  1.17630000e+00  5.53915479e-01 
 1.17640000e+00  5.16049687e-01  1.17640000e+00  5.53914655e-01 
 1.17650000e+00  5.16183274e-01  1.17650000e+00  5.53913831e-01 
 1.17660000e+00  5.16316991e-01  1.17660000e+00  5.53913008e-01 
 1.17670000e+00  5.16450837e-01  1.17670000e+00  5.53912184e-01 
 1.17680000e+00  5.16584812e-01  1.17680000e+00  5.53911361e-01 
 1.17690000e+00  5.16718919e-01  1.17690000e+00  5.53910539e-01 
 1.17700000e+00  5.16853157e-01  1.17700000e+00  5.53909716e-01 
 1.17710000e+00  5.16987526e-01  1.17710000e+00  5.53908894e-01 
 1.17720000e+00  5.17122029e-01  1.17720000e+00  5.53908072e-01 
 1.17730000e+00  5.17256664e-01  1.17730000e+00  5.53907251e-01 
 1.17740000e+00  5.17391434e-01  1.17740000e+00  5.53906429e-01 
 1.17750000e+00  5.17526338e-01  1.17750000e+00  5.53905608e-01 
 1.17760000e+00  5.17661378e-01  1.17760000e+00  5.53904788e-01 
 1.17770000e+00  5.17796554e-01  1.17770000e+00  5.53903967e-01 
 1.17780000e+00  5.17931866e-01  1.17780000e+00  5.53903147e-01 
 1.17790000e+00  5.18067316e-01  1.17790000e+00  5.53902327e-01 
 1.17800000e+00  5.18202904e-01  1.17800000e+00  5.53901507e-01 
 1.17810000e+00  5.18338631e-01  1.17810000e+00  5.53900688e-01 
 1.17820000e+00  5.18474497e-01  1.17820000e+00  5.53899869e-01 
 1.17830000e+00  5.18610504e-01  1.17830000e+00  5.53899050e-01 
 1.17840000e+00  5.18746652e-01  1.17840000e+00  5.53898231e-01 
 1.17850000e+00  5.18882941e-01  1.17850000e+00  5.53897413e-01 
 1.17860000e+00  5.19019373e-01  1.17860000e+00  5.53896595e-01 
 1.17870000e+00  5.19155949e-01  1.17870000e+00  5.53895777e-01 
 1.17880000e+00  5.19292668e-01  1.17880000e+00  5.53894960e-01 
 1.17890000e+00  5.19429532e-01  1.17890000e+00  5.53894142e-01 
 1.17900000e+00  5.19566542e-01  1.17900000e+00  5.53893325e-01 
 1.17910000e+00  5.19703698e-01  1.17910000e+00  5.53892509e-01 
 1.17920000e+00  5.19841001e-01  1.17920000e+00  5.53891692e-01 
 1.17930000e+00  5.19978452e-01  1.17930000e+00  5.53890876e-01 
 1.17940000e+00  5.20116052e-01  1.17940000e+00  5.53890060e-01 
 1.17950000e+00  5.20253801e-01  1.17950000e+00  5.53889245e-01 
 1.17960000e+00  5.20391700e-01  1.17960000e+00  5.53888429e-01 
 1.17970000e+00  5.20529751e-01  1.17970000e+00  5.53887614e-01 
 1.17980000e+00  5.20667953e-01  1.17980000e+00  5.53886799e-01 
 1.17990000e+00  5.20806309e-01  1.17990000e+00  5.53885984e-01 
 1.18000000e+00  5.20944817e-01  1.18000000e+00  5.53885170e-01 
 1.18010000e+00  5.21083481e-01  1.18010000e+00  5.53884356e-01 
 1.18020000e+00  5.21222299e-01  1.18020000e+00  5.53883542e-01 
 1.18030000e+00  5.21361274e-01  1.18030000e+00  5.53882728e-01 
 1.18040000e+00  5.21500406e-01  1.18040000e+00  5.53881915e-01 
 1.18050000e+00  5.21639695e-01  1.18050000e+00  5.53881102e-01 
 1.18060000e+00  5.21779144e-01  1.18060000e+00  5.53880289e-01 
 1.18070000e+00  5.21918752e-01  1.18070000e+00  5.53879477e-01 
 1.18080000e+00  5.22058520e-01  1.18080000e+00  5.53878664e-01 
 1.18090000e+00  5.22198450e-01  1.18090000e+00  5.53877852e-01 
 1.18100000e+00  5.22338542e-01  1.18100000e+00  5.53877040e-01 
 1.18110000e+00  5.22478798e-01  1.18110000e+00  5.53876229e-01 
 1.18120000e+00  5.22619218e-01  1.18120000e+00  5.53875417e-01 
 1.18130000e+00  5.22759802e-01  1.18130000e+00  5.53874606e-01 
 1.18140000e+00  5.22900553e-01  1.18140000e+00  5.53873795e-01 
 1.18150000e+00  5.23041471e-01  1.18150000e+00  5.53872985e-01 
 1.18160000e+00  5.23182557e-01  1.18160000e+00  5.53872174e-01 
 1.18170000e+00  5.23323812e-01  1.18170000e+00  5.53871364e-01 
 1.18180000e+00  5.23465237e-01  1.18180000e+00  5.53870554e-01 
 1.18190000e+00  5.23606832e-01  1.18190000e+00  5.53869745e-01 
 1.18200000e+00  5.23748600e-01  1.18200000e+00  5.53868935e-01 
 1.18210000e+00  5.23890540e-01  1.18210000e+00  5.53868126e-01 
 1.18220000e+00  5.24032654e-01  1.18220000e+00  5.53867317e-01 
 1.18230000e+00  5.24174944e-01  1.18230000e+00  5.53866509e-01 
 1.18240000e+00  5.24317409e-01  1.18240000e+00  5.53865700e-01 
 1.18250000e+00  5.24460051e-01  1.18250000e+00  5.53864892e-01 
 1.18260000e+00  5.24602871e-01  1.18260000e+00  5.53864084e-01 
 1.18270000e+00  5.24745870e-01  1.18270000e+00  5.53863276e-01 
 1.18280000e+00  5.24889049e-01  1.18280000e+00  5.53862469e-01 
 1.18290000e+00  5.25032410e-01  1.18290000e+00  5.53861661e-01 
 1.18300000e+00  5.25175953e-01  1.18300000e+00  5.53860854e-01 
 1.18310000e+00  5.25319679e-01  1.18310000e+00  5.53860047e-01 
 1.18320000e+00  5.25463590e-01  1.18320000e+00  5.53859241e-01 
 1.18330000e+00  5.25607686e-01  1.18330000e+00  5.53858434e-01 
 1.18340000e+00  5.25751969e-01  1.18340000e+00  5.53857628e-01 
 1.18350000e+00  5.25896440e-01  1.18350000e+00  5.53856822e-01 
 1.18360000e+00  5.26041100e-01  1.18360000e+00  5.53856017e-01 
 1.18370000e+00  5.26185950e-01  1.18370000e+00  5.53855211e-01 
 1.18380000e+00  5.26330992e-01  1.18380000e+00  5.53854406e-01 
 1.18390000e+00  5.26476226e-01  1.18390000e+00  5.53853601e-01 
 1.18400000e+00  5.26621653e-01  1.18400000e+00  5.53852796e-01 
 1.18410000e+00  5.26767276e-01  1.18410000e+00  5.53851991e-01 
 1.18420000e+00  5.26913095e-01  1.18420000e+00  5.53851187e-01 
 1.18430000e+00  5.27059111e-01  1.18430000e+00  5.53850383e-01 
 1.18440000e+00  5.27205325e-01  1.18440000e+00  5.53849579e-01 
 1.18450000e+00  5.27351740e-01  1.18450000e+00  5.53848775e-01 
 1.18460000e+00  5.27498356e-01  1.18460000e+00  5.53847971e-01 
 1.18470000e+00  5.27645173e-01  1.18470000e+00  5.53847168e-01 
 1.18480000e+00  5.27792195e-01  1.18480000e+00  5.53846365e-01 
 1.18490000e+00  5.27939421e-01  1.18490000e+00  5.53845562e-01 
 1.18500000e+00  5.28086854e-01  1.18500000e+00  5.53844759e-01 
 1.18510000e+00  5.28234494e-01  1.18510000e+00  5.53843957e-01 
 1.18520000e+00  5.28382343e-01  1.18520000e+00  5.53843154e-01 
 1.18530000e+00  5.28530403e-01  1.18530000e+00  5.53842352e-01 
 1.18540000e+00  5.28678673e-01  1.18540000e+00  5.53841550e-01 
 1.18550000e+00  5.28827157e-01  1.18550000e+00  5.53840748e-01 
 1.18560000e+00  5.28975855e-01  1.18560000e+00  5.53839947e-01 
 1.18570000e+00  5.29124769e-01  1.18570000e+00  5.53839146e-01 
 1.18580000e+00  5.29273900e-01  1.18580000e+00  5.53838344e-01 
 1.18590000e+00  5.29423250e-01  1.18590000e+00  5.53837543e-01 
 1.18600000e+00  5.29572819e-01  1.18600000e+00  5.53836743e-01 
 1.18610000e+00  5.29722610e-01  1.18610000e+00  5.53835942e-01 
 1.18620000e+00  5.29872624e-01  1.18620000e+00  5.53835142e-01 
 1.18630000e+00  5.30022863e-01  1.18630000e+00  5.53834341e-01 
 1.18640000e+00  5.30173327e-01  1.18640000e+00  5.53833541e-01 
 1.18650000e+00  5.30324019e-01  1.18650000e+00  5.53832741e-01 
 1.18660000e+00  5.30474939e-01  1.18660000e+00  5.53831942e-01 
 1.18670000e+00  5.30626090e-01  1.18670000e+00  5.53831142e-01 
 1.18680000e+00  5.30777473e-01  1.18680000e+00  5.53830343e-01 
 1.18690000e+00  5.30929090e-01  1.18690000e+00  5.53829544e-01 
 1.18700000e+00  5.31080942e-01  1.18700000e+00  5.53828745e-01 
 1.18710000e+00  5.31233031e-01  1.18710000e+00  5.53827946e-01 
 1.18720000e+00  5.31385358e-01  1.18720000e+00  5.53827147e-01 
 1.18730000e+00  5.31537925e-01  1.18730000e+00  5.53826349e-01 
 1.18740000e+00  5.31690734e-01  1.18740000e+00  5.53825550e-01 
 1.18750000e+00  5.31843786e-01  1.18750000e+00  5.53824752e-01 
 1.18760000e+00  5.31997083e-01  1.18760000e+00  5.53823954e-01 
 1.18770000e+00  5.32150627e-01  1.18770000e+00  5.53823156e-01 
 1.18780000e+00  5.32304420e-01  1.18780000e+00  5.53822358e-01 
 1.18790000e+00  5.32458463e-01  1.18790000e+00  5.53821561e-01 
 1.18800000e+00  5.32612757e-01  1.18800000e+00  5.53820764e-01 
 1.18810000e+00  5.32767306e-01  1.18810000e+00  5.53819966e-01 
 1.18820000e+00  5.32922110e-01  1.18820000e+00  5.53819169e-01 
 1.18830000e+00  5.33077172e-01  1.18830000e+00  5.53818372e-01 
 1.18840000e+00  5.33232492e-01  1.18840000e+00  5.53817575e-01 
 1.18850000e+00  5.33388074e-01  1.18850000e+00  5.53816779e-01 
 1.18860000e+00  5.33543919e-01  1.18860000e+00  5.53815982e-01 
 1.18870000e+00  5.33700029e-01  1.18870000e+00  5.53815186e-01 
 1.18880000e+00  5.33856405e-01  1.18880000e+00  5.53814389e-01 
 1.18890000e+00  5.34013050e-01  1.18890000e+00  5.53813593e-01 
 1.18900000e+00  5.34169966e-01  1.18900000e+00  5.53812797e-01 
 1.18910000e+00  5.34327154e-01  1.18910000e+00  5.53812001e-01 
 1.18920000e+00  5.34484617e-01  1.18920000e+00  5.53811206e-01 
 1.18930000e+00  5.34642357e-01  1.18930000e+00  5.53810410e-01 
 1.18940000e+00  5.34800376e-01  1.18940000e+00  5.53809614e-01 
 1.18950000e+00  5.34958675e-01  1.18950000e+00  5.53808819e-01 
 1.18960000e+00  5.35117257e-01  1.18960000e+00  5.53808024e-01 
 1.18970000e+00  5.35276123e-01  1.18970000e+00  5.53807229e-01 
 1.18980000e+00  5.35435277e-01  1.18980000e+00  5.53806434e-01 
 1.18990000e+00  5.35594721e-01  1.18990000e+00  5.53805639e-01 
 1.19000000e+00  5.35754455e-01  1.19000000e+00  5.53804844e-01 
 1.19010000e+00  5.35914484e-01  1.19010000e+00  5.53804049e-01 
 1.19020000e+00  5.36074808e-01  1.19020000e+00  5.53803254e-01 
 1.19030000e+00  5.36235430e-01  1.19030000e+00  5.53802460e-01 
 1.19040000e+00  5.36396353e-01  1.19040000e+00  5.53801665e-01 
 1.19050000e+00  5.36557578e-01  1.19050000e+00  5.53800871e-01 
 1.19060000e+00  5.36719108e-01  1.19060000e+00  5.53800077e-01 
 1.19070000e+00  5.36880946e-01  1.19070000e+00  5.53799282e-01 
 1.19080000e+00  5.37043093e-01  1.19080000e+00  5.53798488e-01 
 1.19090000e+00  5.37205553e-01  1.19090000e+00  5.53797694e-01 
 1.19100000e+00  5.37368327e-01  1.19100000e+00  5.53796900e-01 
 1.19110000e+00  5.37531419e-01  1.19110000e+00  5.53796106e-01 
 1.19120000e+00  5.37694830e-01  1.19120000e+00  5.53795313e-01 
 1.19130000e+00  5.37858563e-01  1.19130000e+00  5.53794519e-01 
 1.19140000e+00  5.38022621e-01  1.19140000e+00  5.53793725e-01 
 1.19150000e+00  5.38187006e-01  1.19150000e+00  5.53792932e-01 
 1.19160000e+00  5.38351720e-01  1.19160000e+00  5.53792138e-01 
 1.19170000e+00  5.38516768e-01  1.19170000e+00  5.53791345e-01 
 1.19180000e+00  5.38682150e-01  1.19180000e+00  5.53790551e-01 
 1.19190000e+00  5.38847871e-01  1.19190000e+00  5.53789758e-01 
 1.19200000e+00  5.39013932e-01  1.19200000e+00  5.53788964e-01 
 1.19210000e+00  5.39180336e-01  1.19210000e+00  5.53788171e-01 
 1.19220000e+00  5.39347087e-01  1.19220000e+00  5.53787378e-01 
 1.19230000e+00  5.39514187e-01  1.19230000e+00  5.53786584e-01 
 1.19240000e+00  5.39681639e-01  1.19240000e+00  5.53785791e-01 
 1.19250000e+00  5.39849445e-01  1.19250000e+00  5.53784998e-01 
 1.19260000e+00  5.40017610e-01  1.19260000e+00  5.53784205e-01 
 1.19270000e+00  5.40186135e-01  1.19270000e+00  5.53783412e-01 
 1.19280000e+00  5.40355024e-01  1.19280000e+00  5.53782619e-01 
 1.19290000e+00  5.40524280e-01  1.19290000e+00  5.53781825e-01 
 1.19300000e+00  5.40693906e-01  1.19300000e+00  5.53781032e-01 
 1.19310000e+00  5.40863905e-01  1.19310000e+00  5.53780239e-01 
 1.19320000e+00  5.41034280e-01  1.19320000e+00  5.53779446e-01 
 1.19330000e+00  5.41205034e-01  1.19330000e+00  5.53778653e-01 
 1.19340000e+00  5.41376172e-01  1.19340000e+00  5.53777860e-01 
 1.19350000e+00  5.41547695e-01  1.19350000e+00  5.53777067e-01 
 1.19360000e+00  5.41719607e-01  1.19360000e+00  5.53776274e-01 
 1.19370000e+00  5.41891913e-01  1.19370000e+00  5.53775481e-01 
 1.19380000e+00  5.42064614e-01  1.19380000e+00  5.53774687e-01 
 1.19390000e+00  5.42237715e-01  1.19390000e+00  5.53773894e-01 
 1.19400000e+00  5.42411219e-01  1.19400000e+00  5.53773101e-01 
 1.19410000e+00  5.42585130e-01  1.19410000e+00  5.53772308e-01 
 1.19420000e+00  5.42759451e-01  1.19420000e+00  5.53771514e-01 
 1.19430000e+00  5.42934186e-01  1.19430000e+00  5.53770721e-01 
 1.19440000e+00  5.43109338e-01  1.19440000e+00  5.53769928e-01 
 1.19450000e+00  5.43284912e-01  1.19450000e+00  5.53769134e-01 
 1.19460000e+00  5.43460911e-01  1.19460000e+00  5.53768341e-01 
 1.19470000e+00  5.43637339e-01  1.19470000e+00  5.53767547e-01 
 1.19480000e+00  5.43814199e-01  1.19480000e+00  5.53766753e-01 
 1.19490000e+00  5.43991497e-01  1.19490000e+00  5.53765960e-01 
 1.19500000e+00  5.44169235e-01  1.19500000e+00  5.53765166e-01 
 1.19510000e+00  5.44347418e-01  1.19510000e+00  5.53764372e-01 
 1.19520000e+00  5.44526050e-01  1.19520000e+00  5.53763578e-01 
 1.19530000e+00  5.44705135e-01  1.19530000e+00  5.53762784e-01 
 1.19540000e+00  5.44884677e-01  1.19540000e+00  5.53761990e-01 
 1.19550000e+00  5.45064681e-01  1.19550000e+00  5.53761196e-01 
 1.19560000e+00  5.45245150e-01  1.19560000e+00  5.53760401e-01 
 1.19570000e+00  5.45426090e-01  1.19570000e+00  5.53759607e-01 
 1.19580000e+00  5.45607505e-01  1.19580000e+00  5.53758812e-01 
 1.19590000e+00  5.45789398e-01  1.19590000e+00  5.53758017e-01 
 1.19600000e+00  5.45971776e-01  1.19600000e+00  5.53757223e-01 
 1.19610000e+00  5.46154642e-01  1.19610000e+00  5.53756428e-01 
 1.19620000e+00  5.46338001e-01  1.19620000e+00  5.53755632e-01 
 1.19630000e+00  5.46521858e-01  1.19630000e+00  5.53754837e-01 
 1.19640000e+00  5.46706218e-01  1.19640000e+00  5.53754042e-01 
 1.19650000e+00  5.46891085e-01  1.19650000e+00  5.53753246e-01 
 1.19660000e+00  5.47076465e-01  1.19660000e+00  5.53752450e-01 
 1.19670000e+00  5.47262363e-01  1.19670000e+00  5.53751654e-01 
 1.19680000e+00  5.47448783e-01  1.19680000e+00  5.53750858e-01 
 1.19690000e+00  5.47635731e-01  1.19690000e+00  5.53750062e-01 
 1.19700000e+00  5.47823213e-01  1.19700000e+00  5.53749265e-01 
 1.19710000e+00  5.48011233e-01  1.19710000e+00  5.53748469e-01 
 1.19720000e+00  5.48199797e-01  1.19720000e+00  5.53747672e-01 
 1.19730000e+00  5.48388910e-01  1.19730000e+00  5.53746874e-01 
 1.19740000e+00  5.48578579e-01  1.19740000e+00  5.53746077e-01 
 1.19750000e+00  5.48768808e-01  1.19750000e+00  5.53745280e-01 
 1.19760000e+00  5.48959604e-01  1.19760000e+00  5.53744482e-01 
 1.19770000e+00  5.49150972e-01  1.19770000e+00  5.53743684e-01 
 1.19780000e+00  5.49342918e-01  1.19780000e+00  5.53742885e-01 
 1.19790000e+00  5.49535448e-01  1.19790000e+00  5.53742087e-01 
 1.19800000e+00  5.49728569e-01  1.19800000e+00  5.53741288e-01 
 1.19810000e+00  5.49922286e-01  1.19810000e+00  5.53740489e-01 
 1.19820000e+00  5.50116606e-01  1.19820000e+00  5.53739689e-01 
 1.19830000e+00  5.50311536e-01  1.19830000e+00  5.53738890e-01 
 1.19840000e+00  5.50507081e-01  1.19840000e+00  5.53738090e-01 
 1.19850000e+00  5.50703248e-01  1.19850000e+00  5.53737289e-01 
 1.19860000e+00  5.50900044e-01  1.19860000e+00  5.53736489e-01 
 1.19870000e+00  5.51097476e-01  1.19870000e+00  5.53735688e-01 
 1.19880000e+00  5.51295551e-01  1.19880000e+00  5.53734887e-01 
 1.19890000e+00  5.51494275e-01  1.19890000e+00  5.53734085e-01 
 1.19900000e+00  5.51693657e-01  1.19900000e+00  5.53733283e-01 
 1.19910000e+00  5.51893702e-01  1.19910000e+00  5.53732481e-01 
 1.19920000e+00  5.52094418e-01  1.19920000e+00  5.53731678e-01 
 1.19930000e+00  5.52295814e-01  1.19930000e+00  5.53730875e-01 
 1.19940000e+00  5.52497895e-01  1.19940000e+00  5.53730072e-01 
 1.19950000e+00  5.52700671e-01  1.19950000e+00  5.53729268e-01 
 1.19960000e+00  5.52904149e-01  1.19960000e+00  5.53728463e-01 
 1.19970000e+00  5.53108337e-01  1.19970000e+00  5.53727659e-01 
 1.19980000e+00  5.53313243e-01  1.19980000e+00  5.53726854e-01 
 1.19990000e+00  5.53518875e-01  1.19990000e+00  5.53726048e-01 
 1.20000000e+00  5.53725242e-01  1.20000000e+00  5.53725242e-01 
 1.20010000e+00  5.53932352e-01  1.20010000e+00  5.53724436e-01 
 1.20020000e+00  5.54140214e-01  1.20020000e+00  5.53723629e-01 
 1.20030000e+00  5.54348837e-01  1.20030000e+00  5.53722822e-01 
 1.20040000e+00  5.54558229e-01  1.20040000e+00  5.53722014e-01 
 1.20050000e+00  5.54768400e-01  1.20050000e+00  5.53721205e-01 
 1.20060000e+00  5.54979358e-01  1.20060000e+00  5.53720396e-01 
 1.20070000e+00  5.55191115e-01  1.20070000e+00  5.53719587e-01 
 1.20080000e+00  5.55403678e-01  1.20080000e+00  5.53718777e-01 
 1.20090000e+00  5.55617057e-01  1.20090000e+00  5.53717967e-01 
 1.20100000e+00  5.55831264e-01  1.20100000e+00  5.53717156e-01 
 1.20110000e+00  5.56046307e-01  1.20110000e+00  5.53716344e-01 
 1.20120000e+00  5.56262197e-01  1.20120000e+00  5.53715532e-01 
 1.20130000e+00  5.56478945e-01  1.20130000e+00  5.53714719e-01 
 1.20140000e+00  5.56696561e-01  1.20140000e+00  5.53713905e-01 
 1.20150000e+00  5.56915056e-01  1.20150000e+00  5.53713091e-01 
 1.20160000e+00  5.57134440e-01  1.20160000e+00  5.53712277e-01 
 1.20170000e+00  5.57354726e-01  1.20170000e+00  5.53711461e-01 
 1.20180000e+00  5.57575925e-01  1.20180000e+00  5.53710645e-01 
 1.20190000e+00  5.57798048e-01  1.20190000e+00  5.53709828e-01 
 1.20200000e+00  5.58021108e-01  1.20200000e+00  5.53709011e-01 
 1.20210000e+00  5.58245115e-01  1.20210000e+00  5.53708193e-01 
 1.20220000e+00  5.58470084e-01  1.20220000e+00  5.53707374e-01 
 1.20230000e+00  5.58696025e-01  1.20230000e+00  5.53706554e-01 
 1.20240000e+00  5.58922953e-01  1.20240000e+00  5.53705734e-01 
 1.20250000e+00  5.59150880e-01  1.20250000e+00  5.53704913e-01 
 1.20260000e+00  5.59379818e-01  1.20260000e+00  5.53704091e-01 
 1.20270000e+00  5.59609783e-01  1.20270000e+00  5.53703268e-01 
 1.20280000e+00  5.59840788e-01  1.20280000e+00  5.53702444e-01 
 1.20290000e+00  5.60072846e-01  1.20290000e+00  5.53701620e-01 
 1.20300000e+00  5.60305972e-01  1.20300000e+00  5.53700794e-01 
 1.20310000e+00  5.60540181e-01  1.20310000e+00  5.53699968e-01 
 1.20320000e+00  5.60775487e-01  1.20320000e+00  5.53699141e-01 
 1.20330000e+00  5.61011907e-01  1.20330000e+00  5.53698313e-01 
 1.20340000e+00  5.61249455e-01  1.20340000e+00  5.53697484e-01 
 1.20350000e+00  5.61488147e-01  1.20350000e+00  5.53696654e-01 
 1.20360000e+00  5.61727999e-01  1.20360000e+00  5.53695823e-01 
 1.20370000e+00  5.61969028e-01  1.20370000e+00  5.53694991e-01 
 1.20380000e+00  5.62211251e-01  1.20380000e+00  5.53694158e-01 
 1.20390000e+00  5.62454685e-01  1.20390000e+00  5.53693324e-01 
 1.20400000e+00  5.62699347e-01  1.20400000e+00  5.53692488e-01 
 1.20410000e+00  5.62945255e-01  1.20410000e+00  5.53691652e-01 
 1.20420000e+00  5.63192428e-01  1.20420000e+00  5.53690815e-01 
 1.20430000e+00  5.63440884e-01  1.20430000e+00  5.53689976e-01 
 1.20440000e+00  5.63690642e-01  1.20440000e+00  5.53689137e-01 
 1.20450000e+00  5.63941722e-01  1.20450000e+00  5.53688296e-01 
 1.20460000e+00  5.64194144e-01  1.20460000e+00  5.53687454e-01 
 1.20470000e+00  5.64447928e-01  1.20470000e+00  5.53686610e-01 
 1.20480000e+00  5.64703094e-01  1.20480000e+00  5.53685766e-01 
 1.20490000e+00  5.64959664e-01  1.20490000e+00  5.53684920e-01 
 1.20500000e+00  5.65217660e-01  1.20500000e+00  5.53684072e-01 
 1.20510000e+00  5.65477103e-01  1.20510000e+00  5.53683224e-01 
 1.20520000e+00  5.65738017e-01  1.20520000e+00  5.53682374e-01 
 1.20530000e+00  5.66000425e-01  1.20530000e+00  5.53681523e-01 
 1.20540000e+00  5.66264350e-01  1.20540000e+00  5.53680670e-01 
 1.20550000e+00  5.66529816e-01  1.20550000e+00  5.53679815e-01 
 1.20560000e+00  5.66796849e-01  1.20560000e+00  5.53678960e-01 
 1.20570000e+00  5.67065473e-01  1.20570000e+00  5.53678102e-01 
 1.20580000e+00  5.67335716e-01  1.20580000e+00  5.53677243e-01 
 1.20590000e+00  5.67607602e-01  1.20590000e+00  5.53676383e-01 
 1.20600000e+00  5.67881160e-01  1.20600000e+00  5.53675521e-01 
 1.20610000e+00  5.68156417e-01  1.20610000e+00  5.53674657e-01 
 1.20620000e+00  5.68433402e-01  1.20620000e+00  5.53673791e-01 
 1.20630000e+00  5.68712143e-01  1.20630000e+00  5.53672924e-01 
 1.20640000e+00  5.68992672e-01  1.20640000e+00  5.53672055e-01 
 1.20650000e+00  5.69275018e-01  1.20650000e+00  5.53671184e-01 
 1.20660000e+00  5.69559213e-01  1.20660000e+00  5.53670311e-01 
 1.20670000e+00  5.69845289e-01  1.20670000e+00  5.53669437e-01 
 1.20680000e+00  5.70133280e-01  1.20680000e+00  5.53668560e-01 
 1.20690000e+00  5.70423218e-01  1.20690000e+00  5.53667682e-01 
 1.20700000e+00  5.70715138e-01  1.20700000e+00  5.53666801e-01 
 1.20710000e+00  5.71009076e-01  1.20710000e+00  5.53665918e-01 
 1.20720000e+00  5.71305069e-01  1.20720000e+00  5.53665033e-01 
 1.20730000e+00  5.71603153e-01  1.20730000e+00  5.53664146e-01 
 1.20740000e+00  5.71903368e-01  1.20740000e+00  5.53663257e-01 
 1.20750000e+00  5.72205752e-01  1.20750000e+00  5.53662366e-01 
 1.20760000e+00  5.72510346e-01  1.20760000e+00  5.53661472e-01 
 1.20770000e+00  5.72817191e-01  1.20770000e+00  5.53660575e-01 
 1.20780000e+00  5.73126330e-01  1.20780000e+00  5.53659677e-01 
 1.20790000e+00  5.73437806e-01  1.20790000e+00  5.53658776e-01 
 1.20800000e+00  5.73751665e-01  1.20800000e+00  5.53657872e-01 
 1.20810000e+00  5.74067952e-01  1.20810000e+00  5.53656966e-01 
 1.20820000e+00  5.74386716e-01  1.20820000e+00  5.53656057e-01 
 1.20830000e+00  5.74708004e-01  1.20830000e+00  5.53655145e-01 
 1.20840000e+00  5.75031866e-01  1.20840000e+00  5.53654231e-01 
 1.20850000e+00  5.75358355e-01  1.20850000e+00  5.53653313e-01 
 1.20860000e+00  5.75687523e-01  1.20860000e+00  5.53652393e-01 
 1.20870000e+00  5.76019424e-01  1.20870000e+00  5.53651470e-01 
 1.20880000e+00  5.76354115e-01  1.20880000e+00  5.53650543e-01 
 1.20890000e+00  5.76691653e-01  1.20890000e+00  5.53649614e-01 
 1.20900000e+00  5.77032097e-01  1.20900000e+00  5.53648681e-01 
 1.20910000e+00  5.77375509e-01  1.20910000e+00  5.53647745e-01 
 1.20920000e+00  5.77721951e-01  1.20920000e+00  5.53646806e-01 
 1.20930000e+00  5.78071489e-01  1.20930000e+00  5.53645863e-01 
 1.20940000e+00  5.78424188e-01  1.20940000e+00  5.53644917e-01 
 1.20950000e+00  5.78780118e-01  1.20950000e+00  5.53643966e-01 
 1.20960000e+00  5.79139349e-01  1.20960000e+00  5.53643013e-01 
 1.20970000e+00  5.79501955e-01  1.20970000e+00  5.53642055e-01 
 1.20980000e+00  5.79868011e-01  1.20980000e+00  5.53641094e-01 
 1.20990000e+00  5.80237594e-01  1.20990000e+00  5.53640128e-01 
 1.21000000e+00  5.80610784e-01  1.21000000e+00  5.53639159e-01 
 1.21010000e+00  5.80987665e-01  1.21010000e+00  5.53638185e-01 
 1.21020000e+00  5.81368322e-01  1.21020000e+00  5.53637207e-01 
 1.21030000e+00  5.81752842e-01  1.21030000e+00  5.53636224e-01 
 1.21040000e+00  5.82141317e-01  1.21040000e+00  5.53635237e-01 
 1.21050000e+00  5.82533840e-01  1.21050000e+00  5.53634245e-01 
 1.21060000e+00  5.82930509e-01  1.21060000e+00  5.53633248e-01 
 1.21070000e+00  5.83331424e-01  1.21070000e+00  5.53632247e-01 
 1.21080000e+00  5.83736689e-01  1.21080000e+00  5.53631240e-01 
 1.21090000e+00  5.84146411e-01  1.21090000e+00  5.53630228e-01 
 1.21100000e+00  5.84560701e-01  1.21100000e+00  5.53629211e-01 
 1.21110000e+00  5.84979674e-01  1.21110000e+00  5.53628188e-01 
 1.21120000e+00  5.85403448e-01  1.21120000e+00  5.53627159e-01 
 1.21130000e+00  5.85832146e-01  1.21130000e+00  5.53626125e-01 
 1.21140000e+00  5.86265896e-01  1.21140000e+00  5.53625085e-01 
 1.21150000e+00  5.86704830e-01  1.21150000e+00  5.53624038e-01 
 1.21160000e+00  5.87149084e-01  1.21160000e+00  5.53622986e-01 
 1.21170000e+00  5.87598800e-01  1.21170000e+00  5.53621927e-01 
 1.21180000e+00  5.88054124e-01  1.21180000e+00  5.53620861e-01 
 1.21190000e+00  5.88515209e-01  1.21190000e+00  5.53619788e-01 
 1.21200000e+00  5.88982213e-01  1.21200000e+00  5.53618708e-01 
 1.21210000e+00  5.89455299e-01  1.21210000e+00  5.53617621e-01 
 1.21220000e+00  5.89934638e-01  1.21220000e+00  5.53616526e-01 
 1.21230000e+00  5.90420406e-01  1.21230000e+00  5.53615423e-01 
 1.21240000e+00  5.90912786e-01  1.21240000e+00  5.53614313e-01 
 1.21250000e+00  5.91411969e-01  1.21250000e+00  5.53613194e-01 
 1.21260000e+00  5.91918153e-01  1.21260000e+00  5.53612066e-01 
 1.21270000e+00  5.92431543e-01  1.21270000e+00  5.53610930e-01 
 1.21280000e+00  5.92952354e-01  1.21280000e+00  5.53609785e-01 
 1.21290000e+00  5.93480808e-01  1.21290000e+00  5.53608631e-01 
 1.21300000e+00  5.94017136e-01  1.21300000e+00  5.53607467e-01 
 1.21310000e+00  5.94561581e-01  1.21310000e+00  5.53606292e-01 
 1.21320000e+00  5.95114392e-01  1.21320000e+00  5.53605108e-01 
 1.21330000e+00  5.95675831e-01  1.21330000e+00  5.53603913e-01 
 1.21340000e+00  5.96246171e-01  1.21340000e+00  5.53602707e-01 
 1.21350000e+00  5.96825696e-01  1.21350000e+00  5.53601490e-01 
 1.21360000e+00  5.97414701e-01  1.21360000e+00  5.53600260e-01 
 1.21370000e+00  5.98013495e-01  1.21370000e+00  5.53599019e-01 
 1.21380000e+00  5.98622400e-01  1.21380000e+00  5.53597765e-01 
 1.21390000e+00  5.99241752e-01  1.21390000e+00  5.53596499e-01 
 1.21400000e+00  5.99871901e-01  1.21400000e+00  5.53595218e-01 
 1.21410000e+00  6.00513215e-01  1.21410000e+00  5.53593924e-01 
 1.21420000e+00  6.01166075e-01  1.21420000e+00  5.53592615e-01 
 1.21430000e+00  6.01830882e-01  1.21430000e+00  5.53591292e-01 
 1.21440000e+00  6.02508052e-01  1.21440000e+00  5.53589952e-01 
 1.21450000e+00  6.03198023e-01  1.21450000e+00  5.53588597e-01 
 1.21460000e+00  6.03901251e-01  1.21460000e+00  5.53587225e-01 
 1.21470000e+00  6.04618213e-01  1.21470000e+00  5.53585836e-01 
 1.21480000e+00  6.05349411e-01  1.21480000e+00  5.53584429e-01 
 1.21490000e+00  6.06095365e-01  1.21490000e+00  5.53583002e-01 
 1.21500000e+00  6.06856625e-01  1.21500000e+00  5.53581557e-01 
 1.21510000e+00  6.07633763e-01  1.21510000e+00  5.53580091e-01 
 1.21520000e+00  6.08427380e-01  1.21520000e+00  5.53578605e-01 
 1.21530000e+00  6.09238104e-01  1.21530000e+00  5.53577097e-01 
 1.21540000e+00  6.10066593e-01  1.21540000e+00  5.53575566e-01 
 1.21550000e+00  6.10913539e-01  1.21550000e+00  5.53574011e-01 
 1.21560000e+00  6.11779663e-01  1.21560000e+00  5.53572432e-01 
 1.21570000e+00  6.12665725e-01  1.21570000e+00  5.53570827e-01 
 1.21580000e+00  6.13572518e-01  1.21580000e+00  5.53569196e-01 
 1.21590000e+00  6.14500875e-01  1.21590000e+00  5.53567536e-01 
 1.21600000e+00  6.15451668e-01  1.21600000e+00  5.53565848e-01 
 1.21610000e+00  6.16425812e-01  1.21610000e+00  5.53564130e-01 
 1.21620000e+00  6.17424266e-01  1.21620000e+00  5.53562380e-01 
 1.21630000e+00  6.18448033e-01  1.21630000e+00  5.53560598e-01 
 1.21640000e+00  6.19498166e-01  1.21640000e+00  5.53558781e-01 
 1.21650000e+00  6.20575767e-01  1.21650000e+00  5.53556929e-01 
 1.21660000e+00  6.21681990e-01  1.21660000e+00  5.53555039e-01 
 1.21670000e+00  6.22818043e-01  1.21670000e+00  5.53553111e-01 
 1.21680000e+00  6.23985190e-01  1.21680000e+00  5.53551142e-01 
 1.21690000e+00  6.25184752e-01  1.21690000e+00  5.53549130e-01 
 1.21700000e+00  6.26418111e-01  1.21700000e+00  5.53547074e-01 
 1.21710000e+00  6.27686711e-01  1.21710000e+00  5.53544972e-01 
 1.21720000e+00  6.28992057e-01  1.21720000e+00  5.53542821e-01 
 1.21730000e+00  6.30335718e-01  1.21730000e+00  5.53540620e-01 
 1.21740000e+00  6.31719332e-01  1.21740000e+00  5.53538365e-01 
 1.21750000e+00  6.33144598e-01  1.21750000e+00  5.53536056e-01 
 1.21760000e+00  6.34613287e-01  1.21760000e+00  5.53533689e-01 
 1.21770000e+00  6.36127233e-01  1.21770000e+00  5.53531262e-01 
 1.21780000e+00  6.37688336e-01  1.21780000e+00  5.53528772e-01 
 1.21790000e+00  6.39298563e-01  1.21790000e+00  5.53526216e-01 
 1.21800000e+00  6.40959944e-01  1.21800000e+00  5.53523591e-01 
 1.21810000e+00  6.42674568e-01  1.21810000e+00  5.53520895e-01 
 1.21820000e+00  6.44444583e-01  1.21820000e+00  5.53518124e-01 
 1.21830000e+00  6.46272190e-01  1.21830000e+00  5.53515276e-01 
 1.21840000e+00  6.48159639e-01  1.21840000e+00  5.53512346e-01 
 1.21850000e+00  6.50109220e-01  1.21850000e+00  5.53509332e-01 
 1.21860000e+00  6.52123260e-01  1.21860000e+00  5.53506230e-01 
 1.21870000e+00  6.54204110e-01  1.21870000e+00  5.53503036e-01 
 1.21880000e+00  6.56354141e-01  1.21880000e+00  5.53499747e-01 
 1.21890000e+00  6.58575727e-01  1.21890000e+00  5.53496360e-01 
 1.21900000e+00  6.60871238e-01  1.21900000e+00  5.53492870e-01 
 1.21910000e+00  6.63243025e-01  1.21910000e+00  5.53489274e-01 
 1.21920000e+00  6.65693406e-01  1.21920000e+00  5.53485568e-01 
 1.21930000e+00  6.68224653e-01  1.21930000e+00  5.53481749e-01 
 1.21940000e+00  6.70838974e-01  1.21940000e+00  5.53477814e-01 
 1.21950000e+00  6.73538499e-01  1.21950000e+00  5.53473757e-01 
 1.21960000e+00  6.76325263e-01  1.21960000e+00  5.53469576e-01 
 1.21970000e+00  6.79201190e-01  1.21970000e+00  5.53465268e-01 
 1.21980000e+00  6.82168078e-01  1.21980000e+00  5.53460829e-01 
 1.21990000e+00  6.85227580e-01  1.21990000e+00  5.53456256e-01 
 1.22000000e+00  6.88381196e-01  1.22000000e+00  5.53451545e-01 
 1.22010000e+00  6.91630252e-01  1.22010000e+00  5.53446695e-01 
 1.22020000e+00  6.94975895e-01  1.22020000e+00  5.53441701e-01 
 1.22030000e+00  6.98419077e-01  1.22030000e+00  5.53436563e-01 
 1.22040000e+00  7.01960552e-01  1.22040000e+00  5.53431277e-01 
 1.22050000e+00  7.05600865e-01  1.22050000e+00  5.53425841e-01 
 1.22060000e+00  7.09340350e-01  1.22060000e+00  5.53420254e-01 
 1.22070000e+00  7.13179130e-01  1.22070000e+00  5.53414513e-01 
 1.22080000e+00  7.17117112e-01  1.22080000e+00  5.53408618e-01 
 1.22090000e+00  7.21153995e-01  1.22090000e+00  5.53402568e-01 
 1.22100000e+00  7.25289272e-01  1.22100000e+00  5.53396360e-01 
 1.22110000e+00  7.29522236e-01  1.22110000e+00  5.53389996e-01 
 1.22120000e+00  7.33851990e-01  1.22120000e+00  5.53383473e-01 
 1.22130000e+00  7.38277454e-01  1.22130000e+00  5.53376793e-01 
 1.22140000e+00  7.42797376e-01  1.22140000e+00  5.53369954e-01 
 1.22150000e+00  7.47410348e-01  1.22150000e+00  5.53362958e-01 
 1.22160000e+00  7.52114812e-01  1.22160000e+00  5.53355803e-01 
 1.22170000e+00  7.56909078e-01  1.22170000e+00  5.53348491e-01 
 1.22180000e+00  7.61791334e-01  1.22180000e+00  5.53341023e-01 
 1.22190000e+00  7.66759662e-01  1.22190000e+00  5.53333398e-01 
 1.22200000e+00  7.71812049e-01  1.22200000e+00  5.53325618e-01 
 1.22210000e+00  7.76946400e-01  1.22210000e+00  5.53317683e-01 
 1.22220000e+00  7.82160550e-01  1.22220000e+00  5.53309595e-01 
 1.22230000e+00  7.87452277e-01  1.22230000e+00  5.53301355e-01 
 1.22240000e+00  7.92819312e-01  1.22240000e+00  5.53292964e-01 
 1.22250000e+00  7.98259350e-01  1.22250000e+00  5.53284422e-01 
 1.22260000e+00  8.03770059e-01  1.22260000e+00  5.53275732e-01 
 1.22270000e+00  8.09349088e-01  1.22270000e+00  5.53266895e-01 
 1.22280000e+00  8.14994077e-01  1.22280000e+00  5.53257911e-01 
 1.22290000e+00  8.20702663e-01  1.22290000e+00  5.53248782e-01 
 1.22300000e+00  8.26472485e-01  1.22300000e+00  5.53239509e-01 
 1.22310000e+00  8.32301194e-01  1.22310000e+00  5.53230093e-01 
 1.22320000e+00  8.38186455e-01  1.22320000e+00  5.53220536e-01 
 1.22330000e+00  8.44125950e-01  1.22330000e+00  5.53210839e-01 
 1.22340000e+00  8.50117385e-01  1.22340000e+00  5.53201004e-01 
 1.22350000e+00  8.56158492e-01  1.22350000e+00  5.53191030e-01 
 1.22360000e+00  8.62247033e-01  1.22360000e+00  5.53180919e-01 
 1.22370000e+00  8.68380800e-01  1.22370000e+00  5.53170673e-01 
 1.22380000e+00  8.74557616e-01  1.22380000e+00  5.53160292e-01 
 1.22390000e+00  8.80775343e-01  1.22390000e+00  5.53149778e-01 
 1.22400000e+00  8.87031874e-01  1.22400000e+00  5.53139131e-01 
 1.22410000e+00  8.93325142e-01  1.22410000e+00  5.53128352e-01 
 1.22420000e+00  8.99653115e-01  1.22420000e+00  5.53117442e-01 
 1.22430000e+00  9.06013799e-01  1.22430000e+00  5.53106402e-01 
 1.22440000e+00  9.12405238e-01  1.22440000e+00  5.53095233e-01 
 1.22450000e+00  9.18825511e-01  1.22450000e+00  5.53083935e-01 
 1.22460000e+00  9.25272737e-01  1.22460000e+00  5.53072509e-01 
 1.22470000e+00  9.31745071e-01  1.22470000e+00  5.53060955e-01 
 1.22480000e+00  9.38240703e-01  1.22480000e+00  5.53049275e-01 
 1.22490000e+00  9.44757860e-01  1.22490000e+00  5.53037468e-01 
 1.22500000e+00  9.51294803e-01  1.22500000e+00  5.53025535e-01 
 1.22510000e+00  9.57849829e-01  1.22510000e+00  5.53013476e-01 
 1.22520000e+00  9.64421267e-01  1.22520000e+00  5.53001292e-01 
 1.22530000e+00  9.71007479e-01  1.22530000e+00  5.52988983e-01 
 1.22540000e+00  9.77606858e-01  1.22540000e+00  5.52976549e-01 
 1.22550000e+00  9.84217829e-01  1.22550000e+00  5.52963991e-01 
 1.22560000e+00  9.90838846e-01  1.22560000e+00  5.52951309e-01 
 1.22570000e+00  9.97468393e-01  1.22570000e+00  5.52938502e-01 
 1.22580000e+00  1.00410498e+00  1.22580000e+00  5.52925571e-01 
 1.22590000e+00  1.01074715e+00  1.22590000e+00  5.52912516e-01 
 1.22600000e+00  1.01739346e+00  1.22600000e+00  5.52899336e-01 
 1.22610000e+00  1.02404250e+00  1.22610000e+00  5.52886032e-01 
 1.22620000e+00  1.03069289e+00  1.22620000e+00  5.52872604e-01 
 1.22630000e+00  1.03734326e+00  1.22630000e+00  5.52859051e-01 
 1.22640000e+00  1.04399227e+00  1.22640000e+00  5.52845373e-01 
 1.22650000e+00  1.05063861e+00  1.22650000e+00  5.52831570e-01 
 1.22660000e+00  1.05728097e+00  1.22660000e+00  5.52817642e-01 
 1.22670000e+00  1.06391807e+00  1.22670000e+00  5.52803588e-01 
 1.22680000e+00  1.07054866e+00  1.22680000e+00  5.52789408e-01 
 1.22690000e+00  1.07717148e+00  1.22690000e+00  5.52775101e-01 
 1.22700000e+00  1.08378532e+00  1.22700000e+00  5.52760668e-01 
 1.22710000e+00  1.09038896e+00  1.22710000e+00  5.52746107e-01 
 1.22720000e+00  1.09698122e+00  1.22720000e+00  5.52731418e-01 
 1.22730000e+00  1.10356090e+00  1.22730000e+00  5.52716600e-01 
 1.22740000e+00  1.11012684e+00  1.22740000e+00  5.52701654e-01 
 1.22750000e+00  1.11667790e+00  1.22750000e+00  5.52686577e-01 
 1.22760000e+00  1.12321293e+00  1.22760000e+00  5.52671370e-01 
 1.22770000e+00  1.12973080e+00  1.22770000e+00  5.52656032e-01 
 1.22780000e+00  1.13623039e+00  1.22780000e+00  5.52640562e-01 
 1.22790000e+00  1.14271060e+00  1.22790000e+00  5.52624959e-01 
 1.22800000e+00  1.14917034e+00  1.22800000e+00  5.52609222e-01 
 1.22810000e+00  1.15560851e+00  1.22810000e+00  5.52593351e-01 
 1.22820000e+00  1.16202403e+00  1.22820000e+00  5.52577345e-01 
 1.22830000e+00  1.16841583e+00  1.22830000e+00  5.52561202e-01 
 1.22840000e+00  1.17478285e+00  1.22840000e+00  5.52544923e-01 
 1.22850000e+00  1.18112403e+00  1.22850000e+00  5.52528505e-01 
 1.22860000e+00  1.18743832e+00  1.22860000e+00  5.52511947e-01 
 1.22870000e+00  1.19372467e+00  1.22870000e+00  5.52495250e-01 
 1.22880000e+00  1.19998205e+00  1.22880000e+00  5.52478411e-01 
 1.22890000e+00  1.20620941e+00  1.22890000e+00  5.52461429e-01 
 1.22900000e+00  1.21240574e+00  1.22900000e+00  5.52444303e-01 
 1.22910000e+00  1.21856999e+00  1.22910000e+00  5.52427033e-01 
 1.22920000e+00  1.22470116e+00  1.22920000e+00  5.52409616e-01 
 1.22930000e+00  1.23079821e+00  1.22930000e+00  5.52392052e-01 
 1.22940000e+00  1.23686013e+00  1.22940000e+00  5.52374339e-01 
 1.22950000e+00  1.24288591e+00  1.22950000e+00  5.52356476e-01 
 1.22960000e+00  1.24887453e+00  1.22960000e+00  5.52338462e-01 
 1.22970000e+00  1.25482499e+00  1.22970000e+00  5.52320295e-01 
 1.22980000e+00  1.26073626e+00  1.22980000e+00  5.52301973e-01 
 1.22990000e+00  1.26660735e+00  1.22990000e+00  5.52283495e-01 
 1.23000000e+00  1.27243725e+00  1.23000000e+00  5.52264861e-01 
 1.23010000e+00  1.27822494e+00  1.23010000e+00  5.52246067e-01 
 1.23020000e+00  1.28396944e+00  1.23020000e+00  5.52227113e-01 
 1.23030000e+00  1.28966972e+00  1.23030000e+00  5.52207997e-01 
 1.23040000e+00  1.29532480e+00  1.23040000e+00  5.52188718e-01 
 1.23050000e+00  1.30093366e+00  1.23050000e+00  5.52169274e-01 
 1.23060000e+00  1.30649530e+00  1.23060000e+00  5.52149662e-01 
 1.23070000e+00  1.31200873e+00  1.23070000e+00  5.52129882e-01 
 1.23080000e+00  1.31747295e+00  1.23080000e+00  5.52109932e-01 
 1.23090000e+00  1.32288695e+00  1.23090000e+00  5.52089811e-01 
 1.23100000e+00  1.32824976e+00  1.23100000e+00  5.52069515e-01 
 1.23110000e+00  1.33356037e+00  1.23110000e+00  5.52049044e-01 
 1.23120000e+00  1.33881780e+00  1.23120000e+00  5.52028396e-01 
 1.23130000e+00  1.34402106e+00  1.23130000e+00  5.52007570e-01 
 1.23140000e+00  1.34916919e+00  1.23140000e+00  5.51986562e-01 
 1.23150000e+00  1.35426121e+00  1.23150000e+00  5.51965373e-01 
 1.23160000e+00  1.35929615e+00  1.23160000e+00  5.51943999e-01 
 1.23170000e+00  1.36427308e+00  1.23170000e+00  5.51922439e-01 
 1.23180000e+00  1.36919103e+00  1.23180000e+00  5.51900692e-01 
 1.23190000e+00  1.37404910e+00  1.23190000e+00  5.51878755e-01 
 1.23200000e+00  1.37884636e+00  1.23200000e+00  5.51856628e-01 
 1.23210000e+00  1.38358191e+00  1.23210000e+00  5.51834308e-01 
 1.23220000e+00  1.38825488e+00  1.23220000e+00  5.51811794e-01 
 1.23230000e+00  1.39286442e+00  1.23230000e+00  5.51789085e-01 
 1.23240000e+00  1.39740969e+00  1.23240000e+00  5.51766178e-01 
 1.23250000e+00  1.40188990e+00  1.23250000e+00  5.51743073e-01 
 1.23260000e+00  1.40630426e+00  1.23260000e+00  5.51719769e-01 
 1.23270000e+00  1.41065205e+00  1.23270000e+00  5.51696263e-01 
 1.23280000e+00  1.41493257e+00  1.23280000e+00  5.51672556e-01 
 1.23290000e+00  1.41914515e+00  1.23290000e+00  5.51648646e-01 
 1.23300000e+00  1.42328919e+00  1.23300000e+00  5.51624533e-01 
 1.23310000e+00  1.42736412e+00  1.23310000e+00  5.51600215e-01 
 1.23320000e+00  1.43136943e+00  1.23320000e+00  5.51575693e-01 
 1.23330000e+00  1.43530468e+00  1.23330000e+00  5.51550965e-01 
 1.23340000e+00  1.43916946e+00  1.23340000e+00  5.51526033e-01 
 1.23350000e+00  1.44296346e+00  1.23350000e+00  5.51500895e-01 
 1.23360000e+00  1.44668640e+00  1.23360000e+00  5.51475553e-01 
 1.23370000e+00  1.45033811e+00  1.23370000e+00  5.51450006e-01 
 1.23380000e+00  1.45391846e+00  1.23380000e+00  5.51424256e-01 
 1.23390000e+00  1.45742742e+00  1.23390000e+00  5.51398303e-01 
 1.23400000e+00  1.46086503e+00  1.23400000e+00  5.51372150e-01 
 1.23410000e+00  1.46423142e+00  1.23410000e+00  5.51345796e-01 
 1.23420000e+00  1.46752678e+00  1.23420000e+00  5.51319244e-01 
 1.23430000e+00  1.47075141e+00  1.23430000e+00  5.51292496e-01 
 1.23440000e+00  1.47390567e+00  1.23440000e+00  5.51265555e-01 
 1.23450000e+00  1.47699002e+00  1.23450000e+00  5.51238422e-01 
 1.23460000e+00  1.48000499e+00  1.23460000e+00  5.51211100e-01 
 1.23470000e+00  1.48295120e+00  1.23470000e+00  5.51183593e-01 
 1.23480000e+00  1.48582933e+00  1.23480000e+00  5.51155903e-01 
 1.23490000e+00  1.48864017e+00  1.23490000e+00  5.51128034e-01 
 1.23500000e+00  1.49138454e+00  1.23500000e+00  5.51099990e-01 
 1.23510000e+00  1.49406336e+00  1.23510000e+00  5.51071775e-01 
 1.23520000e+00  1.49667760e+00  1.23520000e+00  5.51043392e-01 
 1.23530000e+00  1.49922829e+00  1.23530000e+00  5.51014846e-01 
 1.23540000e+00  1.50171651e+00  1.23540000e+00  5.50986141e-01 
 1.23550000e+00  1.50414340e+00  1.23550000e+00  5.50957282e-01 
 1.23560000e+00  1.50651013e+00  1.23560000e+00  5.50928272e-01 
 1.23570000e+00  1.50881793e+00  1.23570000e+00  5.50899118e-01 
 1.23580000e+00  1.51106804e+00  1.23580000e+00  5.50869824e-01 
 1.23590000e+00  1.51326175e+00  1.23590000e+00  5.50840394e-01 
 1.23600000e+00  1.51540034e+00  1.23600000e+00  5.50810833e-01 
 1.23610000e+00  1.51748515e+00  1.23610000e+00  5.50781147e-01 
 1.23620000e+00  1.51951748e+00  1.23620000e+00  5.50751340e-01 
 1.23630000e+00  1.52149870e+00  1.23630000e+00  5.50721417e-01 
 1.23640000e+00  1.52343012e+00  1.23640000e+00  5.50691383e-01 
 1.23650000e+00  1.52531309e+00  1.23650000e+00  5.50661244e-01 
 1.23660000e+00  1.52714894e+00  1.23660000e+00  5.50631003e-01 
 1.23670000e+00  1.52893899e+00  1.23670000e+00  5.50600665e-01 
 1.23680000e+00  1.53068455e+00  1.23680000e+00  5.50570236e-01 
 1.23690000e+00  1.53238691e+00  1.23690000e+00  5.50539720e-01 
 1.23700000e+00  1.53404736e+00  1.23700000e+00  5.50509121e-01 
 1.23710000e+00  1.53566713e+00  1.23710000e+00  5.50478444e-01 
 1.23720000e+00  1.53724747e+00  1.23720000e+00  5.50447694e-01 
 1.23730000e+00  1.53878959e+00  1.23730000e+00  5.50416874e-01 
 1.23740000e+00  1.54029465e+00  1.23740000e+00  5.50385988e-01 
 1.23750000e+00  1.54176383e+00  1.23750000e+00  5.50355042e-01 
 1.23760000e+00  1.54319824e+00  1.23760000e+00  5.50324038e-01 
 1.23770000e+00  1.54459899e+00  1.23770000e+00  5.50292980e-01 
 1.23780000e+00  1.54596713e+00  1.23780000e+00  5.50261872e-01 
 1.23790000e+00  1.54730371e+00  1.23790000e+00  5.50230719e-01 
 1.23800000e+00  1.54860973e+00  1.23800000e+00  5.50199522e-01 
 1.23810000e+00  1.54988618e+00  1.23810000e+00  5.50168286e-01 
 1.23820000e+00  1.55113401e+00  1.23820000e+00  5.50137014e-01 
 1.23830000e+00  1.55235412e+00  1.23830000e+00  5.50105708e-01 
 1.23840000e+00  1.55354740e+00  1.23840000e+00  5.50074373e-01 
 1.23850000e+00  1.55471473e+00  1.23850000e+00  5.50043011e-01 
 1.23860000e+00  1.55585693e+00  1.23860000e+00  5.50011624e-01 
 1.23870000e+00  1.55697479e+00  1.23870000e+00  5.49980216e-01 
 1.23880000e+00  1.55806910e+00  1.23880000e+00  5.49948788e-01 
 1.23890000e+00  1.55914061e+00  1.23890000e+00  5.49917345e-01 
 1.23900000e+00  1.56019004e+00  1.23900000e+00  5.49885887e-01 
 1.23910000e+00  1.56121808e+00  1.23910000e+00  5.49854417e-01 
 1.23920000e+00  1.56222541e+00  1.23920000e+00  5.49822938e-01 
 1.23930000e+00  1.56321267e+00  1.23930000e+00  5.49791452e-01 
 1.23940000e+00  1.56418049e+00  1.23940000e+00  5.49759960e-01 
 1.23950000e+00  1.56512947e+00  1.23950000e+00  5.49728465e-01 
 1.23960000e+00  1.56606020e+00  1.23960000e+00  5.49696969e-01 
 1.23970000e+00  1.56697323e+00  1.23970000e+00  5.49665473e-01 
 1.23980000e+00  1.56786910e+00  1.23980000e+00  5.49633979e-01 
 1.23990000e+00  1.56874832e+00  1.23990000e+00  5.49602489e-01 
 1.24000000e+00  1.56961141e+00  1.24000000e+00  5.49571005e-01 
 1.24010000e+00  1.57045884e+00  1.24010000e+00  5.49539527e-01 
 1.24020000e+00  1.57129108e+00  1.24020000e+00  5.49508058e-01 
 1.24030000e+00  1.57210857e+00  1.24030000e+00  5.49476600e-01 
 1.24040000e+00  1.57291174e+00  1.24040000e+00  5.49445152e-01 
 1.24050000e+00  1.57370102e+00  1.24050000e+00  5.49413717e-01 
 1.24060000e+00  1.57447680e+00  1.24060000e+00  5.49382296e-01 
 1.24070000e+00  1.57523946e+00  1.24070000e+00  5.49350890e-01 
 1.24080000e+00  1.57598939e+00  1.24080000e+00  5.49319501e-01 
 1.24090000e+00  1.57672693e+00  1.24090000e+00  5.49288129e-01 
 1.24100000e+00  1.57745243e+00  1.24100000e+00  5.49256775e-01 
 1.24110000e+00  1.57816624e+00  1.24110000e+00  5.49225441e-01 
 1.24120000e+00  1.57886866e+00  1.24120000e+00  5.49194127e-01 
 1.24130000e+00  1.57956001e+00  1.24130000e+00  5.49162835e-01 
 1.24140000e+00  1.58024060e+00  1.24140000e+00  5.49131565e-01 
 1.24150000e+00  1.58091069e+00  1.24150000e+00  5.49100319e-01 
 1.24160000e+00  1.58157059e+00  1.24160000e+00  5.49069096e-01 
 1.24170000e+00  1.58222055e+00  1.24170000e+00  5.49037899e-01 
 1.24180000e+00  1.58286083e+00  1.24180000e+00  5.49006727e-01 
 1.24190000e+00  1.58349169e+00  1.24190000e+00  5.48975581e-01 
 1.24200000e+00  1.58411337e+00  1.24200000e+00  5.48944463e-01 
 1.24210000e+00  1.58472610e+00  1.24210000e+00  5.48913372e-01 
 1.24220000e+00  1.58533011e+00  1.24220000e+00  5.48882310e-01 
 1.24230000e+00  1.58592561e+00  1.24230000e+00  5.48851277e-01 
 1.24240000e+00  1.58651283e+00  1.24240000e+00  5.48820273e-01 
 1.24250000e+00  1.58709195e+00  1.24250000e+00  5.48789300e-01 
 1.24260000e+00  1.58766318e+00  1.24260000e+00  5.48758357e-01 
 1.24270000e+00  1.58822672e+00  1.24270000e+00  5.48727446e-01 
 1.24280000e+00  1.58878273e+00  1.24280000e+00  5.48696567e-01 
 1.24290000e+00  1.58933142e+00  1.24290000e+00  5.48665720e-01 
 1.24300000e+00  1.58987294e+00  1.24300000e+00  5.48634906e-01 
 1.24310000e+00  1.59040746e+00  1.24310000e+00  5.48604125e-01 
 1.24320000e+00  1.59093515e+00  1.24320000e+00  5.48573378e-01 
 1.24330000e+00  1.59145616e+00  1.24330000e+00  5.48542665e-01 
 1.24340000e+00  1.59197064e+00  1.24340000e+00  5.48511987e-01 
 1.24350000e+00  1.59247875e+00  1.24350000e+00  5.48481343e-01 
 1.24360000e+00  1.59298063e+00  1.24360000e+00  5.48450735e-01 
 1.24370000e+00  1.59347641e+00  1.24370000e+00  5.48420162e-01 
 1.24380000e+00  1.59396622e+00  1.24380000e+00  5.48389625e-01 
 1.24390000e+00  1.59445021e+00  1.24390000e+00  5.48359125e-01 
 1.24400000e+00  1.59492849e+00  1.24400000e+00  5.48328661e-01 
 1.24410000e+00  1.59540118e+00  1.24410000e+00  5.48298234e-01 
 1.24420000e+00  1.59586841e+00  1.24420000e+00  5.48267844e-01 
 1.24430000e+00  1.59633029e+00  1.24430000e+00  5.48237492e-01 
 1.24440000e+00  1.59678693e+00  1.24440000e+00  5.48207178e-01 
 1.24450000e+00  1.59723845e+00  1.24450000e+00  5.48176901e-01 
 1.24460000e+00  1.59768494e+00  1.24460000e+00  5.48146663e-01 
 1.24470000e+00  1.59812651e+00  1.24470000e+00  5.48116463e-01 
 1.24480000e+00  1.59856326e+00  1.24480000e+00  5.48086302e-01 
 1.24490000e+00  1.59899528e+00  1.24490000e+00  5.48056179e-01 
 1.24500000e+00  1.59942267e+00  1.24500000e+00  5.48026096e-01 
 1.24510000e+00  1.59984553e+00  1.24510000e+00  5.47996052e-01 
 1.24520000e+00  1.60026393e+00  1.24520000e+00  5.47966048e-01 
 1.24530000e+00  1.60067797e+00  1.24530000e+00  5.47936083e-01 
 1.24540000e+00  1.60108772e+00  1.24540000e+00  5.47906158e-01 
 1.24550000e+00  1.60149328e+00  1.24550000e+00  5.47876273e-01 
 1.24560000e+00  1.60189472e+00  1.24560000e+00  5.47846428e-01 
 1.24570000e+00  1.60229212e+00  1.24570000e+00  5.47816623e-01 
 1.24580000e+00  1.60268555e+00  1.24580000e+00  5.47786859e-01 
 1.24590000e+00  1.60307509e+00  1.24590000e+00  5.47757136e-01 
 1.24600000e+00  1.60346081e+00  1.24600000e+00  5.47727453e-01 
 1.24610000e+00  1.60384278e+00  1.24610000e+00  5.47697811e-01 
 1.24620000e+00  1.60422106e+00  1.24620000e+00  5.47668209e-01 
 1.24630000e+00  1.60459572e+00  1.24630000e+00  5.47638649e-01 
 1.24640000e+00  1.60496683e+00  1.24640000e+00  5.47609130e-01 
 1.24650000e+00  1.60533445e+00  1.24650000e+00  5.47579653e-01 
 1.24660000e+00  1.60569864e+00  1.24660000e+00  5.47550216e-01 
 1.24670000e+00  1.60605946e+00  1.24670000e+00  5.47520821e-01 
 1.24680000e+00  1.60641697e+00  1.24680000e+00  5.47491468e-01 
 1.24690000e+00  1.60677122e+00  1.24690000e+00  5.47462156e-01 
 1.24700000e+00  1.60712227e+00  1.24700000e+00  5.47432886e-01 
 1.24710000e+00  1.60747017e+00  1.24710000e+00  5.47403657e-01 
 1.24720000e+00  1.60781498e+00  1.24720000e+00  5.47374470e-01 
 1.24730000e+00  1.60815674e+00  1.24730000e+00  5.47345326e-01 
 1.24740000e+00  1.60849552e+00  1.24740000e+00  5.47316223e-01 
 1.24750000e+00  1.60883135e+00  1.24750000e+00  5.47287162e-01 
 1.24760000e+00  1.60916428e+00  1.24760000e+00  5.47258143e-01 
 1.24770000e+00  1.60949437e+00  1.24770000e+00  5.47229166e-01 
 1.24780000e+00  1.60982165e+00  1.24780000e+00  5.47200231e-01 
 1.24790000e+00  1.61014618e+00  1.24790000e+00  5.47171339e-01 
 1.24800000e+00  1.61046798e+00  1.24800000e+00  5.47142488e-01 
 1.24810000e+00  1.61078712e+00  1.24810000e+00  5.47113680e-01 
 1.24820000e+00  1.61110362e+00  1.24820000e+00  5.47084914e-01 
 1.24830000e+00  1.61141753e+00  1.24830000e+00  5.47056191e-01 
 1.24840000e+00  1.61172889e+00  1.24840000e+00  5.47027510e-01 
 1.24850000e+00  1.61203774e+00  1.24850000e+00  5.46998871e-01 
 1.24860000e+00  1.61234412e+00  1.24860000e+00  5.46970274e-01 
 1.24870000e+00  1.61264805e+00  1.24870000e+00  5.46941720e-01 
 1.24880000e+00  1.61294959e+00  1.24880000e+00  5.46913208e-01 
 1.24890000e+00  1.61324876e+00  1.24890000e+00  5.46884739e-01 
 1.24900000e+00  1.61354560e+00  1.24900000e+00  5.46856312e-01 
 1.24910000e+00  1.61384014e+00  1.24910000e+00  5.46827927e-01 
 1.24920000e+00  1.61413242e+00  1.24920000e+00  5.46799585e-01 
 1.24930000e+00  1.61442247e+00  1.24930000e+00  5.46771286e-01 
 1.24940000e+00  1.61471032e+00  1.24940000e+00  5.46743028e-01 
 1.24950000e+00  1.61499600e+00  1.24950000e+00  5.46714814e-01 
 1.24960000e+00  1.61527954e+00  1.24960000e+00  5.46686641e-01 
 1.24970000e+00  1.61556098e+00  1.24970000e+00  5.46658511e-01 
 1.24980000e+00  1.61584033e+00  1.24980000e+00  5.46630424e-01 
 1.24990000e+00  1.61611764e+00  1.24990000e+00  5.46602379e-01 
 1.25000000e+00  1.61639293e+00  1.25000000e+00  5.46574376e-01 
