 1.15000000e+00  4.34524110e-01  1.15000000e+00  6.68055390e-01 
 1.15010000e+00  4.34651810e-01  1.15010000e+00  6.68054381e-01 
 1.15020000e+00  4.34779743e-01  1.15020000e+00  6.68053373e-01 
 1.15030000e+00  4.34907735e-01  1.15030000e+00  6.68052366e-01 
 1.15040000e+00  4.35035845e-01  1.15040000e+00  6.68051358e-01 
 1.15050000e+00  4.35164074e-01  1.15050000e+00  6.68050351e-01 
 1.15060000e+00  4.35292421e-01  1.15060000e+00  6.68049343e-01 
 1.15070000e+00  4.35420888e-01  1.15070000e+00  6.68048336e-01 
 1.15080000e+00  4.35549474e-01  1.15080000e+00  6.68047329e-01 
 1.15090000e+00  4.35678180e-01  1.15090000e+00  6.68046322e-01 
 1.15100000e+00  4.35807008e-01  1.15100000e+00  6.68045315e-01 
 1.15110000e+00  4.35935956e-01  1.15110000e+00  6.68044309e-01 
 1.15120000e+00  4.36065027e-01  1.15120000e+00  6.68043303e-01 
 1.15130000e+00  4.36194219e-01  1.15130000e+00  6.68042296e-01 
 1.15140000e+00  4.36323535e-01  1.15140000e+00  6.68041290e-01 
 1.15150000e+00  4.36452973e-01  1.15150000e+00  6.68040284e-01 
 1.15160000e+00  4.36582536e-01  1.15160000e+00  6.68039279e-01 
 1.15170000e+00  4.36712223e-01  1.15170000e+00  6.68038273e-01 
 1.15180000e+00  4.36842034e-01  1.15180000e+00  6.68037268e-01 
 1.15190000e+00  4.36971971e-01  1.15190000e+00  6.68036262e-01 
 1.15200000e+00  4.37102034e-01  1.15200000e+00  6.68035257e-01 
 1.15210000e+00  4.37232223e-01  1.15210000e+00  6.68034252e-01 
 1.15220000e+00  4.37362539e-01  1.15220000e+00  6.68033247e-01 
 1.15230000e+00  4.37492983e-01  1.15230000e+00  6.68032243e-01 
 1.15240000e+00  4.37623554e-01  1.15240000e+00  6.68031238e-01 
 1.15250000e+00  4.37754254e-01  1.15250000e+00  6.68030234e-01 
 1.15260000e+00  4.37885083e-01  1.15260000e+00  6.68029230e-01 
 1.15270000e+00  4.38016042e-01  1.15270000e+00  6.68028225e-01 
 1.15280000e+00  4.38147131e-01  1.15280000e+00  6.68027221e-01 
 1.15290000e+00  4.38278351e-01  1.15290000e+00  6.68026218e-01 
 1.15300000e+00  4.38409702e-01  1.15300000e+00  6.68025214e-01 
 1.15310000e+00  4.38541185e-01  1.15310000e+00  6.68024210e-01 
 1.15320000e+00  4.38672800e-01  1.15320000e+00  6.68023207e-01 
 1.15330000e+00  4.38804549e-01  1.15330000e+00  6.68022204e-01 
 1.15340000e+00  4.38936431e-01  1.15340000e+00  6.68021201e-01 
 1.15350000e+00  4.39068447e-01  1.15350000e+00  6.68020198e-01 
 1.15360000e+00  4.39200598e-01  1.15360000e+00  6.68019195e-01 
 1.15370000e+00  4.39332884e-01  1.15370000e+00  6.68018192e-01 
 1.15380000e+00  4.39465306e-01  1.15380000e+00  6.68017190e-01 
 1.15390000e+00  4.39597865e-01  1.15390000e+00  6.68016187e-01 
 1.15400000e+00  4.39730560e-01  1.15400000e+00  6.68015185e-01 
 1.15410000e+00  4.39863394e-01  1.15410000e+00  6.68014183e-01 
 1.15420000e+00  4.39996365e-01  1.15420000e+00  6.68013181e-01 
 1.15430000e+00  4.40129476e-01  1.15430000e+00  6.68012179e-01 
 1.15440000e+00  4.40262726e-01  1.15440000e+00  6.68011177e-01 
 1.15450000e+00  4.40396116e-01  1.15450000e+00  6.68010175e-01 
 1.15460000e+00  4.40529647e-01  1.15460000e+00  6.68009174e-01 
 1.15470000e+00  4.40663320e-01  1.15470000e+00  6.68008172e-01 
 1.15480000e+00  4.40797134e-01  1.15480000e+00  6.68007171e-01 
 1.15490000e+00  4.40931091e-01  1.15490000e+00  6.68006170e-01 
 1.15500000e+00  4.41065191e-01  1.15500000e+00  6.68005169e-01 
 1.15510000e+00  4.41199436e-01  1.15510000e+00  6.68004168e-01 
 1.15520000e+00  4.41333825e-01  1.15520000e+00  6.68003167e-01 
 1.15530000e+00  4.41468359e-01  1.15530000e+00  6.68002167e-01 
 1.15540000e+00  4.41603039e-01  1.15540000e+00  6.68001166e-01 
 1.15550000e+00  4.41737865e-01  1.15550000e+00  6.68000166e-01 
 1.15560000e+00  4.41872839e-01  1.15560000e+00  6.67999165e-01 
 1.15570000e+00  4.42007960e-01  1.15570000e+00  6.67998165e-01 
 1.15580000e+00  4.42143230e-01  1.15580000e+00  6.67997165e-01 
 1.15590000e+00  4.42278649e-01  1.15590000e+00  6.67996165e-01 
 1.15600000e+00  4.42414219e-01  1.15600000e+00  6.67995165e-01 
 1.15610000e+00  4.42549938e-01  1.15610000e+00  6.67994165e-01 
 1.15620000e+00  4.42685809e-01  1.15620000e+00  6.67993166e-01 
 1.15630000e+00  4.42821832e-01  1.15630000e+00  6.67992166e-01 
 1.15640000e+00  4.42958008e-01  1.15640000e+00  6.67991167e-01 
 1.15650000e+00  4.43094337e-01  1.15650000e+00  6.67990168e-01 
 1.15660000e+00  4.43230820e-01  1.15660000e+00  6.67989168e-01 
 1.15670000e+00  4.43367458e-01  1.15670000e+00  6.67988169e-01 
 1.15680000e+00  4.43504251e-01  1.15680000e+00  6.67987170e-01 
 1.15690000e+00  4.43641201e-01  1.15690000e+00  6.67986172e-01 
 1.15700000e+00  4.43778308e-01  1.15700000e+00  6.67985173e-01 
 1.15710000e+00  4.43915572e-01  1.15710000e+00  6.67984174e-01 
 1.15720000e+00  4.44052995e-01  1.15720000e+00  6.67983176e-01 
 1.15730000e+00  4.44190577e-01  1.15730000e+00  6.67982177e-01 
 1.15740000e+00  4.44328319e-01  1.15740000e+00  6.67981179e-01 
 1.15750000e+00  4.44466221e-01  1.15750000e+00  6.67980180e-01 
 1.15760000e+00  4.44604286e-01  1.15760000e+00  6.67979182e-01 
 1.15770000e+00  4.44742512e-01  1.15770000e+00  6.67978184e-01 
 1.15780000e+00  4.44880901e-01  1.15780000e+00  6.67977186e-01 
 1.15790000e+00  4.45019454e-01  1.15790000e+00  6.67976188e-01 
 1.15800000e+00  4.45158172e-01  1.15800000e+00  6.67975190e-01 
 1.15810000e+00  4.45297055e-01  1.15810000e+00  6.67974193e-01 
 1.15820000e+00  4.45436104e-01  1.15820000e+00  6.67973195e-01 
 1.15830000e+00  4.45575320e-01  1.15830000e+00  6.67972198e-01 
 1.15840000e+00  4.45714704e-01  1.15840000e+00  6.67971200e-01 
 1.15850000e+00  4.45854257e-01  1.15850000e+00  6.67970203e-01 
 1.15860000e+00  4.45993979e-01  1.15860000e+00  6.67969206e-01 
 1.15870000e+00  4.46133871e-01  1.15870000e+00  6.67968208e-01 
 1.15880000e+00  4.46273934e-01  1.15880000e+00  6.67967211e-01 
 1.15890000e+00  4.46414169e-01  1.15890000e+00  6.67966214e-01 
 1.15900000e+00  4.46554577e-01  1.15900000e+00  6.67965217e-01 
 1.15910000e+00  4.46695158e-01  1.15910000e+00  6.67964220e-01 
 1.15920000e+00  4.46835914e-01  1.15920000e+00  6.67963224e-01 
 1.15930000e+00  4.46976845e-01  1.15930000e+00  6.67962227e-01 
 1.15940000e+00  4.47117952e-01  1.15940000e+00  6.67961230e-01 
 1.15950000e+00  4.47259237e-01  1.15950000e+00  6.67960234e-01 
 1.15960000e+00  4.47400699e-01  1.15960000e+00  6.67959237e-01 
 1.15970000e+00  4.47542340e-01  1.15970000e+00  6.67958241e-01 
 1.15980000e+00  4.47684161e-01  1.15980000e+00  6.67957244e-01 
 1.15990000e+00  4.47826162e-01  1.15990000e+00  6.67956248e-01 
 1.16000000e+00  4.47968345e-01  1.16000000e+00  6.67955252e-01 
 1.16010000e+00  4.48110710e-01  1.16010000e+00  6.67954256e-01 
 1.16020000e+00  4.48253259e-01  1.16020000e+00  6.67953260e-01 
 1.16030000e+00  4.48395992e-01  1.16030000e+00  6.67952264e-01 
 1.16040000e+00  4.48538910e-01  1.16040000e+00  6.67951268e-01 
 1.16050000e+00  4.48682014e-01  1.16050000e+00  6.67950272e-01 
 1.16060000e+00  4.48825306e-01  1.16060000e+00  6.67949276e-01 
 1.16070000e+00  4.48968785e-01  1.16070000e+00  6.67948280e-01 
 1.16080000e+00  4.49112454e-01  1.16080000e+00  6.67947285e-01 
 1.16090000e+00  4.49256313e-01  1.16090000e+00  6.67946289e-01 
 1.16100000e+00  4.49400362e-01  1.16100000e+00  6.67945293e-01 
 1.16110000e+00  4.49544604e-01  1.16110000e+00  6.67944298e-01 
 1.16120000e+00  4.49689038e-01  1.16120000e+00  6.67943302e-01 
 1.16130000e+00  4.49833667e-01  1.16130000e+00  6.67942307e-01 
 1.16140000e+00  4.49978490e-01  1.16140000e+00  6.67941311e-01 
 1.16150000e+00  4.50123510e-01  1.16150000e+00  6.67940316e-01 
 1.16160000e+00  4.50268727e-01  1.16160000e+00  6.67939321e-01 
 1.16170000e+00  4.50414141e-01  1.16170000e+00  6.67938326e-01 
 1.16180000e+00  4.50559755e-01  1.16180000e+00  6.67937330e-01 
 1.16190000e+00  4.50705569e-01  1.16190000e+00  6.67936335e-01 
 1.16200000e+00  4.50851585e-01  1.16200000e+00  6.67935340e-01 
 1.16210000e+00  4.50997802e-01  1.16210000e+00  6.67934345e-01 
 1.16220000e+00  4.51144223e-01  1.16220000e+00  6.67933350e-01 
 1.16230000e+00  4.51290849e-01  1.16230000e+00  6.67932355e-01 
 1.16240000e+00  4.51437680e-01  1.16240000e+00  6.67931360e-01 
 1.16250000e+00  4.51584718e-01  1.16250000e+00  6.67930365e-01 
 1.16260000e+00  4.51731964e-01  1.16260000e+00  6.67929370e-01 
 1.16270000e+00  4.51879418e-01  1.16270000e+00  6.67928375e-01 
 1.16280000e+00  4.52027083e-01  1.16280000e+00  6.67927380e-01 
 1.16290000e+00  4.52174959e-01  1.16290000e+00  6.67926386e-01 
 1.16300000e+00  4.52323047e-01  1.16300000e+00  6.67925391e-01 
 1.16310000e+00  4.52471349e-01  1.16310000e+00  6.67924396e-01 
 1.16320000e+00  4.52619865e-01  1.16320000e+00  6.67923401e-01 
 1.16330000e+00  4.52768598e-01  1.16330000e+00  6.67922406e-01 
 1.16340000e+00  4.52917547e-01  1.16340000e+00  6.67921412e-01 
 1.16350000e+00  4.53066715e-01  1.16350000e+00  6.67920417e-01 
 1.16360000e+00  4.53216102e-01  1.16360000e+00  6.67919422e-01 
 1.16370000e+00  4.53365710e-01  1.16370000e+00  6.67918428e-01 
 1.16380000e+00  4.53515540e-01  1.16380000e+00  6.67917433e-01 
 1.16390000e+00  4.53665593e-01  1.16390000e+00  6.67916438e-01 
 1.16400000e+00  4.53815870e-01  1.16400000e+00  6.67915444e-01 
 1.16410000e+00  4.53966373e-01  1.16410000e+00  6.67914449e-01 
 1.16420000e+00  4.54117103e-01  1.16420000e+00  6.67913455e-01 
 1.16430000e+00  4.54268062e-01  1.16430000e+00  6.67912460e-01 
 1.16440000e+00  4.54419250e-01  1.16440000e+00  6.67911465e-01 
 1.16450000e+00  4.54570669e-01  1.16450000e+00  6.67910471e-01 
 1.16460000e+00  4.54722320e-01  1.16460000e+00  6.67909476e-01 
 1.16470000e+00  4.54874204e-01  1.16470000e+00  6.67908482e-01 
 1.16480000e+00  4.55026324e-01  1.16480000e+00  6.67907487e-01 
 1.16490000e+00  4.55178679e-01  1.16490000e+00  6.67906492e-01 
 1.16500000e+00  4.55331272e-01  1.16500000e+00  6.67905498e-01 
 1.16510000e+00  4.55484105e-01  1.16510000e+00  6.67904503e-01 
 1.16520000e+00  4.55637177e-01  1.16520000e+00  6.67903509e-01 
 1.16530000e+00  4.55790491e-01  1.16530000e+00  6.67902514e-01 
 1.16540000e+00  4.55944049e-01  1.16540000e+00  6.67901519e-01 
 1.16550000e+00  4.56097851e-01  1.16550000e+00  6.67900525e-01 
 1.16560000e+00  4.56251899e-01  1.16560000e+00  6.67899530e-01 
 1.16570000e+00  4.56406195e-01  1.16570000e+00  6.67898535e-01 
 1.16580000e+00  4.56560739e-01  1.16580000e+00  6.67897541e-01 
 1.16590000e+00  4.56715535e-01  1.16590000e+00  6.67896546e-01 
 1.16600000e+00  4.56870582e-01  1.16600000e+00  6.67895551e-01 
 1.16610000e+00  4.57025882e-01  1.16610000e+00  6.67894556e-01 
 1.16620000e+00  4.57181438e-01  1.16620000e+00  6.67893561e-01 
 1.16630000e+00  4.57337250e-01  1.16630000e+00  6.67892567e-01 
 1.16640000e+00  4.57493320e-01  1.16640000e+00  6.67891572e-01 
 1.16650000e+00  4.57649649e-01  1.16650000e+00  6.67890577e-01 
 1.16660000e+00  4.57806240e-01  1.16660000e+00  6.67889582e-01 
 1.16670000e+00  4.57963094e-01  1.16670000e+00  6.67888587e-01 
 1.16680000e+00  4.58120212e-01  1.16680000e+00  6.67887592e-01 
 1.16690000e+00  4.58277596e-01  1.16690000e+00  6.67886597e-01 
 1.16700000e+00  4.58435248e-01  1.16700000e+00  6.67885602e-01 
 1.16710000e+00  4.58593169e-01  1.16710000e+00  6.67884606e-01 
 1.16720000e+00  4.58751361e-01  1.16720000e+00  6.67883611e-01 
 1.16730000e+00  4.58909826e-01  1.16730000e+00  6.67882616e-01 
 1.16740000e+00  4.59068565e-01  1.16740000e+00  6.67881621e-01 
 1.16750000e+00  4.59227581e-01  1.16750000e+00  6.67880625e-01 
 1.16760000e+00  4.59386874e-01  1.16760000e+00  6.67879630e-01 
 1.16770000e+00  4.59546447e-01  1.16770000e+00  6.67878634e-01 
 1.16780000e+00  4.59706301e-01  1.16780000e+00  6.67877639e-01 
 1.16790000e+00  4.59866439e-01  1.16790000e+00  6.67876643e-01 
 1.16800000e+00  4.60026861e-01  1.16800000e+00  6.67875647e-01 
 1.16810000e+00  4.60187570e-01  1.16810000e+00  6.67874652e-01 
 1.16820000e+00  4.60348568e-01  1.16820000e+00  6.67873656e-01 
 1.16830000e+00  4.60509856e-01  1.16830000e+00  6.67872660e-01 
 1.16840000e+00  4.60671437e-01  1.16840000e+00  6.67871664e-01 
 1.16850000e+00  4.60833312e-01  1.16850000e+00  6.67870668e-01 
 1.16860000e+00  4.60995483e-01  1.16860000e+00  6.67869672e-01 
 1.16870000e+00  4.61157952e-01  1.16870000e+00  6.67868675e-01 
 1.16880000e+00  4.61320721e-01  1.16880000e+00  6.67867679e-01 
 1.16890000e+00  4.61483792e-01  1.16890000e+00  6.67866683e-01 
 1.16900000e+00  4.61647167e-01  1.16900000e+00  6.67865686e-01 
 1.16910000e+00  4.61810849e-01  1.16910000e+00  6.67864690e-01 
 1.16920000e+00  4.61974838e-01  1.16920000e+00  6.67863693e-01 
 1.16930000e+00  4.62139137e-01  1.16930000e+00  6.67862696e-01 
 1.16940000e+00  4.62303749e-01  1.16940000e+00  6.67861699e-01 
 1.16950000e+00  4.62468675e-01  1.16950000e+00  6.67860702e-01 
 1.16960000e+00  4.62633917e-01  1.16960000e+00  6.67859705e-01 
 1.16970000e+00  4.62799478e-01  1.16970000e+00  6.67858708e-01 
 1.16980000e+00  4.62965360e-01  1.16980000e+00  6.67857711e-01 
 1.16990000e+00  4.63131564e-01  1.16990000e+00  6.67856714e-01 
 1.17000000e+00  4.63298094e-01  1.17000000e+00  6.67855716e-01 
 1.17010000e+00  4.63464951e-01  1.17010000e+00  6.67854718e-01 
 1.17020000e+00  4.63632137e-01  1.17020000e+00  6.67853721e-01 
 1.17030000e+00  4.63799655e-01  1.17030000e+00  6.67852723e-01 
 1.17040000e+00  4.63967508e-01  1.17040000e+00  6.67851725e-01 
 1.17050000e+00  4.64135697e-01  1.17050000e+00  6.67850727e-01 
 1.17060000e+00  4.64304225e-01  1.17060000e+00  6.67849728e-01 
 1.17070000e+00  4.64473094e-01  1.17070000e+00  6.67848730e-01 
 1.17080000e+00  4.64642306e-01  1.17080000e+00  6.67847731e-01 
 1.17090000e+00  4.64811865e-01  1.17090000e+00  6.67846733e-01 
 1.17100000e+00  4.64981772e-01  1.17100000e+00  6.67845734e-01 
 1.17110000e+00  4.65152031e-01  1.17110000e+00  6.67844735e-01 
 1.17120000e+00  4.65322642e-01  1.17120000e+00  6.67843736e-01 
 1.17130000e+00  4.65493610e-01  1.17130000e+00  6.67842737e-01 
 1.17140000e+00  4.65664936e-01  1.17140000e+00  6.67841737e-01 
 1.17150000e+00  4.65836624e-01  1.17150000e+00  6.67840738e-01 
 1.17160000e+00  4.66008675e-01  1.17160000e+00  6.67839738e-01 
 1.17170000e+00  4.66181093e-01  1.17170000e+00  6.67838738e-01 
 1.17180000e+00  4.66353880e-01  1.17180000e+00  6.67837738e-01 
 1.17190000e+00  4.66527039e-01  1.17190000e+00  6.67836738e-01 
 1.17200000e+00  4.66700572e-01  1.17200000e+00  6.67835737e-01 
 1.17210000e+00  4.66874483e-01  1.17210000e+00  6.67834737e-01 
 1.17220000e+00  4.67048774e-01  1.17220000e+00  6.67833736e-01 
 1.17230000e+00  4.67223448e-01  1.17230000e+00  6.67832735e-01 
 1.17240000e+00  4.67398508e-01  1.17240000e+00  6.67831734e-01 
 1.17250000e+00  4.67573956e-01  1.17250000e+00  6.67830732e-01 
 1.17260000e+00  4.67749797e-01  1.17260000e+00  6.67829731e-01 
 1.17270000e+00  4.67926032e-01  1.17270000e+00  6.67828729e-01 
 1.17280000e+00  4.68102665e-01  1.17280000e+00  6.67827727e-01 
 1.17290000e+00  4.68279698e-01  1.17290000e+00  6.67826725e-01 
 1.17300000e+00  4.68457135e-01  1.17300000e+00  6.67825723e-01 
 1.17310000e+00  4.68634980e-01  1.17310000e+00  6.67824720e-01 
 1.17320000e+00  4.68813234e-01  1.17320000e+00  6.67823717e-01 
 1.17330000e+00  4.68991902e-01  1.17330000e+00  6.67822714e-01 
 1.17340000e+00  4.69170986e-01  1.17340000e+00  6.67821711e-01 
 1.17350000e+00  4.69350490e-01  1.17350000e+00  6.67820708e-01 
 1.17360000e+00  4.69530417e-01  1.17360000e+00  6.67819704e-01 
 1.17370000e+00  4.69710771e-01  1.17370000e+00  6.67818700e-01 
 1.17380000e+00  4.69891554e-01  1.17380000e+00  6.67817696e-01 
 1.17390000e+00  4.70072770e-01  1.17390000e+00  6.67816691e-01 
 1.17400000e+00  4.70254424e-01  1.17400000e+00  6.67815687e-01 
 1.17410000e+00  4.70436517e-01  1.17410000e+00  6.67814682e-01 
 1.17420000e+00  4.70619054e-01  1.17420000e+00  6.67813677e-01 
 1.17430000e+00  4.70802039e-01  1.17430000e+00  6.67812671e-01 
 1.17440000e+00  4.70985475e-01  1.17440000e+00  6.67811665e-01 
 1.17450000e+00  4.71169365e-01  1.17450000e+00  6.67810660e-01 
 1.17460000e+00  4.71353714e-01  1.17460000e+00  6.67809653e-01 
 1.17470000e+00  4.71538525e-01  1.17470000e+00  6.67808647e-01 
 1.17480000e+00  4.71723802e-01  1.17480000e+00  6.67807640e-01 
 1.17490000e+00  4.71909549e-01  1.17490000e+00  6.67806633e-01 
 1.17500000e+00  4.72095770e-01  1.17500000e+00  6.67805626e-01 
 1.17510000e+00  4.72282469e-01  1.17510000e+00  6.67804618e-01 
 1.17520000e+00  4.72469650e-01  1.17520000e+00  6.67803610e-01 
 1.17530000e+00  4.72657317e-01  1.17530000e+00  6.67802602e-01 
 1.17540000e+00  4.72845474e-01  1.17540000e+00  6.67801593e-01 
 1.17550000e+00  4.73034125e-01  1.17550000e+00  6.67800584e-01 
 1.17560000e+00  4.73223275e-01  1.17560000e+00  6.67799575e-01 
 1.17570000e+00  4.73412928e-01  1.17570000e+00  6.67798565e-01 
 1.17580000e+00  4.73603088e-01  1.17580000e+00  6.67797555e-01 
 1.17590000e+00  4.73793760e-01  1.17590000e+00  6.67796545e-01 
 1.17600000e+00  4.73984948e-01  1.17600000e+00  6.67795535e-01 
 1.17610000e+00  4.74176657e-01  1.17610000e+00  6.67794524e-01 
 1.17620000e+00  4.74368891e-01  1.17620000e+00  6.67793513e-01 
 1.17630000e+00  4.74561655e-01  1.17630000e+00  6.67792501e-01 
 1.17640000e+00  4.74754954e-01  1.17640000e+00  6.67791489e-01 
 1.17650000e+00  4.74948792e-01  1.17650000e+00  6.67790477e-01 
 1.17660000e+00  4.75143175e-01  1.17660000e+00  6.67789464e-01 
 1.17670000e+00  4.75338107e-01  1.17670000e+00  6.67788451e-01 
 1.17680000e+00  4.75533593e-01  1.17680000e+00  6.67787437e-01 
 1.17690000e+00  4.75729639e-01  1.17690000e+00  6.67786424e-01 
 1.17700000e+00  4.75926250e-01  1.17700000e+00  6.67785409e-01 
 1.17710000e+00  4.76123430e-01  1.17710000e+00  6.67784395e-01 
 1.17720000e+00  4.76321185e-01  1.17720000e+00  6.67783380e-01 
 1.17730000e+00  4.76519521e-01  1.17730000e+00  6.67782364e-01 
 1.17740000e+00  4.76718443e-01  1.17740000e+00  6.67781348e-01 
 1.17750000e+00  4.76917956e-01  1.17750000e+00  6.67780332e-01 
 1.17760000e+00  4.77118066e-01  1.17760000e+00  6.67779315e-01 
 1.17770000e+00  4.77318778e-01  1.17770000e+00  6.67778298e-01 
 1.17780000e+00  4.77520100e-01  1.17780000e+00  6.67777280e-01 
 1.17790000e+00  4.77722035e-01  1.17790000e+00  6.67776262e-01 
 1.17800000e+00  4.77924591e-01  1.17800000e+00  6.67775243e-01 
 1.17810000e+00  4.78127773e-01  1.17810000e+00  6.67774224e-01 
 1.17820000e+00  4.78331588e-01  1.17820000e+00  6.67773205e-01 
 1.17830000e+00  4.78536041e-01  1.17830000e+00  6.67772185e-01 
 1.17840000e+00  4.78741139e-01  1.17840000e+00  6.67771164e-01 
 1.17850000e+00  4.78946889e-01  1.17850000e+00  6.67770143e-01 
 1.17860000e+00  4.79153296e-01  1.17860000e+00  6.67769122e-01 
 1.17870000e+00  4.79360368e-01  1.17870000e+00  6.67768100e-01 
 1.17880000e+00  4.79568111e-01  1.17880000e+00  6.67767077e-01 
 1.17890000e+00  4.79776532e-01  1.17890000e+00  6.67766054e-01 
 1.17900000e+00  4.79985637e-01  1.17900000e+00  6.67765031e-01 
 1.17910000e+00  4.80195435e-01  1.17910000e+00  6.67764007e-01 
 1.17920000e+00  4.80405932e-01  1.17920000e+00  6.67762982e-01 
 1.17930000e+00  4.80617135e-01  1.17930000e+00  6.67761957e-01 
 1.17940000e+00  4.80829052e-01  1.17940000e+00  6.67760931e-01 
 1.17950000e+00  4.81041690e-01  1.17950000e+00  6.67759905e-01 
 1.17960000e+00  4.81255056e-01  1.17960000e+00  6.67758878e-01 
 1.17970000e+00  4.81469159e-01  1.17970000e+00  6.67757850e-01 
 1.17980000e+00  4.81684006e-01  1.17980000e+00  6.67756822e-01 
 1.17990000e+00  4.81899606e-01  1.17990000e+00  6.67755793e-01 
 1.18000000e+00  4.82115966e-01  1.18000000e+00  6.67754764e-01 
 1.18010000e+00  4.82333095e-01  1.18010000e+00  6.67753734e-01 
 1.18020000e+00  4.82551001e-01  1.18020000e+00  6.67752703e-01 
 1.18030000e+00  4.82769692e-01  1.18030000e+00  6.67751672e-01 
 1.18040000e+00  4.82989178e-01  1.18040000e+00  6.67750640e-01 
 1.18050000e+00  4.83209466e-01  1.18050000e+00  6.67749607e-01 
 1.18060000e+00  4.83430567e-01  1.18060000e+00  6.67748574e-01 
 1.18070000e+00  4.83652489e-01  1.18070000e+00  6.67747540e-01 
 1.18080000e+00  4.83875241e-01  1.18080000e+00  6.67746505e-01 
 1.18090000e+00  4.84098834e-01  1.18090000e+00  6.67745470e-01 
 1.18100000e+00  4.84323275e-01  1.18100000e+00  6.67744434e-01 
 1.18110000e+00  4.84548576e-01  1.18110000e+00  6.67743397e-01 
 1.18120000e+00  4.84774746e-01  1.18120000e+00  6.67742359e-01 
 1.18130000e+00  4.85001796e-01  1.18130000e+00  6.67741321e-01 
 1.18140000e+00  4.85229735e-01  1.18140000e+00  6.67740282e-01 
 1.18150000e+00  4.85458574e-01  1.18150000e+00  6.67739242e-01 
 1.18160000e+00  4.85688325e-01  1.18160000e+00  6.67738201e-01 
 1.18170000e+00  4.85918996e-01  1.18170000e+00  6.67737160e-01 
 1.18180000e+00  4.86150601e-01  1.18180000e+00  6.67736117e-01 
 1.18190000e+00  4.86383150e-01  1.18190000e+00  6.67735074e-01 
 1.18200000e+00  4.86616654e-01  1.18200000e+00  6.67734030e-01 
 1.18210000e+00  4.86851125e-01  1.18210000e+00  6.67732985e-01 
 1.18220000e+00  4.87086576e-01  1.18220000e+00  6.67731940e-01 
 1.18230000e+00  4.87323018e-01  1.18230000e+00  6.67730893e-01 
 1.18240000e+00  4.87560463e-01  1.18240000e+00  6.67729845e-01 
 1.18250000e+00  4.87798925e-01  1.18250000e+00  6.67728797e-01 
 1.18260000e+00  4.88038417e-01  1.18260000e+00  6.67727748e-01 
 1.18270000e+00  4.88278950e-01  1.18270000e+00  6.67726697e-01 
 1.18280000e+00  4.88520539e-01  1.18280000e+00  6.67725646e-01 
 1.18290000e+00  4.88763198e-01  1.18290000e+00  6.67724594e-01 
 1.18300000e+00  4.89006939e-01  1.18300000e+00  6.67723541e-01 
 1.18310000e+00  4.89251778e-01  1.18310000e+00  6.67722486e-01 
 1.18320000e+00  4.89497729e-01  1.18320000e+00  6.67721431e-01 
 1.18330000e+00  4.89744806e-01  1.18330000e+00  6.67720375e-01 
 1.18340000e+00  4.89993025e-01  1.18340000e+00  6.67719318e-01 
 1.18350000e+00  4.90242401e-01  1.18350000e+00  6.67718259e-01 
 1.18360000e+00  4.90492950e-01  1.18360000e+00  6.67717200e-01 
 1.18370000e+00  4.90744687e-01  1.18370000e+00  6.67716139e-01 
 1.18380000e+00  4.90997629e-01  1.18380000e+00  6.67715078e-01 
 1.18390000e+00  4.91251793e-01  1.18390000e+00  6.67714015e-01 
 1.18400000e+00  4.91507196e-01  1.18400000e+00  6.67712951e-01 
 1.18410000e+00  4.91763855e-01  1.18410000e+00  6.67711886e-01 
 1.18420000e+00  4.92021787e-01  1.18420000e+00  6.67710819e-01 
 1.18430000e+00  4.92281012e-01  1.18430000e+00  6.67709752e-01 
 1.18440000e+00  4.92541547e-01  1.18440000e+00  6.67708683e-01 
 1.18450000e+00  4.92803411e-01  1.18450000e+00  6.67707613e-01 
 1.18460000e+00  4.93066624e-01  1.18460000e+00  6.67706541e-01 
 1.18470000e+00  4.93331206e-01  1.18470000e+00  6.67705468e-01 
 1.18480000e+00  4.93597177e-01  1.18480000e+00  6.67704394e-01 
 1.18490000e+00  4.93864557e-01  1.18490000e+00  6.67703319e-01 
 1.18500000e+00  4.94133368e-01  1.18500000e+00  6.67702242e-01 
 1.18510000e+00  4.94403632e-01  1.18510000e+00  6.67701164e-01 
 1.18520000e+00  4.94675369e-01  1.18520000e+00  6.67700084e-01 
 1.18530000e+00  4.94948604e-01  1.18530000e+00  6.67699003e-01 
 1.18540000e+00  4.95223359e-01  1.18540000e+00  6.67697921e-01 
 1.18550000e+00  4.95499658e-01  1.18550000e+00  6.67696837e-01 
 1.18560000e+00  4.95777526e-01  1.18560000e+00  6.67695751e-01 
 1.18570000e+00  4.96056986e-01  1.18570000e+00  6.67694664e-01 
 1.18580000e+00  4.96338065e-01  1.18580000e+00  6.67693575e-01 
 1.18590000e+00  4.96620789e-01  1.18590000e+00  6.67692485e-01 
 1.18600000e+00  4.96905185e-01  1.18600000e+00  6.67691393e-01 
 1.18610000e+00  4.97191279e-01  1.18610000e+00  6.67690299e-01 
 1.18620000e+00  4.97479100e-01  1.18620000e+00  6.67689204e-01 
 1.18630000e+00  4.97768676e-01  1.18630000e+00  6.67688106e-01 
 1.18640000e+00  4.98060038e-01  1.18640000e+00  6.67687007e-01 
 1.18650000e+00  4.98353215e-01  1.18650000e+00  6.67685907e-01 
 1.18660000e+00  4.98648239e-01  1.18660000e+00  6.67684804e-01 
 1.18670000e+00  4.98945140e-01  1.18670000e+00  6.67683700e-01 
 1.18680000e+00  4.99243953e-01  1.18680000e+00  6.67682593e-01 
 1.18690000e+00  4.99544709e-01  1.18690000e+00  6.67681485e-01 
 1.18700000e+00  4.99847445e-01  1.18700000e+00  6.67680374e-01 
 1.18710000e+00  5.00152194e-01  1.18710000e+00  6.67679262e-01 
 1.18720000e+00  5.00458993e-01  1.18720000e+00  6.67678147e-01 
 1.18730000e+00  5.00767880e-01  1.18730000e+00  6.67677031e-01 
 1.18740000e+00  5.01078893e-01  1.18740000e+00  6.67675912e-01 
 1.18750000e+00  5.01392070e-01  1.18750000e+00  6.67674791e-01 
 1.18760000e+00  5.01707453e-01  1.18760000e+00  6.67673668e-01 
 1.18770000e+00  5.02025083e-01  1.18770000e+00  6.67672542e-01 
 1.18780000e+00  5.02345002e-01  1.18780000e+00  6.67671414e-01 
 1.18790000e+00  5.02667255e-01  1.18790000e+00  6.67670284e-01 
 1.18800000e+00  5.02991887e-01  1.18800000e+00  6.67669151e-01 
 1.18810000e+00  5.03318944e-01  1.18810000e+00  6.67668016e-01 
 1.18820000e+00  5.03648474e-01  1.18820000e+00  6.67666878e-01 
 1.18830000e+00  5.03980526e-01  1.18830000e+00  6.67665738e-01 
 1.18840000e+00  5.04315152e-01  1.18840000e+00  6.67664595e-01 
 1.18850000e+00  5.04652403e-01  1.18850000e+00  6.67663449e-01 
 1.18860000e+00  5.04992333e-01  1.18860000e+00  6.67662301e-01 
 1.18870000e+00  5.05334998e-01  1.18870000e+00  6.67661149e-01 
 1.18880000e+00  5.05680455e-01  1.18880000e+00  6.67659995e-01 
 1.18890000e+00  5.06028763e-01  1.18890000e+00  6.67658838e-01 
 1.18900000e+00  5.06379983e-01  1.18900000e+00  6.67657677e-01 
 1.18910000e+00  5.06734179e-01  1.18910000e+00  6.67656514e-01 
 1.18920000e+00  5.07091414e-01  1.18920000e+00  6.67655347e-01 
 1.18930000e+00  5.07451755e-01  1.18930000e+00  6.67654177e-01 
 1.18940000e+00  5.07815273e-01  1.18940000e+00  6.67653004e-01 
 1.18950000e+00  5.08182038e-01  1.18950000e+00  6.67651827e-01 
 1.18960000e+00  5.08552124e-01  1.18960000e+00  6.67650647e-01 
 1.18970000e+00  5.08925608e-01  1.18970000e+00  6.67649463e-01 
 1.18980000e+00  5.09302568e-01  1.18980000e+00  6.67648275e-01 
 1.18990000e+00  5.09683087e-01  1.18990000e+00  6.67647084e-01 
 1.19000000e+00  5.10067248e-01  1.19000000e+00  6.67645889e-01 
 1.19010000e+00  5.10455140e-01  1.19010000e+00  6.67644690e-01 
 1.19020000e+00  5.10846853e-01  1.19020000e+00  6.67643486e-01 
 1.19030000e+00  5.11242481e-01  1.19030000e+00  6.67642279e-01 
 1.19040000e+00  5.11642120e-01  1.19040000e+00  6.67641067e-01 
 1.19050000e+00  5.12045873e-01  1.19050000e+00  6.67639851e-01 
 1.19060000e+00  5.12453843e-01  1.19060000e+00  6.67638630e-01 
 1.19070000e+00  5.12866140e-01  1.19070000e+00  6.67637405e-01 
 1.19080000e+00  5.13282875e-01  1.19080000e+00  6.67636175e-01 
 1.19090000e+00  5.13704166e-01  1.19090000e+00  6.67634940e-01 
 1.19100000e+00  5.14130134e-01  1.19100000e+00  6.67633700e-01 
 1.19110000e+00  5.14560905e-01  1.19110000e+00  6.67632455e-01 
 1.19120000e+00  5.14996612e-01  1.19120000e+00  6.67631204e-01 
 1.19130000e+00  5.15437389e-01  1.19130000e+00  6.67629948e-01 
 1.19140000e+00  5.15883380e-01  1.19140000e+00  6.67628687e-01 
 1.19150000e+00  5.16334733e-01  1.19150000e+00  6.67627419e-01 
 1.19160000e+00  5.16791600e-01  1.19160000e+00  6.67626146e-01 
 1.19170000e+00  5.17254143e-01  1.19170000e+00  6.67624866e-01 
 1.19180000e+00  5.17722530e-01  1.19180000e+00  6.67623580e-01 
 1.19190000e+00  5.18196934e-01  1.19190000e+00  6.67622287e-01 
 1.19200000e+00  5.18677537e-01  1.19200000e+00  6.67620988e-01 
 1.19210000e+00  5.19164531e-01  1.19210000e+00  6.67619681e-01 
 1.19220000e+00  5.19658113e-01  1.19220000e+00  6.67618368e-01 
 1.19230000e+00  5.20158490e-01  1.19230000e+00  6.67617047e-01 
 1.19240000e+00  5.20665881e-01  1.19240000e+00  6.67615718e-01 
 1.19250000e+00  5.21180511e-01  1.19250000e+00  6.67614381e-01 
 1.19260000e+00  5.21702619e-01  1.19260000e+00  6.67613036e-01 
 1.19270000e+00  5.22232454e-01  1.19270000e+00  6.67611683e-01 
 1.19280000e+00  5.22770277e-01  1.19280000e+00  6.67610321e-01 
 1.19290000e+00  5.23316360e-01  1.19290000e+00  6.67608949e-01 
 1.19300000e+00  5.23870992e-01  1.19300000e+00  6.67607569e-01 
 1.19310000e+00  5.24434474e-01  1.19310000e+00  6.67606178e-01 
 1.19320000e+00  5.25007122e-01  1.19320000e+00  6.67604777e-01 
 1.19330000e+00  5.25589270e-01  1.19330000e+00  6.67603366e-01 
 1.19340000e+00  5.26181267e-01  1.19340000e+00  6.67601944e-01 
 1.19350000e+00  5.26783482e-01  1.19350000e+00  6.67600511e-01 
 1.19360000e+00  5.27396304e-01  1.19360000e+00  6.67599065e-01 
 1.19370000e+00  5.28020143e-01  1.19370000e+00  6.67597608e-01 
 1.19380000e+00  5.28655429e-01  1.19380000e+00  6.67596137e-01 
 1.19390000e+00  5.29302619e-01  1.19390000e+00  6.67594654e-01 
 1.19400000e+00  5.29962195e-01  1.19400000e+00  6.67593157e-01 
 1.19410000e+00  5.30634665e-01  1.19410000e+00  6.67591645e-01 
 1.19420000e+00  5.31320568e-01  1.19420000e+00  6.67590118e-01 
 1.19430000e+00  5.32020475e-01  1.19430000e+00  6.67588575e-01 
 1.19440000e+00  5.32734990e-01  1.19440000e+00  6.67587017e-01 
 1.19450000e+00  5.33464754e-01  1.19450000e+00  6.67585441e-01 
 1.19460000e+00  5.34210446e-01  1.19460000e+00  6.67583847e-01 
 1.19470000e+00  5.34972791e-01  1.19470000e+00  6.67582234e-01 
 1.19480000e+00  5.35752555e-01  1.19480000e+00  6.67580602e-01 
 1.19490000e+00  5.36550556e-01  1.19490000e+00  6.67578950e-01 
 1.19500000e+00  5.37367666e-01  1.19500000e+00  6.67577275e-01 
 1.19510000e+00  5.38204811e-01  1.19510000e+00  6.67575579e-01 
 1.19520000e+00  5.39062982e-01  1.19520000e+00  6.67573858e-01 
 1.19530000e+00  5.39943235e-01  1.19530000e+00  6.67572113e-01 
 1.19540000e+00  5.40846701e-01  1.19540000e+00  6.67570341e-01 
 1.19550000e+00  5.41774588e-01  1.19550000e+00  6.67568541e-01 
 1.19560000e+00  5.42728191e-01  1.19560000e+00  6.67566713e-01 
 1.19570000e+00  5.43708894e-01  1.19570000e+00  6.67564853e-01 
 1.19580000e+00  5.44718188e-01  1.19580000e+00  6.67562961e-01 
 1.19590000e+00  5.45757667e-01  1.19590000e+00  6.67561035e-01 
 1.19600000e+00  5.46829048e-01  1.19600000e+00  6.67559073e-01 
 1.19610000e+00  5.47934177e-01  1.19610000e+00  6.67557071e-01 
 1.19620000e+00  5.49075040e-01  1.19620000e+00  6.67555030e-01 
 1.19630000e+00  5.50253777e-01  1.19630000e+00  6.67552944e-01 
 1.19640000e+00  5.51472696e-01  1.19640000e+00  6.67550813e-01 
 1.19650000e+00  5.52734287e-01  1.19650000e+00  6.67548633e-01 
 1.19660000e+00  5.54041239e-01  1.19660000e+00  6.67546401e-01 
 1.19670000e+00  5.55396454e-01  1.19670000e+00  6.67544113e-01 
 1.19680000e+00  5.56803075e-01  1.19680000e+00  6.67541766e-01 
 1.19690000e+00  5.58264497e-01  1.19690000e+00  6.67539356e-01 
 1.19700000e+00  5.59784395e-01  1.19700000e+00  6.67536879e-01 
 1.19710000e+00  5.61366747e-01  1.19710000e+00  6.67534329e-01 
 1.19720000e+00  5.63015857e-01  1.19720000e+00  6.67531702e-01 
 1.19730000e+00  5.64736386e-01  1.19730000e+00  6.67528992e-01 
 1.19740000e+00  5.66533375e-01  1.19740000e+00  6.67526193e-01 
 1.19750000e+00  5.68412280e-01  1.19750000e+00  6.67523298e-01 
 1.19760000e+00  5.70378993e-01  1.19760000e+00  6.67520301e-01 
 1.19770000e+00  5.72439880e-01  1.19770000e+00  6.67517194e-01 
 1.19780000e+00  5.74601802e-01  1.19780000e+00  6.67513969e-01 
 1.19790000e+00  5.76872144e-01  1.19790000e+00  6.67510615e-01 
 1.19800000e+00  5.79258837e-01  1.19800000e+00  6.67507125e-01 
 1.19810000e+00  5.81770374e-01  1.19810000e+00  6.67503487e-01 
 1.19820000e+00  5.84415822e-01  1.19820000e+00  6.67499690e-01 
 1.19830000e+00  5.87204817e-01  1.19830000e+00  6.67495723e-01 
 1.19840000e+00  5.90147559e-01  1.19840000e+00  6.67491572e-01 
 1.19850000e+00  5.93254775e-01  1.19850000e+00  6.67487223e-01 
 1.19860000e+00  5.96537682e-01  1.19860000e+00  6.67482663e-01 
 1.19870000e+00  6.00007914e-01  1.19870000e+00  6.67477877e-01 
 1.19880000e+00  6.03677435e-01  1.19880000e+00  6.67472849e-01 
 1.19890000e+00  6.07558421e-01  1.19890000e+00  6.67467562e-01 
 1.19900000e+00  6.11663121e-01  1.19900000e+00  6.67462000e-01 
 1.19910000e+00  6.16003690e-01  1.19910000e+00  6.67456147e-01 
 1.19920000e+00  6.20592001e-01  1.19920000e+00  6.67449986e-01 
 1.19930000e+00  6.25439445e-01  1.19930000e+00  6.67443499e-01 
 1.19940000e+00  6.30556717e-01  1.19940000e+00  6.67436671e-01 
 1.19950000e+00  6.35953599e-01  1.19950000e+00  6.67429487e-01 
 1.19960000e+00  6.41638766e-01  1.19960000e+00  6.67421931e-01 
 1.19970000e+00  6.47619593e-01  1.19970000e+00  6.67413990e-01 
 1.19980000e+00  6.53902010e-01  1.19980000e+00  6.67405651e-01 
 1.19990000e+00  6.60490384e-01  1.19990000e+00  6.67396904e-01 
 1.20000000e+00  6.67387450e-01  1.20000000e+00  6.67387739e-01 
 1.20010000e+00  6.74594283e-01  1.20010000e+00  6.67378148e-01 
 1.20020000e+00  6.82110326e-01  1.20020000e+00  6.67368124e-01 
 1.20030000e+00  6.89933443e-01  1.20030000e+00  6.67357662e-01 
 1.20040000e+00  6.98060026e-01  1.20040000e+00  6.67346760e-01 
 1.20050000e+00  7.06485119e-01  1.20050000e+00  6.67335414e-01 
 1.20060000e+00  7.15202561e-01  1.20060000e+00  6.67323623e-01 
 1.20070000e+00  7.24205147e-01  1.20070000e+00  6.67311387e-01 
 1.20080000e+00  7.33484784e-01  1.20080000e+00  6.67298707e-01 
 1.20090000e+00  7.43032656e-01  1.20090000e+00  6.67285584e-01 
 1.20100000e+00  7.52839366e-01  1.20100000e+00  6.67272019e-01 
 1.20110000e+00  7.62895078e-01  1.20110000e+00  6.67258015e-01 
 1.20120000e+00  7.73189643e-01  1.20120000e+00  6.67243574e-01 
 1.20130000e+00  7.83712702e-01  1.20130000e+00  6.67228698e-01 
 1.20140000e+00  7.94453789e-01  1.20140000e+00  6.67213390e-01 
 1.20150000e+00  8.05402402e-01  1.20150000e+00  6.67197651e-01 
 1.20160000e+00  8.16548073e-01  1.20160000e+00  6.67181484e-01 
 1.20170000e+00  8.27880419e-01  1.20170000e+00  6.67164891e-01 
 1.20180000e+00  8.39389182e-01  1.20180000e+00  6.67147873e-01 
 1.20190000e+00  8.51064265e-01  1.20190000e+00  6.67130430e-01 
 1.20200000e+00  8.62895748e-01  1.20200000e+00  6.67112564e-01 
 1.20210000e+00  8.74873909e-01  1.20210000e+00  6.67094274e-01 
 1.20220000e+00  8.86989229e-01  1.20220000e+00  6.67075560e-01 
 1.20230000e+00  8.99232401e-01  1.20230000e+00  6.67056422e-01 
 1.20240000e+00  9.11594324e-01  1.20240000e+00  6.67036858e-01 
 1.20250000e+00  9.24066103e-01  1.20250000e+00  6.67016867e-01 
 1.20260000e+00  9.36639042e-01  1.20260000e+00  6.66996445e-01 
 1.20270000e+00  9.49304635e-01  1.20270000e+00  6.66975590e-01 
 1.20280000e+00  9.62054557e-01  1.20280000e+00  6.66954298e-01 
 1.20290000e+00  9.74880647e-01  1.20290000e+00  6.66932565e-01 
 1.20300000e+00  9.87774902e-01  1.20300000e+00  6.66910387e-01 
 1.20310000e+00  1.00072946e+00  1.20310000e+00  6.66887757e-01 
 1.20320000e+00  1.01373658e+00  1.20320000e+00  6.66864672e-01 
 1.20330000e+00  1.02678864e+00  1.20330000e+00  6.66841122e-01 
 1.20340000e+00  1.03987812e+00  1.20340000e+00  6.66817103e-01 
 1.20350000e+00  1.05299755e+00  1.20350000e+00  6.66792604e-01 
 1.20360000e+00  1.06613956e+00  1.20360000e+00  6.66767619e-01 
 1.20370000e+00  1.07929681e+00  1.20370000e+00  6.66742138e-01 
 1.20380000e+00  1.09246199e+00  1.20380000e+00  6.66716151e-01 
 1.20390000e+00  1.10562781e+00  1.20390000e+00  6.66689647e-01 
 1.20400000e+00  1.11878698e+00  1.20400000e+00  6.66662614e-01 
 1.20410000e+00  1.13193217e+00  1.20410000e+00  6.66635042e-01 
 1.20420000e+00  1.14505604e+00  1.20420000e+00  6.66606915e-01 
 1.20430000e+00  1.15815117e+00  1.20430000e+00  6.66578221e-01 
 1.20440000e+00  1.17121009e+00  1.20440000e+00  6.66548944e-01 
 1.20450000e+00  1.18422520e+00  1.20450000e+00  6.66519069e-01 
 1.20460000e+00  1.19718883e+00  1.20460000e+00  6.66488578e-01 
 1.20470000e+00  1.21009313e+00  1.20470000e+00  6.66457455e-01 
 1.20480000e+00  1.22293013e+00  1.20480000e+00  6.66425679e-01 
 1.20490000e+00  1.23569167e+00  1.20490000e+00  6.66393230e-01 
 1.20500000e+00  1.24836938e+00  1.20500000e+00  6.66360088e-01 
 1.20510000e+00  1.26095468e+00  1.20510000e+00  6.66326229e-01 
 1.20520000e+00  1.27343874e+00  1.20520000e+00  6.66291629e-01 
 1.20530000e+00  1.28581244e+00  1.20530000e+00  6.66256263e-01 
 1.20540000e+00  1.29806639e+00  1.20540000e+00  6.66220103e-01 
 1.20550000e+00  1.31019086e+00  1.20550000e+00  6.66183121e-01 
 1.20560000e+00  1.32217576e+00  1.20560000e+00  6.66145286e-01 
 1.20570000e+00  1.33401067e+00  1.20570000e+00  6.66106566e-01 
 1.20580000e+00  1.34568475e+00  1.20580000e+00  6.66066927e-01 
 1.20590000e+00  1.35718676e+00  1.20590000e+00  6.66026333e-01 
 1.20600000e+00  1.36850506e+00  1.20600000e+00  6.65984746e-01 
 1.20610000e+00  1.37962758e+00  1.20610000e+00  6.65942127e-01 
 1.20620000e+00  1.39054189e+00  1.20620000e+00  6.65898435e-01 
 1.20630000e+00  1.40123515e+00  1.20630000e+00  6.65853625e-01 
 1.20640000e+00  1.41169427e+00  1.20640000e+00  6.65807655e-01 
 1.20650000e+00  1.42190589e+00  1.20650000e+00  6.65760478e-01 
 1.20660000e+00  1.43185659e+00  1.20660000e+00  6.65712050e-01 
 1.20670000e+00  1.44153299e+00  1.20670000e+00  6.65662325e-01 
 1.20680000e+00  1.45092201e+00  1.20680000e+00  6.65611258e-01 
 1.20690000e+00  1.46001107e+00  1.20690000e+00  6.65558808e-01 
 1.20700000e+00  1.46878845e+00  1.20700000e+00  6.65504936e-01 
 1.20710000e+00  1.47724357e+00  1.20710000e+00  6.65449609e-01 
 1.20720000e+00  1.48536740e+00  1.20720000e+00  6.65392800e-01 
 1.20730000e+00  1.49315278e+00  1.20730000e+00  6.65334489e-01 
 1.20740000e+00  1.50059479e+00  1.20740000e+00  6.65274666e-01 
 1.20750000e+00  1.50769098e+00  1.20750000e+00  6.65213331e-01 
 1.20760000e+00  1.51444161e+00  1.20760000e+00  6.65150495e-01 
 1.20770000e+00  1.52084965e+00  1.20770000e+00  6.65086180e-01 
 1.20780000e+00  1.52692083e+00  1.20780000e+00  6.65020420e-01 
 1.20790000e+00  1.53266338e+00  1.20790000e+00  6.64953258e-01 
 1.20800000e+00  1.53808781e+00  1.20800000e+00  6.64884747e-01 
 1.20810000e+00  1.54320654e+00  1.20810000e+00  6.64814944e-01 
 1.20820000e+00  1.54803347e+00  1.20820000e+00  6.64743917e-01 
 1.20830000e+00  1.55258358e+00  1.20830000e+00  6.64671735e-01 
 1.20840000e+00  1.55687248e+00  1.20840000e+00  6.64598467e-01 
 1.20850000e+00  1.56091606e+00  1.20850000e+00  6.64524187e-01 
 1.20860000e+00  1.56473017e+00  1.20860000e+00  6.64448964e-01 
 1.20870000e+00  1.56833033e+00  1.20870000e+00  6.64372869e-01 
 1.20880000e+00  1.57173150e+00  1.20880000e+00  6.64295967e-01 
 1.20890000e+00  1.57494800e+00  1.20890000e+00  6.64218322e-01 
 1.20900000e+00  1.57799335e+00  1.20900000e+00  6.64139993e-01 
 1.20910000e+00  1.58088023e+00  1.20910000e+00  6.64061035e-01 
 1.20920000e+00  1.58362045e+00  1.20920000e+00  6.63981500e-01 
 1.20930000e+00  1.58622497e+00  1.20930000e+00  6.63901436e-01 
 1.20940000e+00  1.58870393e+00  1.20940000e+00  6.63820887e-01 
 1.20950000e+00  1.59106662e+00  1.20950000e+00  6.63739893e-01 
 1.20960000e+00  1.59332162e+00  1.20960000e+00  6.63658492e-01 
 1.20970000e+00  1.59547677e+00  1.20970000e+00  6.63576717e-01 
 1.20980000e+00  1.59753926e+00  1.20980000e+00  6.63494600e-01 
 1.20990000e+00  1.59951566e+00  1.20990000e+00  6.63412169e-01 
 1.21000000e+00  1.60141202e+00  1.21000000e+00  6.63329449e-01 
 1.21010000e+00  1.60323382e+00  1.21010000e+00  6.63246466e-01 
 1.21020000e+00  1.60498611e+00  1.21020000e+00  6.63163240e-01 
 1.21030000e+00  1.60667352e+00  1.21030000e+00  6.63079791e-01 
 1.21040000e+00  1.60830028e+00  1.21040000e+00  6.62996138e-01 
 1.21050000e+00  1.60987026e+00  1.21050000e+00  6.62912297e-01 
 1.21060000e+00  1.61138703e+00  1.21060000e+00  6.62828284e-01 
 1.21070000e+00  1.61285386e+00  1.21070000e+00  6.62744112e-01 
 1.21080000e+00  1.61427377e+00  1.21080000e+00  6.62659795e-01 
 1.21090000e+00  1.61564953e+00  1.21090000e+00  6.62575344e-01 
 1.21100000e+00  1.61698369e+00  1.21100000e+00  6.62490771e-01 
 1.21110000e+00  1.61827861e+00  1.21110000e+00  6.62406086e-01 
 1.21120000e+00  1.61953648e+00  1.21120000e+00  6.62321297e-01 
 1.21130000e+00  1.62075931e+00  1.21130000e+00  6.62236414e-01 
 1.21140000e+00  1.62194898e+00  1.21140000e+00  6.62151445e-01 
 1.21150000e+00  1.62310721e+00  1.21150000e+00  6.62066397e-01 
 1.21160000e+00  1.62423562e+00  1.21160000e+00  6.61981277e-01 
 1.21170000e+00  1.62533572e+00  1.21170000e+00  6.61896092e-01 
 1.21180000e+00  1.62640888e+00  1.21180000e+00  6.61810847e-01 
 1.21190000e+00  1.62745641e+00  1.21190000e+00  6.61725549e-01 
 1.21200000e+00  1.62847953e+00  1.21200000e+00  6.61640201e-01 
 1.21210000e+00  1.62947937e+00  1.21210000e+00  6.61554810e-01 
 1.21220000e+00  1.63045699e+00  1.21220000e+00  6.61469380e-01 
 1.21230000e+00  1.63141338e+00  1.21230000e+00  6.61383914e-01 
 1.21240000e+00  1.63234947e+00  1.21240000e+00  6.61298418e-01 
 1.21250000e+00  1.63326613e+00  1.21250000e+00  6.61212894e-01 
 1.21260000e+00  1.63416418e+00  1.21260000e+00  6.61127347e-01 
 1.21270000e+00  1.63504441e+00  1.21270000e+00  6.61041779e-01 
 1.21280000e+00  1.63590752e+00  1.21280000e+00  6.60956195e-01 
 1.21290000e+00  1.63675420e+00  1.21290000e+00  6.60870595e-01 
 1.21300000e+00  1.63758511e+00  1.21300000e+00  6.60784985e-01 
 1.21310000e+00  1.63840084e+00  1.21310000e+00  6.60699365e-01 
 1.21320000e+00  1.63920197e+00  1.21320000e+00  6.60613740e-01 
 1.21330000e+00  1.63998905e+00  1.21330000e+00  6.60528110e-01 
 1.21340000e+00  1.64076259e+00  1.21340000e+00  6.60442478e-01 
 1.21350000e+00  1.64152308e+00  1.21350000e+00  6.60356847e-01 
 1.21360000e+00  1.64227097e+00  1.21360000e+00  6.60271218e-01 
 1.21370000e+00  1.64300672e+00  1.21370000e+00  6.60185594e-01 
 1.21380000e+00  1.64373073e+00  1.21380000e+00  6.60099975e-01 
 1.21390000e+00  1.64444339e+00  1.21390000e+00  6.60014364e-01 
 1.21400000e+00  1.64514509e+00  1.21400000e+00  6.59928763e-01 
 1.21410000e+00  1.64583619e+00  1.21410000e+00  6.59843173e-01 
 1.21420000e+00  1.64651701e+00  1.21420000e+00  6.59757595e-01 
 1.21430000e+00  1.64718790e+00  1.21430000e+00  6.59672031e-01 
 1.21440000e+00  1.64784915e+00  1.21440000e+00  6.59586482e-01 
 1.21450000e+00  1.64850107e+00  1.21450000e+00  6.59500950e-01 
 1.21460000e+00  1.64914393e+00  1.21460000e+00  6.59415435e-01 
 1.21470000e+00  1.64977800e+00  1.21470000e+00  6.59329940e-01 
 1.21480000e+00  1.65040355e+00  1.21480000e+00  6.59244464e-01 
 1.21490000e+00  1.65102082e+00  1.21490000e+00  6.59159010e-01 
 1.21500000e+00  1.65163004e+00  1.21500000e+00  6.59073578e-01 
 1.21510000e+00  1.65223144e+00  1.21510000e+00  6.58988169e-01 
 1.21520000e+00  1.65282523e+00  1.21520000e+00  6.58902785e-01 
 1.21530000e+00  1.65341164e+00  1.21530000e+00  6.58817425e-01 
 1.21540000e+00  1.65399084e+00  1.21540000e+00  6.58732092e-01 
 1.21550000e+00  1.65456304e+00  1.21550000e+00  6.58646785e-01 
 1.21560000e+00  1.65512842e+00  1.21560000e+00  6.58561506e-01 
 1.21570000e+00  1.65568716e+00  1.21570000e+00  6.58476256e-01 
 1.21580000e+00  1.65623942e+00  1.21580000e+00  6.58391034e-01 
 1.21590000e+00  1.65678536e+00  1.21590000e+00  6.58305843e-01 
 1.21600000e+00  1.65732515e+00  1.21600000e+00  6.58220682e-01 
 1.21610000e+00  1.65785894e+00  1.21610000e+00  6.58135552e-01 
 1.21620000e+00  1.65838686e+00  1.21620000e+00  6.58050455e-01 
 1.21630000e+00  1.65890907e+00  1.21630000e+00  6.57965390e-01 
 1.21640000e+00  1.65942569e+00  1.21640000e+00  6.57880358e-01 
 1.21650000e+00  1.65993686e+00  1.21650000e+00  6.57795360e-01 
 1.21660000e+00  1.66044270e+00  1.21660000e+00  6.57710397e-01 
 1.21670000e+00  1.66094333e+00  1.21670000e+00  6.57625468e-01 
 1.21680000e+00  1.66143887e+00  1.21680000e+00  6.57540575e-01 
 1.21690000e+00  1.66192944e+00  1.21690000e+00  6.57455718e-01 
 1.21700000e+00  1.66241514e+00  1.21700000e+00  6.57370897e-01 
 1.21710000e+00  1.66289607e+00  1.21710000e+00  6.57286113e-01 
 1.21720000e+00  1.66337235e+00  1.21720000e+00  6.57201367e-01 
 1.21730000e+00  1.66384406e+00  1.21730000e+00  6.57116659e-01 
 1.21740000e+00  1.66431131e+00  1.21740000e+00  6.57031989e-01 
 1.21750000e+00  1.66477419e+00  1.21750000e+00  6.56947357e-01 
 1.21760000e+00  1.66523279e+00  1.21760000e+00  6.56862765e-01 
 1.21770000e+00  1.66568718e+00  1.21770000e+00  6.56778212e-01 
 1.21780000e+00  1.66613747e+00  1.21780000e+00  6.56693700e-01 
 1.21790000e+00  1.66658372e+00  1.21790000e+00  6.56609228e-01 
 1.21800000e+00  1.66702603e+00  1.21800000e+00  6.56524796e-01 
 1.21810000e+00  1.66746445e+00  1.21810000e+00  6.56440406e-01 
 1.21820000e+00  1.66789908e+00  1.21820000e+00  6.56356057e-01 
 1.21830000e+00  1.66832998e+00  1.21830000e+00  6.56271749e-01 
 1.21840000e+00  1.66875722e+00  1.21840000e+00  6.56187484e-01 
 1.21850000e+00  1.66918087e+00  1.21850000e+00  6.56103261e-01 
 1.21860000e+00  1.66960100e+00  1.21860000e+00  6.56019081e-01 
 1.21870000e+00  1.67001767e+00  1.21870000e+00  6.55934945e-01 
 1.21880000e+00  1.67043093e+00  1.21880000e+00  6.55850851e-01 
 1.21890000e+00  1.67084087e+00  1.21890000e+00  6.55766801e-01 
 1.21900000e+00  1.67124752e+00  1.21900000e+00  6.55682795e-01 
 1.21910000e+00  1.67165095e+00  1.21910000e+00  6.55598833e-01 
 1.21920000e+00  1.67205122e+00  1.21920000e+00  6.55514916e-01 
 1.21930000e+00  1.67244838e+00  1.21930000e+00  6.55431044e-01 
 1.21940000e+00  1.67284249e+00  1.21940000e+00  6.55347216e-01 
 1.21950000e+00  1.67323358e+00  1.21950000e+00  6.55263434e-01 
 1.21960000e+00  1.67362172e+00  1.21960000e+00  6.55179697e-01 
 1.21970000e+00  1.67400695e+00  1.21970000e+00  6.55096006e-01 
 1.21980000e+00  1.67438933e+00  1.21980000e+00  6.55012361e-01 
 1.21990000e+00  1.67476889e+00  1.21990000e+00  6.54928762e-01 
 1.22000000e+00  1.67514568e+00  1.22000000e+00  6.54845210e-01 
 1.22010000e+00  1.67551975e+00  1.22010000e+00  6.54761704e-01 
 1.22020000e+00  1.67589114e+00  1.22020000e+00  6.54678246e-01 
 1.22030000e+00  1.67625989e+00  1.22030000e+00  6.54594834e-01 
 1.22040000e+00  1.67662605e+00  1.22040000e+00  6.54511470e-01 
 1.22050000e+00  1.67698964e+00  1.22050000e+00  6.54428153e-01 
 1.22060000e+00  1.67735072e+00  1.22060000e+00  6.54344883e-01 
 1.22070000e+00  1.67770931e+00  1.22070000e+00  6.54261662e-01 
 1.22080000e+00  1.67806547e+00  1.22080000e+00  6.54178489e-01 
 1.22090000e+00  1.67841921e+00  1.22090000e+00  6.54095364e-01 
 1.22100000e+00  1.67877058e+00  1.22100000e+00  6.54012287e-01 
 1.22110000e+00  1.67911962e+00  1.22110000e+00  6.53929259e-01 
 1.22120000e+00  1.67946635e+00  1.22120000e+00  6.53846280e-01 
 1.22130000e+00  1.67981081e+00  1.22130000e+00  6.53763350e-01 
 1.22140000e+00  1.68015303e+00  1.22140000e+00  6.53680469e-01 
 1.22150000e+00  1.68049305e+00  1.22150000e+00  6.53597638e-01 
 1.22160000e+00  1.68083089e+00  1.22160000e+00  6.53514856e-01 
 1.22170000e+00  1.68116658e+00  1.22170000e+00  6.53432123e-01 
 1.22180000e+00  1.68150016e+00  1.22180000e+00  6.53349440e-01 
 1.22190000e+00  1.68183165e+00  1.22190000e+00  6.53266808e-01 
 1.22200000e+00  1.68216108e+00  1.22200000e+00  6.53184225e-01 
 1.22210000e+00  1.68248848e+00  1.22210000e+00  6.53101693e-01 
 1.22220000e+00  1.68281387e+00  1.22220000e+00  6.53019211e-01 
 1.22230000e+00  1.68313729e+00  1.22230000e+00  6.52936779e-01 
 1.22240000e+00  1.68345876e+00  1.22240000e+00  6.52854399e-01 
 1.22250000e+00  1.68377830e+00  1.22250000e+00  6.52772069e-01 
 1.22260000e+00  1.68409593e+00  1.22260000e+00  6.52689790e-01 
 1.22270000e+00  1.68441169e+00  1.22270000e+00  6.52607562e-01 
 1.22280000e+00  1.68472560e+00  1.22280000e+00  6.52525385e-01 
 1.22290000e+00  1.68503768e+00  1.22290000e+00  6.52443260e-01 
 1.22300000e+00  1.68534795e+00  1.22300000e+00  6.52361186e-01 
 1.22310000e+00  1.68565644e+00  1.22310000e+00  6.52279164e-01 
 1.22320000e+00  1.68596316e+00  1.22320000e+00  6.52197194e-01 
 1.22330000e+00  1.68626814e+00  1.22330000e+00  6.52115275e-01 
 1.22340000e+00  1.68657141e+00  1.22340000e+00  6.52033409e-01 
 1.22350000e+00  1.68687297e+00  1.22350000e+00  6.51951594e-01 
 1.22360000e+00  1.68717286e+00  1.22360000e+00  6.51869832e-01 
 1.22370000e+00  1.68747109e+00  1.22370000e+00  6.51788122e-01 
 1.22380000e+00  1.68776768e+00  1.22380000e+00  6.51706465e-01 
 1.22390000e+00  1.68806265e+00  1.22390000e+00  6.51624860e-01 
 1.22400000e+00  1.68835602e+00  1.22400000e+00  6.51543308e-01 
 1.22410000e+00  1.68864780e+00  1.22410000e+00  6.51461809e-01 
 1.22420000e+00  1.68893803e+00  1.22420000e+00  6.51380362e-01 
 1.22430000e+00  1.68922670e+00  1.22430000e+00  6.51298969e-01 
 1.22440000e+00  1.68951385e+00  1.22440000e+00  6.51217628e-01 
 1.22450000e+00  1.68979949e+00  1.22450000e+00  6.51136341e-01 
 1.22460000e+00  1.69008363e+00  1.22460000e+00  6.51055107e-01 
 1.22470000e+00  1.69036630e+00  1.22470000e+00  6.50973927e-01 
 1.22480000e+00  1.69064750e+00  1.22480000e+00  6.50892800e-01 
 1.22490000e+00  1.69092726e+00  1.22490000e+00  6.50811727e-01 
 1.22500000e+00  1.69120559e+00  1.22500000e+00  6.50730707e-01 
 1.22510000e+00  1.69148250e+00  1.22510000e+00  6.50649741e-01 
 1.22520000e+00  1.69175801e+00  1.22520000e+00  6.50568830e-01 
 1.22530000e+00  1.69203214e+00  1.22530000e+00  6.50487972e-01 
 1.22540000e+00  1.69230491e+00  1.22540000e+00  6.50407168e-01 
 1.22550000e+00  1.69257631e+00  1.22550000e+00  6.50326418e-01 
 1.22560000e+00  1.69284638e+00  1.22560000e+00  6.50245723e-01 
 1.22570000e+00  1.69311511e+00  1.22570000e+00  6.50165082e-01 
 1.22580000e+00  1.69338254e+00  1.22580000e+00  6.50084495e-01 
 1.22590000e+00  1.69364866e+00  1.22590000e+00  6.50003963e-01 
 1.22600000e+00  1.69391350e+00  1.22600000e+00  6.49923486e-01 
 1.22610000e+00  1.69417707e+00  1.22610000e+00  6.49843063e-01 
 1.22620000e+00  1.69443937e+00  1.22620000e+00  6.49762695e-01 
 1.22630000e+00  1.69470043e+00  1.22630000e+00  6.49682382e-01 
 1.22640000e+00  1.69496025e+00  1.22640000e+00  6.49602124e-01 
 1.22650000e+00  1.69521885e+00  1.22650000e+00  6.49521921e-01 
 1.22660000e+00  1.69547623e+00  1.22660000e+00  6.49441773e-01 
 1.22670000e+00  1.69573242e+00  1.22670000e+00  6.49361680e-01 
 1.22680000e+00  1.69598742e+00  1.22680000e+00  6.49281642e-01 
 1.22690000e+00  1.69624124e+00  1.22690000e+00  6.49201660e-01 
 1.22700000e+00  1.69649390e+00  1.22700000e+00  6.49121733e-01 
 1.22710000e+00  1.69674541e+00  1.22710000e+00  6.49041862e-01 
 1.22720000e+00  1.69699577e+00  1.22720000e+00  6.48962046e-01 
 1.22730000e+00  1.69724499e+00  1.22730000e+00  6.48882286e-01 
 1.22740000e+00  1.69749310e+00  1.22740000e+00  6.48802581e-01 
 1.22750000e+00  1.69774010e+00  1.22750000e+00  6.48722933e-01 
 1.22760000e+00  1.69798599e+00  1.22760000e+00  6.48643340e-01 
 1.22770000e+00  1.69823080e+00  1.22770000e+00  6.48563803e-01 
 1.22780000e+00  1.69847452e+00  1.22780000e+00  6.48484322e-01 
 1.22790000e+00  1.69871718e+00  1.22790000e+00  6.48404897e-01 
 1.22800000e+00  1.69895877e+00  1.22800000e+00  6.48325529e-01 
 1.22810000e+00  1.69919931e+00  1.22810000e+00  6.48246216e-01 
 1.22820000e+00  1.69943881e+00  1.22820000e+00  6.48166960e-01 
 1.22830000e+00  1.69967727e+00  1.22830000e+00  6.48087760e-01 
 1.22840000e+00  1.69991471e+00  1.22840000e+00  6.48008617e-01 
 1.22850000e+00  1.70015114e+00  1.22850000e+00  6.47929530e-01 
 1.22860000e+00  1.70038656e+00  1.22860000e+00  6.47850499e-01 
 1.22870000e+00  1.70062098e+00  1.22870000e+00  6.47771525e-01 
 1.22880000e+00  1.70085442e+00  1.22880000e+00  6.47692608e-01 
 1.22890000e+00  1.70108687e+00  1.22890000e+00  6.47613748e-01 
 1.22900000e+00  1.70131836e+00  1.22900000e+00  6.47534944e-01 
 1.22910000e+00  1.70154888e+00  1.22910000e+00  6.47456197e-01 
 1.22920000e+00  1.70177844e+00  1.22920000e+00  6.47377508e-01 
 1.22930000e+00  1.70200706e+00  1.22930000e+00  6.47298875e-01 
 1.22940000e+00  1.70223474e+00  1.22940000e+00  6.47220299e-01 
 1.22950000e+00  1.70246149e+00  1.22950000e+00  6.47141780e-01 
 1.22960000e+00  1.70268731e+00  1.22960000e+00  6.47063318e-01 
 1.22970000e+00  1.70291222e+00  1.22970000e+00  6.46984914e-01 
 1.22980000e+00  1.70313622e+00  1.22980000e+00  6.46906567e-01 
 1.22990000e+00  1.70335932e+00  1.22990000e+00  6.46828277e-01 
 1.23000000e+00  1.70358152e+00  1.23000000e+00  6.46750045e-01 
 1.23010000e+00  1.70380284e+00  1.23010000e+00  6.46671870e-01 
 1.23020000e+00  1.70402328e+00  1.23020000e+00  6.46593752e-01 
 1.23030000e+00  1.70424285e+00  1.23030000e+00  6.46515692e-01 
 1.23040000e+00  1.70446155e+00  1.23040000e+00  6.46437690e-01 
 1.23050000e+00  1.70467939e+00  1.23050000e+00  6.46359746e-01 
 1.23060000e+00  1.70489638e+00  1.23060000e+00  6.46281859e-01 
 1.23070000e+00  1.70511253e+00  1.23070000e+00  6.46204030e-01 
 1.23080000e+00  1.70532784e+00  1.23080000e+00  6.46126258e-01 
 1.23090000e+00  1.70554231e+00  1.23090000e+00  6.46048545e-01 
 1.23100000e+00  1.70575596e+00  1.23100000e+00  6.45970890e-01 
 1.23110000e+00  1.70596879e+00  1.23110000e+00  6.45893292e-01 
 1.23120000e+00  1.70618081e+00  1.23120000e+00  6.45815753e-01 
 1.23130000e+00  1.70639202e+00  1.23130000e+00  6.45738272e-01 
 1.23140000e+00  1.70660243e+00  1.23140000e+00  6.45660848e-01 
 1.23150000e+00  1.70681205e+00  1.23150000e+00  6.45583484e-01 
 1.23160000e+00  1.70702088e+00  1.23160000e+00  6.45506177e-01 
 1.23170000e+00  1.70722892e+00  1.23170000e+00  6.45428929e-01 
 1.23180000e+00  1.70743619e+00  1.23180000e+00  6.45351738e-01 
 1.23190000e+00  1.70764268e+00  1.23190000e+00  6.45274607e-01 
 1.23200000e+00  1.70784841e+00  1.23200000e+00  6.45197534e-01 
 1.23210000e+00  1.70805338e+00  1.23210000e+00  6.45120519e-01 
 1.23220000e+00  1.70825760e+00  1.23220000e+00  6.45043563e-01 
 1.23230000e+00  1.70846106e+00  1.23230000e+00  6.44966665e-01 
 1.23240000e+00  1.70866379e+00  1.23240000e+00  6.44889827e-01 
 1.23250000e+00  1.70886577e+00  1.23250000e+00  6.44813046e-01 
 1.23260000e+00  1.70906702e+00  1.23260000e+00  6.44736325e-01 
 1.23270000e+00  1.70926755e+00  1.23270000e+00  6.44659662e-01 
 1.23280000e+00  1.70946735e+00  1.23280000e+00  6.44583058e-01 
 1.23290000e+00  1.70966643e+00  1.23290000e+00  6.44506513e-01 
 1.23300000e+00  1.70986481e+00  1.23300000e+00  6.44430027e-01 
 1.23310000e+00  1.71006247e+00  1.23310000e+00  6.44353600e-01 
 1.23320000e+00  1.71025943e+00  1.23320000e+00  6.44277232e-01 
 1.23330000e+00  1.71045570e+00  1.23330000e+00  6.44200923e-01 
 1.23340000e+00  1.71065127e+00  1.23340000e+00  6.44124673e-01 
 1.23350000e+00  1.71084615e+00  1.23350000e+00  6.44048483e-01 
 1.23360000e+00  1.71104035e+00  1.23360000e+00  6.43972351e-01 
 1.23370000e+00  1.71123387e+00  1.23370000e+00  6.43896279e-01 
 1.23380000e+00  1.71142671e+00  1.23380000e+00  6.43820266e-01 
 1.23390000e+00  1.71161889e+00  1.23390000e+00  6.43744312e-01 
 1.23400000e+00  1.71181040e+00  1.23400000e+00  6.43668418e-01 
 1.23410000e+00  1.71200125e+00  1.23410000e+00  6.43592583e-01 
 1.23420000e+00  1.71219145e+00  1.23420000e+00  6.43516807e-01 
 1.23430000e+00  1.71238099e+00  1.23430000e+00  6.43441091e-01 
 1.23440000e+00  1.71256988e+00  1.23440000e+00  6.43365435e-01 
 1.23450000e+00  1.71275813e+00  1.23450000e+00  6.43289838e-01 
 1.23460000e+00  1.71294574e+00  1.23460000e+00  6.43214301e-01 
 1.23470000e+00  1.71313272e+00  1.23470000e+00  6.43138823e-01 
 1.23480000e+00  1.71331907e+00  1.23480000e+00  6.43063405e-01 
 1.23490000e+00  1.71350479e+00  1.23490000e+00  6.42988047e-01 
 1.23500000e+00  1.71368988e+00  1.23500000e+00  6.42912749e-01 
 1.23510000e+00  1.71387436e+00  1.23510000e+00  6.42837510e-01 
 1.23520000e+00  1.71405822e+00  1.23520000e+00  6.42762332e-01 
 1.23530000e+00  1.71424147e+00  1.23530000e+00  6.42687213e-01 
 1.23540000e+00  1.71442411e+00  1.23540000e+00  6.42612154e-01 
 1.23550000e+00  1.71460615e+00  1.23550000e+00  6.42537155e-01 
 1.23560000e+00  1.71478759e+00  1.23560000e+00  6.42462216e-01 
 1.23570000e+00  1.71496844e+00  1.23570000e+00  6.42387337e-01 
 1.23580000e+00  1.71514869e+00  1.23580000e+00  6.42312519e-01 
 1.23590000e+00  1.71532835e+00  1.23590000e+00  6.42237760e-01 
 1.23600000e+00  1.71550743e+00  1.23600000e+00  6.42163062e-01 
 1.23610000e+00  1.71568593e+00  1.23610000e+00  6.42088423e-01 
 1.23620000e+00  1.71586385e+00  1.23620000e+00  6.42013845e-01 
 1.23630000e+00  1.71604119e+00  1.23630000e+00  6.41939328e-01 
 1.23640000e+00  1.71621797e+00  1.23640000e+00  6.41864870e-01 
 1.23650000e+00  1.71639418e+00  1.23650000e+00  6.41790473e-01 
 1.23660000e+00  1.71656982e+00  1.23660000e+00  6.41716137e-01 
 1.23670000e+00  1.71674490e+00  1.23670000e+00  6.41641861e-01 
 1.23680000e+00  1.71691943e+00  1.23680000e+00  6.41567645e-01 
 1.23690000e+00  1.71709340e+00  1.23690000e+00  6.41493490e-01 
 1.23700000e+00  1.71726682e+00  1.23700000e+00  6.41419395e-01 
 1.23710000e+00  1.71743969e+00  1.23710000e+00  6.41345361e-01 
 1.23720000e+00  1.71761202e+00  1.23720000e+00  6.41271387e-01 
 1.23730000e+00  1.71778381e+00  1.23730000e+00  6.41197474e-01 
 1.23740000e+00  1.71795506e+00  1.23740000e+00  6.41123622e-01 
 1.23750000e+00  1.71812578e+00  1.23750000e+00  6.41049831e-01 
 1.23760000e+00  1.71829596e+00  1.23760000e+00  6.40976100e-01 
 1.23770000e+00  1.71846562e+00  1.23770000e+00  6.40902430e-01 
 1.23780000e+00  1.71863475e+00  1.23780000e+00  6.40828821e-01 
 1.23790000e+00  1.71880335e+00  1.23790000e+00  6.40755273e-01 
 1.23800000e+00  1.71897144e+00  1.23800000e+00  6.40681785e-01 
 1.23810000e+00  1.71913901e+00  1.23810000e+00  6.40608359e-01 
 1.23820000e+00  1.71930607e+00  1.23820000e+00  6.40534993e-01 
 1.23830000e+00  1.71947261e+00  1.23830000e+00  6.40461689e-01 
 1.23840000e+00  1.71963865e+00  1.23840000e+00  6.40388445e-01 
 1.23850000e+00  1.71980419e+00  1.23850000e+00  6.40315263e-01 
 1.23860000e+00  1.71996922e+00  1.23860000e+00  6.40242141e-01 
 1.23870000e+00  1.72013375e+00  1.23870000e+00  6.40169081e-01 
 1.23880000e+00  1.72029778e+00  1.23880000e+00  6.40096082e-01 
 1.23890000e+00  1.72046132e+00  1.23890000e+00  6.40023144e-01 
 1.23900000e+00  1.72062437e+00  1.23900000e+00  6.39950267e-01 
 1.23910000e+00  1.72078693e+00  1.23910000e+00  6.39877452e-01 
 1.23920000e+00  1.72094901e+00  1.23920000e+00  6.39804697e-01 
 1.23930000e+00  1.72111060e+00  1.23930000e+00  6.39732004e-01 
 1.23940000e+00  1.72127171e+00  1.23940000e+00  6.39659373e-01 
 1.23950000e+00  1.72143234e+00  1.23950000e+00  6.39586802e-01 
 1.23960000e+00  1.72159249e+00  1.23960000e+00  6.39514294e-01 
 1.23970000e+00  1.72175218e+00  1.23970000e+00  6.39441846e-01 
 1.23980000e+00  1.72191139e+00  1.23980000e+00  6.39369460e-01 
 1.23990000e+00  1.72207013e+00  1.23990000e+00  6.39297136e-01 
 1.24000000e+00  1.72222841e+00  1.24000000e+00  6.39224873e-01 
 1.24010000e+00  1.72238622e+00  1.24010000e+00  6.39152671e-01 
 1.24020000e+00  1.72254358e+00  1.24020000e+00  6.39080532e-01 
 1.24030000e+00  1.72270047e+00  1.24030000e+00  6.39008453e-01 
 1.24040000e+00  1.72285691e+00  1.24040000e+00  6.38936437e-01 
 1.24050000e+00  1.72301290e+00  1.24050000e+00  6.38864482e-01 
 1.24060000e+00  1.72316843e+00  1.24060000e+00  6.38792589e-01 
 1.24070000e+00  1.72332352e+00  1.24070000e+00  6.38720757e-01 
 1.24080000e+00  1.72347816e+00  1.24080000e+00  6.38648987e-01 
 1.24090000e+00  1.72363235e+00  1.24090000e+00  6.38577279e-01 
 1.24100000e+00  1.72378610e+00  1.24100000e+00  6.38505633e-01 
 1.24110000e+00  1.72393942e+00  1.24110000e+00  6.38434049e-01 
 1.24120000e+00  1.72409229e+00  1.24120000e+00  6.38362526e-01 
 1.24130000e+00  1.72424473e+00  1.24130000e+00  6.38291066e-01 
 1.24140000e+00  1.72439674e+00  1.24140000e+00  6.38219667e-01 
 1.24150000e+00  1.72454831e+00  1.24150000e+00  6.38148331e-01 
 1.24160000e+00  1.72469946e+00  1.24160000e+00  6.38077056e-01 
 1.24170000e+00  1.72485017e+00  1.24170000e+00  6.38005843e-01 
 1.24180000e+00  1.72500047e+00  1.24180000e+00  6.37934693e-01 
 1.24190000e+00  1.72515034e+00  1.24190000e+00  6.37863604e-01 
 1.24200000e+00  1.72529979e+00  1.24200000e+00  6.37792578e-01 
 1.24210000e+00  1.72544882e+00  1.24210000e+00  6.37721613e-01 
 1.24220000e+00  1.72559744e+00  1.24220000e+00  6.37650711e-01 
 1.24230000e+00  1.72574564e+00  1.24230000e+00  6.37579871e-01 
 1.24240000e+00  1.72589343e+00  1.24240000e+00  6.37509093e-01 
 1.24250000e+00  1.72604081e+00  1.24250000e+00  6.37438378e-01 
 1.24260000e+00  1.72618778e+00  1.24260000e+00  6.37367724e-01 
 1.24270000e+00  1.72633434e+00  1.24270000e+00  6.37297133e-01 
 1.24280000e+00  1.72648050e+00  1.24280000e+00  6.37226604e-01 
 1.24290000e+00  1.72662625e+00  1.24290000e+00  6.37156138e-01 
 1.24300000e+00  1.72677161e+00  1.24300000e+00  6.37085734e-01 
 1.24310000e+00  1.72691656e+00  1.24310000e+00  6.37015392e-01 
 1.24320000e+00  1.72706112e+00  1.24320000e+00  6.36945113e-01 
 1.24330000e+00  1.72720529e+00  1.24330000e+00  6.36874896e-01 
 1.24340000e+00  1.72734906e+00  1.24340000e+00  6.36804741e-01 
 1.24350000e+00  1.72749244e+00  1.24350000e+00  6.36734649e-01 
 1.24360000e+00  1.72763543e+00  1.24360000e+00  6.36664620e-01 
 1.24370000e+00  1.72777803e+00  1.24370000e+00  6.36594653e-01 
 1.24380000e+00  1.72792024e+00  1.24380000e+00  6.36524749e-01 
 1.24390000e+00  1.72806208e+00  1.24390000e+00  6.36454907e-01 
 1.24400000e+00  1.72820353e+00  1.24400000e+00  6.36385128e-01 
 1.24410000e+00  1.72834459e+00  1.24410000e+00  6.36315411e-01 
 1.24420000e+00  1.72848528e+00  1.24420000e+00  6.36245757e-01 
 1.24430000e+00  1.72862560e+00  1.24430000e+00  6.36176166e-01 
 1.24440000e+00  1.72876553e+00  1.24440000e+00  6.36106637e-01 
 1.24450000e+00  1.72890510e+00  1.24450000e+00  6.36037171e-01 
 1.24460000e+00  1.72904429e+00  1.24460000e+00  6.35967768e-01 
 1.24470000e+00  1.72918311e+00  1.24470000e+00  6.35898428e-01 
 1.24480000e+00  1.72932156e+00  1.24480000e+00  6.35829151e-01 
 1.24490000e+00  1.72945964e+00  1.24490000e+00  6.35759936e-01 
 1.24500000e+00  1.72959736e+00  1.24500000e+00  6.35690784e-01 
 1.24510000e+00  1.72973471e+00  1.24510000e+00  6.35621695e-01 
 1.24520000e+00  1.72987171e+00  1.24520000e+00  6.35552669e-01 
 1.24530000e+00  1.73000834e+00  1.24530000e+00  6.35483706e-01 
 1.24540000e+00  1.73014461e+00  1.24540000e+00  6.35414806e-01 
 1.24550000e+00  1.73028053e+00  1.24550000e+00  6.35345968e-01 
 1.24560000e+00  1.73041608e+00  1.24560000e+00  6.35277194e-01 
 1.24570000e+00  1.73055129e+00  1.24570000e+00  6.35208483e-01 
 1.24580000e+00  1.73068614e+00  1.24580000e+00  6.35139834e-01 
 1.24590000e+00  1.73082064e+00  1.24590000e+00  6.35071249e-01 
 1.24600000e+00  1.73095479e+00  1.24600000e+00  6.35002727e-01 
 1.24610000e+00  1.73108859e+00  1.24610000e+00  6.34934268e-01 
 1.24620000e+00  1.73122205e+00  1.24620000e+00  6.34865872e-01 
 1.24630000e+00  1.73135516e+00  1.24630000e+00  6.34797539e-01 
 1.24640000e+00  1.73148792e+00  1.24640000e+00  6.34729269e-01 
 1.24650000e+00  1.73162035e+00  1.24650000e+00  6.34661063e-01 
 1.24660000e+00  1.73175243e+00  1.24660000e+00  6.34592919e-01 
 1.24670000e+00  1.73188417e+00  1.24670000e+00  6.34524839e-01 
 1.24680000e+00  1.73201557e+00  1.24680000e+00  6.34456822e-01 
 1.24690000e+00  1.73214664e+00  1.24690000e+00  6.34388869e-01 
 1.24700000e+00  1.73227737e+00  1.24700000e+00  6.34320978e-01 
 1.24710000e+00  1.73240777e+00  1.24710000e+00  6.34253151e-01 
 1.24720000e+00  1.73253784e+00  1.24720000e+00  6.34185387e-01 
 1.24730000e+00  1.73266757e+00  1.24730000e+00  6.34117687e-01 
 1.24740000e+00  1.73279698e+00  1.24740000e+00  6.34050050e-01 
 1.24750000e+00  1.73292605e+00  1.24750000e+00  6.33982476e-01 
 1.24760000e+00  1.73305480e+00  1.24760000e+00  6.33914966e-01 
 1.24770000e+00  1.73318322e+00  1.24770000e+00  6.33847519e-01 
 1.24780000e+00  1.73331132e+00  1.24780000e+00  6.33780136e-01 
 1.24790000e+00  1.73343910e+00  1.24790000e+00  6.33712816e-01 
 1.24800000e+00  1.73356655e+00  1.24800000e+00  6.33645559e-01 
 1.24810000e+00  1.73369368e+00  1.24810000e+00  6.33578366e-01 
 1.24820000e+00  1.73382050e+00  1.24820000e+00  6.33511237e-01 
 1.24830000e+00  1.73394699e+00  1.24830000e+00  6.33444171e-01 
 1.24840000e+00  1.73407317e+00  1.24840000e+00  6.33377168e-01 
 1.24850000e+00  1.73419904e+00  1.24850000e+00  6.33310230e-01 
 1.24860000e+00  1.73432459e+00  1.24860000e+00  6.33243354e-01 
 1.24870000e+00  1.73444982e+00  1.24870000e+00  6.33176543e-01 
 1.24880000e+00  1.73457475e+00  1.24880000e+00  6.33109795e-01 
 1.24890000e+00  1.73469936e+00  1.24890000e+00  6.33043110e-01 
 1.24900000e+00  1.73482367e+00  1.24900000e+00  6.32976490e-01 
 1.24910000e+00  1.73494767e+00  1.24910000e+00  6.32909933e-01 
 1.24920000e+00  1.73507136e+00  1.24920000e+00  6.32843439e-01 
 1.24930000e+00  1.73519474e+00  1.24930000e+00  6.32777010e-01 
 1.24940000e+00  1.73531782e+00  1.24940000e+00  6.32710644e-01 
 1.24950000e+00  1.73544060e+00  1.24950000e+00  6.32644342e-01 
 1.24960000e+00  1.73556308e+00  1.24960000e+00  6.32578104e-01 
 1.24970000e+00  1.73568525e+00  1.24970000e+00  6.32511929e-01 
 1.24980000e+00  1.73580713e+00  1.24980000e+00  6.32445818e-01 
 1.24990000e+00  1.73592870e+00  1.24990000e+00  6.32379772e-01 
 1.25000000e+00  1.73604998e+00  1.25000000e+00  6.32313789e-01 
