 1.00000000e+00 -3.15963598e+02  1.00000000e+00 -9.00000760e+01 
 1.04712855e+00 -3.16363598e+02  1.04712855e+00 -9.00000760e+01 
 1.09647820e+00 -3.16763597e+02  1.09647820e+00 -9.00000760e+01 
 1.14815362e+00 -3.17163598e+02  1.14815362e+00 -9.00000760e+01 
 1.20226443e+00 -3.17563597e+02  1.20226443e+00 -9.00000760e+01 
 1.25892541e+00 -3.17963597e+02  1.25892541e+00 -9.00000760e+01 
 1.31825674e+00 -3.18363597e+02  1.31825674e+00 -9.00000760e+01 
 1.38038426e+00 -3.18763598e+02  1.38038426e+00 -9.00000760e+01 
 1.44543977e+00 -3.19163598e+02  1.44543977e+00 -9.00000760e+01 
 1.51356125e+00 -3.19563597e+02  1.51356125e+00 -9.00000760e+01 
 1.58489319e+00 -3.19963598e+02  1.58489319e+00 -9.00000760e+01 
 1.65958691e+00 -3.20363597e+02  1.65958691e+00 -9.00000760e+01 
 1.73780083e+00 -3.20763598e+02  1.73780083e+00 -9.00000760e+01 
 1.81970086e+00 -3.21163598e+02  1.81970086e+00 -9.00000760e+01 
 1.90546072e+00 -3.21563597e+02  1.90546072e+00 -9.00000760e+01 
 1.99526231e+00 -3.21963598e+02  1.99526231e+00 -9.00000760e+01 
 2.08929613e+00 -3.22363597e+02  2.08929613e+00 -9.00000760e+01 
 2.18776162e+00 -3.22763597e+02  2.18776162e+00 -9.00000760e+01 
 2.29086765e+00 -3.23163597e+02  2.29086765e+00 -9.00000760e+01 
 2.39883292e+00 -3.23563597e+02  2.39883292e+00 -9.00000760e+01 
 2.51188643e+00 -3.23963598e+02  2.51188643e+00 -9.00000760e+01 
 2.63026799e+00 -3.24363597e+02  2.63026799e+00 -9.00000760e+01 
 2.75422870e+00 -3.24763598e+02  2.75422870e+00 -9.00000760e+01 
 2.88403150e+00 -3.25163598e+02  2.88403150e+00 -9.00000760e+01 
 3.01995172e+00 -3.25563598e+02  3.01995172e+00 -9.00000760e+01 
 3.16227766e+00 -3.25963597e+02  3.16227766e+00 -9.00000760e+01 
 3.31131121e+00 -3.26363597e+02  3.31131121e+00 -9.00000760e+01 
 3.46736850e+00 -3.26763598e+02  3.46736850e+00 -9.00000760e+01 
 3.63078055e+00 -3.27163598e+02  3.63078055e+00 -9.00000760e+01 
 3.80189396e+00 -3.27563598e+02  3.80189396e+00 -9.00000760e+01 
 3.98107171e+00 -3.27963597e+02  3.98107171e+00 -9.00000760e+01 
 4.16869383e+00 -3.28363598e+02  4.16869383e+00 -9.00000760e+01 
 4.36515832e+00 -3.28763597e+02  4.36515832e+00 -9.00000760e+01 
 4.57088190e+00 -3.29163597e+02  4.57088190e+00 -9.00000760e+01 
 4.78630092e+00 -3.29563597e+02  4.78630092e+00 -9.00000760e+01 
 5.01187234e+00 -3.29963597e+02  5.01187234e+00 -9.00000760e+01 
 5.24807460e+00 -3.30363598e+02  5.24807460e+00 -9.00000760e+01 
 5.49540874e+00 -3.30763597e+02  5.49540874e+00 -9.00000760e+01 
 5.75439937e+00 -3.31163598e+02  5.75439937e+00 -9.00000760e+01 
 6.02559586e+00 -3.31563597e+02  6.02559586e+00 -9.00000760e+01 
 6.30957344e+00 -3.31963597e+02  6.30957344e+00 -9.00000760e+01 
 6.60693448e+00 -3.32363598e+02  6.60693448e+00 -9.00000760e+01 
 6.91830971e+00 -3.32763597e+02  6.91830971e+00 -9.00000760e+01 
 7.24435960e+00 -3.33163598e+02  7.24435960e+00 -9.00000760e+01 
 7.58577575e+00 -3.33563597e+02  7.58577575e+00 -9.00000760e+01 
 7.94328235e+00 -3.33963597e+02  7.94328235e+00 -9.00000760e+01 
 8.31763771e+00 -3.34363597e+02  8.31763771e+00 -9.00000760e+01 
 8.70963590e+00 -3.34763597e+02  8.70963590e+00 -9.00000760e+01 
 9.12010839e+00 -3.35163597e+02  9.12010839e+00 -9.00000760e+01 
 9.54992586e+00 -3.35563597e+02  9.54992586e+00 -9.00000760e+01 
 1.00000000e+01 -3.35963598e+02  1.00000000e+01 -9.00000760e+01 
 1.04712855e+01 -3.36363597e+02  1.04712855e+01 -9.00000760e+01 
 1.09647820e+01 -3.36763597e+02  1.09647820e+01 -9.00000760e+01 
 1.14815362e+01 -3.37163597e+02  1.14815362e+01 -9.00000760e+01 
 1.20226443e+01 -3.37563598e+02  1.20226443e+01 -9.00000760e+01 
 1.25892541e+01 -3.37963598e+02  1.25892541e+01 -9.00000760e+01 
 1.31825674e+01 -3.38363597e+02  1.31825674e+01 -9.00000760e+01 
 1.38038426e+01 -3.38763598e+02  1.38038426e+01 -9.00000760e+01 
 1.44543977e+01 -3.39163597e+02  1.44543977e+01 -9.00000760e+01 
 1.51356125e+01 -3.39563597e+02  1.51356125e+01 -9.00000760e+01 
 1.58489319e+01 -3.39963597e+02  1.58489319e+01 -9.00000760e+01 
 1.65958691e+01 -3.40363597e+02  1.65958691e+01 -9.00000760e+01 
 1.73780083e+01 -3.40763597e+02  1.73780083e+01 -9.00000760e+01 
 1.81970086e+01 -3.41163597e+02  1.81970086e+01 -9.00000760e+01 
 1.90546072e+01 -3.41563597e+02  1.90546072e+01 -9.00000760e+01 
 1.99526231e+01 -3.41963598e+02  1.99526231e+01 -9.00000760e+01 
 2.08929613e+01 -3.42363598e+02  2.08929613e+01 -9.00000760e+01 
 2.18776162e+01 -3.42763597e+02  2.18776162e+01 -9.00000760e+01 
 2.29086765e+01 -3.43163598e+02  2.29086765e+01 -9.00000760e+01 
 2.39883292e+01 -3.43563597e+02  2.39883292e+01 -9.00000760e+01 
 2.51188643e+01 -3.43963597e+02  2.51188643e+01 -9.00000760e+01 
 2.63026799e+01 -3.44363598e+02  2.63026799e+01 -9.00000760e+01 
 2.75422870e+01 -3.44763597e+02  2.75422870e+01 -9.00000760e+01 
 2.88403150e+01 -3.45163597e+02  2.88403150e+01 -9.00000760e+01 
 3.01995172e+01 -3.45563598e+02  3.01995172e+01 -9.00000760e+01 
 3.16227766e+01 -3.45963598e+02  3.16227766e+01 -9.00000760e+01 
 3.31131121e+01 -3.46363597e+02  3.31131121e+01 -9.00000760e+01 
 3.46736850e+01 -3.46763598e+02  3.46736850e+01 -9.00000760e+01 
 3.63078055e+01 -3.47163598e+02  3.63078055e+01 -9.00000760e+01 
 3.80189396e+01 -3.47563597e+02  3.80189396e+01 -9.00000760e+01 
 3.98107171e+01 -3.47963597e+02  3.98107171e+01 -9.00000760e+01 
 4.16869383e+01 -3.48363598e+02  4.16869383e+01 -9.00000760e+01 
 4.36515832e+01 -3.48763597e+02  4.36515832e+01 -9.00000760e+01 
 4.57088190e+01 -3.49163598e+02  4.57088190e+01 -9.00000760e+01 
 4.78630092e+01 -3.49563597e+02  4.78630092e+01 -9.00000760e+01 
 5.01187234e+01 -3.49963597e+02  5.01187234e+01 -9.00000760e+01 
 5.24807460e+01 -3.50363597e+02  5.24807460e+01 -9.00000760e+01 
 5.49540874e+01 -3.50763597e+02  5.49540874e+01 -9.00000760e+01 
 5.75439937e+01 -3.51163597e+02  5.75439937e+01 -9.00000760e+01 
 6.02559586e+01 -3.51563597e+02  6.02559586e+01 -9.00000760e+01 
 6.30957344e+01 -3.51963598e+02  6.30957344e+01 -9.00000760e+01 
 6.60693448e+01 -3.52363598e+02  6.60693448e+01 -9.00000760e+01 
 6.91830971e+01 -3.52763598e+02  6.91830971e+01 -9.00000760e+01 
 7.24435960e+01 -3.53163597e+02  7.24435960e+01 -9.00000760e+01 
 7.58577575e+01 -3.53563597e+02  7.58577575e+01 -9.00000760e+01 
 7.94328235e+01 -3.53963597e+02  7.94328235e+01 -9.00000760e+01 
 8.31763771e+01 -3.54363598e+02  8.31763771e+01 -9.00000760e+01 
 8.70963590e+01 -3.54763598e+02  8.70963590e+01 -9.00000760e+01 
 9.12010839e+01 -3.55163598e+02  9.12010839e+01 -9.00000760e+01 
 9.54992586e+01 -3.55563598e+02  9.54992586e+01 -9.00000760e+01 
 1.00000000e+02 -3.55963598e+02  1.00000000e+02 -9.00000760e+01 
 1.04712855e+02 -3.56363597e+02  1.04712855e+02 -9.00000760e+01 
 1.09647820e+02 -3.56763597e+02  1.09647820e+02 -9.00000760e+01 
 1.14815362e+02 -3.57163598e+02  1.14815362e+02 -9.00000760e+01 
 1.20226443e+02 -3.57563597e+02  1.20226443e+02 -9.00000760e+01 
 1.25892541e+02 -3.57963598e+02  1.25892541e+02 -9.00000760e+01 
 1.31825674e+02 -3.58363598e+02  1.31825674e+02 -9.00000760e+01 
 1.38038426e+02 -3.58763598e+02  1.38038426e+02 -9.00000760e+01 
 1.44543977e+02 -3.59163597e+02  1.44543977e+02 -9.00000760e+01 
 1.51356125e+02 -3.59563598e+02  1.51356125e+02 -9.00000760e+01 
 1.58489319e+02 -3.59963597e+02  1.58489319e+02 -9.00000760e+01 
 1.65958691e+02 -3.60363598e+02  1.65958691e+02 -9.00000760e+01 
 1.73780083e+02 -3.60763598e+02  1.73780083e+02 -9.00000760e+01 
 1.81970086e+02 -3.61163598e+02  1.81970086e+02 -9.00000760e+01 
 1.90546072e+02 -3.61563597e+02  1.90546072e+02 -9.00000760e+01 
 1.99526231e+02 -3.61963597e+02  1.99526231e+02 -9.00000760e+01 
 2.08929613e+02 -3.62363597e+02  2.08929613e+02 -9.00000760e+01 
 2.18776162e+02 -3.62763598e+02  2.18776162e+02 -9.00000760e+01 
 2.29086765e+02 -3.63163598e+02  2.29086765e+02 -9.00000760e+01 
 2.39883292e+02 -3.63563598e+02  2.39883292e+02 -9.00000760e+01 
 2.51188643e+02 -3.63963597e+02  2.51188643e+02 -9.00000760e+01 
 2.63026799e+02 -3.64363597e+02  2.63026799e+02 -9.00000760e+01 
 2.75422870e+02 -3.64763598e+02  2.75422870e+02 -9.00000760e+01 
 2.88403150e+02 -3.65163598e+02  2.88403150e+02 -9.00000760e+01 
 3.01995172e+02 -3.65563598e+02  3.01995172e+02 -9.00000760e+01 
 3.16227766e+02 -3.65963597e+02  3.16227766e+02 -9.00000760e+01 
 3.31131121e+02 -3.66363598e+02  3.31131121e+02 -9.00000760e+01 
 3.46736850e+02 -3.66763598e+02  3.46736850e+02 -9.00000760e+01 
 3.63078055e+02 -3.67163597e+02  3.63078055e+02 -9.00000760e+01 
 3.80189396e+02 -3.67563598e+02  3.80189396e+02 -9.00000760e+01 
 3.98107171e+02 -3.67963598e+02  3.98107171e+02 -9.00000760e+01 
 4.16869383e+02 -3.68363598e+02  4.16869383e+02 -9.00000760e+01 
 4.36515832e+02 -3.68763598e+02  4.36515832e+02 -9.00000760e+01 
 4.57088190e+02 -3.69163598e+02  4.57088190e+02 -9.00000760e+01 
 4.78630092e+02 -3.69563598e+02  4.78630092e+02 -9.00000760e+01 
 5.01187234e+02 -3.69963598e+02  5.01187234e+02 -9.00000760e+01 
 5.24807460e+02 -3.70363597e+02  5.24807460e+02 -9.00000760e+01 
 5.49540874e+02 -3.70763597e+02  5.49540874e+02 -9.00000760e+01 
 5.75439937e+02 -3.71163598e+02  5.75439937e+02 -9.00000760e+01 
 6.02559586e+02 -3.71563597e+02  6.02559586e+02 -9.00000760e+01 
 6.30957344e+02 -3.71963597e+02  6.30957344e+02 -9.00000760e+01 
 6.60693448e+02 -3.72363597e+02  6.60693448e+02 -9.00000760e+01 
 6.91830971e+02 -3.72763597e+02  6.91830971e+02 -9.00000760e+01 
 7.24435960e+02 -3.73163597e+02  7.24435960e+02 -9.00000760e+01 
 7.58577575e+02 -3.73563597e+02  7.58577575e+02 -9.00000760e+01 
 7.94328235e+02 -3.73963598e+02  7.94328235e+02 -9.00000760e+01 
 8.31763771e+02 -3.74363598e+02  8.31763771e+02 -9.00000760e+01 
 8.70963590e+02 -3.74763598e+02  8.70963590e+02 -9.00000760e+01 
 9.12010839e+02 -3.75163598e+02  9.12010839e+02 -9.00000760e+01 
 9.54992586e+02 -3.75563597e+02  9.54992586e+02 -9.00000760e+01 
 1.00000000e+03 -3.75963598e+02  1.00000000e+03 -9.00000760e+01 
 1.04712855e+03 -3.76363597e+02  1.04712855e+03 -9.00000760e+01 
 1.09647820e+03 -3.76763597e+02  1.09647820e+03 -9.00000760e+01 
 1.14815362e+03 -3.77163597e+02  1.14815362e+03 -9.00000760e+01 
 1.20226443e+03 -3.77563597e+02  1.20226443e+03 -9.00000760e+01 
 1.25892541e+03 -3.77963598e+02  1.25892541e+03 -9.00000760e+01 
 1.31825674e+03 -3.78363598e+02  1.31825674e+03 -9.00000760e+01 
 1.38038426e+03 -3.78763598e+02  1.38038426e+03 -9.00000760e+01 
 1.44543977e+03 -3.79163597e+02  1.44543977e+03 -9.00000760e+01 
 1.51356125e+03 -3.79563597e+02  1.51356125e+03 -9.00000760e+01 
 1.58489319e+03 -3.79963598e+02  1.58489319e+03 -9.00000760e+01 
 1.65958691e+03 -3.80363597e+02  1.65958691e+03 -9.00000760e+01 
 1.73780083e+03 -3.80763598e+02  1.73780083e+03 -9.00000760e+01 
 1.81970086e+03 -3.81163597e+02  1.81970086e+03 -9.00000760e+01 
 1.90546072e+03 -3.81563597e+02  1.90546072e+03 -9.00000760e+01 
 1.99526231e+03 -3.81963598e+02  1.99526231e+03 -9.00000760e+01 
 2.08929613e+03 -3.82363597e+02  2.08929613e+03 -9.00000760e+01 
 2.18776162e+03 -3.82763597e+02  2.18776162e+03 -9.00000760e+01 
 2.29086765e+03 -3.83163596e+02  2.29086765e+03 -9.00000760e+01 
 2.39883292e+03 -3.83563596e+02  2.39883292e+03 -9.00000760e+01 
 2.51188643e+03 -3.83963596e+02  2.51188643e+03 -9.00000760e+01 
 2.63026799e+03 -3.84363598e+02  2.63026799e+03 -9.00000760e+01 
 2.75422870e+03 -3.84763597e+02  2.75422870e+03 -9.00000760e+01 
 2.88403150e+03 -3.85163598e+02  2.88403150e+03 -9.00000760e+01 
 3.01995172e+03 -3.85563598e+02  3.01995172e+03 -9.00000760e+01 
 3.16227766e+03 -3.85963598e+02  3.16227766e+03 -9.00000760e+01 
 3.31131121e+03 -3.86363597e+02  3.31131121e+03 -9.00000760e+01 
 3.46736850e+03 -3.86763598e+02  3.46736850e+03 -9.00000760e+01 
 3.63078055e+03 -3.87163597e+02  3.63078055e+03 -9.00000760e+01 
 3.80189396e+03 -3.87563598e+02  3.80189396e+03 -9.00000760e+01 
 3.98107171e+03 -3.87963597e+02  3.98107171e+03 -9.00000760e+01 
 4.16869383e+03 -3.88363598e+02  4.16869383e+03 -9.00000760e+01 
 4.36515832e+03 -3.88763598e+02  4.36515832e+03 -9.00000760e+01 
 4.57088190e+03 -3.89163596e+02  4.57088190e+03 -9.00000760e+01 
 4.78630092e+03 -3.89563598e+02  4.78630092e+03 -9.00000760e+01 
 5.01187234e+03 -3.89963598e+02  5.01187234e+03 -9.00000760e+01 
 5.24807460e+03 -3.90363597e+02  5.24807460e+03 -9.00000760e+01 
 5.49540874e+03 -3.90763597e+02  5.49540874e+03 -9.00000760e+01 
 5.75439937e+03 -3.91163597e+02  5.75439937e+03 -9.00000760e+01 
 6.02559586e+03 -3.91563596e+02  6.02559586e+03 -9.00000760e+01 
 6.30957344e+03 -3.91963597e+02  6.30957344e+03 -9.00000760e+01 
 6.60693448e+03 -3.92363597e+02  6.60693448e+03 -9.00000760e+01 
 6.91830971e+03 -3.92763597e+02  6.91830971e+03 -9.00000760e+01 
 7.24435960e+03 -3.93163597e+02  7.24435960e+03 -9.00000760e+01 
 7.58577575e+03 -3.93563597e+02  7.58577575e+03 -9.00000760e+01 
 7.94328235e+03 -3.93963597e+02  7.94328235e+03 -9.00000760e+01 
 8.31763771e+03 -3.94363597e+02  8.31763771e+03 -9.00000760e+01 
 8.70963590e+03 -3.94763598e+02  8.70963590e+03 -9.00000760e+01 
 9.12010839e+03 -3.95163598e+02  9.12010839e+03 -9.00000760e+01 
 9.54992586e+03 -3.95563598e+02  9.54992586e+03 -9.00000760e+01 
 1.00000000e+04 -3.95963598e+02  1.00000000e+04 -9.00000760e+01 
 1.04712855e+04 -3.96363597e+02  1.04712855e+04 -9.00000760e+01 
 1.09647820e+04 -3.96763597e+02  1.09647820e+04 -9.00000760e+01 
 1.14815362e+04 -3.97163597e+02  1.14815362e+04 -9.00000760e+01 
 1.20226443e+04 -3.97563597e+02  1.20226443e+04 -9.00000760e+01 
 1.25892541e+04 -3.97963598e+02  1.25892541e+04 -9.00000760e+01 
 1.31825674e+04 -3.98363598e+02  1.31825674e+04 -9.00000760e+01 
 1.38038426e+04 -3.98763597e+02  1.38038426e+04 -9.00000760e+01 
 1.44543977e+04 -3.99163597e+02  1.44543977e+04 -9.00000760e+01 
 1.51356125e+04 -3.99563598e+02  1.51356125e+04 -9.00000760e+01 
 1.58489319e+04 -3.99963598e+02  1.58489319e+04 -9.00000760e+01 
 1.65958691e+04 -4.00363597e+02  1.65958691e+04 -9.00000760e+01 
 1.73780083e+04 -4.00763597e+02  1.73780083e+04 -9.00000760e+01 
 1.81970086e+04 -4.01163598e+02  1.81970086e+04 -9.00000760e+01 
 1.90546072e+04 -4.01563598e+02  1.90546072e+04 -9.00000760e+01 
 1.99526231e+04 -4.01963598e+02  1.99526231e+04 -9.00000760e+01 
 2.08929613e+04 -4.02363598e+02  2.08929613e+04 -9.00000760e+01 
 2.18776162e+04 -4.02763598e+02  2.18776162e+04 -9.00000760e+01 
 2.29086765e+04 -4.03163598e+02  2.29086765e+04 -9.00000760e+01 
 2.39883292e+04 -4.03563598e+02  2.39883292e+04 -9.00000760e+01 
 2.51188643e+04 -4.03963598e+02  2.51188643e+04 -9.00000760e+01 
 2.63026799e+04 -4.04363598e+02  2.63026799e+04 -9.00000760e+01 
 2.75422870e+04 -4.04763597e+02  2.75422870e+04 -9.00000760e+01 
 2.88403150e+04 -4.05163598e+02  2.88403150e+04 -9.00000760e+01 
 3.01995172e+04 -4.05563597e+02  3.01995172e+04 -9.00000760e+01 
 3.16227766e+04 -4.05963597e+02  3.16227766e+04 -9.00000760e+01 
 3.31131121e+04 -4.06363597e+02  3.31131121e+04 -9.00000760e+01 
 3.46736850e+04 -4.06763597e+02  3.46736850e+04 -9.00000760e+01 
 3.63078055e+04 -4.07163597e+02  3.63078055e+04 -9.00000760e+01 
 3.80189396e+04 -4.07563597e+02  3.80189396e+04 -9.00000760e+01 
 3.98107171e+04 -4.07963598e+02  3.98107171e+04 -9.00000760e+01 
 4.16869383e+04 -4.08363597e+02  4.16869383e+04 -9.00000760e+01 
 4.36515832e+04 -4.08763597e+02  4.36515832e+04 -9.00000760e+01 
 4.57088190e+04 -4.09163597e+02  4.57088190e+04 -9.00000760e+01 
 4.78630092e+04 -4.09563597e+02  4.78630092e+04 -9.00000760e+01 
 5.01187234e+04 -4.09963598e+02  5.01187234e+04 -9.00000761e+01 
 5.24807460e+04 -4.10363597e+02  5.24807460e+04 -9.00000760e+01 
 5.49540874e+04 -4.10763597e+02  5.49540874e+04 -9.00000760e+01 
 5.75439937e+04 -4.11163597e+02  5.75439937e+04 -9.00000759e+01 
 6.02559586e+04 -4.11563597e+02  6.02559586e+04 -9.00000759e+01 
 6.30957344e+04 -4.11963597e+02  6.30957344e+04 -9.00000759e+01 
 6.60693448e+04 -4.12363598e+02  6.60693448e+04 -9.00000761e+01 
 6.91830971e+04 -4.12763597e+02  6.91830971e+04 -9.00000760e+01 
 7.24435960e+04 -4.13163598e+02  7.24435960e+04 -9.00000760e+01 
 7.58577575e+04 -4.13563597e+02  7.58577575e+04 -9.00000760e+01 
 7.94328235e+04 -4.13963598e+02  7.94328235e+04 -9.00000761e+01 
 8.31763771e+04 -4.14363597e+02  8.31763771e+04 -9.00000759e+01 
 8.70963590e+04 -4.14763597e+02  8.70963590e+04 -9.00000760e+01 
 9.12010839e+04 -4.15163597e+02  9.12010839e+04 -9.00000759e+01 
 9.54992586e+04 -4.15563597e+02  9.54992586e+04 -9.00000760e+01 
 1.00000000e+05 -4.15963598e+02  1.00000000e+05 -9.00000761e+01 
 1.04712855e+05 -4.16363598e+02  1.04712855e+05 -9.00000762e+01 
 1.09647820e+05 -4.16763597e+02  1.09647820e+05 -9.00000759e+01 
 1.14815362e+05 -4.17163597e+02  1.14815362e+05 -9.00000760e+01 
 1.20226443e+05 -4.17563597e+02  1.20226443e+05 -9.00000759e+01 
 1.25892541e+05 -4.17963597e+02  1.25892541e+05 -9.00000760e+01 
 1.31825674e+05 -4.18363597e+02  1.31825674e+05 -9.00000760e+01 
 1.38038426e+05 -4.18763598e+02  1.38038426e+05 -9.00000762e+01 
 1.44543977e+05 -4.19163597e+02  1.44543977e+05 -9.00000759e+01 
 1.51356125e+05 -4.19563598e+02  1.51356125e+05 -9.00000762e+01 
 1.58489319e+05 -4.19963597e+02  1.58489319e+05 -9.00000760e+01 
 1.65958691e+05 -4.20363598e+02  1.65958691e+05 -9.00000763e+01 
 1.73780083e+05 -4.20763598e+02  1.73780083e+05 -9.00000761e+01 
 1.81970086e+05 -4.21163598e+02  1.81970086e+05 -9.00000763e+01 
 1.90546072e+05 -4.21563598e+02  1.90546072e+05 -9.00000761e+01 
 1.99526231e+05 -4.21963598e+02  1.99526231e+05 -9.00000762e+01 
 2.08929613e+05 -4.22363597e+02  2.08929613e+05 -9.00000760e+01 
 2.18776162e+05 -4.22763597e+02  2.18776162e+05 -9.00000759e+01 
 2.29086765e+05 -4.23163598e+02  2.29086765e+05 -9.00000763e+01 
 2.39883292e+05 -4.23563599e+02  2.39883292e+05 -9.00000764e+01 
 2.51188643e+05 -4.23963598e+02  2.51188643e+05 -9.00000762e+01 
 2.63026799e+05 -4.24363599e+02  2.63026799e+05 -9.00000765e+01 
 2.75422870e+05 -4.24763598e+02  2.75422870e+05 -9.00000762e+01 
 2.88403150e+05 -4.25163597e+02  2.88403150e+05 -9.00000759e+01 
 3.01995172e+05 -4.25563596e+02  3.01995172e+05 -9.00000756e+01 
 3.16227766e+05 -4.25963598e+02  3.16227766e+05 -9.00000761e+01 
 3.31131121e+05 -4.26363597e+02  3.31131121e+05 -9.00000761e+01 
 3.46736850e+05 -4.26763596e+02  3.46736850e+05 -9.00000756e+01 
 3.63078055e+05 -4.27163597e+02  3.63078055e+05 -9.00000760e+01 
 3.80189396e+05 -4.27563597e+02  3.80189396e+05 -9.00000759e+01 
 3.98107171e+05 -4.27963597e+02  3.98107171e+05 -9.00000760e+01 
 4.16869383e+05 -4.28363597e+02  4.16869383e+05 -9.00000756e+01 
 4.36515832e+05 -4.28763598e+02  4.36515832e+05 -9.00000765e+01 
 4.57088190e+05 -4.29163597e+02  4.57088190e+05 -9.00000756e+01 
 4.78630092e+05 -4.29563597e+02  4.78630092e+05 -9.00000757e+01 
 5.01187234e+05 -4.29963597e+02  5.01187234e+05 -9.00000757e+01 
 5.24807460e+05 -4.30363598e+02  5.24807460e+05 -9.00000765e+01 
 5.49540874e+05 -4.30763596e+02  5.49540874e+05 -9.00000755e+01 
 5.75439937e+05 -4.31163597e+02  5.75439937e+05 -9.00000759e+01 
 6.02559586e+05 -4.31563597e+02  6.02559586e+05 -9.00000756e+01 
 6.30957344e+05 -4.31963598e+02  6.30957344e+05 -9.00000765e+01 
 6.60693448e+05 -4.32363598e+02  6.60693448e+05 -9.00000765e+01 
 6.91830971e+05 -4.32763598e+02  6.91830971e+05 -9.00000762e+01 
 7.24435960e+05 -4.33163598e+02  7.24435960e+05 -9.00000763e+01 
 7.58577575e+05 -4.33563597e+02  7.58577575e+05 -9.00000760e+01 
 7.94328235e+05 -4.33963597e+02  7.94328235e+05 -9.00000760e+01 
 8.31763771e+05 -4.34363598e+02  8.31763771e+05 -9.00000768e+01 
 8.70963590e+05 -4.34763598e+02  8.70963590e+05 -9.00000767e+01 
 9.12010839e+05 -4.35163599e+02  9.12010839e+05 -9.00000769e+01 
 9.54992586e+05 -4.35563598e+02  9.54992586e+05 -9.00000764e+01 
 1.00000000e+06 -4.35963597e+02  1.00000000e+06 -9.00000760e+01 
 1.04712855e+06 -4.36363597e+02  1.04712855e+06 -9.00000756e+01 
 1.09647820e+06 -4.36763597e+02  1.09647820e+06 -9.00000758e+01 
 1.14815362e+06 -4.37163597e+02  1.14815362e+06 -9.00000760e+01 
 1.20226443e+06 -4.37563597e+02  1.20226443e+06 -9.00000756e+01 
 1.25892541e+06 -4.37963598e+02  1.25892541e+06 -9.00000764e+01 
 1.31825674e+06 -4.38363598e+02  1.31825674e+06 -9.00000764e+01 
 1.38038426e+06 -4.38763597e+02  1.38038426e+06 -9.00000757e+01 
 1.44543977e+06 -4.39163597e+02  1.44543977e+06 -9.00000760e+01 
 1.51356125e+06 -4.39563597e+02  1.51356125e+06 -9.00000760e+01 
 1.58489319e+06 -4.39963596e+02  1.58489319e+06 -9.00000753e+01 
 1.65958691e+06 -4.40363597e+02  1.65958691e+06 -9.00000756e+01 
 1.73780083e+06 -4.40763597e+02  1.73780083e+06 -9.00000758e+01 
 1.81970086e+06 -4.41163599e+02  1.81970086e+06 -9.00000768e+01 
 1.90546072e+06 -4.41563597e+02  1.90546072e+06 -9.00000757e+01 
 1.99526231e+06 -4.41963598e+02  1.99526231e+06 -9.00000761e+01 
 2.08929613e+06 -4.42363597e+02  2.08929613e+06 -9.00000757e+01 
 2.18776162e+06 -4.42763597e+02  2.18776162e+06 -9.00000759e+01 
 2.29086765e+06 -4.43163598e+02  2.29086765e+06 -9.00000762e+01 
 2.39883292e+06 -4.43563598e+02  2.39883292e+06 -9.00000763e+01 
 2.51188643e+06 -4.43963597e+02  2.51188643e+06 -9.00000758e+01 
 2.63026799e+06 -4.44363598e+02  2.63026799e+06 -9.00000763e+01 
 2.75422870e+06 -4.44763597e+02  2.75422870e+06 -9.00000759e+01 
 2.88403150e+06 -4.45163597e+02  2.88403150e+06 -9.00000760e+01 
 3.01995172e+06 -4.45563597e+02  3.01995172e+06 -9.00000758e+01 
 3.16227766e+06 -4.45963597e+02  3.16227766e+06 -9.00000758e+01 
 3.31131121e+06 -4.46363597e+02  3.31131121e+06 -9.00000759e+01 
 3.46736850e+06 -4.46763598e+02  3.46736850e+06 -9.00000761e+01 
 3.63078055e+06 -4.47163597e+02  3.63078055e+06 -9.00000760e+01 
 3.80189396e+06 -4.47563597e+02  3.80189396e+06 -9.00000760e+01 
 3.98107171e+06 -4.47963598e+02  3.98107171e+06 -9.00000762e+01 
 4.16869383e+06 -4.48363596e+02  4.16869383e+06 -9.00000758e+01 
 4.36515832e+06 -4.48763598e+02  4.36515832e+06 -9.00000762e+01 
 4.57088190e+06 -4.49163596e+02  4.57088190e+06 -9.00000758e+01 
 4.78630092e+06 -4.49563597e+02  4.78630092e+06 -9.00000759e+01 
 5.01187234e+06 -4.49963598e+02  5.01187234e+06 -9.00000762e+01 
 5.24807460e+06 -4.50363598e+02  5.24807460e+06 -9.00000762e+01 
 5.49540874e+06 -4.50763597e+02  5.49540874e+06 -9.00000760e+01 
 5.75439937e+06 -4.51163598e+02  5.75439937e+06 -9.00000761e+01 
 6.02559586e+06 -4.51563598e+02  6.02559586e+06 -9.00000762e+01 
 6.30957344e+06 -4.51963597e+02  6.30957344e+06 -9.00000760e+01 
 6.60693448e+06 -4.52363597e+02  6.60693448e+06 -9.00000760e+01 
 6.91830971e+06 -4.52763598e+02  6.91830971e+06 -9.00000761e+01 
 7.24435960e+06 -4.53163598e+02  7.24435960e+06 -9.00000762e+01 
 7.58577575e+06 -4.53563597e+02  7.58577575e+06 -9.00000760e+01 
 7.94328235e+06 -4.53963597e+02  7.94328235e+06 -9.00000760e+01 
 8.31763771e+06 -4.54363597e+02  8.31763771e+06 -9.00000759e+01 
 8.70963590e+06 -4.54763598e+02  8.70963590e+06 -9.00000761e+01 
 9.12010839e+06 -4.55163597e+02  9.12010839e+06 -9.00000760e+01 
 9.54992586e+06 -4.55563597e+02  9.54992586e+06 -9.00000760e+01 
 1.00000000e+07 -4.55963599e+02  1.00000000e+07 -9.00000762e+01 
