 1.00000000e+00 -1.29135524e+02  1.00000000e+00 -4.40504787e-12  1.00000000e+00 -2.07944278e+02 
 1.04712855e+00 -1.28735524e+02  1.04712855e+00 -4.83031628e-12  1.04712855e+00 -2.07544278e+02 
 1.09647820e+00 -1.28335524e+02  1.09647820e+00 -5.29801510e-12  1.09647820e+00 -2.07144278e+02 
 1.14815362e+00 -1.27935524e+02  1.14815362e+00 -5.80910866e-12  1.14815362e+00 -2.06744278e+02 
 1.20226443e+00 -1.27535524e+02  1.20226443e+00 -6.36938292e-12  1.20226443e+00 -2.06344278e+02 
 1.25892541e+00 -1.27135524e+02  1.25892541e+00 -6.98269519e-12  1.25892541e+00 -2.05944278e+02 
 1.31825674e+00 -1.26735524e+02  1.31825674e+00 -7.65676008e-12  1.31825674e+00 -2.05544278e+02 
 1.38038426e+00 -1.26335524e+02  1.38038426e+00 -8.39736358e-12  1.38038426e+00 -2.05144278e+02 
 1.44543977e+00 -1.25935524e+02  1.44543977e+00 -9.20547000e-12  1.44543977e+00 -2.04744278e+02 
 1.51356125e+00 -1.25535524e+02  1.51356125e+00 -1.00945799e-11  1.51356125e+00 -2.04344278e+02 
 1.58489319e+00 -1.25135524e+02  1.58489319e+00 -1.10675863e-11  1.58489319e+00 -2.03944278e+02 
 1.65958691e+00 -1.24735524e+02  1.65958691e+00 -1.21350968e-11  1.65958691e+00 -2.03544279e+02 
 1.73780083e+00 -1.24335524e+02  1.73780083e+00 -1.33067547e-11  1.73780083e+00 -2.03144279e+02 
 1.81970086e+00 -1.23935524e+02  1.81970086e+00 -1.45902746e-11  1.81970086e+00 -2.02744279e+02 
 1.90546072e+00 -1.23535524e+02  1.90546072e+00 -1.59972283e-11  1.90546072e+00 -2.02344279e+02 
 1.99526231e+00 -1.23135524e+02  1.99526231e+00 -1.75411166e-11  1.99526231e+00 -2.01944279e+02 
 2.08929613e+00 -1.22735524e+02  2.08929613e+00 -1.92335113e-11  2.08929613e+00 -2.01544279e+02 
 2.18776162e+00 -1.22335524e+02  2.18776162e+00 -2.10888774e-11  2.18776162e+00 -2.01144279e+02 
 2.29086765e+00 -1.21935525e+02  2.29086765e+00 -2.31226440e-11  2.29086765e+00 -2.00744279e+02 
 2.39883292e+00 -1.21535525e+02  2.39883292e+00 -2.53550621e-11  2.39883292e+00 -2.00344279e+02 
 2.51188643e+00 -1.21135525e+02  2.51188643e+00 -2.78005965e-11  2.51188643e+00 -1.99944280e+02 
 2.63026799e+00 -1.20735525e+02  2.63026799e+00 -3.04833555e-11  2.63026799e+00 -1.99544280e+02 
 2.75422870e+00 -1.20335525e+02  2.75422870e+00 -3.34235900e-11  2.75422870e+00 -1.99144280e+02 
 2.88403150e+00 -1.19935525e+02  2.88403150e+00 -3.66483010e-11  2.88403150e+00 -1.98744280e+02 
 3.01995172e+00 -1.19535525e+02  3.01995172e+00 -4.01835255e-11  3.01995172e+00 -1.98344280e+02 
 3.16227766e+00 -1.19135525e+02  3.16227766e+00 -4.40601219e-11  3.16227766e+00 -1.97944281e+02 
 3.31131121e+00 -1.18735525e+02  3.31131121e+00 -4.83108774e-11  3.31131121e+00 -1.97544281e+02 
 3.46736850e+00 -1.18335525e+02  3.46736850e+00 -5.29724364e-11  3.46736850e+00 -1.97144281e+02 
 3.63078055e+00 -1.17935525e+02  3.63078055e+00 -5.80824076e-11  3.63078055e+00 -1.96744282e+02 
 3.80189396e+00 -1.17535525e+02  3.80189396e+00 -6.36870789e-11  3.80189396e+00 -1.96344282e+02 
 3.98107171e+00 -1.17135525e+02  3.98107171e+00 -6.98298448e-11  3.98107171e+00 -1.95944283e+02 
 4.16869383e+00 -1.16735525e+02  4.16869383e+00 -7.65676008e-11  4.16869383e+00 -1.95544283e+02 
 4.36515832e+00 -1.16335525e+02  4.36515832e+00 -8.39553136e-11  4.36515832e+00 -1.95144283e+02 
 4.57088190e+00 -1.15935525e+02  4.57088190e+00 -9.20527713e-11  4.57088190e+00 -1.94744284e+02 
 4.78630092e+00 -1.15535525e+02  4.78630092e+00 -1.00933263e-10  4.78630092e+00 -1.94344285e+02 
 5.01187234e+00 -1.15135525e+02  5.01187234e+00 -1.10670077e-10  5.01187234e+00 -1.93944285e+02 
 5.24807460e+00 -1.14735525e+02  5.24807460e+00 -1.21347111e-10  5.24807460e+00 -1.93544286e+02 
 5.49540874e+00 -1.14335525e+02  5.49540874e+00 -1.33054047e-10  5.49540874e+00 -1.93144287e+02 
 5.75439937e+00 -1.13935525e+02  5.75439937e+00 -1.45890209e-10  5.75439937e+00 -1.92744288e+02 
 6.02559586e+00 -1.13535525e+02  6.02559586e+00 -1.59963604e-10  6.02559586e+00 -1.92344289e+02 
 6.30957344e+00 -1.13135525e+02  6.30957344e+00 -1.75392844e-10  6.30957344e+00 -1.91944290e+02 
 6.60693448e+00 -1.12735525e+02  6.60693448e+00 -1.92315827e-10  6.60693448e+00 -1.91544291e+02 
 6.91830971e+00 -1.12335525e+02  6.91830971e+00 -2.10865630e-10  6.91830971e+00 -1.91144292e+02 
 7.24435960e+00 -1.11935525e+02  7.24435960e+00 -2.31209082e-10  7.24435960e+00 -1.90744294e+02 
 7.58577575e+00 -1.11535525e+02  7.58577575e+00 -2.53512048e-10  7.58577575e+00 -1.90344295e+02 
 7.94328235e+00 -1.11135525e+02  7.94328235e+00 -2.77965464e-10  7.94328235e+00 -1.89944297e+02 
 8.31763771e+00 -1.10735525e+02  8.31763771e+00 -3.04779553e-10  8.31763771e+00 -1.89544299e+02 
 8.70963590e+00 -1.10335525e+02  8.70963590e+00 -3.34176112e-10  8.70963590e+00 -1.89144301e+02 
 9.12010839e+00 -1.09935525e+02  9.12010839e+00 -3.66411650e-10  9.12010839e+00 -1.88744303e+02 
 9.54992586e+00 -1.09535525e+02  9.54992586e+00 -4.01755216e-10  9.54992586e+00 -1.88344305e+02 
 1.00000000e+01 -1.09135525e+02  1.00000000e+01 -4.40504787e-10  1.00000000e+01 -1.87944308e+02 
 1.04712855e+01 -1.08735525e+02  1.04712855e+01 -4.82992091e-10  1.04712855e+01 -1.87544311e+02 
 1.09647820e+01 -1.08335525e+02  1.09647820e+01 -5.29574893e-10  1.09647820e+01 -1.87144314e+02 
 1.14815362e+01 -1.07935525e+02  1.14815362e+01 -5.80651462e-10  1.14815362e+01 -1.86744317e+02 
 1.20226443e+01 -1.07535525e+02  1.20226443e+01 -6.36651886e-10  1.20226443e+01 -1.86344321e+02 
 1.25892541e+01 -1.07135525e+02  1.25892541e+01 -6.98049652e-10  1.25892541e+01 -1.85944325e+02 
 1.31825674e+01 -1.06735525e+02  1.31825674e+01 -7.65365495e-10  1.31825674e+01 -1.85544330e+02 
 1.38038426e+01 -1.06335525e+02  1.38038426e+01 -8.39171262e-10  1.38038426e+01 -1.85144335e+02 
 1.44543977e+01 -1.05935525e+02  1.44543977e+01 -9.20092801e-10  1.44543977e+01 -1.84744341e+02 
 1.51356125e+01 -1.05535525e+02  1.51356125e+01 -1.00880996e-09  1.51356125e+01 -1.84344347e+02 
 1.58489319e+01 -1.05135525e+02  1.58489319e+01 -1.10607975e-09  1.58489319e+01 -1.83944353e+02 
 1.65958691e+01 -1.04735525e+02  1.65958691e+01 -1.21271990e-09  1.65958691e+01 -1.83544361e+02 
 1.73780083e+01 -1.04335525e+02  1.73780083e+01 -1.32963785e-09  1.73780083e+01 -1.83144369e+02 
 1.81970086e+01 -1.03935525e+02  1.81970086e+01 -1.45781915e-09  1.81970086e+01 -1.82744377e+02 
 1.90546072e+01 -1.03535525e+02  1.90546072e+01 -1.59834674e-09  1.90546072e+01 -1.82344387e+02 
 1.99526231e+01 -1.03135525e+02  1.99526231e+01 -1.75241155e-09  1.99526231e+01 -1.81944398e+02 
 2.08929613e+01 -1.02735525e+02  2.08929613e+01 -1.92131254e-09  2.08929613e+01 -1.81544409e+02 
 2.18776162e+01 -1.02335526e+02  2.18776162e+01 -2.10647788e-09  2.18776162e+01 -1.81144422e+02 
 2.29086765e+01 -1.01935526e+02  2.29086765e+01 -2.30947171e-09  2.29086765e+01 -1.80744436e+02 
 2.39883292e+01 -1.01535526e+02  2.39883292e+01 -2.53200763e-09  2.39883292e+01 -1.80344451e+02 
 2.51188643e+01 -1.01135526e+02  2.51188643e+01 -2.77596223e-09  2.51188643e+01 -1.79944468e+02 
 2.63026799e+01 -1.00735526e+02  2.63026799e+01 -3.04339723e-09  2.63026799e+01 -1.79544486e+02 
 2.75422870e+01 -1.00335526e+02  2.75422870e+01 -3.33656339e-09  2.75422870e+01 -1.79144506e+02 
 2.88403150e+01 -9.99355262e+01  2.88403150e+01 -3.65793516e-09  2.88403150e+01 -1.78744528e+02 
 3.01995172e+01 -9.95355263e+01  3.01995172e+01 -4.01022713e-09  3.01995172e+01 -1.78344552e+02 
 3.16227766e+01 -9.91355265e+01  3.16227766e+01 -4.39639689e-09  3.16227766e+01 -1.77944579e+02 
 3.31131121e+01 -9.87355266e+01  3.31131121e+01 -4.81970482e-09  3.31131121e+01 -1.77544608e+02 
 3.46736850e+01 -9.83355268e+01  3.46736850e+01 -5.28371413e-09  3.46736850e+01 -1.77144639e+02 
 3.63078055e+01 -9.79355270e+01  3.63078055e+01 -5.79233033e-09  3.63078055e+01 -1.76744674e+02 
 3.80189396e+01 -9.75355272e+01  3.80189396e+01 -6.34984179e-09  3.80189396e+01 -1.76344712e+02 
 3.98107171e+01 -9.71355274e+01  3.98107171e+01 -6.96093707e-09  3.98107171e+01 -1.75944754e+02 
 4.16869383e+01 -9.67355276e+01  4.16869383e+01 -7.63076182e-09  4.16869383e+01 -1.75544800e+02 
 4.36515832e+01 -9.63355278e+01  4.36515832e+01 -8.36495543e-09  4.36515832e+01 -1.75144851e+02 
 4.57088190e+01 -9.59355280e+01  4.57088190e+01 -9.16969249e-09  4.57088190e+01 -1.74744906e+02 
 4.78630092e+01 -9.55355283e+01  4.78630092e+01 -1.00517561e-08  4.78630092e+01 -1.74344966e+02 
 5.01187234e+01 -9.51355285e+01  5.01187234e+01 -1.10185686e-08  5.01187234e+01 -1.73945033e+02 
 5.24807460e+01 -9.47355288e+01  5.24807460e+01 -1.20782710e-08  5.24807460e+01 -1.73545105e+02 
 5.49540874e+01 -9.43355290e+01  5.49540874e+01 -1.32397909e-08  5.49540874e+01 -1.73145185e+02 
 5.75439937e+01 -9.39355293e+01  5.75439937e+01 -1.45129182e-08  5.75439937e+01 -1.72745272e+02 
 6.02559586e+01 -9.35355295e+01  6.02559586e+01 -1.59083820e-08  6.02559586e+01 -1.72345368e+02 
 6.30957344e+01 -9.31355298e+01  6.30957344e+01 -1.74379481e-08  6.30957344e+01 -1.71945473e+02 
 6.60693448e+01 -9.27355301e+01  6.60693448e+01 -1.91145239e-08  6.60693448e+01 -1.71545588e+02 
 6.91830971e+01 -9.23355304e+01  6.91830971e+01 -2.09522515e-08  6.91830971e+01 -1.71145714e+02 
 7.24435960e+01 -9.19355307e+01  7.24435960e+01 -2.29666563e-08  7.24435960e+01 -1.70745852e+02 
 7.58577575e+01 -9.15355309e+01  7.58577575e+01 -2.51747493e-08  7.58577575e+01 -1.70346004e+02 
 7.94328235e+01 -9.11355312e+01  7.94328235e+01 -2.75951900e-08  7.94328235e+01 -1.69946170e+02 
 8.31763771e+01 -9.07355315e+01  8.31763771e+01 -3.02484464e-08  8.31763771e+01 -1.69546352e+02 
 8.70963590e+01 -9.03355318e+01  8.70963590e+01 -3.31569593e-08  8.70963590e+01 -1.69146552e+02 
 9.12010839e+01 -8.99355321e+01  9.12010839e+01 -3.63453422e-08  9.12010839e+01 -1.68746771e+02 
 9.54992586e+01 -8.95355323e+01  9.54992586e+01 -3.98405838e-08  9.54992586e+01 -1.68347011e+02 
 1.00000000e+02 -8.91355326e+01  1.00000000e+02 -4.36722850e-08  1.00000000e+02 -1.67947274e+02 
 1.04712855e+02 -8.87355329e+01  1.04712855e+02 -4.78729012e-08  1.04712855e+02 -1.67547562e+02 
 1.09647820e+02 -8.83355331e+01  1.09647820e+02 -5.24780307e-08  1.09647820e+02 -1.67147879e+02 
 1.14815362e+02 -8.79355334e+01  1.14815362e+02 -5.75267054e-08  1.14815362e+02 -1.66748225e+02 
 1.20226443e+02 -8.75355336e+01  1.20226443e+02 -6.30617282e-08  1.20226443e+02 -1.66348605e+02 
 1.25892541e+02 -8.71355339e+01  1.25892541e+02 -6.91300298e-08  1.25892541e+02 -1.65949022e+02 
 1.31825674e+02 -8.67355341e+01  1.31825674e+02 -7.57830812e-08  1.31825674e+02 -1.65549479e+02 
 1.38038426e+02 -8.63355343e+01  1.38038426e+02 -8.30773160e-08  1.38038426e+02 -1.65149979e+02 
 1.44543977e+02 -8.59355345e+01  1.44543977e+02 -9.10746130e-08  1.44543977e+02 -1.64750528e+02 
 1.51356125e+02 -8.55355348e+01  1.51356125e+02 -9.98428242e-08  1.51356125e+02 -1.64351130e+02 
 1.58489319e+02 -8.51355350e+01  1.58489319e+02 -1.09456349e-07  1.58489319e+02 -1.63951790e+02 
 1.65958691e+02 -8.47355352e+01  1.65958691e+02 -1.19996763e-07  1.65958691e+02 -1.63552513e+02 
 1.73780083e+02 -8.43355354e+01  1.73780083e+02 -1.31553525e-07  1.73780083e+02 -1.63153306e+02 
 1.81970086e+02 -8.39355356e+01  1.81970086e+02 -1.44224705e-07  1.81970086e+02 -1.62754175e+02 
 1.90546072e+02 -8.35355358e+01  1.90546072e+02 -1.58117849e-07  1.90546072e+02 -1.62355128e+02 
 1.99526231e+02 -8.31355360e+01  1.99526231e+02 -1.73350867e-07  1.99526231e+02 -1.61956173e+02 
 2.08929613e+02 -8.27355362e+01  2.08929613e+02 -1.90053048e-07  2.08929613e+02 -1.61557318e+02 
 2.18776162e+02 -8.23355364e+01  2.18776162e+02 -2.08366158e-07  2.18776162e+02 -1.61158573e+02 
 2.29086765e+02 -8.19355366e+01  2.29086765e+02 -2.28445626e-07  2.29086765e+02 -1.60759949e+02 
 2.39883292e+02 -8.15355369e+01  2.39883292e+02 -2.50461883e-07  2.39883292e+02 -1.60361457e+02 
 2.51188643e+02 -8.11355371e+01  2.51188643e+02 -2.74601796e-07  2.51188643e+02 -1.59963110e+02 
 2.63026799e+02 -8.07355373e+01  2.63026799e+02 -3.01070257e-07  2.63026799e+02 -1.59564921e+02 
 2.75422870e+02 -8.03355376e+01  2.75422870e+02 -3.30091920e-07  2.75422870e+02 -1.59166907e+02 
 2.88403150e+02 -7.99355379e+01  2.88403150e+02 -3.61913106e-07  2.88403150e+02 -1.58769083e+02 
 3.01995172e+02 -7.95355381e+01  3.01995172e+02 -3.96803901e-07  3.01995172e+02 -1.58371467e+02 
 3.16227766e+02 -7.91355384e+01  3.16227766e+02 -4.35060432e-07  3.16227766e+02 -1.57974080e+02 
 3.31131121e+02 -7.87355387e+01  3.31131121e+02 -4.77007395e-07  3.31131121e+02 -1.57576944e+02 
 3.46736850e+02 -7.83355391e+01  3.46736850e+02 -5.23000797e-07  3.46736850e+02 -1.57180082e+02 
 3.63078055e+02 -7.79355394e+01  3.63078055e+02 -5.73430981e-07  3.63078055e+02 -1.56783519e+02 
 3.80189396e+02 -7.75355398e+01  3.80189396e+02 -6.28725936e-07  3.80189396e+02 -1.56387285e+02 
 3.98107171e+02 -7.71355402e+01  3.98107171e+02 -6.89354925e-07  3.98107171e+02 -1.55991411e+02 
 4.16869383e+02 -7.67355407e+01  4.16869383e+02 -7.55832467e-07  4.16869383e+02 -1.55595931e+02 
 4.36515832e+02 -7.63355412e+01  4.36515832e+02 -8.28722700e-07  4.36515832e+02 -1.55200881e+02 
 4.57088190e+02 -7.59355417e+01  4.57088190e+02 -9.08644155e-07  4.57088190e+02 -1.54806302e+02 
 4.78630092e+02 -7.55355423e+01  4.78630092e+02 -9.96275012e-07  4.78630092e+02 -1.54412238e+02 
 5.01187234e+02 -7.51355429e+01  5.01187234e+02 -1.09235884e-06  5.01187234e+02 -1.54018738e+02 
 5.24807460e+02 -7.47355436e+01  5.24807460e+02 -1.19771090e-06  5.24807460e+02 -1.53625853e+02 
 5.49540874e+02 -7.43355444e+01  5.49540874e+02 -1.31322505e-06  5.49540874e+02 -1.53233642e+02 
 5.75439937e+02 -7.39355452e+01  5.75439937e+02 -1.43988133e-06  5.75439937e+02 -1.52842166e+02 
 6.02559586e+02 -7.35355460e+01  6.02559586e+02 -1.57875426e-06  6.02559586e+02 -1.52451494e+02 
 6.30957344e+02 -7.31355470e+01  6.30957344e+02 -1.73102191e-06  6.30957344e+02 -1.52061698e+02 
 6.60693448e+02 -7.27355481e+01  6.60693448e+02 -1.89797595e-06  6.60693448e+02 -1.51672859e+02 
 6.91830971e+02 -7.23355492e+01  6.91830971e+02 -2.08103250e-06  6.91830971e+02 -1.51285065e+02 
 7.24435960e+02 -7.19355505e+01  7.24435960e+02 -2.28174418e-06  7.24435960e+02 -1.50898408e+02 
 7.58577575e+02 -7.15355518e+01  7.58577575e+02 -2.50181322e-06  7.58577575e+02 -1.50512992e+02 
 7.94328235e+02 -7.11355533e+01  7.94328235e+02 -2.74310587e-06  7.94328235e+02 -1.50128927e+02 
 8.31763771e+02 -7.07355550e+01  8.31763771e+02 -3.00766820e-06  8.31763771e+02 -1.49746332e+02 
 8.70963590e+02 -7.03355567e+01  8.70963590e+02 -3.29774339e-06  8.70963590e+02 -1.49365337e+02 
 9.12010839e+02 -6.99355587e+01  9.12010839e+02 -3.61579074e-06  9.12010839e+02 -1.48986080e+02 
 9.54992586e+02 -6.95355608e+01  9.54992586e+02 -3.96450637e-06  9.54992586e+02 -1.48608711e+02 
 1.00000000e+03 -6.91355631e+01  1.00000000e+03 -4.34684614e-06  1.00000000e+03 -1.48233391e+02 
 1.04712855e+03 -6.87355655e+01  1.04712855e+03 -4.76605051e-06  1.04712855e+03 -1.47860291e+02 
 1.09647820e+03 -6.83355683e+01  1.09647820e+03 -5.22567202e-06  1.09647820e+03 -1.47489597e+02 
 1.14815362e+03 -6.79355712e+01  1.14815362e+03 -5.72960523e-06  1.14815362e+03 -1.47121504e+02 
 1.20226443e+03 -6.75355744e+01  1.20226443e+03 -6.28211967e-06  1.20226443e+03 -1.46756223e+02 
 1.25892541e+03 -6.71355779e+01  1.25892541e+03 -6.88789588e-06  1.25892541e+03 -1.46393974e+02 
 1.31825674e+03 -6.67355817e+01  1.31825674e+03 -7.55206494e-06  1.31825674e+03 -1.46034994e+02 
 1.38038426e+03 -6.63355858e+01  1.38038426e+03 -8.28025183e-06  1.38038426e+03 -1.45679531e+02 
 1.44543977e+03 -6.59355902e+01  1.44543977e+03 -9.07862292e-06  1.44543977e+03 -1.45327846e+02 
 1.51356125e+03 -6.55355951e+01  1.51356125e+03 -9.95393804e-06  1.51356125e+03 -1.44980211e+02 
 1.58489319e+03 -6.51356003e+01  1.58489319e+03 -1.09136076e-05  1.58489319e+03 -1.44636912e+02 
 1.65958691e+03 -6.47356059e+01  1.65958691e+03 -1.19657552e-05  1.65958691e+03 -1.44298244e+02 
 1.73780083e+03 -6.43356120e+01  1.73780083e+03 -1.31192864e-05  1.73780083e+03 -1.43964513e+02 
 1.81970086e+03 -6.39356185e+01  1.81970086e+03 -1.43839636e-05  1.81970086e+03 -1.43636032e+02 
 1.90546072e+03 -6.35356256e+01  1.90546072e+03 -1.57704891e-05  1.90546072e+03 -1.43313121e+02 
 1.99526231e+03 -6.31356332e+01  1.99526231e+03 -1.72905953e-05  1.99526231e+03 -1.42996103e+02 
 2.08929613e+03 -6.27356414e+01  2.08929613e+03 -1.89571443e-05  2.08929613e+03 -1.42685306e+02 
 2.18776162e+03 -6.23356502e+01  2.18776162e+03 -2.07842365e-05  2.18776162e+03 -1.42381054e+02 
 2.29086765e+03 -6.19356597e+01  2.29086765e+03 -2.27873302e-05  2.29086765e+03 -1.42083670e+02 
 2.39883292e+03 -6.15356698e+01  2.39883292e+03 -2.49833725e-05  2.39883292e+03 -1.41793467e+02 
 2.51188643e+03 -6.11356807e+01  2.51188643e+03 -2.73909436e-05  2.51188643e+03 -1.41510751e+02 
 2.63026799e+03 -6.07356923e+01  2.63026799e+03 -3.00304136e-05  2.63026799e+03 -1.41235812e+02 
 2.75422870e+03 -6.03357047e+01  2.75422870e+03 -3.29241162e-05  2.75422870e+03 -1.40968922e+02 
 2.88403150e+03 -5.99357180e+01  2.88403150e+03 -3.60965381e-05  2.88403150e+03 -1.40710334e+02 
 3.01995172e+03 -5.95357323e+01  3.01995172e+03 -3.95745270e-05  3.01995172e+03 -1.40460275e+02 
 3.16227766e+03 -5.91357475e+01  3.16227766e+03 -4.33875200e-05  3.16227766e+03 -1.40218943e+02 
 3.31131121e+03 -5.87357637e+01  3.31131121e+03 -4.75677937e-05  3.31131121e+03 -1.39986505e+02 
 3.46736850e+03 -5.83357810e+01  3.46736850e+03 -5.21507389e-05  3.46736850e+03 -1.39763097e+02 
 3.63078055e+03 -5.79357995e+01  3.63078055e+03 -5.71751612e-05  3.63078055e+03 -1.39548816e+02 
 3.80189396e+03 -5.75358193e+01  3.80189396e+03 -6.26836112e-05  3.80189396e+03 -1.39343722e+02 
 3.98107171e+03 -5.71358405e+01  3.98107171e+03 -6.87227463e-05  3.98107171e+03 -1.39147836e+02 
 4.16869383e+03 -5.67358631e+01  4.16869383e+03 -7.53437273e-05  4.16869383e+03 -1.38961143e+02 
 4.36515832e+03 -5.63358874e+01  4.36515832e+03 -8.26026528e-05  4.36515832e+03 -1.38783586e+02 
 4.57088190e+03 -5.59359133e+01  4.57088190e+03 -9.05610364e-05  4.57088190e+03 -1.38615072e+02 
 4.78630092e+03 -5.55359412e+01  4.78630092e+03 -9.92863288e-05  4.78630092e+03 -1.38455471e+02 
 5.01187234e+03 -5.51359711e+01  5.01187234e+03 -1.08852491e-04  5.01187234e+03 -1.38304620e+02 
 5.24807460e+03 -5.47360032e+01  5.24807460e+03 -1.19340620e-04  5.24807460e+03 -1.38162322e+02 
 5.49540874e+03 -5.43360378e+01  5.49540874e+03 -1.30839642e-04  5.49540874e+03 -1.38028356e+02 
 5.75439937e+03 -5.39360751e+01  5.75439937e+03 -1.43447059e-04  5.75439937e+03 -1.37902472e+02 
 6.02559586e+03 -5.35361153e+01  6.02559586e+03 -1.57269782e-04  6.02559586e+03 -1.37784400e+02 
 6.30957344e+03 -5.31361588e+01  6.30957344e+03 -1.72425037e-04  6.30957344e+03 -1.37673852e+02 
 6.60693448e+03 -5.27362058e+01  6.60693448e+03 -1.89041353e-04  6.60693448e+03 -1.37570525e+02 
 6.91830971e+03 -5.23362568e+01  6.91830971e+03 -2.07259657e-04  6.91830971e+03 -1.37474106e+02 
 7.24435960e+03 -5.19363121e+01  7.24435960e+03 -2.27234465e-04  7.24435960e+03 -1.37384275e+02 
 7.58577575e+03 -5.15363722e+01  7.58577575e+03 -2.49135191e-04  7.58577575e+03 -1.37300707e+02 
 7.94328235e+03 -5.11364375e+01  7.94328235e+03 -2.73147581e-04  7.94328235e+03 -1.37223077e+02 
 8.31763771e+03 -5.07365085e+01  8.31763771e+03 -2.99475287e-04  8.31763771e+03 -1.37151061e+02 
 8.70963590e+03 -5.03365859e+01  8.70963590e+03 -3.28341586e-04  8.70963590e+03 -1.37084340e+02 
 9.12010839e+03 -4.99366702e+01  9.12010839e+03 -3.59991275e-04  9.12010839e+03 -1.37022600e+02 
 9.54992586e+03 -4.95367622e+01  9.54992586e+03 -3.94692735e-04  9.54992586e+03 -1.36965537e+02 
 1.00000000e+04 -4.91368627e+01  1.00000000e+04 -4.32740206e-04  1.00000000e+04 -1.36912854e+02 
 1.04712855e+04 -4.87369724e+01  1.04712855e+04 -4.74456268e-04  1.04712855e+04 -1.36864267e+02 
 1.09647820e+04 -4.83370923e+01  1.09647820e+04 -5.20194569e-04  1.09647820e+04 -1.36819502e+02 
 1.14815362e+04 -4.79372234e+01  1.14815362e+04 -5.70342812e-04  1.14815362e+04 -1.36778300e+02 
 1.20226443e+04 -4.75373668e+01  1.20226443e+04 -6.25326025e-04  1.20226443e+04 -1.36740411e+02 
 1.25892541e+04 -4.71375236e+01  1.25892541e+04 -6.85610145e-04  1.25892541e+04 -1.36705601e+02 
 1.31825674e+04 -4.67376953e+01  1.31825674e+04 -7.51705950e-04  1.31825674e+04 -1.36673649e+02 
 1.38038426e+04 -4.63378833e+01  1.38038426e+04 -8.24173358e-04  1.38038426e+04 -1.36644346e+02 
 1.44543977e+04 -4.59380891e+01  1.44543977e+04 -9.03626144e-04  1.44543977e+04 -1.36617495e+02 
 1.51356125e+04 -4.55383145e+01  1.51356125e+04 -9.90737099e-04  1.51356125e+04 -1.36592915e+02 
 1.58489319e+04 -4.51385614e+01  1.58489319e+04 -1.08624369e-03  1.58489319e+04 -1.36570434e+02 
 1.65958691e+04 -4.47388320e+01  1.65958691e+04 -1.19095423e-03  1.65958691e+04 -1.36549894e+02 
 1.73780083e+04 -4.43391284e+01  1.73780083e+04 -1.30575471e-03  1.73780083e+04 -1.36531147e+02 
 1.81970086e+04 -4.39394531e+01  1.81970086e+04 -1.43161615e-03  1.81970086e+04 -1.36514057e+02 
 1.90546072e+04 -4.35398091e+01  1.90546072e+04 -1.56960278e-03  1.90546072e+04 -1.36498498e+02 
 1.99526231e+04 -4.31401991e+01  1.99526231e+04 -1.72088090e-03  1.99526231e+04 -1.36484354e+02 
 2.08929613e+04 -4.27406267e+01  2.08929613e+04 -1.88672863e-03  2.08929613e+04 -1.36471518e+02 
 2.18776162e+04 -4.23410952e+01  2.18776162e+04 -2.06854654e-03  2.18776162e+04 -1.36459892e+02 
 2.29086765e+04 -4.19416089e+01  2.29086765e+04 -2.26786928e-03  2.29086765e+04 -1.36449388e+02 
 2.39883292e+04 -4.15421718e+01  2.39883292e+04 -2.48637835e-03  2.39883292e+04 -1.36439923e+02 
 2.51188643e+04 -4.11427889e+01  2.51188643e+04 -2.72591596e-03  2.51188643e+04 -1.36431425e+02 
 2.63026799e+04 -4.07434654e+01  2.63026799e+04 -2.98850030e-03  2.63026799e+04 -1.36423827e+02 
 2.75422870e+04 -4.03442069e+01  2.75422870e+04 -3.27634211e-03  2.75422870e+04 -1.36417068e+02 
 2.88403150e+04 -3.99450197e+01  2.88403150e+04 -3.59186285e-03  2.88403150e+04 -1.36411094e+02 
 3.01995172e+04 -3.95459107e+01  3.01995172e+04 -3.93771450e-03  3.01995172e+04 -1.36405859e+02 
 3.16227766e+04 -3.91468873e+01  3.16227766e+04 -4.31680119e-03  3.16227766e+04 -1.36401320e+02 
 3.31131121e+04 -3.87479578e+01  3.31131121e+04 -4.73230277e-03  3.31131121e+04 -1.36397440e+02 
 3.46736850e+04 -3.83491313e+01  3.46736850e+04 -5.18770054e-03  3.46736850e+04 -1.36394188e+02 
 3.63078055e+04 -3.79504175e+01  3.63078055e+04 -5.68680521e-03  3.63078055e+04 -1.36391538e+02 
 3.80189396e+04 -3.75518273e+01  3.80189396e+04 -6.23378747e-03  3.80189396e+04 -1.36389468e+02 
 3.98107171e+04 -3.71533726e+01  3.98107171e+04 -6.83321109e-03  3.98107171e+04 -1.36387960e+02 
 4.16869383e+04 -3.67550662e+01  4.16869383e+04 -7.49006907e-03  4.16869383e+04 -1.36387001e+02 
 4.36515832e+04 -3.63569224e+01  4.36515832e+04 -8.20982277e-03  4.36515832e+04 -1.36386584e+02 
 4.57088190e+04 -3.59589568e+01  4.57088190e+04 -8.99844448e-03  4.57088190e+04 -1.36386704e+02 
 4.78630092e+04 -3.55611862e+01  4.78630092e+04 -9.86246350e-03  4.78630092e+04 -1.36387362e+02 
 5.01187234e+04 -3.51636293e+01  5.01187234e+04 -1.08090161e-02  5.01187234e+04 -1.36388561e+02 
 5.24807460e+04 -3.47663064e+01  5.24807460e+04 -1.18458995e-02  5.24807460e+04 -1.36390309e+02 
 5.49540874e+04 -3.43692398e+01  5.49540874e+04 -1.29816301e-02  5.49540874e+04 -1.36392620e+02 
 5.75439937e+04 -3.39724539e+01  5.75439937e+04 -1.42255064e-02  5.75439937e+04 -1.36395511e+02 
 6.02559586e+04 -3.35759752e+01  6.02559586e+04 -1.55876767e-02  6.02559586e+04 -1.36399001e+02 
 6.30957344e+04 -3.31798328e+01  6.30957344e+04 -1.70792117e-02  6.30957344e+04 -1.36403118e+02 
 6.60693448e+04 -3.27840584e+01  6.60693448e+04 -1.87121822e-02  6.60693448e+04 -1.36407890e+02 
 6.91830971e+04 -3.23886868e+01  6.91830971e+04 -2.04997427e-02  6.91830971e+04 -1.36413352e+02 
 7.24435960e+04 -3.19937559e+01  7.24435960e+04 -2.24562194e-02  7.24435960e+04 -1.36419544e+02 
 7.58577575e+04 -3.15993069e+01  7.58577575e+04 -2.45972051e-02  7.58577575e+04 -1.36426509e+02 
 7.94328235e+04 -3.12053851e+01  7.94328235e+04 -2.69396586e-02  7.94328235e+04 -1.36434296e+02 
 8.31763771e+04 -3.08120395e+01  8.31763771e+04 -2.95020093e-02  8.31763771e+04 -1.36442959e+02 
 8.70963590e+04 -3.04193237e+01  8.70963590e+04 -3.23042683e-02  8.70963590e+04 -1.36452558e+02 
 9.12010839e+04 -3.00272962e+01  9.12010839e+04 -3.53681421e-02  9.12010839e+04 -1.36463155e+02 
 9.54992586e+04 -2.96360205e+01  9.54992586e+04 -3.87171525e-02  9.54992586e+04 -1.36474822e+02 
 1.00000000e+05 -2.92455656e+01  1.00000000e+05 -4.23767580e-02  1.00000000e+05 -1.36487633e+02 
 1.04712855e+05 -2.88560068e+01  1.04712855e+05 -4.63744787e-02  1.04712855e+05 -1.36501670e+02 
 1.09647820e+05 -2.84674255e+01  1.09647820e+05 -5.07400212e-02  1.09647820e+05 -1.36517017e+02 
 1.14815362e+05 -2.80799104e+01  1.14815362e+05 -5.55054022e-02  1.14815362e+05 -1.36533767e+02 
 1.20226443e+05 -2.76935573e+01  1.20226443e+05 -6.07050699e-02  1.20226443e+05 -1.36552016e+02 
 1.25892541e+05 -2.73084701e+01  1.25892541e+05 -6.63760183e-02  1.25892541e+05 -1.36571868e+02 
 1.31825674e+05 -2.69247613e+01  1.31825674e+05 -7.25578925e-02  1.31825674e+05 -1.36593428e+02 
 1.38038426e+05 -2.65425522e+01  1.38038426e+05 -7.92930808e-02  1.38038426e+05 -1.36616809e+02 
 1.44543977e+05 -2.61619737e+01  1.44543977e+05 -8.66267889e-02  1.44543977e+05 -1.36642126e+02 
 1.51356125e+05 -2.57831669e+01  1.51356125e+05 -9.46070906e-02  1.51356125e+05 -1.36669499e+02 
 1.58489319e+05 -2.54062834e+01  1.58489319e+05 -1.03284949e-01  1.58489319e+05 -1.36699050e+02 
 1.65958691e+05 -2.50314860e+01  1.65958691e+05 -1.12714200e-01  1.65958691e+05 -1.36730905e+02 
 1.73780083e+05 -2.46589489e+01  1.73780083e+05 -1.22951493e-01  1.73780083e+05 -1.36765189e+02 
 1.81970086e+05 -2.42888586e+01  1.81970086e+05 -1.34056176e-01  1.81970086e+05 -1.36802032e+02 
 1.90546072e+05 -2.39214137e+01  1.90546072e+05 -1.46090119e-01  1.90546072e+05 -1.36841559e+02 
 1.99526231e+05 -2.35568257e+01  1.99526231e+05 -1.59117463e-01  1.99526231e+05 -1.36883896e+02 
 2.08929613e+05 -2.31953188e+01  2.08929613e+05 -1.73204284e-01  2.08929613e+05 -1.36929167e+02 
 2.18776162e+05 -2.28371302e+01  2.18776162e+05 -1.88418163e-01  2.18776162e+05 -1.36977493e+02 
 2.29086765e+05 -2.24825098e+01  2.29086765e+05 -2.04827647e-01  2.29086765e+05 -1.37028988e+02 
 2.39883292e+05 -2.21317201e+01  2.39883292e+05 -2.22501601e-01  2.39883292e+05 -1.37083763e+02 
 2.51188643e+05 -2.17850357e+01  2.51188643e+05 -2.41508425e-01  2.51188643e+05 -1.37141922e+02 
 2.63026799e+05 -2.14427426e+01  2.63026799e+05 -2.61915148e-01  2.63026799e+05 -1.37203561e+02 
 2.75422870e+05 -2.11051375e+01  2.75422870e+05 -2.83786381e-01  2.75422870e+05 -1.37268767e+02 
 2.88403150e+05 -2.07725262e+01  2.88403150e+05 -3.07183138e-01  2.88403150e+05 -1.37337618e+02 
 3.01995172e+05 -2.04452223e+01  3.01995172e+05 -3.32161531e-01  3.01995172e+05 -1.37410184e+02 
 3.16227766e+05 -2.01235456e+01  3.16227766e+05 -3.58771337e-01  3.16227766e+05 -1.37486524e+02 
 3.31131121e+05 -1.98078196e+01  3.31131121e+05 -3.87054479e-01  3.31131121e+05 -1.37566685e+02 
 3.46736850e+05 -1.94983695e+01  3.46736850e+05 -4.17043422e-01  3.46736850e+05 -1.37650704e+02 
 3.63078055e+05 -1.91955191e+01  3.63078055e+05 -4.48759541e-01  3.63078055e+05 -1.37738607e+02 
 3.80189396e+05 -1.88995883e+01  3.80189396e+05 -4.82211485e-01  3.80189396e+05 -1.37830410e+02 
 3.98107171e+05 -1.86108892e+01  3.98107171e+05 -5.17393613e-01  3.98107171e+05 -1.37926117e+02 
 4.16869383e+05 -1.83297231e+01  4.16869383e+05 -5.54284529e-01  4.16869383e+05 -1.38025720e+02 
 4.36515832e+05 -1.80563769e+01  4.36515832e+05 -5.92845817e-01  4.36515832e+05 -1.38129202e+02 
 4.57088190e+05 -1.77911193e+01  4.57088190e+05 -6.33021005e-01  4.57088190e+05 -1.38236538e+02 
 4.78630092e+05 -1.75341972e+01  4.78630092e+05 -6.74734867e-01  4.78630092e+05 -1.38347691e+02 
 5.01187234e+05 -1.72858324e+01  5.01187234e+05 -7.17893080e-01  5.01187234e+05 -1.38462617e+02 
 5.24807460e+05 -1.70462180e+01  5.24807460e+05 -7.62382333e-01  5.24807460e+05 -1.38581266e+02 
 5.49540874e+05 -1.68155156e+01  5.49540874e+05 -8.08070895e-01  5.49540874e+05 -1.38703583e+02 
 5.75439937e+05 -1.65938530e+01  5.75439937e+05 -8.54809685e-01  5.75439937e+05 -1.38829511e+02 
 6.02559586e+05 -1.63813214e+01  6.02559586e+05 -9.02433842e-01  6.02559586e+05 -1.38958991e+02 
 6.30957344e+05 -1.61779747e+01  6.30957344e+05 -9.50764774e-01  6.30957344e+05 -1.39091969e+02 
 6.60693448e+05 -1.59838279e+01  6.60693448e+05 -9.99612641e-01  6.60693448e+05 -1.39228396e+02 
 6.91830971e+05 -1.57988573e+01  6.91830971e+05 -1.04877921e+00  6.91830971e+05 -1.39368232e+02 
 7.24435960e+05 -1.56230009e+01  7.24435960e+05 -1.09806099e+00  7.24435960e+05 -1.39511452e+02 
 7.58577575e+05 -1.54561590e+01  7.58577575e+05 -1.14725255e+00  7.58577575e+05 -1.39658046e+02 
 7.94328235e+05 -1.52981962e+01  7.94328235e+05 -1.19614992e+00  7.94328235e+05 -1.39808026e+02 
 8.31763771e+05 -1.51489437e+01  8.31763771e+05 -1.24455389e+00  8.31763771e+05 -1.39961426e+02 
 8.70963590e+05 -1.50082016e+01  8.70963590e+05 -1.29227322e+00  8.70963590e+05 -1.40118306e+02 
 9.12010839e+05 -1.48757423e+01  9.12010839e+05 -1.33912751e+00  9.12010839e+05 -1.40278754e+02 
 9.54992586e+05 -1.47513135e+01  9.54992586e+05 -1.38494976e+00  9.54992586e+05 -1.40442886e+02 
 1.00000000e+06 -1.46346421e+01  1.00000000e+06 -1.42958850e+00  1.00000000e+06 -1.40610848e+02 
 1.04712855e+06 -1.45254376e+01  1.04712855e+06 -1.47290939e+00  1.04712855e+06 -1.40782811e+02 
 1.09647820e+06 -1.44233958e+01  1.09647820e+06 -1.51479639e+00  1.09647820e+06 -1.40958972e+02 
 1.14815362e+06 -1.43282026e+01  1.14815362e+06 -1.55515240e+00  1.14815362e+06 -1.41139552e+02 
 1.20226443e+06 -1.42395369e+01  1.20226443e+06 -1.59389944e+00  1.20226443e+06 -1.41324788e+02 
 1.25892541e+06 -1.41570743e+01  1.25892541e+06 -1.63097833e+00  1.25892541e+06 -1.41514931e+02 
 1.31825674e+06 -1.40804900e+01  1.31825674e+06 -1.66634807e+00  1.31825674e+06 -1.41710242e+02 
 1.38038426e+06 -1.40094612e+01  1.38038426e+06 -1.69998485e+00  1.38038426e+06 -1.41910981e+02 
 1.44543977e+06 -1.39436696e+01  1.44543977e+06 -1.73188078e+00  1.44543977e+06 -1.42117410e+02 
 1.51356125e+06 -1.38828037e+01  1.51356125e+06 -1.76204247e+00  1.51356125e+06 -1.42329777e+02 
 1.58489319e+06 -1.38265602e+01  1.58489319e+06 -1.79048946e+00  1.58489319e+06 -1.42548318e+02 
 1.65958691e+06 -1.37746456e+01  1.65958691e+06 -1.81725258e+00  1.65958691e+06 -1.42773249e+02 
 1.73780083e+06 -1.37267773e+01  1.73780083e+06 -1.84237232e+00  1.73780083e+06 -1.43004762e+02 
 1.81970086e+06 -1.36826845e+01  1.81970086e+06 -1.86589721e+00  1.81970086e+06 -1.43243019e+02 
 1.90546072e+06 -1.36421089e+01  1.90546072e+06 -1.88788227e+00  1.90546072e+06 -1.43488155e+02 
 1.99526231e+06 -1.36048051e+01  1.99526231e+06 -1.90838758e+00  1.99526231e+06 -1.43740268e+02 
 2.08929613e+06 -1.35705406e+01  2.08929613e+06 -1.92747692e+00  2.08929613e+06 -1.43999423e+02 
 2.18776162e+06 -1.35390963e+01  2.18776162e+06 -1.94521658e+00  2.18776162e+06 -1.44265650e+02 
 2.29086765e+06 -1.35102659e+01  2.29086765e+06 -1.96167429e+00  2.29086765e+06 -1.44538946e+02 
 2.39883292e+06 -1.34838562e+01  2.39883292e+06 -1.97691829e+00  2.39883292e+06 -1.44819272e+02 
 2.51188643e+06 -1.34596865e+01  2.51188643e+06 -1.99101651e+00  2.51188643e+06 -1.45106561e+02 
 2.63026799e+06 -1.34375882e+01  2.63026799e+06 -2.00403592e+00  2.63026799e+06 -1.45400713e+02 
 2.75422870e+06 -1.34174047e+01  2.75422870e+06 -2.01604195e+00  2.75422870e+06 -1.45701605e+02 
 2.88403150e+06 -1.33989904e+01  2.88403150e+06 -2.02709805e+00  2.88403150e+06 -1.46009087e+02 
 3.01995172e+06 -1.33822109e+01  3.01995172e+06 -2.03726533e+00  3.01995172e+06 -1.46322993e+02 
 3.16227766e+06 -1.33669416e+01  3.16227766e+06 -2.04660233e+00  3.16227766e+06 -1.46643137e+02 
 3.31131121e+06 -1.33530682e+01  3.31131121e+06 -2.05516475e+00  3.31131121e+06 -1.46969318e+02 
 3.46736850e+06 -1.33404852e+01  3.46736850e+06 -2.06300540e+00  3.46736850e+06 -1.47301327e+02 
 3.63078055e+06 -1.33290960e+01  3.63078055e+06 -2.07017409e+00  3.63078055e+06 -1.47638943e+02 
 3.80189396e+06 -1.33188122e+01  3.80189396e+06 -2.07671762e+00  3.80189396e+06 -1.47981940e+02 
 3.98107171e+06 -1.33095532e+01  3.98107171e+06 -2.08267978e+00  3.98107171e+06 -1.48330087e+02 
 4.16869383e+06 -1.33012454e+01  4.16869383e+06 -2.08810139e+00  4.16869383e+06 -1.48683150e+02 
 4.36515832e+06 -1.32938222e+01  4.36515832e+06 -2.09302038e+00  4.36515832e+06 -1.49040890e+02 
 4.57088190e+06 -1.32872232e+01  4.57088190e+06 -2.09747189e+00  4.57088190e+06 -1.49403068e+02 
 4.78630092e+06 -1.32813940e+01  4.78630092e+06 -2.10148832e+00  4.78630092e+06 -1.49769436e+02 
 5.01187234e+06 -1.32762858e+01  5.01187234e+06 -2.10509951e+00  5.01187234e+06 -1.50139747e+02 
 5.24807460e+06 -1.32718548e+01  5.24807460e+06 -2.10833280e+00  5.24807460e+06 -1.50513741e+02 
 5.49540874e+06 -1.32680621e+01  5.49540874e+06 -2.11121318e+00  5.49540874e+06 -1.50891150e+02 
 5.75439937e+06 -1.32648732e+01  5.75439937e+06 -2.11376343e+00  5.75439937e+06 -1.51271690e+02 
 6.02559586e+06 -1.32622579e+01  6.02559586e+06 -2.11600421e+00  6.02559586e+06 -1.51655059e+02 
 6.30957344e+06 -1.32601897e+01  6.30957344e+06 -2.11795423e+00  6.30957344e+06 -1.52040925e+02 
 6.60693448e+06 -1.32586457e+01  6.60693448e+06 -2.11963032e+00  6.60693448e+06 -1.52428927e+02 
 6.91830971e+06 -1.32576065e+01  6.91830971e+06 -2.12104760e+00  6.91830971e+06 -1.52818662e+02 
 7.24435960e+06 -1.32570556e+01  7.24435960e+06 -2.12221958e+00  7.24435960e+06 -1.53209674e+02 
 7.58577575e+06 -1.32569794e+01  7.58577575e+06 -2.12315824e+00  7.58577575e+06 -1.53601450e+02 
 7.94328235e+06 -1.32573670e+01  7.94328235e+06 -2.12387418e+00  7.94328235e+06 -1.53993407e+02 
 8.31763771e+06 -1.32582100e+01  8.31763771e+06 -2.12437667e+00  8.31763771e+06 -1.54384878e+02 
 8.70963590e+06 -1.32595022e+01  8.70963590e+06 -2.12467378e+00  8.70963590e+06 -1.54775108e+02 
 9.12010839e+06 -1.32612398e+01  9.12010839e+06 -2.12477240e+00  9.12010839e+06 -1.55163238e+02 
 9.54992586e+06 -1.32634212e+01  9.54992586e+06 -2.12467835e+00  9.54992586e+06 -1.55548304e+02 
 1.00000000e+07 -1.32660467e+01  1.00000000e+07 -2.12439640e+00  1.00000000e+07 -1.55929230e+02 
