 1.00000000e+00  1.22174822e+01  1.00000000e+00 -1.80000099e+02 
 1.04712855e+00  1.22174822e+01  1.04712855e+00 -1.80000096e+02 
 1.09647820e+00  1.22174822e+01  1.09647820e+00 -1.80000094e+02 
 1.14815362e+00  1.22174822e+01  1.14815362e+00 -1.80000091e+02 
 1.20226443e+00  1.22174822e+01  1.20226443e+00 -1.80000088e+02 
 1.25892541e+00  1.22174822e+01  1.25892541e+00 -1.80000085e+02 
 1.31825674e+00  1.22174822e+01  1.31825674e+00 -1.80000082e+02 
 1.38038426e+00  1.22174822e+01  1.38038426e+00 -1.80000078e+02 
 1.44543977e+00  1.22174822e+01  1.44543977e+00 -1.80000075e+02 
 1.51356125e+00  1.22174822e+01  1.51356125e+00 -1.80000071e+02 
 1.58489319e+00  1.22174822e+01  1.58489319e+00 -1.80000068e+02 
 1.65958691e+00  1.22174822e+01  1.65958691e+00 -1.80000064e+02 
 1.73780083e+00  1.22174822e+01  1.73780083e+00 -1.80000059e+02 
 1.81970086e+00  1.22174822e+01  1.81970086e+00 -1.80000055e+02 
 1.90546072e+00  1.22174822e+01  1.90546072e+00 -1.80000050e+02 
 1.99526231e+00  1.22174822e+01  1.99526231e+00 -1.80000046e+02 
 2.08929613e+00  1.22174822e+01  2.08929613e+00 -1.80000041e+02 
 2.18776162e+00  1.22174822e+01  2.18776162e+00 -1.80000035e+02 
 2.29086765e+00  1.22174821e+01  2.29086765e+00 -1.80000030e+02 
 2.39883292e+00  1.22174821e+01  2.39883292e+00 -1.80000024e+02 
 2.51188643e+00  1.22174821e+01  2.51188643e+00 -1.80000018e+02 
 2.63026799e+00  1.22174821e+01  2.63026799e+00 -1.80000012e+02 
 2.75422870e+00  1.22174821e+01  2.75422870e+00 -1.80000005e+02 
 2.88403150e+00  1.22174821e+01  2.88403150e+00 -1.79999998e+02 
 3.01995172e+00  1.22174821e+01  3.01995172e+00 -1.79999991e+02 
 3.16227766e+00  1.22174821e+01  3.16227766e+00 -1.79999983e+02 
 3.31131121e+00  1.22174821e+01  3.31131121e+00 -1.79999975e+02 
 3.46736850e+00  1.22174820e+01  3.46736850e+00 -1.79999967e+02 
 3.63078055e+00  1.22174820e+01  3.63078055e+00 -1.79999958e+02 
 3.80189396e+00  1.22174820e+01  3.80189396e+00 -1.79999949e+02 
 3.98107171e+00  1.22174820e+01  3.98107171e+00 -1.79999940e+02 
 4.16869383e+00  1.22174820e+01  4.16869383e+00 -1.79999930e+02 
 4.36515832e+00  1.22174819e+01  4.36515832e+00 -1.79999919e+02 
 4.57088190e+00  1.22174819e+01  4.57088190e+00 -1.79999908e+02 
 4.78630092e+00  1.22174819e+01  4.78630092e+00 -1.79999897e+02 
 5.01187234e+00  1.22174818e+01  5.01187234e+00 -1.79999885e+02 
 5.24807460e+00  1.22174818e+01  5.24807460e+00 -1.79999872e+02 
 5.49540874e+00  1.22174818e+01  5.49540874e+00 -1.79999859e+02 
 5.75439937e+00  1.22174817e+01  5.75439937e+00 -1.79999845e+02 
 6.02559586e+00  1.22174817e+01  6.02559586e+00 -1.79999830e+02 
 6.30957344e+00  1.22174816e+01  6.30957344e+00 -1.79999815e+02 
 6.60693448e+00  1.22174816e+01  6.60693448e+00 -1.79999799e+02 
 6.91830971e+00  1.22174815e+01  6.91830971e+00 -1.79999783e+02 
 7.24435960e+00  1.22174814e+01  7.24435960e+00 -1.79999765e+02 
 7.58577575e+00  1.22174814e+01  7.58577575e+00 -1.79999747e+02 
 7.94328235e+00  1.22174813e+01  7.94328235e+00 -1.79999728e+02 
 8.31763771e+00  1.22174812e+01  8.31763771e+00 -1.79999707e+02 
 8.70963590e+00  1.22174811e+01  8.70963590e+00 -1.79999686e+02 
 9.12010839e+00  1.22174810e+01  9.12010839e+00 -1.79999664e+02 
 9.54992586e+00  1.22174809e+01  9.54992586e+00 -1.79999641e+02 
 1.00000000e+01  1.22174807e+01  1.00000000e+01 -1.79999617e+02 
 1.04712855e+01  1.22174806e+01  1.04712855e+01 -1.79999592e+02 
 1.09647820e+01  1.22174804e+01  1.09647820e+01 -1.79999565e+02 
 1.14815362e+01  1.22174803e+01  1.14815362e+01 -1.79999537e+02 
 1.20226443e+01  1.22174801e+01  1.20226443e+01 -1.79999508e+02 
 1.25892541e+01  1.22174799e+01  1.25892541e+01 -1.79999477e+02 
 1.31825674e+01  1.22174797e+01  1.31825674e+01 -1.79999445e+02 
 1.38038426e+01  1.22174795e+01  1.38038426e+01 -1.79999411e+02 
 1.44543977e+01  1.22174792e+01  1.44543977e+01 -1.79999376e+02 
 1.51356125e+01  1.22174789e+01  1.51356125e+01 -1.79999339e+02 
 1.58489319e+01  1.22174786e+01  1.58489319e+01 -1.79999300e+02 
 1.65958691e+01  1.22174783e+01  1.65958691e+01 -1.79999259e+02 
 1.73780083e+01  1.22174780e+01  1.73780083e+01 -1.79999216e+02 
 1.81970086e+01  1.22174776e+01  1.81970086e+01 -1.79999171e+02 
 1.90546072e+01  1.22174772e+01  1.90546072e+01 -1.79999124e+02 
 1.99526231e+01  1.22174767e+01  1.99526231e+01 -1.79999075e+02 
 2.08929613e+01  1.22174763e+01  2.08929613e+01 -1.79999023e+02 
 2.18776162e+01  1.22174758e+01  2.18776162e+01 -1.79998968e+02 
 2.29086765e+01  1.22174752e+01  2.29086765e+01 -1.79998911e+02 
 2.39883292e+01  1.22174746e+01  2.39883292e+01 -1.79998851e+02 
 2.51188643e+01  1.22174740e+01  2.51188643e+01 -1.79998787e+02 
 2.63026799e+01  1.22174733e+01  2.63026799e+01 -1.79998721e+02 
 2.75422870e+01  1.22174726e+01  2.75422870e+01 -1.79998651e+02 
 2.88403150e+01  1.22174719e+01  2.88403150e+01 -1.79998577e+02 
 3.01995172e+01  1.22174711e+01  3.01995172e+01 -1.79998500e+02 
 3.16227766e+01  1.22174702e+01  3.16227766e+01 -1.79998418e+02 
 3.31131121e+01  1.22174694e+01  3.31131121e+01 -1.79998333e+02 
 3.46736850e+01  1.22174684e+01  3.46736850e+01 -1.79998243e+02 
 3.63078055e+01  1.22174675e+01  3.63078055e+01 -1.79998148e+02 
 3.80189396e+01  1.22174665e+01  3.80189396e+01 -1.79998048e+02 
 3.98107171e+01  1.22174655e+01  3.98107171e+01 -1.79997943e+02 
 4.16869383e+01  1.22174644e+01  4.16869383e+01 -1.79997833e+02 
 4.36515832e+01  1.22174634e+01  4.36515832e+01 -1.79997716e+02 
 4.57088190e+01  1.22174623e+01  4.57088190e+01 -1.79997594e+02 
 4.78630092e+01  1.22174613e+01  4.78630092e+01 -1.79997465e+02 
 5.01187234e+01  1.22174602e+01  5.01187234e+01 -1.79997329e+02 
 5.24807460e+01  1.22174592e+01  5.24807460e+01 -1.79997186e+02 
 5.49540874e+01  1.22174582e+01  5.49540874e+01 -1.79997036e+02 
 5.75439937e+01  1.22174573e+01  5.75439937e+01 -1.79996878e+02 
 6.02559586e+01  1.22174565e+01  6.02559586e+01 -1.79996712e+02 
 6.30957344e+01  1.22174557e+01  6.30957344e+01 -1.79996537e+02 
 6.60693448e+01  1.22174550e+01  6.60693448e+01 -1.79996353e+02 
 6.91830971e+01  1.22174545e+01  6.91830971e+01 -1.79996160e+02 
 7.24435960e+01  1.22174542e+01  7.24435960e+01 -1.79995957e+02 
 7.58577575e+01  1.22174540e+01  7.58577575e+01 -1.79995744e+02 
 7.94328235e+01  1.22174540e+01  7.94328235e+01 -1.79995520e+02 
 8.31763771e+01  1.22174543e+01  8.31763771e+01 -1.79995285e+02 
 8.70963590e+01  1.22174548e+01  8.70963590e+01 -1.79995039e+02 
 9.12010839e+01  1.22174557e+01  9.12010839e+01 -1.79994780e+02 
 9.54992586e+01  1.22174568e+01  9.54992586e+01 -1.79994509e+02 
 1.00000000e+02  1.22174583e+01  1.00000000e+02 -1.79994225e+02 
 1.04712855e+02  1.22174602e+01  1.04712855e+02 -1.79993927e+02 
 1.09647820e+02  1.22174626e+01  1.09647820e+02 -1.79993614e+02 
 1.14815362e+02  1.22174654e+01  1.14815362e+02 -1.79993287e+02 
 1.20226443e+02  1.22174687e+01  1.20226443e+02 -1.79992945e+02 
 1.25892541e+02  1.22174726e+01  1.25892541e+02 -1.79992586e+02 
 1.31825674e+02  1.22174771e+01  1.31825674e+02 -1.79992210e+02 
 1.38038426e+02  1.22174822e+01  1.38038426e+02 -1.79991817e+02 
 1.44543977e+02  1.22174881e+01  1.44543977e+02 -1.79991406e+02 
 1.51356125e+02  1.22174947e+01  1.51356125e+02 -1.79990975e+02 
 1.58489319e+02  1.22175022e+01  1.58489319e+02 -1.79990524e+02 
 1.65958691e+02  1.22175106e+01  1.65958691e+02 -1.79990052e+02 
 1.73780083e+02  1.22175200e+01  1.73780083e+02 -1.79989558e+02 
 1.81970086e+02  1.22175304e+01  1.81970086e+02 -1.79989042e+02 
 1.90546072e+02  1.22175421e+01  1.90546072e+02 -1.79988501e+02 
 1.99526231e+02  1.22175550e+01  1.99526231e+02 -1.79987935e+02 
 2.08929613e+02  1.22175693e+01  2.08929613e+02 -1.79987343e+02 
 2.18776162e+02  1.22175851e+01  2.18776162e+02 -1.79986724e+02 
 2.29086765e+02  1.22176026e+01  2.29086765e+02 -1.79986076e+02 
 2.39883292e+02  1.22176219e+01  2.39883292e+02 -1.79985397e+02 
 2.51188643e+02  1.22176432e+01  2.51188643e+02 -1.79984688e+02 
 2.63026799e+02  1.22176666e+01  2.63026799e+02 -1.79983945e+02 
 2.75422870e+02  1.22176924e+01  2.75422870e+02 -1.79983168e+02 
 2.88403150e+02  1.22177208e+01  2.88403150e+02 -1.79982354e+02 
 3.01995172e+02  1.22177519e+01  3.01995172e+02 -1.79981503e+02 
 3.16227766e+02  1.22177862e+01  3.16227766e+02 -1.79980612e+02 
 3.31131121e+02  1.22178238e+01  3.31131121e+02 -1.79979679e+02 
 3.46736850e+02  1.22178652e+01  3.46736850e+02 -1.79978703e+02 
 3.63078055e+02  1.22179106e+01  3.63078055e+02 -1.79977681e+02 
 3.80189396e+02  1.22179604e+01  3.80189396e+02 -1.79976611e+02 
 3.98107171e+02  1.22180151e+01  3.98107171e+02 -1.79975492e+02 
 4.16869383e+02  1.22180751e+01  4.16869383e+02 -1.79974320e+02 
 4.36515832e+02  1.22181410e+01  4.36515832e+02 -1.79973093e+02 
 4.57088190e+02  1.22182132e+01  4.57088190e+02 -1.79971809e+02 
 4.78630092e+02  1.22182925e+01  4.78630092e+02 -1.79970464e+02 
 5.01187234e+02  1.22183794e+01  5.01187234e+02 -1.79969057e+02 
 5.24807460e+02  1.22184748e+01  5.24807460e+02 -1.79967583e+02 
 5.49540874e+02  1.22185793e+01  5.49540874e+02 -1.79966040e+02 
 5.75439937e+02  1.22186940e+01  5.75439937e+02 -1.79964425e+02 
 6.02559586e+02  1.22188198e+01  6.02559586e+02 -1.79962734e+02 
 6.30957344e+02  1.22189578e+01  6.30957344e+02 -1.79960963e+02 
 6.60693448e+02  1.22191091e+01  6.60693448e+02 -1.79959109e+02 
 6.91830971e+02  1.22192750e+01  6.91830971e+02 -1.79957168e+02 
 7.24435960e+02  1.22194569e+01  7.24435960e+02 -1.79955135e+02 
 7.58577575e+02  1.22196564e+01  7.58577575e+02 -1.79953007e+02 
 7.94328235e+02  1.22198751e+01  7.94328235e+02 -1.79950778e+02 
 8.31763771e+02  1.22201150e+01  8.31763771e+02 -1.79948445e+02 
 8.70963590e+02  1.22203781e+01  8.70963590e+02 -1.79946001e+02 
 9.12010839e+02  1.22206665e+01  9.12010839e+02 -1.79943442e+02 
 9.54992586e+02  1.22209828e+01  9.54992586e+02 -1.79940763e+02 
 1.00000000e+03  1.22213297e+01  1.00000000e+03 -1.79937957e+02 
 1.04712855e+03  1.22217100e+01  1.04712855e+03 -1.79935019e+02 
 1.09647820e+03  1.22221270e+01  1.09647820e+03 -1.79931941e+02 
 1.14815362e+03  1.22225843e+01  1.14815362e+03 -1.79928719e+02 
 1.20226443e+03  1.22230858e+01  1.20226443e+03 -1.79925344e+02 
 1.25892541e+03  1.22236357e+01  1.25892541e+03 -1.79921809e+02 
 1.31825674e+03  1.22242387e+01  1.31825674e+03 -1.79918108e+02 
 1.38038426e+03  1.22248999e+01  1.38038426e+03 -1.79914230e+02 
 1.44543977e+03  1.22256249e+01  1.44543977e+03 -1.79910170e+02 
 1.51356125e+03  1.22264200e+01  1.51356125e+03 -1.79905916e+02 
 1.58489319e+03  1.22272919e+01  1.58489319e+03 -1.79901461e+02 
 1.65958691e+03  1.22282480e+01  1.65958691e+03 -1.79896795e+02 
 1.73780083e+03  1.22292965e+01  1.73780083e+03 -1.79891906e+02 
 1.81970086e+03  1.22304462e+01  1.81970086e+03 -1.79886785e+02 
 1.90546072e+03  1.22317071e+01  1.90546072e+03 -1.79881421e+02 
 1.99526231e+03  1.22330898e+01  1.99526231e+03 -1.79875800e+02 
 2.08929613e+03  1.22346062e+01  2.08929613e+03 -1.79869912e+02 
 2.18776162e+03  1.22362692e+01  2.18776162e+03 -1.79863742e+02 
 2.29086765e+03  1.22380930e+01  2.29086765e+03 -1.79857278e+02 
 2.39883292e+03  1.22400932e+01  2.39883292e+03 -1.79850503e+02 
 2.51188643e+03  1.22422870e+01  2.51188643e+03 -1.79843404e+02 
 2.63026799e+03  1.22446930e+01  2.63026799e+03 -1.79835963e+02 
 2.75422870e+03  1.22473318e+01  2.75422870e+03 -1.79828164e+02 
 2.88403150e+03  1.22502262e+01  2.88403150e+03 -1.79819989e+02 
 3.01995172e+03  1.22534010e+01  3.01995172e+03 -1.79811419e+02 
 3.16227766e+03  1.22568834e+01  3.16227766e+03 -1.79802432e+02 
 3.31131121e+03  1.22607034e+01  3.31131121e+03 -1.79793009e+02 
 3.46736850e+03  1.22648938e+01  3.46736850e+03 -1.79783127e+02 
 3.63078055e+03  1.22694908e+01  3.63078055e+03 -1.79772761e+02 
 3.80189396e+03  1.22745342e+01  3.80189396e+03 -1.79761886e+02 
 3.98107171e+03  1.22800675e+01  3.98107171e+03 -1.79750475e+02 
 4.16869383e+03  1.22861386e+01  4.16869383e+03 -1.79738500e+02 
 4.36515832e+03  1.22928004e+01  4.36515832e+03 -1.79725929e+02 
 4.57088190e+03  1.23001108e+01  4.57088190e+03 -1.79712730e+02 
 4.78630092e+03  1.23081335e+01  4.78630092e+03 -1.79698867e+02 
 5.01187234e+03  1.23169387e+01  5.01187234e+03 -1.79684304e+02 
 5.24807460e+03  1.23266037e+01  5.24807460e+03 -1.79668999e+02 
 5.49540874e+03  1.23372135e+01  5.49540874e+03 -1.79652911e+02 
 5.75439937e+03  1.23488618e+01  5.75439937e+03 -1.79635991e+02 
 6.02559586e+03  1.23616519e+01  6.02559586e+03 -1.79618191e+02 
 6.30957344e+03  1.23756975e+01  6.30957344e+03 -1.79599454e+02 
 6.60693448e+03  1.23911244e+01  6.60693448e+03 -1.79579723e+02 
 6.91830971e+03  1.24080711e+01  6.91830971e+03 -1.79558934e+02 
 7.24435960e+03  1.24266908e+01  7.24435960e+03 -1.79537015e+02 
 7.58577575e+03  1.24471527e+01  7.58577575e+03 -1.79513891e+02 
 7.94328235e+03  1.24696442e+01  7.94328235e+03 -1.79489478e+02 
 8.31763771e+03  1.24943726e+01  8.31763771e+03 -1.79463683e+02 
 8.70963590e+03  1.25215677e+01  8.70963590e+03 -1.79436405e+02 
 9.12010839e+03  1.25514846e+01  9.12010839e+03 -1.79407531e+02 
 9.54992586e+03  1.25844063e+01  9.54992586e+03 -1.79376936e+02 
 1.00000000e+04  1.26206480e+01  1.00000000e+04 -1.79344479e+02 
 1.04712855e+04  1.26605603e+01  1.04712855e+04 -1.79310004e+02 
 1.09647820e+04  1.27045346e+01  1.09647820e+04 -1.79273336e+02 
 1.14815362e+04  1.27530081e+01  1.14815362e+04 -1.79234274e+02 
 1.20226443e+04  1.28064702e+01  1.20226443e+04 -1.79192595e+02 
 1.25892541e+04  1.28654700e+01  1.25892541e+04 -1.79148040e+02 
 1.31825674e+04  1.29306247e+01  1.31825674e+04 -1.79100316e+02 
 1.38038426e+04  1.30026301e+01  1.38038426e+04 -1.79049084e+02 
 1.44543977e+04  1.30822727e+01  1.44543977e+04 -1.78993952e+02 
 1.51356125e+04  1.31704442e+01  1.51356125e+04 -1.78934463e+02 
 1.58489319e+04  1.32681592e+01  1.58489319e+04 -1.78870084e+02 
 1.65958691e+04  1.33765764e+01  1.65958691e+04 -1.78800183e+02 
 1.73780083e+04  1.34970247e+01  1.73780083e+04 -1.78724012e+02 
 1.81970086e+04  1.36310355e+01  1.81970086e+04 -1.78640677e+02 
 1.90546072e+04  1.37803830e+01  1.90546072e+04 -1.78549095e+02 
 1.99526231e+04  1.39471346e+01  1.99526231e+04 -1.78447951e+02 
 2.08929613e+04  1.41337153e+01  2.08929613e+04 -1.78335627e+02 
 2.18776162e+04  1.43429916e+01  2.18776162e+04 -1.78210111e+02 
 2.29086765e+04  1.45783797e+01  2.29086765e+04 -1.78068868e+02 
 2.39883292e+04  1.48439907e+01  2.39883292e+04 -1.77908668e+02 
 2.51188643e+04  1.51448260e+01  2.51188643e+04 -1.77725319e+02 
 2.63026799e+04  1.54870480e+01  2.63026799e+04 -1.77513295e+02 
 2.75422870e+04  1.58783599e+01  2.75422870e+04 -1.77265153e+02 
 2.88403150e+04  1.63285563e+01  2.88403150e+04 -1.76970636e+02 
 3.01995172e+04  1.68503431e+01  3.01995172e+04 -1.76615204e+02 
 3.16227766e+04  1.74606007e+01  3.16227766e+04 -1.76177558e+02 
 3.31131121e+04  1.81824134e+01  3.31131121e+04 -1.75625206e+02 
 3.46736850e+04  1.90484924e+01  3.46736850e+04 -1.74906049e+02 
 3.63078055e+04  2.01073117e+01  3.63078055e+04 -1.73931053e+02 
 3.80189396e+04  2.14349682e+01  3.80189396e+04 -1.72534753e+02 
 3.98107171e+04  2.31604109e+01  3.98107171e+04 -1.70371976e+02 
 4.16869383e+04  2.55259223e+01  4.16869383e+04 -1.66589699e+02 
 4.36515832e+04  2.90492239e+01  4.36515832e+04 -1.58424535e+02 
 4.57088190e+04  3.46821649e+01  4.57088190e+04 -1.31933230e+02 
 4.78630092e+04  3.50347500e+01  4.78630092e+04 -5.50971364e+01 
 5.01187234e+04  2.83998161e+01  5.01187234e+04 -2.38787801e+01 
 5.24807460e+04  2.38904932e+01  5.24807460e+04 -1.48002592e+01 
 5.49540874e+04  2.06279442e+01  5.49540874e+04 -1.07354151e+01 
 5.75439937e+04  1.80449219e+01  5.75439937e+04 -8.45566085e+00 
 6.02559586e+04  1.58793949e+01  6.02559586e+04 -7.00363379e+00 
 6.30957344e+04  1.39937705e+01  6.30957344e+04 -6.00112353e+00 
 6.60693448e+04  1.23076591e+01  6.60693448e+04 -5.26965695e+00 
 6.91830971e+04  1.07702301e+01  6.91830971e+04 -4.71426091e+00 
 7.24435960e+04  9.34737335e+00  7.24435960e+04 -4.27982035e+00 
 7.58577575e+04  8.01512193e+00  7.58577575e+04 -3.93218594e+00 
 7.94328235e+04  6.75600914e+00  7.94328235e+04 -3.64908641e+00 
 8.31763771e+04  5.55692308e+00  8.31763771e+04 -3.41538624e+00 
 8.70963590e+04  4.40777709e+00  8.70963590e+04 -3.22044531e+00 
 9.12010839e+04  3.30065103e+00  9.12010839e+04 -3.05656873e+00 
 9.54992586e+04  2.22921662e+00  9.54992586e+04 -2.91805569e+00 
 1.00000000e+05  1.18834130e+00  1.00000000e+05 -2.80059368e+00 
 1.04712855e+05  1.73807937e-01  1.04712855e+05 -2.70085992e+00 
 1.09647820e+05 -8.17887942e-01  1.09647820e+05 -2.61625175e+00 
 1.14815362e+05 -1.78968788e+00  1.14815362e+05 -2.54469961e+00 
 1.20226443e+05 -2.74408290e+00  1.20226443e+05 -2.48453443e+00 
 1.25892541e+05 -3.68319931e+00  1.25892541e+05 -2.43439157e+00 
 1.31825674e+05 -4.60886508e+00  1.31825674e+05 -2.39314007e+00 
 1.38038426e+05 -5.52266189e+00  1.38038426e+05 -2.35982942e+00 
 1.44543977e+05 -6.42596632e+00  1.44543977e+05 -2.33364894e+00 
 1.51356125e+05 -7.31998294e+00  1.51356125e+05 -2.31389625e+00 
 1.58489319e+05 -8.20577093e+00  1.58489319e+05 -2.29995231e+00 
 1.65958691e+05 -9.08426590e+00  1.65958691e+05 -2.29126137e+00 
 1.73780083e+05 -9.95629771e+00  1.73780083e+05 -2.28731469e+00 
 1.81970086e+05 -1.08226053e+01  1.81970086e+05 -2.28763683e+00 
 1.90546072e+05 -1.16838487e+01  1.90546072e+05 -2.29177431e+00 
 1.99526231e+05 -1.25406197e+01  1.99526231e+05 -2.29928571e+00 
 2.08929613e+05 -1.33934499e+01  2.08929613e+05 -2.30973321e+00 
 2.18776162e+05 -1.42428184e+01  2.18776162e+05 -2.32267517e+00 
 2.29086765e+05 -1.50891571e+01  2.29086765e+05 -2.33765961e+00 
 2.39883292e+05 -1.59328565e+01  2.39883292e+05 -2.35421850e+00 
 2.51188643e+05 -1.67742693e+01  2.51188643e+05 -2.37186282e+00 
 2.63026799e+05 -1.76137142e+01  2.63026799e+05 -2.39007840e+00 
 2.75422870e+05 -1.84514784e+01  2.75422870e+05 -2.40832251e+00 
 2.88403150e+05 -1.92878203e+01  2.88403150e+05 -2.42602131e+00 
 3.01995172e+05 -2.01229711e+01  3.01995172e+05 -2.44256817e+00 
 3.16227766e+05 -2.09571361e+01  3.16227766e+05 -2.45732309e+00 
 3.31131121e+05 -2.17904961e+01  3.31131121e+05 -2.46961313e+00 
 3.46736850e+05 -2.26232082e+01  3.46736850e+05 -2.47873407e+00 
 3.63078055e+05 -2.34554061e+01  3.63078055e+05 -2.48395332e+00 
 3.80189396e+05 -2.42872008e+01  3.80189396e+05 -2.48451423e+00 
 3.98107171e+05 -2.51186810e+01  3.98107171e+05 -2.47964165e+00 
 4.16869383e+05 -2.59499131e+01  4.16869383e+05 -2.46854887e+00 
 4.36515832e+05 -2.67809417e+01  4.36515832e+05 -2.45044584e+00 
 4.57088190e+05 -2.76117902e+01  4.57088190e+05 -2.42454842e+00 
 4.78630092e+05 -2.84424609e+01  4.78630092e+05 -2.39008865e+00 
 5.01187234e+05 -2.92729358e+01  5.01187234e+05 -2.34632555e+00 
 5.24807460e+05 -3.01031776e+01  5.24807460e+05 -2.29255634e+00 
 5.49540874e+05 -3.09331308e+01  5.49540874e+05 -2.22812754e+00 
 5.75439937e+05 -3.17627228e+01  5.75439937e+05 -2.15244573e+00 
 6.02559586e+05 -3.25918654e+01  6.02559586e+05 -2.06498737e+00 
 6.30957344e+05 -3.34204569e+01  6.30957344e+05 -1.96530745e+00 
 6.60693448e+05 -3.42483836e+01  6.60693448e+05 -1.85304657e+00 
 6.91830971e+05 -3.50755222e+01  6.91830971e+05 -1.72793617e+00 
 7.24435960e+05 -3.59017413e+01  7.24435960e+05 -1.58980172e+00 
 7.58577575e+05 -3.67269041e+01  7.58577575e+05 -1.43856382e+00 
 7.94328235e+05 -3.75508698e+01  7.94328235e+05 -1.27423720e+00 
 8.31763771e+05 -3.83734960e+01  8.31763771e+05 -1.09692773e+00 
 8.70963590e+05 -3.91946396e+01  8.70963590e+05 -9.06827802e-01 
 9.12010839e+05 -4.00141588e+01  9.12010839e+05 -7.04210210e-01 
 9.54992586e+05 -4.08319140e+01  9.54992586e+05 -4.89421138e-01 
 1.00000000e+06 -4.16477683e+01  1.00000000e+06 -2.62872513e-01 
 1.04712855e+06 -4.24615882e+01  1.04712855e+06 -2.50342788e-02 
 1.09647820e+06 -4.32732438e+01  1.09647820e+06  2.23573019e-01 
 1.14815362e+06 -4.40826083e+01  1.14815362e+06  4.82384904e-01 
 1.20226443e+06 -4.48895581e+01  1.20226443e+06  7.50798543e-01 
 1.25892541e+06 -4.56939717e+01  1.25892541e+06  1.02817692e+00 
 1.31825674e+06 -4.64957290e+01  1.31825674e+06  1.31385136e+00 
 1.38038426e+06 -4.72947108e+01  1.38038426e+06  1.60712228e+00 
 1.44543977e+06 -4.80907974e+01  1.44543977e+06  1.90725800e+00 
 1.51356125e+06 -4.88838681e+01  1.51356125e+06  2.21349166e+00 
 1.58489319e+06 -4.96737999e+01  1.58489319e+06  2.52501625e+00 
 1.65958691e+06 -5.04604670e+01  1.65958691e+06  2.84097775e+00 
 1.73780083e+06 -5.12437402e+01  1.73780083e+06  3.16046665e+00 
 1.81970086e+06 -5.20234865e+01  1.81970086e+06  3.48250797e+00 
 1.90546072e+06 -5.27995690e+01  1.90546072e+06  3.80604985e+00 
 1.99526231e+06 -5.35718468e+01  1.99526231e+06  4.12995121e+00 
 2.08929613e+06 -5.43401761e+01  2.08929613e+06  4.45296853e+00 
 2.18776162e+06 -5.51044102e+01  2.18776162e+06  4.77374218e+00 
 2.29086765e+06 -5.58644014e+01  2.29086765e+06  5.09078257e+00 
 2.39883292e+06 -5.66200022e+01  2.39883292e+06  5.40245657e+00 
 2.51188643e+06 -5.73710677e+01  2.51188643e+06  5.70697460e+00 
 2.63026799e+06 -5.81174575e+01  2.63026799e+06  6.00237874e+00 
 2.75422870e+06 -5.88590390e+01  2.75422870e+06  6.28653246e+00 
 2.88403150e+06 -5.95956905e+01  2.88403150e+06  6.55711239e+00 
 3.01995172e+06 -6.03273046e+01  3.01995172e+06  6.81160265e+00 
 3.16227766e+06 -6.10537924e+01  3.16227766e+06  7.04729223e+00 
 3.31131121e+06 -6.17750875e+01  3.31131121e+06  7.26127601e+00 
 3.46736850e+06 -6.24911504e+01  3.46736850e+06  7.45045963e+00 
 3.63078055e+06 -6.32019730e+01  3.63078055e+06  7.61156892e+00 
 3.80189396e+06 -6.39075833e+01  3.80189396e+06  7.74116390e+00 
 3.98107171e+06 -6.46080493e+01  3.98107171e+06  7.83565776e+00 
 4.16869383e+06 -6.53034834e+01  4.16869383e+06  7.89134079e+00 
 4.36515832e+06 -6.59940464e+01  4.36515832e+06  7.90440920e+00 
 4.57088190e+06 -6.66799505e+01  4.57088190e+06  7.87099870e+00 
 4.78630092e+06 -6.73614619e+01  4.78630092e+06  7.78722236e+00 
 5.01187234e+06 -6.80389032e+01  5.01187234e+06  7.64921223e+00 
 5.24807460e+06 -6.87126538e+01  5.24807460e+06  7.45316421e+00 
 5.49540874e+06 -6.93831507e+01  5.49540874e+06  7.19538508e+00 
 5.75439937e+06 -7.00508872e+01  5.75439937e+06  6.87234113e+00 
 6.02559586e+06 -7.07164114e+01  6.02559586e+06  6.48070710e+00 
 6.30957344e+06 -7.13803226e+01  6.30957344e+06  6.01741471e+00 
 6.60693448e+06 -7.20432679e+01  6.60693448e+06  5.47969945e+00 
 6.91830971e+06 -7.27059366e+01  6.91830971e+06  4.86514489e+00 
 7.24435960e+06 -7.33690545e+01  7.24435960e+06  4.17172328e+00 
 7.58577575e+06 -7.40333763e+01  7.58577575e+06  3.39783161e+00 
 7.94328235e+06 -7.46996782e+01  7.94328235e+06  2.54232232e+00 
 8.31763771e+06 -7.53687487e+01  8.31763771e+06  1.60452765e+00 
 8.70963590e+06 -7.60413799e+01  8.70963590e+06  5.84277155e-01 
 9.12010839e+06 -7.67183572e+01  9.12010839e+06 -5.18092433e-01 
 9.54992586e+06 -7.74004494e+01  9.54992586e+06 -1.70173535e+00 
 1.00000000e+07 -7.80883982e+01  1.00000000e+07 -2.96530347e+00 
