 1.00000000e+00  7.07926643e+01  1.00000000e+00 -1.26098060e+00 
 1.04712855e+00  7.07924385e+01  1.04712855e+00 -1.32038248e+00 
 1.09647820e+00  7.07921910e+01  1.09647820e+00 -1.38257999e+00 
 1.14815362e+00  7.07919196e+01  1.14815362e+00 -1.44770430e+00 
 1.20226443e+00  7.07916220e+01  1.20226443e+00 -1.51589270e+00 
 1.25892541e+00  7.07912957e+01  1.25892541e+00 -1.58728882e+00 
 1.31825674e+00  7.07909380e+01  1.31825674e+00 -1.66204297e+00 
 1.38038426e+00  7.07905458e+01  1.38038426e+00 -1.74031241e+00 
 1.44543977e+00  7.07901159e+01  1.44543977e+00 -1.82226167e+00 
 1.51356125e+00  7.07896445e+01  1.51356125e+00 -1.90806284e+00 
 1.58489319e+00  7.07891277e+01  1.58489319e+00 -1.99789595e+00 
 1.65958691e+00  7.07885611e+01  1.65958691e+00 -2.09194928e+00 
 1.73780083e+00  7.07879400e+01  1.73780083e+00 -2.19041973e+00 
 1.81970086e+00  7.07872591e+01  1.81970086e+00 -2.29351320e+00 
 1.90546072e+00  7.07865126e+01  1.90546072e+00 -2.40144492e+00 
 1.99526231e+00  7.07856942e+01  1.99526231e+00 -2.51443992e+00 
 2.08929613e+00  7.07847972e+01  2.08929613e+00 -2.63273335e+00 
 2.18776162e+00  7.07838138e+01  2.18776162e+00 -2.75657098e+00 
 2.29086765e+00  7.07827359e+01  2.29086765e+00 -2.88620953e+00 
 2.39883292e+00  7.07815543e+01  2.39883292e+00 -3.02191719e+00 
 2.51188643e+00  7.07802592e+01  2.51188643e+00 -3.16397400e+00 
 2.63026799e+00  7.07788396e+01  2.63026799e+00 -3.31267234e+00 
 2.75422870e+00  7.07772838e+01  2.75422870e+00 -3.46831733e+00 
 2.88403150e+00  7.07755786e+01  2.88403150e+00 -3.63122735e+00 
 3.01995172e+00  7.07737097e+01  3.01995172e+00 -3.80173445e+00 
 3.16227766e+00  7.07716617e+01  3.16227766e+00 -3.98018482e+00 
 3.31131121e+00  7.07694174e+01  3.31131121e+00 -4.16693923e+00 
 3.46736850e+00  7.07669582e+01  3.46736850e+00 -4.36237346e+00 
 3.63078055e+00  7.07642637e+01  3.63078055e+00 -4.56687877e+00 
 3.80189396e+00  7.07613114e+01  3.80189396e+00 -4.78086221e+00 
 3.98107171e+00  7.07580771e+01  3.98107171e+00 -5.00474711e+00 
 4.16869383e+00  7.07545340e+01  4.16869383e+00 -5.23897330e+00 
 4.36515832e+00  7.07506530e+01  4.36515832e+00 -5.48399752e+00 
 4.57088190e+00  7.07464023e+01  4.57088190e+00 -5.74029357e+00 
 4.78630092e+00  7.07417473e+01  4.78630092e+00 -6.00835256e+00 
 5.01187234e+00  7.07366499e+01  5.01187234e+00 -6.28868298e+00 
 5.24807460e+00  7.07310689e+01  5.24807460e+00 -6.58181072e+00 
 5.49540874e+00  7.07249593e+01  5.49540874e+00 -6.88827897e+00 
 5.75439937e+00  7.07182720e+01  5.75439937e+00 -7.20864802e+00 
 6.02559586e+00  7.07109535e+01  6.02559586e+00 -7.54349490e+00 
 6.30957344e+00  7.07029459e+01  6.30957344e+00 -7.89341280e+00 
 6.60693448e+00  7.06941858e+01  6.60693448e+00 -8.25901042e+00 
 6.91830971e+00  7.06846047e+01  6.91830971e+00 -8.64091096e+00 
 7.24435960e+00  7.06741281e+01  7.24435960e+00 -9.03975097e+00 
 7.58577575e+00  7.06626752e+01  7.58577575e+00 -9.45617886e+00 
 7.94328235e+00  7.06501586e+01  7.94328235e+00 -9.89085311e+00 
 8.31763771e+00  7.06364837e+01  8.31763771e+00 -1.03444401e+01 
 8.70963590e+00  7.06215481e+01  8.70963590e+00 -1.08176118e+01 
 9.12010839e+00  7.06052417e+01  9.12010839e+00 -1.13110423e+01 
 9.54992586e+00  7.05874455e+01  9.54992586e+00 -1.18254049e+01 
 1.00000000e+01  7.05680318e+01  1.00000000e+01 -1.23613679e+01 
 1.04712855e+01  7.05468633e+01  1.04712855e+01 -1.29195904e+01 
 1.09647820e+01  7.05237931e+01  1.09647820e+01 -1.35007168e+01 
 1.14815362e+01  7.04986639e+01  1.14815362e+01 -1.41053713e+01 
 1.20226443e+01  7.04713083e+01  1.20226443e+01 -1.47341519e+01 
 1.25892541e+01  7.04415479e+01  1.25892541e+01 -1.53876231e+01 
 1.31825674e+01  7.04091936e+01  1.31825674e+01 -1.60663084e+01 
 1.38038426e+01  7.03740453e+01  1.38038426e+01 -1.67706823e+01 
 1.44543977e+01  7.03358925e+01  1.44543977e+01 -1.75011612e+01 
 1.51356125e+01  7.02945136e+01  1.51356125e+01 -1.82580944e+01 
 1.58489319e+01  7.02496775e+01  1.58489319e+01 -1.90417542e+01 
 1.65958691e+01  7.02011430e+01  1.65958691e+01 -1.98523260e+01 
 1.73780083e+01  7.01486607e+01  1.73780083e+01 -2.06898982e+01 
 1.81970086e+01  7.00919731e+01  1.81970086e+01 -2.15544518e+01 
 1.90546072e+01  7.00308167e+01  1.90546072e+01 -2.24458508e+01 
 1.99526231e+01  6.99649231e+01  1.99526231e+01 -2.33638330e+01 
 2.08929613e+01  6.98940207e+01  2.08929613e+01 -2.43080015e+01 
 2.18776162e+01  6.98178373e+01  2.18776162e+01 -2.52778173e+01 
 2.29086765e+01  6.97361019e+01  2.29086765e+01 -2.62725937e+01 
 2.39883292e+01  6.96485473e+01  2.39883292e+01 -2.72914928e+01 
 2.51188643e+01  6.95549132e+01  2.51188643e+01 -2.83335231e+01 
 2.63026799e+01  6.94549485e+01  2.63026799e+01 -2.93975413e+01 
 2.75422870e+01  6.93484144e+01  2.75422870e+01 -3.04822551e+01 
 2.88403150e+01  6.92350875e+01  2.88403150e+01 -3.15862306e+01 
 3.01995172e+01  6.91147621e+01  3.01995172e+01 -3.27079014e+01 
 3.16227766e+01  6.89872534e+01  3.16227766e+01 -3.38455815e+01 
 3.31131121e+01  6.88523993e+01  3.31131121e+01 -3.49974811e+01 
 3.46736850e+01  6.87100625e+01  3.46736850e+01 -3.61617243e+01 
 3.63078055e+01  6.85601325e+01  3.63078055e+01 -3.73363698e+01 
 3.80189396e+01  6.84025257e+01  3.80189396e+01 -3.85194322e+01 
 3.98107171e+01  6.82371866e+01  3.98107171e+01 -3.97089055e+01 
 4.16869383e+01  6.80640876e+01  4.16869383e+01 -4.09027854e+01 
 4.36515832e+01  6.78832277e+01  4.36515832e+01 -4.20990918e+01 
 4.57088190e+01  6.76946320e+01  4.57088190e+01 -4.32958897e+01 
 4.78630092e+01  6.74983492e+01  4.78630092e+01 -4.44913078e+01 
 5.01187234e+01  6.72944498e+01  5.01187234e+01 -4.56835546e+01 
 5.24807460e+01  6.70830236e+01  5.24807460e+01 -4.68709306e+01 
 5.49540874e+01  6.68641767e+01  5.49540874e+01 -4.80518376e+01 
 5.75439937e+01  6.66380290e+01  5.75439937e+01 -4.92247840e+01 
 6.02559586e+01  6.64047112e+01  6.02559586e+01 -5.03883862e+01 
 6.30957344e+01  6.61643624e+01  6.30957344e+01 -5.15413669e+01 
 6.60693448e+01  6.59171280e+01  6.60693448e+01 -5.26825507e+01 
 6.91830971e+01  6.56631571e+01  6.91830971e+01 -5.38108572e+01 
 7.24435960e+01  6.54026018e+01  7.24435960e+01 -5.49252922e+01 
 7.58577575e+01  6.51356154e+01  7.58577575e+01 -5.60249388e+01 
 7.94328235e+01  6.48623523e+01  7.94328235e+01 -5.71089478e+01 
 8.31763771e+01  6.45829671e+01  8.31763771e+01 -5.81765290e+01 
 8.70963590e+01  6.42976152e+01  8.70963590e+01 -5.92269432e+01 
 9.12010839e+01  6.40064525e+01  9.12010839e+01 -6.02594960e+01 
 9.54992586e+01  6.37096363e+01  9.54992586e+01 -6.12735334e+01 
 1.00000000e+02  6.34073258e+01  1.00000000e+02 -6.22684391e+01 
 1.04712855e+02  6.30996822e+01  1.04712855e+02 -6.32436336e+01 
 1.09647820e+02  6.27868697e+01  1.09647820e+02 -6.41985751e+01 
 1.14815362e+02  6.24690555e+01  1.14815362e+02 -6.51327613e+01 
 1.20226443e+02  6.21464102e+01  1.20226443e+02 -6.60457330e+01 
 1.25892541e+02  6.18191078e+01  1.25892541e+02 -6.69370775e+01 
 1.31825674e+02  6.14873252e+01  1.31825674e+02 -6.78064327e+01 
 1.38038426e+02  6.11512422e+01  1.38038426e+02 -6.86534907e+01 
 1.44543977e+02  6.08110407e+01  1.44543977e+02 -6.94780019e+01 
 1.51356125e+02  6.04669043e+01  1.51356125e+02 -7.02797772e+01 
 1.58489319e+02  6.01190170e+01  1.58489319e+02 -7.10586902e+01 
 1.65958691e+02  5.97675629e+01  1.65958691e+02 -7.18146782e+01 
 1.73780083e+02  5.94127250e+01  1.73780083e+02 -7.25477426e+01 
 1.81970086e+02  5.90546842e+01  1.81970086e+02 -7.32579476e+01 
 1.90546072e+02  5.86936187e+01  1.90546072e+02 -7.39454185e+01 
 1.99526231e+02  5.83297031e+01  1.99526231e+02 -7.46103394e+01 
 2.08929613e+02  5.79631074e+01  2.08929613e+02 -7.52529497e+01 
 2.18776162e+02  5.75939968e+01  2.18776162e+02 -7.58735405e+01 
 2.29086765e+02  5.72225307e+01  2.29086765e+02 -7.64724499e+01 
 2.39883292e+02  5.68488625e+01  2.39883292e+02 -7.70500591e+01 
 2.51188643e+02  5.64731393e+01  2.51188643e+02 -7.76067875e+01 
 2.63026799e+02  5.60955012e+01  2.63026799e+02 -7.81430877e+01 
 2.75422870e+02  5.57160817e+01  2.75422870e+02 -7.86594412e+01 
 2.88403150e+02  5.53350073e+01  2.88403150e+02 -7.91563536e+01 
 3.01995172e+02  5.49523973e+01  3.01995172e+02 -7.96343505e+01 
 3.16227766e+02  5.45683644e+01  3.16227766e+02 -8.00939729e+01 
 3.31131121e+02  5.41830142e+01  3.31131121e+02 -8.05357740e+01 
 3.46736850e+02  5.37964458e+01  3.46736850e+02 -8.09603150e+01 
 3.63078055e+02  5.34087518e+01  3.63078055e+02 -8.13681624e+01 
 3.80189396e+02  5.30200185e+01  3.80189396e+02 -8.17598848e+01 
 3.98107171e+02  5.26303261e+01  3.98107171e+02 -8.21360502e+01 
 4.16869383e+02  5.22397494e+01  4.16869383e+02 -8.24972241e+01 
 4.36515832e+02  5.18483574e+01  4.36515832e+02 -8.28439671e+01 
 4.57088190e+02  5.14562139e+01  4.57088190e+02 -8.31768333e+01 
 4.78630092e+02  5.10633780e+01  4.78630092e+02 -8.34963689e+01 
 5.01187234e+02  5.06699041e+01  5.01187234e+02 -8.38031110e+01 
 5.24807460e+02  5.02758420e+01  5.24807460e+02 -8.40975864e+01 
 5.49540874e+02  4.98812376e+01  5.49540874e+02 -8.43803108e+01 
 5.75439937e+02  4.94861329e+01  5.75439937e+02 -8.46517885e+01 
 6.02559586e+02  4.90905662e+01  6.02559586e+02 -8.49125114e+01 
 6.30957344e+02  4.86945726e+01  6.30957344e+02 -8.51629591e+01 
 6.60693448e+02  4.82981837e+01  6.60693448e+02 -8.54035986e+01 
 6.91830971e+02  4.79014284e+01  6.91830971e+02 -8.56348839e+01 
 7.24435960e+02  4.75043325e+01  7.24435960e+02 -8.58572566e+01 
 7.58577575e+02  4.71069196e+01  7.58577575e+02 -8.60711454e+01 
 7.94328235e+02  4.67092103e+01  7.94328235e+02 -8.62769665e+01 
 8.31763771e+02  4.63112233e+01  8.31763771e+02 -8.64751239e+01 
 8.70963590e+02  4.59129749e+01  8.70963590e+02 -8.66660097e+01 
 9.12010839e+02  4.55144792e+01  9.12010839e+02 -8.68500042e+01 
 9.54992586e+02  4.51157486e+01  9.54992586e+02 -8.70274765e+01 
 1.00000000e+03  4.47167933e+01  1.00000000e+03 -8.71987849e+01 
 1.04712855e+03  4.43176219e+01  1.04712855e+03 -8.73642770e+01 
 1.09647820e+03  4.39182410e+01  1.09647820e+03 -8.75242906e+01 
 1.14815362e+03  4.35186557e+01  1.14815362e+03 -8.76791540e+01 
 1.20226443e+03  4.31188691e+01  1.20226443e+03 -8.78291863e+01 
 1.25892541e+03  4.27188830e+01  1.25892541e+03 -8.79746983e+01 
 1.31825674e+03  4.23186972e+01  1.31825674e+03 -8.81159927e+01 
 1.38038426e+03  4.19183101e+01  1.38038426e+03 -8.82533647e+01 
 1.44543977e+03  4.15177181e+01  1.44543977e+03 -8.83871025e+01 
 1.51356125e+03  4.11169161e+01  1.51356125e+03 -8.85174883e+01 
 1.58489319e+03  4.07158973e+01  1.58489319e+03 -8.86447980e+01 
 1.65958691e+03  4.03146526e+01  1.65958691e+03 -8.87693028e+01 
 1.73780083e+03  3.99131716e+01  1.73780083e+03 -8.88912688e+01 
 1.81970086e+03  3.95114414e+01  1.81970086e+03 -8.90109585e+01 
 1.90546072e+03  3.91094472e+01  1.90546072e+03 -8.91286309e+01 
 1.99526231e+03  3.87071718e+01  1.99526231e+03 -8.92445420e+01 
 2.08929613e+03  3.83045957e+01  2.08929613e+03 -8.93589463e+01 
 2.18776162e+03  3.79016967e+01  2.18776162e+03 -8.94720964e+01 
 2.29086765e+03  3.74984501e+01  2.29086765e+03 -8.95842447e+01 
 2.39883292e+03  3.70948277e+01  2.39883292e+03 -8.96956436e+01 
 2.51188643e+03  3.66907985e+01  2.51188643e+03 -8.98065465e+01 
 2.63026799e+03  3.62863276e+01  2.63026799e+03 -8.99172088e+01 
 2.75422870e+03  3.58813766e+01  2.75422870e+03 -9.00278885e+01 
 2.88403150e+03  3.54759026e+01  2.88403150e+03 -9.01388477e+01 
 3.01995172e+03  3.50698583e+01  3.01995172e+03 -9.02503533e+01 
 3.16227766e+03  3.46631913e+01  3.16227766e+03 -9.03626785e+01 
 3.31131121e+03  3.42558436e+01  3.31131121e+03 -9.04761038e+01 
 3.46736850e+03  3.38477514e+01  3.46736850e+03 -9.05909188e+01 
 3.63078055e+03  3.34388440e+01  3.63078055e+03 -9.07074237e+01 
 3.80189396e+03  3.30290436e+01  3.80189396e+03 -9.08259310e+01 
 3.98107171e+03  3.26182642e+01  3.98107171e+03 -9.09467677e+01 
 4.16869383e+03  3.22064111e+01  4.16869383e+03 -9.10702776e+01 
 4.36515832e+03  3.17933796e+01  4.36515832e+03 -9.11968238e+01 
 4.57088190e+03  3.13790543e+01  4.57088190e+03 -9.13267916e+01 
 4.78630092e+03  3.09633079e+01  4.78630092e+03 -9.14605924e+01 
 5.01187234e+03  3.05459998e+01  5.01187234e+03 -9.15986666e+01 
 5.24807460e+03  3.01269745e+01  5.24807460e+03 -9.17414890e+01 
 5.49540874e+03  2.97060606e+01  5.49540874e+03 -9.18895737e+01 
 5.75439937e+03  2.92830683e+01  5.75439937e+03 -9.20434795e+01 
 6.02559586e+03  2.88577875e+01  6.02559586e+03 -9.22038180e+01 
 6.30957344e+03  2.84299860e+01  6.30957344e+03 -9.23712605e+01 
 6.60693448e+03  2.79994062e+01  6.60693448e+03 -9.25465486e+01 
 6.91830971e+03  2.75657625e+01  6.91830971e+03 -9.27305050e+01 
 7.24435960e+03  2.71287377e+01  7.24435960e+03 -9.29240467e+01 
 7.58577575e+03  2.66879796e+01  7.58577575e+03 -9.31282014e+01 
 7.94328235e+03  2.62430960e+01  7.94328235e+03 -9.33441260e+01 
 8.31763771e+03  2.57936500e+01  8.31763771e+03 -9.35731295e+01 
 8.70963590e+03  2.53391541e+01  8.70963590e+03 -9.38167005e+01 
 9.12010839e+03  2.48790635e+01  9.12010839e+03 -9.40765403e+01 
 9.54992586e+03  2.44127680e+01  9.54992586e+03 -9.43546038e+01 
 1.00000000e+04  2.39395836e+01  1.00000000e+04 -9.46531488e+01 
 1.04712855e+04  2.34587413e+01  1.04712855e+04 -9.49747975e+01 
 1.09647820e+04  2.29693751e+01  1.09647820e+04 -9.53226132e+01 
 1.14815362e+04  2.24705070e+01  1.14815362e+04 -9.57001952e+01 
 1.20226443e+04  2.19610306e+01  1.20226443e+04 -9.61118000e+01 
 1.25892541e+04  2.14396901e+01  1.25892541e+04 -9.65624940e+01 
 1.31825674e+04  2.09050568e+01  1.31825674e+04 -9.70583510e+01 
 1.38038426e+04  2.03555006e+01  1.38038426e+04 -9.76067068e+01 
 1.44543977e+04  1.97891562e+01  1.44543977e+04 -9.82164939e+01 
 1.51356125e+04  1.92038835e+01  1.51356125e+04 -9.88986836e+01 
 1.58489319e+04  1.85972217e+01  1.58489319e+04 -9.96668785e+01 
 1.65958691e+04  1.79663351e+01  1.65958691e+04 -1.00538116e+02 
 1.73780083e+04  1.73079545e+01  1.73780083e+04 -1.01533974e+02 
 1.81970086e+04  1.66183147e+01  1.81970086e+04 -1.02682104e+02 
 1.90546072e+04  1.58930984e+01  1.90546072e+04 -1.04018404e+02 
 1.99526231e+04  1.51274060e+01  1.99526231e+04 -1.05590119e+02 
 2.08929613e+04  1.43157943e+01  2.08929613e+04 -1.07460320e+02 
 2.18776162e+04  1.34524752e+01  2.18776162e+04 -1.09714437e+02 
 2.29086765e+04  1.25318673e+01  2.29086765e+04 -1.12469742e+02 
 2.39883292e+04  1.15498971e+01  2.39883292e+04 -1.15888843e+02 
 2.51188643e+04  1.05068632e+01  2.51188643e+04 -1.20197650e+02 
 2.63026799e+04  9.41341791e+00  2.63026799e+04 -1.25704883e+02 
 2.75422870e+04  8.30217936e+00  2.75422870e+04 -1.32808413e+02 
 2.88403150e+04  7.24698593e+00  2.88403150e+04 -1.41942480e+02 
 3.01995172e+04  6.38318945e+00  3.01995172e+04 -1.53370505e+02 
 3.16227766e+04  5.89618771e+00  3.16227766e+04 -1.66766166e+02 
 3.31131121e+04  5.93211217e+00  3.31131121e+04  1.79100142e+02 
 3.46736850e+04  6.48130613e+00  3.46736850e+04  1.65902006e+02 
 3.63078055e+04  7.38714791e+00  3.63078055e+04  1.54776652e+02 
 3.80189396e+04  8.46698942e+00  3.80189396e+04  1.45964630e+02 
 3.98107171e+04  9.59264714e+00  3.98107171e+04  1.39167391e+02 
 4.16869383e+04  1.06959199e+01  4.16869383e+04  1.33948525e+02 
 4.36515832e+04  1.17474473e+01  4.36515832e+04  1.29919039e+02 
 4.57088190e+04  1.27382373e+01  4.57088190e+04  1.26780063e+02 
 4.78630092e+04  1.36687952e+01  4.78630092e+04  1.24313676e+02 
 5.01187234e+04  1.45435825e+01  5.01187234e+04  1.22363170e+02 
 5.24807460e+04  1.53683797e+01  5.24807460e+04  1.20815533e+02 
 5.49540874e+04  1.61490945e+01  5.49540874e+04  1.19588418e+02 
 5.75439937e+04  1.68912642e+01  5.75439937e+04  1.18621026e+02 
 6.02559586e+04  1.75998803e+01  6.02559586e+04  1.17867830e+02 
 6.30957344e+04  1.82793622e+01  6.30957344e+04  1.17294265e+02 
 6.60693448e+04  1.89335914e+01  6.60693448e+04  1.16873738e+02 
 6.91830971e+04  1.95659700e+01  6.91830971e+04  1.16585531e+02 
 7.24435960e+04  2.01794833e+01  7.24435960e+04  1.16413314e+02 
 7.58577575e+04  2.07767590e+01  7.58577575e+04  1.16344071e+02 
 7.94328235e+04  2.13601198e+01  7.94328235e+04  1.16367310e+02 
 8.31763771e+04  2.19316299e+01  8.31763771e+04  1.16474484e+02 
 8.70963590e+04  2.24931332e+01  8.70963590e+04  1.16658549e+02 
 9.12010839e+04  2.30462871e+01  9.12010839e+04  1.16913629e+02 
 9.54992586e+04  2.35925894e+01  9.54992586e+04  1.17234757e+02 
 1.00000000e+05  2.41334016e+01  1.00000000e+05  1.17617672e+02 
 1.04712855e+05  2.46699682e+01  1.04712855e+05  1.18058657e+02 
 1.09647820e+05  2.52034324e+01  1.09647820e+05  1.18554407e+02 
 1.14815362e+05  2.57348494e+01  1.14815362e+05  1.19101926e+02 
 1.20226443e+05  2.62651964e+01  1.20226443e+05  1.19698441e+02 
 1.25892541e+05  2.67953819e+01  1.25892541e+05  1.20341329e+02 
 1.31825674e+05  2.73262519e+01  1.31825674e+05  1.21028057e+02 
 1.38038426e+05  2.78585953e+01  1.38038426e+05  1.21756136e+02 
 1.44543977e+05  2.83931478e+01  1.44543977e+05  1.22523081e+02 
 1.51356125e+05  2.89305946e+01  1.51356125e+05  1.23326378e+02 
 1.58489319e+05  2.94715720e+01  1.58489319e+05  1.24163459e+02 
 1.65958691e+05  3.00166684e+01  1.65958691e+05  1.25031687e+02 
 1.73780083e+05  3.05664248e+01  1.73780083e+05  1.25928340e+02 
 1.81970086e+05  3.11213343e+01  1.81970086e+05  1.26850607e+02 
 1.90546072e+05  3.16818418e+01  1.90546072e+05  1.27795592e+02 
 1.99526231e+05  3.22483433e+01  1.99526231e+05  1.28760311e+02 
 2.08929613e+05  3.28211851e+01  2.08929613e+05  1.29741709e+02 
 2.18776162e+05  3.34006633e+01  2.18776162e+05  1.30736672e+02 
 2.29086765e+05  3.39870233e+01  2.29086765e+05  1.31742043e+02 
 2.39883292e+05  3.45804602e+01  2.39883292e+05  1.32754649e+02 
 2.51188643e+05  3.51811188e+01  2.51188643e+05  1.33771319e+02 
 2.63026799e+05  3.57890949e+01  2.63026799e+05  1.34788913e+02 
 2.75422870e+05  3.64044369e+01  2.75422870e+05  1.35804347e+02 
 2.88403150e+05  3.70271475e+01  2.88403150e+05  1.36814617e+02 
 3.01995172e+05  3.76571871e+01  3.01995172e+05  1.37816827e+02 
 3.16227766e+05  3.82944762e+01  3.16227766e+05  1.38808205e+02 
 3.31131121e+05  3.89388997e+01  3.31131121e+05  1.39786130e+02 
 3.46736850e+05  3.95903108e+01  3.46736850e+05  1.40748141e+02 
 3.63078055e+05  4.02485350e+01  3.63078055e+05  1.41691954e+02 
 3.80189396e+05  4.09133746e+01  3.80189396e+05  1.42615467e+02 
 3.98107171e+05  4.15846134e+01  3.98107171e+05  1.43516766e+02 
 4.16869383e+05  4.22620207e+01  4.16869383e+05  1.44394121e+02 
 4.36515832e+05  4.29453555e+01  4.36515832e+05  1.45245984e+02 
 4.57088190e+05  4.36343705e+01  4.57088190e+05  1.46070982e+02 
 4.78630092e+05  4.43288150e+01  4.78630092e+05  1.46867903e+02 
 5.01187234e+05  4.50284383e+01  5.01187234e+05  1.47635682e+02 
 5.24807460e+05  4.57329919e+01  5.24807460e+05  1.48373388e+02 
 5.49540874e+05  4.64422312e+01  5.49540874e+05  1.49080206e+02 
 5.75439937e+05  4.71559172e+01  5.75439937e+05  1.49755420e+02 
 6.02559586e+05  4.78738170e+01  6.02559586e+05  1.50398395e+02 
 6.30957344e+05  4.85957045e+01  6.30957344e+05  1.51008563e+02 
 6.60693448e+05  4.93213600e+01  6.60693448e+05  1.51585405e+02 
 6.91830971e+05  5.00505700e+01  6.91830971e+05  1.52128441e+02 
 7.24435960e+05  5.07831266e+01  7.24435960e+05  1.52637214e+02 
 7.58577575e+05  5.15188264e+01  7.58577575e+05  1.53111285e+02 
 7.94328235e+05  5.22574698e+01  7.94328235e+05  1.53550221e+02 
 8.31763771e+05  5.29988595e+01  8.31763771e+05  1.53953593e+02 
 8.70963590e+05  5.37427999e+01  8.70963590e+05  1.54320968e+02 
 9.12010839e+05  5.44890956e+01  9.12010839e+05  1.54651910e+02 
 9.54992586e+05  5.52375506e+01  9.54992586e+05  1.54945978e+02 
 1.00000000e+06  5.59879676e+01  1.00000000e+06  1.55202724e+02 
 1.04712855e+06  5.67401465e+01  1.04712855e+06  1.55421697e+02 
 1.09647820e+06  5.74938845e+01  1.09647820e+06  1.55602442e+02 
 1.14815362e+06  5.82489747e+01  1.14815362e+06  1.55744503e+02 
 1.20226443e+06  5.90052062e+01  1.20226443e+06  1.55847426e+02 
 1.25892541e+06  5.97623629e+01  1.25892541e+06  1.55910760e+02 
 1.31825674e+06  6.05202239e+01  1.31825674e+06  1.55934061e+02 
 1.38038426e+06  6.12785622e+01  1.38038426e+06  1.55916895e+02 
 1.44543977e+06  6.20371452e+01  1.44543977e+06  1.55858839e+02 
 1.51356125e+06  6.27957333e+01  1.51356125e+06  1.55759487e+02 
 1.58489319e+06  6.35540806e+01  1.58489319e+06  1.55618450e+02 
 1.65958691e+06  6.43119338e+01  1.65958691e+06  1.55435363e+02 
 1.73780083e+06  6.50690320e+01  1.73780083e+06  1.55209889e+02 
 1.81970086e+06  6.58251064e+01  1.81970086e+06  1.54941721e+02 
 1.90546072e+06  6.65798802e+01  1.90546072e+06  1.54630588e+02 
 1.99526231e+06  6.73330677e+01  1.99526231e+06  1.54276265e+02 
 2.08929613e+06  6.80843746e+01  2.08929613e+06  1.53878576e+02 
 2.18776162e+06  6.88334975e+01  2.18776162e+06  1.53437402e+02 
 2.29086765e+06  6.95801240e+01  2.29086765e+06  1.52952690e+02 
 2.39883292e+06  7.03239325e+01  2.39883292e+06  1.52424464e+02 
 2.51188643e+06  7.10645929e+01  2.51188643e+06  1.51852832e+02 
 2.63026799e+06  7.18017664e+01  2.63026799e+06  1.51237999e+02 
 2.75422870e+06  7.25351066e+01  2.75422870e+06  1.50580278e+02 
 2.88403150e+06  7.32642602e+01  2.88403150e+06  1.49880101e+02 
 3.01995172e+06  7.39888679e+01  3.01995172e+06  1.49138032e+02 
 3.16227766e+06  7.47085664e+01  3.16227766e+06  1.48354775e+02 
 3.31131121e+06  7.54229896e+01  3.31131121e+06  1.47531192e+02 
 3.46736850e+06  7.61317711e+01  3.46736850e+06  1.46668307e+02 
 3.63078055e+06  7.68345464e+01  3.63078055e+06  1.45767318e+02 
 3.80189396e+06  7.75309557e+01  3.80189396e+06  1.44829604e+02 
 3.98107171e+06  7.82206471e+01  3.98107171e+06  1.43856733e+02 
 4.16869383e+06  7.89032794e+01  4.16869383e+06  1.42850460e+02 
 4.36515832e+06  7.95785261e+01  4.36515832e+06  1.41812732e+02 
 4.57088190e+06  8.02460789e+01  4.57088190e+06  1.40745683e+02 
 4.78630092e+06  8.09056512e+01  4.78630092e+06  1.39651629e+02 
 5.01187234e+06  8.15569821e+01  5.01187234e+06  1.38533056e+02 
 5.24807460e+06  8.21998397e+01  5.24807460e+06  1.37392605e+02 
 5.49540874e+06  8.28340245e+01  5.49540874e+06  1.36233061e+02 
 5.75439937e+06  8.34593726e+01  5.75439937e+06  1.35057323e+02 
 6.02559586e+06  8.40757583e+01  6.02559586e+06  1.33868387e+02 
 6.30957344e+06  8.46830958e+01  6.30957344e+06  1.32669313e+02 
 6.60693448e+06  8.52813414e+01  6.60693448e+06  1.31463200e+02 
 6.91830971e+06  8.58704940e+01  6.91830971e+06  1.30253153e+02 
 7.24435960e+06  8.64505952e+01  7.24435960e+06  1.29042251e+02 
 7.58577575e+06  8.70217292e+01  7.58577575e+06  1.27833514e+02 
 7.94328235e+06  8.75840214e+01  7.94328235e+06  1.26629874e+02 
 8.31763771e+06  8.81376364e+01  8.31763771e+06  1.25434141e+02 
 8.70963590e+06  8.86827760e+01  8.70963590e+06  1.24248977e+02 
 9.12010839e+06  8.92196757e+01  9.12010839e+06  1.23076873e+02 
 9.54992586e+06  8.97486013e+01  9.54992586e+06  1.21920119e+02 
 1.00000000e+07  9.02698451e+01  1.00000000e+07  1.20780795e+02 
