 1.00000000e+00  1.22166020e+01  1.00000000e+00 -8.15634357e-01 
 1.04712855e+00  1.22165171e+01  1.04712855e+00 -8.54068453e-01 
 1.09647820e+00  1.22164239e+01  1.09647820e+00 -8.94313067e-01 
 1.14815362e+00  1.22163219e+01  1.14815362e+00 -9.36453405e-01 
 1.20226443e+00  1.22162099e+01  1.20226443e+00 -9.80578669e-01 
 1.25892541e+00  1.22160872e+01  1.25892541e+00 -1.02678224e+00 
 1.31825674e+00  1.22159526e+01  1.31825674e+00 -1.07516189e+00 
 1.38038426e+00  1.22158051e+01  1.38038426e+00 -1.12581996e+00 
 1.44543977e+00  1.22156433e+01  1.44543977e+00 -1.17886358e+00 
 1.51356125e+00  1.22154659e+01  1.51356125e+00 -1.23440491e+00 
 1.58489319e+00  1.22152715e+01  1.58489319e+00 -1.29256132e+00 
 1.65958691e+00  1.22150582e+01  1.65958691e+00 -1.35345570e+00 
 1.73780083e+00  1.22148244e+01  1.73780083e+00 -1.41721667e+00 
 1.81970086e+00  1.22145681e+01  1.81970086e+00 -1.48397883e+00 
 1.90546072e+00  1.22142871e+01  1.90546072e+00 -1.55388308e+00 
 1.99526231e+00  1.22139789e+01  1.99526231e+00 -1.62707684e+00 
 2.08929613e+00  1.22136411e+01  2.08929613e+00 -1.70371442e+00 
 2.18776162e+00  1.22132707e+01  2.18776162e+00 -1.78395728e+00 
 2.29086765e+00  1.22128646e+01  2.29086765e+00 -1.86797436e+00 
 2.39883292e+00  1.22124193e+01  2.39883292e+00 -1.95594242e+00 
 2.51188643e+00  1.22119312e+01  2.51188643e+00 -2.04804639e+00 
 2.63026799e+00  1.22113960e+01  2.63026799e+00 -2.14447973e+00 
 2.75422870e+00  1.22108093e+01  2.75422870e+00 -2.24544480e+00 
 2.88403150e+00  1.22101660e+01  2.88403150e+00 -2.35115323e+00 
 3.01995172e+00  1.22094608e+01  3.01995172e+00 -2.46182638e+00 
 3.16227766e+00  1.22086877e+01  3.16227766e+00 -2.57769567e+00 
 3.31131121e+00  1.22078402e+01  3.31131121e+00 -2.69900308e+00 
 3.46736850e+00  1.22069110e+01  3.46736850e+00 -2.82600156e+00 
 3.63078055e+00  1.22058925e+01  3.63078055e+00 -2.95895549e+00 
 3.80189396e+00  1.22047760e+01  3.80189396e+00 -3.09814113e+00 
 3.98107171e+00  1.22035521e+01  3.98107171e+00 -3.24384714e+00 
 4.16869383e+00  1.22022105e+01  4.16869383e+00 -3.39637501e+00 
 4.36515832e+00  1.22007399e+01  4.36515832e+00 -3.55603962e+00 
 4.57088190e+00  1.21991281e+01  4.57088190e+00 -3.72316968e+00 
 4.78630092e+00  1.21973614e+01  4.78630092e+00 -3.89810829e+00 
 5.01187234e+00  1.21954251e+01  5.01187234e+00 -4.08121345e+00 
 5.24807460e+00  1.21933030e+01  5.24807460e+00 -4.27285855e+00 
 5.49540874e+00  1.21909773e+01  5.49540874e+00 -4.47343290e+00 
 5.75439937e+00  1.21884287e+01  5.75439937e+00 -4.68334223e+00 
 6.02559586e+00  1.21856359e+01  6.02559586e+00 -4.90300919e+00 
 6.30957344e+00  1.21825758e+01  6.30957344e+00 -5.13287383e+00 
 6.60693448e+00  1.21792228e+01  6.60693448e+00 -5.37339406e+00 
 6.91830971e+00  1.21755494e+01  6.91830971e+00 -5.62504606e+00 
 7.24435960e+00  1.21715251e+01  7.24435960e+00 -5.88832468e+00 
 7.58577575e+00  1.21671169e+01  7.58577575e+00 -6.16374379e+00 
 7.94328235e+00  1.21622885e+01  7.94328235e+00 -6.45183656e+00 
 8.31763771e+00  1.21570004e+01  8.31763771e+00 -6.75315567e+00 
 8.70963590e+00  1.21512096e+01  8.70963590e+00 -7.06827342e+00 
 9.12010839e+00  1.21448689e+01  9.12010839e+00 -7.39778179e+00 
 9.54992586e+00  1.21379270e+01  9.54992586e+00 -7.74229231e+00 
 1.00000000e+01  1.21303282e+01  1.00000000e+01 -8.10243585e+00 
 1.04712855e+01  1.21220115e+01  1.04712855e+01 -8.47886224e+00 
 1.09647820e+01  1.21129108e+01  1.09647820e+01 -8.87223964e+00 
 1.14815362e+01  1.21029538e+01  1.14815362e+01 -9.28325377e+00 
 1.20226443e+01  1.20920624e+01  1.20226443e+01 -9.71260686e+00 
 1.25892541e+01  1.20801515e+01  1.25892541e+01 -1.01610163e+01 
 1.31825674e+01  1.20671289e+01  1.31825674e+01 -1.06292130e+01 
 1.38038426e+01  1.20528947e+01  1.38038426e+01 -1.11179395e+01 
 1.44543977e+01  1.20373406e+01  1.44543977e+01 -1.16279472e+01 
 1.51356125e+01  1.20203497e+01  1.51356125e+01 -1.21599941e+01 
 1.58489319e+01  1.20017956e+01  1.58489319e+01 -1.27148408e+01 
 1.65958691e+01  1.19815421e+01  1.65958691e+01 -1.32932472e+01 
 1.73780083e+01  1.19594426e+01  1.73780083e+01 -1.38959676e+01 
 1.81970086e+01  1.19353396e+01  1.81970086e+01 -1.45237459e+01 
 1.90546072e+01  1.19090640e+01  1.90546072e+01 -1.51773094e+01 
 1.99526231e+01  1.18804350e+01  1.99526231e+01 -1.58573630e+01 
 2.08929613e+01  1.18492592e+01  2.08929613e+01 -1.65645813e+01 
 2.18776162e+01  1.18153310e+01  2.18776162e+01 -1.72996008e+01 
 2.29086765e+01  1.17784315e+01  2.29086765e+01 -1.80630112e+01 
 2.39883292e+01  1.17383292e+01  2.39883292e+01 -1.88553459e+01 
 2.51188643e+01  1.16947794e+01  2.51188643e+01 -1.96770714e+01 
 2.63026799e+01  1.16475246e+01  2.63026799e+01 -2.05285763e+01 
 2.75422870e+01  1.15962950e+01  2.75422870e+01 -2.14101603e+01 
 2.88403150e+01  1.15408088e+01  2.88403150e+01 -2.23220211e+01 
 3.01995172e+01  1.14807733e+01  3.01995172e+01 -2.32642430e+01 
 3.16227766e+01  1.14158857e+01  3.16227766e+01 -2.42367835e+01 
 3.31131121e+01  1.13458348e+01  3.31131121e+01 -2.52394614e+01 
 3.46736850e+01  1.12703024e+01  3.46736850e+01 -2.62719444e+01 
 3.63078055e+01  1.11889651e+01  3.63078055e+01 -2.73337377e+01 
 3.80189396e+01  1.11014974e+01  3.80189396e+01 -2.84241738e+01 
 3.98107171e+01  1.10075733e+01  3.98107171e+01 -2.95424035e+01 
 4.16869383e+01  1.09068698e+01  4.16869383e+01 -3.06873890e+01 
 4.36515832e+01  1.07990701e+01  4.36515832e+01 -3.18578985e+01 
 4.57088190e+01  1.06838665e+01  4.57088190e+01 -3.30525048e+01 
 4.78630092e+01  1.05609646e+01  4.78630092e+01 -3.42695855e+01 
 5.01187234e+01  1.04300864e+01  5.01187234e+01 -3.55073271e+01 
 5.24807460e+01  1.02909740e+01  5.24807460e+01 -3.67637325e+01 
 5.49540874e+01  1.01433937e+01  5.49540874e+01 -3.80366326e+01 
 5.75439937e+01  9.98713870e+00  5.75439937e+01 -3.93237002e+01 
 6.02559586e+01  9.82203266e+00  6.02559586e+01 -4.06224689e+01 
 6.30957344e+01  9.64793239e+00  6.30957344e+01 -4.19303541e+01 
 6.60693448e+01  9.46473010e+00  6.60693448e+01 -4.32446776e+01 
 6.91830971e+01  9.27235519e+00  6.91830971e+01 -4.45626939e+01 
 7.24435960e+01  9.07077546e+00  7.24435960e+01 -4.58816184e+01 
 7.58577575e+01  8.85999761e+00  7.58577575e+01 -4.71986571e+01 
 7.94328235e+01  8.64006717e+00  7.94328235e+01 -4.85110355e+01 
 8.31763771e+01  8.41106769e+00  8.31763771e+01 -4.98160280e+01 
 8.70963590e+01  8.17311940e+00  8.70963590e+01 -5.11109856e+01 
 9.12010839e+01  7.92637720e+00  9.12010839e+01 -5.23933614e+01 
 9.54992586e+01  7.67102823e+00  9.54992586e+01 -5.36607344e+01 
 1.00000000e+02  7.40728892e+00  1.00000000e+02 -5.49108297e+01 
 1.04712855e+02  7.13540181e+00  1.04712855e+02 -5.61415353e+01 
 1.09647820e+02  6.85563202e+00  1.09647820e+02 -5.73509160e+01 
 1.14815362e+02  6.56826370e+00  1.14815362e+02 -5.85372227e+01 
 1.20226443e+02  6.27359630e+00  1.20226443e+02 -5.96988995e+01 
 1.25892541e+02  5.97194105e+00  1.25892541e+02 -6.08345859e+01 
 1.31825674e+02  5.66361736e+00  1.31825674e+02 -6.19431166e+01 
 1.38038426e+02  5.34894958e+00  1.38038426e+02 -6.30235186e+01 
 1.44543977e+02  5.02826392e+00  1.44543977e+02 -6.40750056e+01 
 1.51356125e+02  4.70188561e+00  1.51356125e+02 -6.50969697e+01 
 1.58489319e+02  4.37013643e+00  1.58489319e+02 -6.60889726e+01 
 1.65958691e+02  4.03333251e+00  1.65958691e+02 -6.70507344e+01 
 1.73780083e+02  3.69178246e+00  1.73780083e+02 -6.79821222e+01 
 1.81970086e+02  3.34578581e+00  1.81970086e+02 -6.88831375e+01 
 1.90546072e+02  2.99563175e+00  1.90546072e+02 -6.97539040e+01 
 1.99526231e+02  2.64159812e+00  1.99526231e+02 -7.05946551e+01 
 2.08929613e+02  2.28395069e+00  2.08929613e+02 -7.14057211e+01 
 2.18776162e+02  1.92294267e+00  2.18776162e+02 -7.21875178e+01 
 2.29086765e+02  1.55881442e+00  2.29086765e+02 -7.29405345e+01 
 2.39883292e+02  1.19179329e+00  2.39883292e+02 -7.36653239e+01 
 2.51188643e+02  8.22093707e-01  2.51188643e+02 -7.43624916e+01 
 2.63026799e+02  4.49917325e-01  2.63026799e+02 -7.50326866e+01 
 2.75422870e+02  7.54532839e-02  2.75422870e+02 -7.56765936e+01 
 2.88403150e+02 -3.01121424e-01  2.88403150e+02 -7.62949241e+01 
 3.01995172e+02 -6.79641528e-01  3.01995172e+02 -7.68884104e+01 
 3.16227766e+02 -1.05995301e+00  3.16227766e+02 -7.74577990e+01 
 3.31131121e+02 -1.44191259e+00  3.31131121e+02 -7.80038446e+01 
 3.46736850e+02 -1.82538720e+00  3.46736850e+02 -7.85273062e+01 
 3.63078055e+02 -2.21025343e+00  3.63078055e+02 -7.90289418e+01 
 3.80189396e+02 -2.59639699e+00  3.80189396e+02 -7.95095054e+01 
 3.98107171e+02 -2.98371213e+00  3.98107171e+02 -7.99697435e+01 
 4.16869383e+02 -3.37210115e+00  4.16869383e+02 -8.04103926e+01 
 4.36515832e+02 -3.76147384e+00  4.36515832e+02 -8.08321768e+01 
 4.57088190e+02 -4.15174699e+00  4.57088190e+02 -8.12358059e+01 
 4.78630092e+02 -4.54284388e+00  4.78630092e+02 -8.16219739e+01 
 5.01187234e+02 -4.93469383e+00  5.01187234e+02 -8.19913579e+01 
 5.24807460e+02 -5.32723175e+00  5.24807460e+02 -8.23446169e+01 
 5.49540874e+02 -5.72039773e+00  5.49540874e+02 -8.26823911e+01 
 5.75439937e+02 -6.11413660e+00  5.75439937e+02 -8.30053016e+01 
 6.02559586e+02 -6.50839760e+00  6.02559586e+02 -8.33139499e+01 
 6.30957344e+02 -6.90313401e+00  6.30957344e+02 -8.36089176e+01 
 6.60693448e+02 -7.29830281e+00  6.60693448e+02 -8.38907666e+01 
 6.91830971e+02 -7.69386437e+00  6.91830971e+02 -8.41600389e+01 
 7.24435960e+02 -8.08978218e+00  7.24435960e+02 -8.44172570e+01 
 7.58577575e+02 -8.48602254e+00  7.58577575e+02 -8.46629238e+01 
 7.94328235e+02 -8.88255434e+00  7.94328235e+02 -8.48975233e+01 
 8.31763771e+02 -9.27934881e+00  8.31763771e+02 -8.51215206e+01 
 8.70963590e+02 -9.67637930e+00  8.70963590e+02 -8.53353625e+01 
 9.12010839e+02 -1.00736210e+01  9.12010839e+02 -8.55394778e+01 
 9.54992586e+02 -1.04710510e+01  9.54992586e+02 -8.57342779e+01 
 1.00000000e+03 -1.08686478e+01  1.00000000e+03 -8.59201570e+01 
 1.04712855e+03 -1.12663911e+01  1.04712855e+03 -8.60974931e+01 
 1.09647820e+03 -1.16642621e+01  1.09647820e+03 -8.62666477e+01 
 1.14815362e+03 -1.20622429e+01  1.14815362e+03 -8.64279672e+01 
 1.20226443e+03 -1.24603165e+01  1.20226443e+03 -8.65817828e+01 
 1.25892541e+03 -1.28584666e+01  1.25892541e+03 -8.67284111e+01 
 1.31825674e+03 -1.32566777e+01  1.31825674e+03 -8.68681548e+01 
 1.38038426e+03 -1.36549346e+01  1.38038426e+03 -8.70013027e+01 
 1.44543977e+03 -1.40532227e+01  1.44543977e+03 -8.71281311e+01 
 1.51356125e+03 -1.44515273e+01  1.51356125e+03 -8.72489030e+01 
 1.58489319e+03 -1.48498342e+01  1.58489319e+03 -8.73638698e+01 
 1.65958691e+03 -1.52481290e+01  1.65958691e+03 -8.74732708e+01 
 1.73780083e+03 -1.56463972e+01  1.73780083e+03 -8.75773341e+01 
 1.81970086e+03 -1.60446242e+01  1.81970086e+03 -8.76762770e+01 
 1.90546072e+03 -1.64427948e+01  1.90546072e+03 -8.77703061e+01 
 1.99526231e+03 -1.68408935e+01  1.99526231e+03 -8.78596180e+01 
 2.08929613e+03 -1.72389042e+01  2.08929613e+03 -8.79443994e+01 
 2.18776162e+03 -1.76368098e+01  2.18776162e+03 -8.80248278e+01 
 2.29086765e+03 -1.80345925e+01  2.29086765e+03 -8.81010714e+01 
 2.39883292e+03 -1.84322334e+01  2.39883292e+03 -8.81732897e+01 
 2.51188643e+03 -1.88297123e+01  2.51188643e+03 -8.82416337e+01 
 2.63026799e+03 -1.92270078e+01  2.63026799e+03 -8.83062462e+01 
 2.75422870e+03 -1.96240966e+01  2.75422870e+03 -8.83672619e+01 
 2.88403150e+03 -2.00209538e+01  2.88403150e+03 -8.84248081e+01 
 3.01995172e+03 -2.04175525e+01  3.01995172e+03 -8.84790044e+01 
 3.16227766e+03 -2.08138635e+01  3.16227766e+03 -8.85299632e+01 
 3.31131121e+03 -2.12098551e+01  3.31131121e+03 -8.85777898e+01 
 3.46736850e+03 -2.16054929e+01  3.46736850e+03 -8.86225825e+01 
 3.63078055e+03 -2.20007391e+01  3.63078055e+03 -8.86644329e+01 
 3.80189396e+03 -2.23955528e+01  3.80189396e+03 -8.87034260e+01 
 3.98107171e+03 -2.27898891e+01  3.98107171e+03 -8.87396402e+01 
 4.16869383e+03 -2.31836990e+01  4.16869383e+03 -8.87731475e+01 
 4.36515832e+03 -2.35769288e+01  4.36515832e+03 -8.88040134e+01 
 4.57088190e+03 -2.39695195e+01  4.57088190e+03 -8.88322970e+01 
 4.78630092e+03 -2.43614066e+01  4.78630092e+03 -8.88580513e+01 
 5.01187234e+03 -2.47525191e+01  5.01187234e+03 -8.88813224e+01 
 5.24807460e+03 -2.51427790e+01  5.24807460e+03 -8.89021504e+01 
 5.49540874e+03 -2.55321008e+01  5.49540874e+03 -8.89205684e+01 
 5.75439937e+03 -2.59203900e+01  5.75439937e+03 -8.89366030e+01 
 6.02559586e+03 -2.63075430e+01  6.02559586e+03 -8.89502736e+01 
 6.30957344e+03 -2.66934455e+01  6.30957344e+03 -8.89615925e+01 
 6.60693448e+03 -2.70779713e+01  6.60693448e+03 -8.89705645e+01 
 6.91830971e+03 -2.74609814e+01  6.91830971e+03 -8.89771860e+01 
 7.24435960e+03 -2.78423223e+01  7.24435960e+03 -8.89814453e+01 
 7.58577575e+03 -2.82218244e+01  7.58577575e+03 -8.89833213e+01 
 7.94328235e+03 -2.85993002e+01  7.94328235e+03 -8.89827831e+01 
 8.31763771e+03 -2.89745419e+01  8.31763771e+03 -8.89797890e+01 
 8.70963590e+03 -2.93473195e+01  8.70963590e+03 -8.89742855e+01 
 9.12010839e+03 -2.97173778e+01  9.12010839e+03 -8.89662060e+01 
 9.54992586e+03 -3.00844333e+01  9.54992586e+03 -8.89554693e+01 
 1.00000000e+04 -3.04481710e+01  1.00000000e+04 -8.89419775e+01 
 1.04712855e+04 -3.08082398e+01  1.04712855e+04 -8.89256144e+01 
 1.09647820e+04 -3.11642483e+01  1.09647820e+04 -8.89062423e+01 
 1.14815362e+04 -3.15157591e+01  1.14815362e+04 -8.88836991e+01 
 1.20226443e+04 -3.18622826e+01  1.20226443e+04 -8.88577943e+01 
 1.25892541e+04 -3.22032698e+01  1.25892541e+04 -8.88283044e+01 
 1.31825674e+04 -3.25381031e+01  1.31825674e+04 -8.87949672e+01 
 1.38038426e+04 -3.28660868e+01  1.38038426e+04 -8.87574744e+01 
 1.44543977e+04 -3.31864343e+01  1.44543977e+04 -8.87154633e+01 
 1.51356125e+04 -3.34982537e+01  1.51356125e+04 -8.86685052e+01 
 1.58489319e+04 -3.38005304e+01  1.58489319e+04 -8.86160922e+01 
 1.65958691e+04 -3.40921056e+01  1.65958691e+04 -8.85576194e+01 
 1.73780083e+04 -3.43716504e+01  1.73780083e+04 -8.84923627e+01 
 1.81970086e+04 -3.46376333e+01  1.81970086e+04 -8.84194494e+01 
 1.90546072e+04 -3.48882800e+01  1.90546072e+04 -8.83378211e+01 
 1.99526231e+04 -3.51215232e+01  1.99526231e+04 -8.82461828e+01 
 2.08929613e+04 -3.53349375e+01  2.08929613e+04 -8.81429366e+01 
 2.18776162e+04 -3.55256568e+01  2.18776162e+04 -8.80260893e+01 
 2.29086765e+04 -3.56902647e+01  2.29086765e+04 -8.78931262e+01 
 2.39883292e+04 -3.58246500e+01  2.39883292e+04 -8.77408322e+01 
 2.51188643e+04 -3.59238112e+01  2.51188643e+04 -8.75650342e+01 
 2.63026799e+04 -3.59815861e+01  2.63026799e+04 -8.73602207e+01 
 2.75422870e+04 -3.59902713e+01  2.75422870e+04 -8.71189652e+01 
 2.88403150e+04 -3.59400722e+01  2.88403150e+04 -8.68310243e+01 
 3.01995172e+04 -3.58182829e+01  3.01995172e+04 -8.64818734e+01 
 3.16227766e+04 -3.56080230e+01  3.16227766e+04 -8.60502252e+01 
 3.31131121e+04 -3.52862082e+01  3.31131121e+04 -8.55036016e+01 
 3.46736850e+04 -3.48201272e+01  3.46736850e+04 -8.47899153e+01 
 3.63078055e+04 -3.41613060e+01  3.63078055e+04 -8.38201432e+01 
 3.80189396e+04 -3.32336478e+01  3.80189396e+04 -8.24288322e+01 
 3.98107171e+04 -3.19082033e+01  3.98107171e+04 -8.02708205e+01 
 4.16869383e+04 -2.99426903e+01  4.16869383e+04 -7.64930939e+01 
 4.36515832e+04 -2.68193872e+01  4.36515832e+04 -6.83322762e+01 
 4.57088190e+04 -2.15864448e+01  4.57088190e+04 -4.18451213e+01 
 4.78630092e+04 -2.16338583e+01  4.78630092e+04  3.49870079e+01 
 5.01187234e+04 -2.86687907e+01  5.01187234e+04  6.62015782e+01 
 5.24807460e+04 -3.35781123e+01  5.24807460e+04  7.52764832e+01 
 5.49540874e+04 -3.72406598e+01  5.49540874e+04  7.93378737e+01 
 5.75439937e+04 -4.02236807e+01  5.75439937e+04  8.16143295e+01 
 6.02559586e+04 -4.27892063e+01  6.02559586e+04  8.30632060e+01 
 6.30957344e+04 -4.50748293e+01  6.30957344e+04  8.40627069e+01 
 6.60693448e+04 -4.71609391e+01  6.60693448e+04  8.47912989e+01 
 6.91830971e+04 -4.90983667e+01  6.91830971e+04  8.53439490e+01 
 7.24435960e+04 -5.09212217e+01  7.24435960e+04  8.57757663e+01 
 7.58577575e+04 -5.26534715e+01  7.58577575e+04  8.61208945e+01 
 7.94328235e+04 -5.43125825e+01  7.94328235e+04  8.64015995e+01 
 8.31763771e+04 -5.59116666e+01  8.31763771e+04  8.66330115e+01 
 8.70963590e+04 -5.74608106e+01  8.70963590e+04  8.68257658e+01 
 9.12010839e+04 -5.89679345e+01  9.12010839e+04  8.69875524e+01 
 9.54992586e+04 -6.04393665e+01  9.54992586e+04  8.71240675e+01 
 1.00000000e+05 -6.18802394e+01  1.00000000e+05  8.72396191e+01 
 1.04712855e+05 -6.32947700e+01  1.04712855e+05  8.73375259e+01 
 1.09647820e+05 -6.46864630e+01  1.09647820e+05  8.74203862e+01 
 1.14815362e+05 -6.60582597e+01  1.14815362e+05  8.74902657e+01 
 1.20226443e+05 -6.74126513e+01  1.20226443e+05  8.75488294e+01 
 1.25892541e+05 -6.87517640e+01  1.25892541e+05  8.75974383e+01 
 1.31825674e+05 -7.00774257e+01  1.31825674e+05  8.76372195e+01 
 1.38038426e+05 -7.13912181e+01  1.38038426e+05  8.76691200e+01 
 1.44543977e+05 -7.26945178e+01  1.44543977e+05  8.76939467e+01 
 1.51356125e+05 -7.39885292e+01  1.51356125e+05  8.77123985e+01 
 1.58489319e+05 -7.52743115e+01  1.58489319e+05  8.77250908e+01 
 1.65958691e+05 -7.65528003e+01  1.65958691e+05  8.77325757e+01 
 1.73780083e+05 -7.78248255e+01  1.73780083e+05  8.77353584e+01 
 1.81970086e+05 -7.90911257e+01  1.81970086e+05  8.77339105e+01 
 1.90546072e+05 -8.03523613e+01  1.90546072e+05  8.77286818e+01 
 1.99526231e+05 -8.16091238e+01  1.99526231e+05  8.77201096e+01 
 2.08929613e+05 -8.28619448e+01  2.08929613e+05  8.77086276e+01 
 2.18776162e+05 -8.41113033e+01  2.18776162e+05  8.76946730e+01 
 2.29086765e+05 -8.53576313e+01  2.29086765e+05  8.76786932e+01 
 2.39883292e+05 -8.66013191e+01  2.39883292e+05  8.76611511e+01 
 2.51188643e+05 -8.78427195e+01  2.51188643e+05  8.76425303e+01 
 2.63026799e+05 -8.90821510e+01  2.63026799e+05  8.76233391e+01 
 2.75422870e+05 -9.03199010e+01  2.75422870e+05  8.76041135e+01 
 2.88403150e+05 -9.15562278e+01  2.88403150e+05  8.75854205e+01 
 3.01995172e+05 -9.27913625e+01  3.01995172e+05  8.75678584e+01 
 3.16227766e+05 -9.40255107e+01  3.16227766e+05  8.75520585e+01 
 3.31131121e+05 -9.52588532e+01  3.31131121e+05  8.75386838e+01 
 3.46736850e+05 -9.64915471e+01  3.46736850e+05  8.75284272e+01 
 3.63078055e+05 -9.77237264e+01  3.63078055e+05  8.75220089e+01 
 3.80189396e+05 -9.89555024e+01  3.80189396e+05  8.75201711e+01 
 3.98107171e+05 -1.00186964e+02  3.98107171e+05  8.75236731e+01 
 4.16869383e+05 -1.01418178e+02  4.16869383e+05  8.75332834e+01 
 4.36515832e+05 -1.02649190e+02  4.36515832e+05  8.75497716e+01 
 4.57088190e+05 -1.03880025e+02  4.57088190e+05  8.75738984e+01 
 4.78630092e+05 -1.05110684e+02  4.78630092e+05  8.76064057e+01 
 5.01187234e+05 -1.06341153e+02  5.01187234e+05  8.76480047e+01 
 5.24807460e+05 -1.07571394e+02  5.24807460e+05  8.76993647e+01 
 5.49540874e+05 -1.08801355e+02  5.49540874e+05  8.77611012e+01 
 5.75439937e+05 -1.10030966e+02  5.75439937e+05  8.78337652e+01 
 6.02559586e+05 -1.11260141e+02  6.02559586e+05  8.79178324e+01 
 6.30957344e+05 -1.12488783e+02  6.30957344e+05  8.80136940e+01 
 6.60693448e+05 -1.13716783e+02  6.60693448e+05  8.81216496e+01 
 6.91830971e+05 -1.14944023e+02  6.91830971e+05  8.82419009e+01 
 7.24435960e+05 -1.16170379e+02  7.24435960e+05  8.83745482e+01 
 7.58577575e+05 -1.17395723e+02  7.58577575e+05  8.85195885e+01 
 7.94328235e+05 -1.18619923e+02  7.94328235e+05  8.86769165e+01 
 8.31763771e+05 -1.19842849e+02  8.31763771e+05  8.88463265e+01 
 8.70963590e+05 -1.21064373e+02  8.70963590e+05  8.90275171e+01 
 9.12010839e+05 -1.22284368e+02  9.12010839e+05  8.92200971e+01 
 9.54992586e+05 -1.23502715e+02  9.54992586e+05  8.94235918e+01 
 1.00000000e+06 -1.24719301e+02  1.00000000e+06  8.96374514e+01 
 1.04712855e+06 -1.25934018e+02  1.04712855e+06  8.98610585e+01 
 1.09647820e+06 -1.27146767e+02  1.09647820e+06  9.00937362e+01 
 1.14815362e+06 -1.28357458e+02  1.14815362e+06  9.03347556e+01 
 1.20226443e+06 -1.29566007e+02  1.20226443e+06  9.05833426e+01 
 1.25892541e+06 -1.30772341e+02  1.25892541e+06  9.08386835e+01 
 1.31825674e+06 -1.31976392e+02  1.31825674e+06  9.10999295e+01 
 1.38038426e+06 -1.33178103e+02  1.38038426e+06  9.13661999e+01 
 1.44543977e+06 -1.34377421e+02  1.44543977e+06  9.16365840e+01 
 1.51356125e+06 -1.35574301e+02  1.51356125e+06  9.19101408e+01 
 1.58489319e+06 -1.36768706e+02  1.58489319e+06  9.21858981e+01 
 1.65958691e+06 -1.37960602e+02  1.65958691e+06  9.24628498e+01 
 1.73780083e+06 -1.39149966e+02  1.73780083e+06  9.27399510e+01 
 1.81970086e+06 -1.40336775e+02  1.81970086e+06  9.30161131e+01 
 1.90546072e+06 -1.41521015e+02  1.90546072e+06  9.32901961e+01 
 1.99526231e+06 -1.42702678e+02  1.99526231e+06  9.35610004e+01 
 2.08929613e+06 -1.43881763e+02  2.08929613e+06  9.38272569e+01 
 2.18776162e+06 -1.45058274e+02  2.18776162e+06  9.40876161e+01 
 2.29086765e+06 -1.46232224e+02  2.29086765e+06  9.43406355e+01 
 2.39883292e+06 -1.47403637e+02  2.39883292e+06  9.45847660e+01 
 2.51188643e+06 -1.48572546e+02  2.51188643e+06  9.48183375e+01 
 2.63026799e+06 -1.49738998e+02  2.63026799e+06  9.50395428e+01 
 2.75422870e+06 -1.50903055e+02  2.75422870e+06  9.52464216e+01 
 2.88403150e+06 -1.52064798e+02  2.88403150e+06  9.54368426e+01 
 3.01995172e+06 -1.53224331e+02  3.01995172e+06  9.56084863e+01 
 3.16227766e+06 -1.54381782e+02  3.16227766e+06  9.57588270e+01 
 3.31131121e+06 -1.55537311e+02  3.31131121e+06  9.58851152e+01 
 3.46736850e+06 -1.56691114e+02  3.46736850e+06  9.59843596e+01 
 3.63078055e+06 -1.57843429e+02  3.63078055e+06  9.60533100e+01 
 3.80189396e+06 -1.58994542e+02  3.80189396e+06  9.60884409e+01 
 3.98107171e+06 -1.60144794e+02  3.98107171e+06  9.60859350e+01 
 4.16869383e+06 -1.61294589e+02  4.16869383e+06  9.60416671e+01 
 4.36515832e+06 -1.62444402e+02  4.36515832e+06  9.59511870e+01 
 4.57088190e+06 -1.63594786e+02  4.57088190e+06  9.58097023e+01 
 4.78630092e+06 -1.64746381e+02  4.78630092e+06  9.56120569e+01 
 5.01187234e+06 -1.65899922e+02  5.01187234e+06  9.53527062e+01 
 5.24807460e+06 -1.67056253e+02  5.24807460e+06  9.50256845e+01 
 5.49540874e+06 -1.68216326e+02  5.49540874e+06  9.46245621e+01 
 5.75439937e+06 -1.69381219e+02  5.75439937e+06  9.41423873e+01 
 6.02559586e+06 -1.70552141e+02  6.02559586e+06  9.35716082e+01 
 6.30957344e+06 -1.71730440e+02  6.30957344e+06  9.29039657e+01 
 6.60693448e+06 -1.72917611e+02  6.60693448e+06  9.21303497e+01 
 6.91830971e+06 -1.74115304e+02  6.91830971e+06  9.12406052e+01 
 7.24435960e+06 -1.75325328e+02  7.24435960e+06  9.02232730e+01 
 7.58577575e+06 -1.76549655e+02  7.58577575e+06  8.90652435e+01 
 7.94328235e+06 -1.77790417e+02  7.94328235e+06  8.77512980e+01 
 8.31763771e+06 -1.79049899e+02  8.31763771e+06  8.62635007e+01 
 8.70963590e+06 -1.80330514e+02  8.70963590e+06  8.45803963e+01 
 9.12010839e+06 -1.81634758e+02  9.12010839e+06  8.26759549e+01 
 9.54992586e+06 -1.82965135e+02  9.54992586e+06  8.05181910e+01 
 1.00000000e+07 -1.84324006e+02  1.00000000e+07  7.80673753e+01 
