 5.00000000e-09  4.67039121e-09 
 5.14868997e-09  4.75818145e-09 
 5.44606992e-09  4.92275423e-09 
 6.04082981e-09  5.22587587e-09 
 6.84839904e-09  5.60023871e-09 
 8.17844240e-09  6.14313351e-09 
 1.08385291e-08  7.07489091e-09 
 1.32608453e-08  7.87305018e-09 
 1.59355493e-08  8.70315914e-09 
 1.85493985e-08  9.46365781e-09 
 2.18199558e-08  1.04168643e-08 
 2.45059955e-08  1.11768743e-08 
 2.73339218e-08  1.19473929e-08 
 3.17918121e-08  1.31489594e-08 
 3.63317706e-08  1.43824804e-08 
 4.45063336e-08  1.66456462e-08 
 5.72198417e-08  2.02694809e-08 
 7.87877670e-08  2.66690874e-08 
 1.21923618e-07  4.01775238e-08 
 2.08195319e-07  6.87309983e-08 
 2.96825852e-07  9.88977972e-08 
 4.18315932e-07  1.40077144e-07 
 5.00000000e-07  1.67341206e-07 
 5.15216886e-07  1.72373354e-07 
 5.45650659e-07  1.82394467e-07 
 5.96334935e-07  1.98948072e-07 
 6.36748986e-07  2.12034053e-07 
 6.66623665e-07  2.21647525e-07 
 6.86038568e-07  2.27869210e-07 
 7.07223302e-07  2.34635680e-07 
 7.23256186e-07  2.39741306e-07 
 7.34461059e-07  2.43301647e-07 
 7.40128471e-07  2.45100010e-07 
 7.44306116e-07  2.46424589e-07 
 7.49050701e-07  2.47927833e-07 
 7.53255172e-07  2.49258979e-07 
 7.57692852e-07  2.50662965e-07 
 7.66568213e-07  2.53467855e-07 
 7.82475793e-07  2.58484768e-07 
 8.10644338e-07  2.67335313e-07 
 8.46659253e-07  2.78588349e-07 
 9.03238065e-07  2.96125177e-07 
 1.00000000e-06  3.25731744e-07 
 1.00998502e-06  3.28758501e-07 
 1.02995506e-06  3.34799578e-07 
 1.06989514e-06  3.46813115e-07 
 1.13732631e-06  3.66836230e-07 
 1.21924520e-06  3.90631018e-07 
 1.29302878e-06  4.11527820e-07 
 1.36142089e-06  4.30356556e-07 
 1.43931266e-06  4.50864673e-07 
 1.59509619e-06  4.87463075e-07 
 1.78916336e-06  5.26280957e-07 
 1.96214640e-06  5.77492438e-07 
 2.10282576e-06  7.74534330e-07 
 2.19462857e-06  1.27531385e-06 
 2.26765241e-06  2.38384040e-06 
 2.33352975e-06  4.83397470e-06 
 2.39936710e-06  1.05698541e-05 
 2.46787639e-06  2.43184120e-05 
 2.53717429e-06  5.46452707e-05 
 2.61324467e-06  1.23751697e-04 
 2.69817600e-06  2.78347507e-04 
 2.75025384e-06  4.17756447e-04 
 2.77763665e-06  4.83359537e-04 
 2.80057264e-06  5.20466859e-04 
 2.81480000e-06  5.35563135e-04 
 2.82851392e-06  5.46905757e-04 
 2.84322543e-06  5.58848787e-04 
 2.86040289e-06  5.77266577e-04 
 2.87257394e-06  5.95891581e-04 
 2.88257192e-06  6.15893194e-04 
 2.89337939e-06  6.42100880e-04 
 2.90688125e-06  6.78166429e-04 
 2.92060779e-06  7.13270457e-04 
 2.93418563e-06  7.41860246e-04 
 2.94774798e-06  7.62230223e-04 
 2.96656593e-06  7.78680375e-04 
 3.00093270e-06  7.91973083e-04 
 3.05299035e-06  7.99673912e-04 
 3.11167246e-06  8.02717940e-04 
 3.17601962e-06  8.03896308e-04 
 3.28121502e-06  8.04671656e-04 
 3.43114147e-06  8.05113864e-04 
 3.56874876e-06  8.05274129e-04 
 3.72125623e-06  8.05363831e-04 
 3.93437485e-06  8.05445794e-04 
 4.24458031e-06  8.05542365e-04 
 4.56614059e-06  8.05633463e-04 
 5.20926117e-06  8.05809232e-04 
 5.99728784e-06  8.06019062e-04 
 6.91840823e-06  8.06259770e-04 
 8.40231512e-06  8.06635557e-04 
 1.00000000e-05  9.72418214e-04 
 1.00481629e-05  9.85147303e-04 
 1.01444887e-05  1.06609996e-03 
 1.02266772e-05  1.34022509e-03 
 1.03346431e-05  2.39961490e-03 
 1.04345715e-05  4.38104838e-03 
 1.06030222e-05  1.03505941e-02 
 1.07266576e-05  1.68719925e-02 
 1.08067600e-05  2.20303987e-02 
 1.08558931e-05  2.52806918e-02 
 1.09126989e-05  2.88528664e-02 
 1.09493800e-05  3.11206337e-02 
 1.09910210e-05  3.37115555e-02 
 1.10522696e-05  3.75390437e-02 
 1.11180042e-05  4.16457643e-02 
 1.12470802e-05  4.96876210e-02 
 1.14190993e-05  6.03587697e-02 
 1.17631375e-05  8.15000594e-02 
 1.22056884e-05  1.06083999e-01 
 1.25738504e-05  1.16548173e-01 
 1.28602464e-05  1.19082871e-01 
 1.31429166e-05  1.19913068e-01 
 1.34497744e-05  1.20221481e-01 
 1.36928826e-05  1.20296270e-01 
 1.39598660e-05  1.20324369e-01 
 1.42491116e-05  1.20334660e-01 
 1.45255138e-05  1.20337768e-01 
 1.48602513e-05  1.20338961e-01 
 1.51879197e-05  1.20339206e-01 
 1.56700845e-05  1.20339145e-01 
 1.64824670e-05  1.20338784e-01 
 1.81072320e-05  1.20337866e-01 
 2.13567620e-05  1.20335874e-01 
 2.58058807e-05  1.20333002e-01 
 3.04472787e-05  1.42853596e-01 
 3.40452025e-05  1.72372867e-01 
 3.78541089e-05  1.89669368e-01 
 4.24327423e-05  2.08067843e-01 
 4.78912323e-05  2.35147937e-01 
 5.59799668e-05  2.74035645e-01 
 6.95364151e-05  3.37292116e-01 
 8.82551752e-05  4.23728082e-01 
 1.00000000e-04  4.77133822e-01 
 1.03743752e-04  4.93986142e-01 
 1.11231256e-04  5.27546088e-01 
 1.26206264e-04  5.93953055e-01 
 1.56156280e-04  7.23862477e-01 
 2.16056312e-04  9.72442101e-01 
 3.02550353e-04  1.30645368e+00 
 3.93205343e-04  1.62711991e+00 
 4.93205343e-04  1.94887257e+00 
 5.93205343e-04  2.24005683e+00 
 6.93205343e-04  2.50350657e+00 
 7.93205343e-04  2.74183761e+00 
 8.93205343e-04  2.95743480e+00 
 9.93205343e-04  3.15245499e+00 
 1.09320534e-03  3.32887997e+00 
 1.19320534e-03  3.48846247e+00 
 1.29320534e-03  3.63281518e+00 
 1.39320534e-03  3.76339082e+00 
 1.49320534e-03  3.88150367e+00 
 1.59320534e-03  3.98834276e+00 
 1.69320534e-03  4.08498378e+00 
 1.79320534e-03  4.17239984e+00 
 1.89320534e-03  4.25147126e+00 
 1.99320534e-03  4.32299441e+00 
 2.09320534e-03  4.38768970e+00 
 2.19320534e-03  4.44620877e+00 
 2.29320534e-03  4.49914118e+00 
 2.39320534e-03  4.54701974e+00 
 2.49320534e-03  4.59032775e+00 
 2.59320534e-03  4.62950106e+00 
 2.69320534e-03  4.66493435e+00 
 2.79320534e-03  4.69698468e+00 
 2.89320534e-03  4.72597500e+00 
 2.99320534e-03  4.75219743e+00 
 3.09320534e-03  4.77591624e+00 
 3.19320534e-03  4.79737043e+00 
 3.29320534e-03  4.81677623e+00 
 3.39320534e-03  4.83432918e+00 
 3.49320534e-03  4.85020621e+00 
 3.59320534e-03  4.86456730e+00 
 3.69320534e-03  4.87755720e+00 
 3.79320534e-03  4.88930682e+00 
 3.89320534e-03  4.89993458e+00 
 3.99320534e-03  4.90954759e+00 
 4.09320534e-03  4.91824274e+00 
 4.19320534e-03  4.92610766e+00 
 4.29320534e-03  4.93322162e+00 
 4.39320534e-03  4.93965633e+00 
 4.49320534e-03  4.94547663e+00 
 4.59320534e-03  4.95074119e+00 
 4.69320534e-03  4.95550308e+00 
 4.79320534e-03  4.95981028e+00 
 4.89320534e-03  4.96370621e+00 
 4.99320534e-03  4.96723015e+00 
 5.09320534e-03  4.97041760e+00 
 5.19320534e-03  4.97330070e+00 
 5.29320534e-03  4.97590850e+00 
 5.39320534e-03  4.97826730e+00 
 5.49320534e-03  4.98040086e+00 
 5.59320534e-03  4.98233070e+00 
 5.69320534e-03  4.98407627e+00 
 5.79320534e-03  4.98565516e+00 
 5.89320534e-03  4.98708328e+00 
 5.99320534e-03  4.98837504e+00 
 6.09320534e-03  4.98954345e+00 
 6.19320534e-03  4.99060030e+00 
 6.29320534e-03  4.99155623e+00 
 6.39320534e-03  4.99242087e+00 
 6.49320534e-03  4.99320296e+00 
 6.59320534e-03  4.99391037e+00 
 6.69320534e-03  4.99455022e+00 
 6.79320534e-03  4.99512898e+00 
 6.89320534e-03  4.99565248e+00 
 6.99320534e-03  4.99612598e+00 
 7.09320534e-03  4.99655427e+00 
 7.19320534e-03  4.99694167e+00 
 7.29320534e-03  4.99729207e+00 
 7.39320534e-03  4.99760902e+00 
 7.49320534e-03  4.99789569e+00 
 7.59320534e-03  4.99815500e+00 
 7.69320534e-03  4.99838954e+00 
 7.79320534e-03  4.99860169e+00 
 7.89320534e-03  4.99879358e+00 
 7.99320534e-03  4.99896715e+00 
 8.09320534e-03  4.99912414e+00 
 8.19320534e-03  4.99926614e+00 
 8.29320534e-03  4.99939458e+00 
 8.39320534e-03  4.99951076e+00 
 8.49320534e-03  4.99961584e+00 
 8.59320534e-03  4.99971089e+00 
 8.69320534e-03  4.99979687e+00 
 8.79320534e-03  4.99987463e+00 
 8.89320534e-03  4.99994497e+00 
 8.99320534e-03  5.00000859e+00 
 9.09320534e-03  5.00006614e+00 
 9.19320534e-03  5.00011819e+00 
 9.29320534e-03  5.00016527e+00 
 9.39320534e-03  5.00020785e+00 
 9.49320534e-03  5.00024637e+00 
 9.59320534e-03  5.00028121e+00 
 9.69320534e-03  5.00031273e+00 
 9.79320534e-03  5.00034123e+00 
 9.89320534e-03  5.00036701e+00 
 9.99320534e-03  5.00039033e+00 
 1.00932053e-02  5.00041143e+00 
 1.01932053e-02  5.00043051e+00 
 1.02932053e-02  5.00044777e+00 
 1.03932053e-02  5.00046337e+00 
 1.04932053e-02  5.00047749e+00 
 1.05932053e-02  5.00049027e+00 
 1.06932053e-02  5.00050182e+00 
 1.07932053e-02  5.00051227e+00 
 1.08932053e-02  5.00052172e+00 
 1.09932053e-02  5.00053026e+00 
 1.10932053e-02  5.00053800e+00 
 1.11932053e-02  5.00054499e+00 
 1.12932053e-02  5.00055132e+00 
 1.13932053e-02  5.00055704e+00 
 1.14932053e-02  5.00056221e+00 
 1.15932053e-02  5.00056689e+00 
 1.16932053e-02  5.00057113e+00 
 1.17932053e-02  5.00057496e+00 
 1.18932053e-02  5.00057842e+00 
 1.19932053e-02  5.00058156e+00 
 1.20932053e-02  5.00058439e+00 
 1.21932053e-02  5.00058695e+00 
 1.22932053e-02  5.00058927e+00 
 1.23932053e-02  5.00059137e+00 
 1.24932053e-02  5.00059327e+00 
 1.25932053e-02  5.00059498e+00 
 1.26932053e-02  5.00059653e+00 
 1.27932053e-02  5.00059794e+00 
 1.28932053e-02  5.00059921e+00 
 1.29932053e-02  5.00060036e+00 
 1.30932053e-02  5.00060140e+00 
 1.31932053e-02  5.00060234e+00 
 1.32932053e-02  5.00060319e+00 
 1.33932053e-02  5.00060395e+00 
 1.34932053e-02  5.00060465e+00 
 1.35932053e-02  5.00060528e+00 
 1.36932053e-02  5.00060585e+00 
 1.37932053e-02  5.00060636e+00 
 1.38932053e-02  5.00060683e+00 
 1.39932053e-02  5.00060725e+00 
 1.40932053e-02  5.00060763e+00 
 1.41932053e-02  5.00060797e+00 
 1.42932053e-02  5.00060829e+00 
 1.43932053e-02  5.00060857e+00 
 1.44932053e-02  5.00060882e+00 
 1.45932053e-02  5.00060905e+00 
 1.46932053e-02  5.00060926e+00 
 1.47932053e-02  5.00060945e+00 
 1.48932053e-02  5.00060962e+00 
 1.49932053e-02  5.00060977e+00 
 1.50932053e-02  5.00060991e+00 
 1.51932053e-02  5.00061004e+00 
 1.52932053e-02  5.00061015e+00 
 1.53932053e-02  5.00061026e+00 
 1.54932053e-02  5.00061035e+00 
 1.55932053e-02  5.00061044e+00 
 1.56932053e-02  5.00061051e+00 
 1.57932053e-02  5.00061058e+00 
 1.58932053e-02  5.00061064e+00 
 1.59932053e-02  5.00061070e+00 
 1.60932053e-02  5.00061075e+00 
 1.61932053e-02  5.00061080e+00 
 1.62932053e-02  5.00061084e+00 
 1.63932053e-02  5.00061088e+00 
 1.64932053e-02  5.00061091e+00 
 1.65932053e-02  5.00061094e+00 
 1.66932053e-02  5.00061097e+00 
 1.67932053e-02  5.00061100e+00 
 1.68932053e-02  5.00061102e+00 
 1.69932053e-02  5.00061104e+00 
 1.70932053e-02  5.00061106e+00 
 1.71932053e-02  5.00061108e+00 
 1.72932053e-02  5.00061109e+00 
 1.73932053e-02  5.00061111e+00 
 1.74932053e-02  5.00061112e+00 
 1.75932053e-02  5.00061113e+00 
 1.76932053e-02  5.00061114e+00 
 1.77932053e-02  5.00061115e+00 
 1.78932053e-02  5.00061116e+00 
 1.79932053e-02  5.00061116e+00 
 1.80932053e-02  5.00061117e+00 
 1.81932053e-02  5.00061118e+00 
 1.82932053e-02  5.00061118e+00 
 1.83932053e-02  5.00061119e+00 
 1.84932053e-02  5.00061119e+00 
 1.85932053e-02  5.00061120e+00 
 1.86932053e-02  5.00061120e+00 
 1.87932053e-02  5.00061120e+00 
 1.88932053e-02  5.00061121e+00 
 1.89932053e-02  5.00061121e+00 
 1.90932053e-02  5.00061121e+00 
 1.91932053e-02  5.00061122e+00 
 1.92932053e-02  5.00061122e+00 
 1.93932053e-02  5.00061122e+00 
 1.94932053e-02  5.00061122e+00 
 1.95932053e-02  5.00061122e+00 
 1.96932053e-02  5.00061122e+00 
 1.97932053e-02  5.00061122e+00 
 1.98932053e-02  5.00061123e+00 
 1.99932053e-02  5.00061123e+00 
 2.00000000e-02  5.00061123e+00 
 2.00100000e-02  5.00052866e+00 
 2.00300000e-02  5.00053010e+00 
 2.00700000e-02  5.00055750e+00 
 2.01500000e-02  5.00053706e+00 
 2.02500000e-02  5.00052232e+00 
 2.03500000e-02  5.00051053e+00 
 2.04500000e-02  5.00050124e+00 
 2.05500000e-02  5.00049269e+00 
 2.06500000e-02  5.00048498e+00 
 2.07500000e-02  5.00047783e+00 
 2.08500000e-02  5.00047110e+00 
 2.09500000e-02  5.00046474e+00 
 2.10500000e-02  5.00045867e+00 
 2.11500000e-02  5.00045286e+00 
 2.12500000e-02  5.00044728e+00 
 2.13500000e-02  5.00044189e+00 
 2.14500000e-02  5.00043668e+00 
 2.15500000e-02  5.00043164e+00 
 2.16500000e-02  5.00042673e+00 
 2.17500000e-02  5.00042197e+00 
 2.18500000e-02  5.00041732e+00 
 2.19500000e-02  5.00041279e+00 
 2.20500000e-02  5.00040837e+00 
 2.21500000e-02  5.00040405e+00 
 2.22500000e-02  5.00039982e+00 
 2.23500000e-02  5.00039568e+00 
 2.24500000e-02  5.00039162e+00 
 2.25500000e-02  5.00038764e+00 
 2.26500000e-02  5.00038374e+00 
 2.27500000e-02  5.00037991e+00 
 2.28500000e-02  5.00037615e+00 
 2.29500000e-02  5.00037245e+00 
 2.30500000e-02  5.00036882e+00 
 2.31500000e-02  5.00036525e+00 
 2.32500000e-02  5.00036173e+00 
 2.33500000e-02  5.00035827e+00 
 2.34500000e-02  5.00035487e+00 
 2.35500000e-02  5.00035152e+00 
 2.36500000e-02  5.00034821e+00 
 2.37500000e-02  5.00034496e+00 
 2.38500000e-02  5.00034175e+00 
 2.39500000e-02  5.00033859e+00 
 2.40500000e-02  5.00033547e+00 
 2.41500000e-02  5.00033239e+00 
 2.42500000e-02  5.00032936e+00 
 2.43500000e-02  5.00032636e+00 
 2.44500000e-02  5.00032341e+00 
 2.45500000e-02  5.00032049e+00 
 2.46500000e-02  5.00031761e+00 
 2.47500000e-02  5.00031476e+00 
 2.48500000e-02  5.00031195e+00 
 2.49500000e-02  5.00030917e+00 
 2.50500000e-02  5.00030643e+00 
 2.51500000e-02  5.00030372e+00 
 2.52500000e-02  5.00030104e+00 
 2.53500000e-02  5.00029839e+00 
 2.54500000e-02  5.00029577e+00 
 2.55500000e-02  5.00029319e+00 
 2.56500000e-02  5.00029063e+00 
 2.57500000e-02  5.00028810e+00 
 2.58500000e-02  5.00028559e+00 
 2.59500000e-02  5.00028312e+00 
 2.60500000e-02  5.00028067e+00 
 2.61500000e-02  5.00027824e+00 
 2.62500000e-02  5.00027585e+00 
 2.63500000e-02  5.00027347e+00 
 2.64500000e-02  5.00027113e+00 
 2.65500000e-02  5.00026880e+00 
 2.66500000e-02  5.00026650e+00 
 2.67500000e-02  5.00026423e+00 
 2.68500000e-02  5.00026197e+00 
 2.69500000e-02  5.00025974e+00 
 2.70500000e-02  5.00025753e+00 
 2.71500000e-02  5.00025534e+00 
 2.72500000e-02  5.00025318e+00 
 2.73500000e-02  5.00025103e+00 
 2.74500000e-02  5.00024890e+00 
 2.75500000e-02  5.00024680e+00 
 2.76500000e-02  5.00024472e+00 
 2.77500000e-02  5.00024265e+00 
 2.78500000e-02  5.00024060e+00 
 2.79500000e-02  5.00023858e+00 
 2.80500000e-02  5.00023657e+00 
 2.81500000e-02  5.00023458e+00 
 2.82500000e-02  5.00023261e+00 
 2.83500000e-02  5.00023066e+00 
 2.84500000e-02  5.00022872e+00 
 2.85500000e-02  5.00022680e+00 
 2.86500000e-02  5.00022490e+00 
 2.87500000e-02  5.00022302e+00 
 2.88500000e-02  5.00022115e+00 
 2.89500000e-02  5.00021930e+00 
 2.90500000e-02  5.00021747e+00 
 2.91500000e-02  5.00021565e+00 
 2.92500000e-02  5.00021385e+00 
 2.93500000e-02  5.00021207e+00 
 2.94500000e-02  5.00021030e+00 
 2.95500000e-02  5.00020854e+00 
 2.96500000e-02  5.00020680e+00 
 2.97500000e-02  5.00020507e+00 
 2.98500000e-02  5.00020336e+00 
 2.99500000e-02  5.00020166e+00 
 3.00500000e-02  5.00019997e+00 
 3.01500000e-02  5.00019829e+00 
 3.02500000e-02  5.00019660e+00 
 3.03500000e-02  5.00019489e+00 
 3.04500000e-02  5.00019308e+00 
 3.05500000e-02  5.00019104e+00 
 3.06500000e-02  5.00018833e+00 
 3.07500000e-02  5.00018378e+00 
 3.08500000e-02  5.00017393e+00 
 3.09500000e-02  5.00014843e+00 
 3.10500000e-02  5.00007610e+00 
 3.11500000e-02  4.99986531e+00 
 3.12500000e-02  4.99926648e+00 
 3.13500000e-02  4.99778476e+00 
 3.14500000e-02  4.99450985e+00 
 3.15500000e-02  4.98835858e+00 
 3.16500000e-02  4.97076734e+00 
 3.17259645e-02  4.84889901e+00 
 3.17968623e-02  4.61139279e+00 
 3.18791598e-02  4.20177057e+00 
 3.19791598e-02  3.55619092e+00 
 3.20791598e-02  2.78100608e+00 
 3.21791598e-02  1.91039242e+00 
 3.22791598e-02  1.07291076e+00 
 3.23791598e-02  4.90047122e-01 
 3.24748439e-02  2.16415119e-01 
 3.25331409e-02  1.47195993e-01 
 3.25789519e-02  1.20557035e-01 
 3.26306704e-02  1.02026299e-01 
 3.26875952e-02  8.63101592e-02 
 3.27630458e-02  6.69717649e-02 
 3.28630458e-02  4.15835845e-02 
 3.29630458e-02  1.64596050e-02 
 3.30630458e-02 -8.12493812e-03 
 3.31630458e-02 -3.20351039e-02 
 3.32630458e-02 -5.52592981e-02 
 3.33630458e-02 -7.78336176e-02 
 3.34630458e-02 -9.98007021e-02 
 3.35630458e-02 -1.21197729e-01 
 3.36630458e-02 -1.42055867e-01 
 3.37630458e-02 -1.62401818e-01 
 3.38630458e-02 -1.82258764e-01 
 3.39630458e-02 -2.01646628e-01 
 3.40630458e-02 -2.20581955e-01 
 3.41630458e-02 -2.39077641e-01 
 3.42630458e-02 -2.57142711e-01 
 3.43630458e-02 -2.74782428e-01 
 3.44630458e-02 -2.91999142e-01 
 3.45630458e-02 -3.08794127e-01 
 3.46630458e-02 -3.25170051e-01 
 3.47630458e-02 -3.41133153e-01 
 3.48630458e-02 -3.56694211e-01 
 3.49630458e-02 -3.71868111e-01 
 3.50630458e-02 -3.86672529e-01 
 3.51630458e-02 -4.01126407e-01 
 3.52630458e-02 -4.15248680e-01 
 3.53630458e-02 -4.29057380e-01 
 3.54630458e-02 -4.42569056e-01 
 3.55630458e-02 -4.55798396e-01 
 3.56630458e-02 -4.68757957e-01 
 3.57630458e-02 -4.81457900e-01 
 3.58630458e-02 -4.93905701e-01 
 3.59630458e-02 -5.06105781e-01 
 3.60630458e-02 -5.18059041e-01 
 3.61630458e-02 -5.29762315e-01 
 3.62630458e-02 -5.41207780e-01 
 3.63630458e-02 -5.52382428e-01 
 3.64630458e-02 -5.63267784e-01 
 3.65630458e-02 -5.73840097e-01 
 3.66630458e-02 -5.84071261e-01 
 3.67630458e-02 -5.93930643e-01 
 3.68630458e-02 -6.03387802e-01 
 3.69630458e-02 -6.12415806e-01 
 3.70630458e-02 -6.20994609e-01 
 3.71630458e-02 -6.29113764e-01 
 3.72630458e-02 -6.36773871e-01 
 3.73630458e-02 -6.43986445e-01 
 3.74630458e-02 -6.50772359e-01 
 3.75630458e-02 -6.57159365e-01 
 3.76630458e-02 -6.63179327e-01 
 3.77630458e-02 -6.68865711e-01 
 3.78630458e-02 -6.74251629e-01 
 3.79630458e-02 -6.79368512e-01 
 3.80630458e-02 -6.84245344e-01 
 3.81630458e-02 -6.88908323e-01 
 3.82630458e-02 -6.93380803e-01 
 3.83630458e-02 -6.97683418e-01 
 3.84630458e-02 -7.01834301e-01 
 3.85630458e-02 -7.05849332e-01 
 3.86630458e-02 -7.09742408e-01 
 3.87630458e-02 -7.13525688e-01 
 3.88630458e-02 -7.17209824e-01 
 3.89630458e-02 -7.20804164e-01 
 3.90630458e-02 -7.24316931e-01 
 3.91630458e-02 -7.27755374e-01 
 3.92630458e-02 -7.31125908e-01 
 3.93630458e-02 -7.34434218e-01 
 3.94630458e-02 -7.37685366e-01 
 3.95630458e-02 -7.40883865e-01 
 3.96630458e-02 -7.44033757e-01 
 3.97630458e-02 -7.47138667e-01 
 3.98630458e-02 -7.50201858e-01 
 3.99630458e-02 -7.53226279e-01 
 4.00630458e-02 -7.56214592e-01 
 4.01630458e-02 -7.59169218e-01 
 4.02630458e-02 -7.62092354e-01 
 4.03630458e-02 -7.64986003e-01 
 4.04630458e-02 -7.67851995e-01 
 4.05630458e-02 -7.70692003e-01 
 4.06630458e-02 -7.73507559e-01 
 4.07630458e-02 -7.76300072e-01 
 4.08630458e-02 -7.79070833e-01 
 4.09630458e-02 -7.81821032e-01 
 4.10630458e-02 -7.84551764e-01 
 4.11630458e-02 -7.87264040e-01 
 4.12630458e-02 -7.89958790e-01 
 4.13630458e-02 -7.92636876e-01 
 4.14630458e-02 -7.95299090e-01 
 4.15630458e-02 -7.97946168e-01 
 4.16630458e-02 -8.00578789e-01 
 4.17630458e-02 -8.03197580e-01 
 4.18630458e-02 -8.05803123e-01 
 4.19630458e-02 -8.08395957e-01 
 4.20630458e-02 -8.10976581e-01 
 4.21630458e-02 -8.13545459e-01 
 4.22630458e-02 -8.16103021e-01 
 4.23630458e-02 -8.18649668e-01 
 4.24630458e-02 -8.21185771e-01 
 4.25630458e-02 -8.23711679e-01 
 4.26630458e-02 -8.26227715e-01 
 4.27630458e-02 -8.28734184e-01 
 4.28630458e-02 -8.31231370e-01 
 4.29630458e-02 -8.33719540e-01 
 4.30630458e-02 -8.36198945e-01 
 4.31630458e-02 -8.38669822e-01 
 4.32630458e-02 -8.41132396e-01 
 4.33630458e-02 -8.43586877e-01 
 4.34630458e-02 -8.46033467e-01 
 4.35630458e-02 -8.48472356e-01 
 4.36630458e-02 -8.50903727e-01 
 4.37630458e-02 -8.53327753e-01 
 4.38630458e-02 -8.55744598e-01 
 4.39630458e-02 -8.58154422e-01 
 4.40630458e-02 -8.60557376e-01 
 4.41630458e-02 -8.62953606e-01 
 4.42630458e-02 -8.65343250e-01 
 4.43630458e-02 -8.67726444e-01 
 4.44630458e-02 -8.70103316e-01 
 4.45630458e-02 -8.72473992e-01 
 4.46630458e-02 -8.74838590e-01 
 4.47630458e-02 -8.77197227e-01 
 4.48630458e-02 -8.79550014e-01 
 4.49630458e-02 -8.81897060e-01 
 4.50630458e-02 -8.84238468e-01 
 4.51630458e-02 -8.86574340e-01 
 4.52630458e-02 -8.88904772e-01 
 4.53630458e-02 -8.91229861e-01 
 4.54630458e-02 -8.93549696e-01 
 4.55630458e-02 -8.95864367e-01 
 4.56630458e-02 -8.98173959e-01 
 4.57630458e-02 -9.00478556e-01 
 4.58630458e-02 -9.02778239e-01 
 4.59630458e-02 -9.05073085e-01 
 4.60630458e-02 -9.07363172e-01 
 4.61630458e-02 -9.09648571e-01 
 4.62630458e-02 -9.11929357e-01 
 4.63630458e-02 -9.14205596e-01 
 4.64630458e-02 -9.16477358e-01 
 4.65630458e-02 -9.18744708e-01 
 4.66630458e-02 -9.21007710e-01 
 4.67630458e-02 -9.23266425e-01 
 4.68630458e-02 -9.25520914e-01 
 4.69630458e-02 -9.27771235e-01 
 4.70630458e-02 -9.30017446e-01 
 4.71630458e-02 -9.32259602e-01 
 4.72630458e-02 -9.34497756e-01 
 4.73630458e-02 -9.36731963e-01 
 4.74630458e-02 -9.38962271e-01 
 4.75630458e-02 -9.41188732e-01 
 4.76630458e-02 -9.43411394e-01 
 4.77630458e-02 -9.45630304e-01 
 4.78630458e-02 -9.47845507e-01 
 4.79630458e-02 -9.50057050e-01 
 4.80630458e-02 -9.52264975e-01 
 4.81630458e-02 -9.54469325e-01 
 4.82630458e-02 -9.56670142e-01 
 4.83630458e-02 -9.58867466e-01 
 4.84630458e-02 -9.61061337e-01 
 4.85630458e-02 -9.63251793e-01 
 4.86630458e-02 -9.65438872e-01 
 4.87630458e-02 -9.67622610e-01 
 4.88630458e-02 -9.69803044e-01 
 4.89630458e-02 -9.71980208e-01 
 4.90630458e-02 -9.74154137e-01 
 4.91630458e-02 -9.76324864e-01 
 4.92630458e-02 -9.78492420e-01 
 4.93630458e-02 -9.80656840e-01 
 4.94630458e-02 -9.82818152e-01 
 4.95630458e-02 -9.84976388e-01 
 4.96630458e-02 -9.87131578e-01 
 4.97630458e-02 -9.89283751e-01 
 4.98630458e-02 -9.91432934e-01 
 4.99630458e-02 -9.93579156e-01 
 5.00630458e-02 -9.95722443e-01 
 5.01630458e-02 -9.97862824e-01 
 5.02630458e-02 -1.00000032e+00 
 5.03630458e-02 -1.00213496e+00 
 5.04630458e-02 -1.00426678e+00 
 5.05630458e-02 -1.00639578e+00 
 5.06630458e-02 -1.00852200e+00 
 5.07630458e-02 -1.01064546e+00 
 5.08630458e-02 -1.01276619e+00 
 5.09630458e-02 -1.01488420e+00 
 5.10630458e-02 -1.01699952e+00 
 5.11630458e-02 -1.01911216e+00 
 5.12630458e-02 -1.02122216e+00 
 5.13630458e-02 -1.02332953e+00 
 5.14630458e-02 -1.02543428e+00 
 5.15630458e-02 -1.02753645e+00 
 5.16630458e-02 -1.02963605e+00 
 5.17630458e-02 -1.03173310e+00 
 5.18630458e-02 -1.03382762e+00 
 5.19630458e-02 -1.03591962e+00 
 5.20630458e-02 -1.03800913e+00 
 5.21630458e-02 -1.04009615e+00 
 5.22630458e-02 -1.04218072e+00 
 5.23630458e-02 -1.04426284e+00 
 5.24630458e-02 -1.04634254e+00 
 5.25630458e-02 -1.04841982e+00 
 5.26630458e-02 -1.05049471e+00 
 5.27630458e-02 -1.05256722e+00 
 5.28630458e-02 -1.05463736e+00 
 5.29630458e-02 -1.05670516e+00 
 5.30630458e-02 -1.05877062e+00 
 5.31630458e-02 -1.06083376e+00 
 5.32630458e-02 -1.06289460e+00 
 5.33630458e-02 -1.06495314e+00 
 5.34630458e-02 -1.06700941e+00 
 5.35630458e-02 -1.06906341e+00 
 5.36630458e-02 -1.07111517e+00 
 5.37630458e-02 -1.07316468e+00 
 5.38630458e-02 -1.07521197e+00 
 5.39630458e-02 -1.07725705e+00 
 5.40630458e-02 -1.07929992e+00 
 5.41630458e-02 -1.08134061e+00 
 5.42630458e-02 -1.08337913e+00 
 5.43630458e-02 -1.08541548e+00 
 5.44630458e-02 -1.08744967e+00 
 5.45630458e-02 -1.08948173e+00 
 5.46630458e-02 -1.09151165e+00 
 5.47630458e-02 -1.09353945e+00 
 5.48630458e-02 -1.09556515e+00 
 5.49630458e-02 -1.09758875e+00 
 5.50630458e-02 -1.09961026e+00 
 5.51630458e-02 -1.10162969e+00 
 5.52630458e-02 -1.10364705e+00 
 5.53630458e-02 -1.10566236e+00 
 5.54630458e-02 -1.10767561e+00 
 5.55630458e-02 -1.10968683e+00 
 5.56630458e-02 -1.11169602e+00 
 5.57630458e-02 -1.11370318e+00 
 5.58630458e-02 -1.11570834e+00 
 5.59630458e-02 -1.11771149e+00 
 5.60630458e-02 -1.11971265e+00 
 5.61630458e-02 -1.12171182e+00 
 5.62630458e-02 -1.12370901e+00 
 5.63630458e-02 -1.12570423e+00 
 5.64630458e-02 -1.12769750e+00 
 5.65630458e-02 -1.12968880e+00 
 5.66630458e-02 -1.13167817e+00 
 5.67630458e-02 -1.13366559e+00 
 5.68630458e-02 -1.13565108e+00 
 5.69630458e-02 -1.13763465e+00 
 5.70630458e-02 -1.13961630e+00 
 5.71630458e-02 -1.14159604e+00 
 5.72630458e-02 -1.14357388e+00 
 5.73630458e-02 -1.14554982e+00 
 5.74630458e-02 -1.14752387e+00 
 5.75630458e-02 -1.14949604e+00 
 5.76630458e-02 -1.15146633e+00 
 5.77630458e-02 -1.15343475e+00 
 5.78630458e-02 -1.15540131e+00 
 5.79630458e-02 -1.15736600e+00 
 5.80630458e-02 -1.15932884e+00 
 5.81630458e-02 -1.16128984e+00 
 5.82630458e-02 -1.16324899e+00 
 5.83630458e-02 -1.16520631e+00 
 5.84630458e-02 -1.16716179e+00 
 5.85630458e-02 -1.16911545e+00 
 5.86630458e-02 -1.17106728e+00 
 5.87630458e-02 -1.17301730e+00 
 5.88630458e-02 -1.17496551e+00 
 5.89630458e-02 -1.17691191e+00 
 5.90630458e-02 -1.17885651e+00 
 5.91630458e-02 -1.18079930e+00 
 5.92630458e-02 -1.18274031e+00 
 5.93630458e-02 -1.18467952e+00 
 5.94630458e-02 -1.18661695e+00 
 5.95630458e-02 -1.18855259e+00 
 5.96630458e-02 -1.19048646e+00 
 5.97630458e-02 -1.19241855e+00 
 5.98630458e-02 -1.19434886e+00 
 5.99630458e-02 -1.19627741e+00 
 6.00630458e-02 -1.19820420e+00 
 6.01630458e-02 -1.20012922e+00 
 6.02630458e-02 -1.20205248e+00 
 6.03630458e-02 -1.20397398e+00 
 6.04630458e-02 -1.20589373e+00 
 6.05630458e-02 -1.20781173e+00 
 6.06630458e-02 -1.20972798e+00 
 6.07630458e-02 -1.21164248e+00 
 6.08630458e-02 -1.21355524e+00 
 6.09630458e-02 -1.21546625e+00 
 6.10630458e-02 -1.21737552e+00 
 6.11630458e-02 -1.21928305e+00 
 6.12630458e-02 -1.22118885e+00 
 6.13630458e-02 -1.22309290e+00 
 6.14630458e-02 -1.22499522e+00 
 6.15630458e-02 -1.22689581e+00 
 6.16630458e-02 -1.22879466e+00 
 6.17630458e-02 -1.23069178e+00 
 6.18630458e-02 -1.23258717e+00 
 6.19630458e-02 -1.23448083e+00 
 6.20630458e-02 -1.23637275e+00 
 6.21630458e-02 -1.23826294e+00 
 6.22630458e-02 -1.24015140e+00 
 6.23630458e-02 -1.24203813e+00 
 6.24630458e-02 -1.24392313e+00 
 6.25630458e-02 -1.24580639e+00 
 6.26630458e-02 -1.24768792e+00 
 6.27630458e-02 -1.24956771e+00 
 6.28630458e-02 -1.25144577e+00 
 6.29630458e-02 -1.25332210e+00 
 6.30630458e-02 -1.25519668e+00 
 6.31630458e-02 -1.25706953e+00 
 6.32630458e-02 -1.25894063e+00 
 6.33630458e-02 -1.26080999e+00 
 6.34630458e-02 -1.26267760e+00 
 6.35630458e-02 -1.26454347e+00 
 6.36630458e-02 -1.26640758e+00 
 6.37630458e-02 -1.26826994e+00 
 6.38630458e-02 -1.27013054e+00 
 6.39630458e-02 -1.27198938e+00 
 6.40630458e-02 -1.27384646e+00 
 6.41630458e-02 -1.27570177e+00 
 6.42630458e-02 -1.27755531e+00 
 6.43630458e-02 -1.27940707e+00 
 6.44630458e-02 -1.28125705e+00 
 6.45630458e-02 -1.28310525e+00 
 6.46630458e-02 -1.28495165e+00 
 6.47630458e-02 -1.28679626e+00 
 6.48630458e-02 -1.28863907e+00 
 6.49630458e-02 -1.29048008e+00 
 6.50630458e-02 -1.29231927e+00 
 6.51630458e-02 -1.29415664e+00 
 6.52630458e-02 -1.29599218e+00 
 6.53630458e-02 -1.29782590e+00 
 6.54630458e-02 -1.29965777e+00 
 6.55630458e-02 -1.30148779e+00 
 6.56630458e-02 -1.30331596e+00 
 6.57630458e-02 -1.30514227e+00 
 6.58630458e-02 -1.30696670e+00 
 6.59630458e-02 -1.30878926e+00 
 6.60630458e-02 -1.31060992e+00 
 6.61630458e-02 -1.31242869e+00 
 6.62630458e-02 -1.31424554e+00 
 6.63630458e-02 -1.31606048e+00 
 6.64630458e-02 -1.31787348e+00 
 6.65630458e-02 -1.31968455e+00 
 6.66630458e-02 -1.32149366e+00 
 6.67630458e-02 -1.32330081e+00 
 6.68630458e-02 -1.32510598e+00 
 6.69630458e-02 -1.32690917e+00 
 6.70630458e-02 -1.32871035e+00 
 6.71630458e-02 -1.33050951e+00 
 6.72630458e-02 -1.33230665e+00 
 6.73630458e-02 -1.33410174e+00 
 6.74630458e-02 -1.33589478e+00 
 6.75630458e-02 -1.33768574e+00 
 6.76630458e-02 -1.33947462e+00 
 6.77630458e-02 -1.34126138e+00 
 6.78630458e-02 -1.34304603e+00 
 6.79630458e-02 -1.34482854e+00 
 6.80630458e-02 -1.34660889e+00 
 6.81630458e-02 -1.34838706e+00 
 6.82630458e-02 -1.35016305e+00 
 6.83630458e-02 -1.35193682e+00 
 6.84630458e-02 -1.35370836e+00 
 6.85630458e-02 -1.35547764e+00 
 6.86630458e-02 -1.35724466e+00 
 6.87630458e-02 -1.35900937e+00 
 6.88630458e-02 -1.36077178e+00 
 6.89630458e-02 -1.36253184e+00 
 6.90630458e-02 -1.36428954e+00 
 6.91630458e-02 -1.36604486e+00 
 6.92630458e-02 -1.36779777e+00 
 6.93630458e-02 -1.36954824e+00 
 6.94630458e-02 -1.37129626e+00 
 6.95630458e-02 -1.37304179e+00 
 6.96630458e-02 -1.37478481e+00 
 6.97630458e-02 -1.37652529e+00 
 6.98630458e-02 -1.37826321e+00 
 6.99630458e-02 -1.37999854e+00 
 7.00630458e-02 -1.38173124e+00 
 7.01630458e-02 -1.38346130e+00 
 7.02630458e-02 -1.38518867e+00 
 7.03630458e-02 -1.38691334e+00 
 7.04630458e-02 -1.38863526e+00 
 7.05630458e-02 -1.39035442e+00 
 7.06630458e-02 -1.39207077e+00 
 7.07630458e-02 -1.39378429e+00 
 7.08630458e-02 -1.39549494e+00 
 7.09630458e-02 -1.39720270e+00 
 7.10630458e-02 -1.39890752e+00 
 7.11630458e-02 -1.40060938e+00 
 7.12630458e-02 -1.40230824e+00 
 7.13630458e-02 -1.40400407e+00 
 7.14630458e-02 -1.40569683e+00 
 7.15630458e-02 -1.40738649e+00 
 7.16630458e-02 -1.40907302e+00 
 7.17630458e-02 -1.41075638e+00 
 7.18630458e-02 -1.41243653e+00 
 7.19630458e-02 -1.41411344e+00 
 7.20630458e-02 -1.41578708e+00 
 7.21630458e-02 -1.41745740e+00 
 7.22630458e-02 -1.41912438e+00 
 7.23630458e-02 -1.42078798e+00 
 7.24630458e-02 -1.42244816e+00 
 7.25630458e-02 -1.42410489e+00 
 7.26630458e-02 -1.42575813e+00 
 7.27630458e-02 -1.42740785e+00 
 7.28630458e-02 -1.42905402e+00 
 7.29630458e-02 -1.43069660e+00 
 7.30630458e-02 -1.43233555e+00 
 7.31630458e-02 -1.43397084e+00 
 7.32630458e-02 -1.43560244e+00 
 7.33630458e-02 -1.43723031e+00 
 7.34630458e-02 -1.43885443e+00 
 7.35630458e-02 -1.44047475e+00 
 7.36630458e-02 -1.44209125e+00 
 7.37630458e-02 -1.44370390e+00 
 7.38630458e-02 -1.44531266e+00 
 7.39630458e-02 -1.44691750e+00 
 7.40630458e-02 -1.44851839e+00 
 7.41630458e-02 -1.45011531e+00 
 7.42630458e-02 -1.45170823e+00 
 7.43630458e-02 -1.45329711e+00 
 7.44630458e-02 -1.45488193e+00 
 7.45630458e-02 -1.45646266e+00 
 7.46630458e-02 -1.45803927e+00 
 7.47630458e-02 -1.45961175e+00 
 7.48630458e-02 -1.46118006e+00 
 7.49630458e-02 -1.46274419e+00 
 7.50630458e-02 -1.46430410e+00 
 7.51630458e-02 -1.46585977e+00 
 7.52630458e-02 -1.46741119e+00 
 7.53630458e-02 -1.46895833e+00 
 7.54630458e-02 -1.47050117e+00 
 7.55630458e-02 -1.47203970e+00 
 7.56630458e-02 -1.47357389e+00 
 7.57630458e-02 -1.47510372e+00 
 7.58630458e-02 -1.47662919e+00 
 7.59630458e-02 -1.47815027e+00 
 7.60630458e-02 -1.47966695e+00 
 7.61630458e-02 -1.48117921e+00 
 7.62630458e-02 -1.48268705e+00 
 7.63630458e-02 -1.48419044e+00 
 7.64630458e-02 -1.48568939e+00 
 7.65630458e-02 -1.48718387e+00 
 7.66630458e-02 -1.48867388e+00 
 7.67630458e-02 -1.49015940e+00 
 7.68630458e-02 -1.49164044e+00 
 7.69630458e-02 -1.49311699e+00 
 7.70630458e-02 -1.49458903e+00 
 7.71630458e-02 -1.49605657e+00 
 7.72630458e-02 -1.49751960e+00 
 7.73630458e-02 -1.49897812e+00 
 7.74630458e-02 -1.50043213e+00 
 7.75630458e-02 -1.50188161e+00 
 7.76630458e-02 -1.50332659e+00 
 7.77630458e-02 -1.50476704e+00 
 7.78630458e-02 -1.50620299e+00 
 7.79630458e-02 -1.50763442e+00 
 7.80630458e-02 -1.50906135e+00 
 7.81630458e-02 -1.51048377e+00 
 7.82630458e-02 -1.51190169e+00 
 7.83630458e-02 -1.51331513e+00 
 7.84630458e-02 -1.51472408e+00 
 7.85630458e-02 -1.51612855e+00 
 7.86630458e-02 -1.51752855e+00 
 7.87630458e-02 -1.51892409e+00 
 7.88630458e-02 -1.52031519e+00 
 7.89630458e-02 -1.52170184e+00 
 7.90630458e-02 -1.52308407e+00 
 7.91630458e-02 -1.52446189e+00 
 7.92630458e-02 -1.52583530e+00 
 7.93630458e-02 -1.52720433e+00 
 7.94630458e-02 -1.52856899e+00 
 7.95630458e-02 -1.52992929e+00 
 7.96630458e-02 -1.53128525e+00 
 7.97630458e-02 -1.53263688e+00 
 7.98630458e-02 -1.53398421e+00 
 7.99630458e-02 -1.53532725e+00 
 8.00630458e-02 -1.53666602e+00 
 8.01630458e-02 -1.53800054e+00 
 8.02630458e-02 -1.53933082e+00 
 8.03630458e-02 -1.54065690e+00 
 8.04630458e-02 -1.54197878e+00 
 8.05630458e-02 -1.54329649e+00 
 8.06630458e-02 -1.54461005e+00 
 8.07630458e-02 -1.54591949e+00 
 8.08630458e-02 -1.54722482e+00 
 8.09630458e-02 -1.54852607e+00 
 8.10630458e-02 -1.54982326e+00 
 8.11630458e-02 -1.55111642e+00 
 8.12630458e-02 -1.55240556e+00 
 8.13630458e-02 -1.55369072e+00 
 8.14630458e-02 -1.55497191e+00 
 8.15630458e-02 -1.55624917e+00 
 8.16630458e-02 -1.55752251e+00 
 8.17630458e-02 -1.55879197e+00 
 8.18630458e-02 -1.56005756e+00 
 8.19630458e-02 -1.56131932e+00 
 8.20630458e-02 -1.56257727e+00 
 8.21630458e-02 -1.56383143e+00 
 8.22630458e-02 -1.56508183e+00 
 8.23630458e-02 -1.56632850e+00 
 8.24630458e-02 -1.56757147e+00 
 8.25630458e-02 -1.56881075e+00 
 8.26630458e-02 -1.57004639e+00 
 8.27630458e-02 -1.57127839e+00 
 8.28630458e-02 -1.57250680e+00 
 8.29630458e-02 -1.57373164e+00 
 8.30630458e-02 -1.57495294e+00 
 8.31630458e-02 -1.57617071e+00 
 8.32630458e-02 -1.57738500e+00 
 8.33630458e-02 -1.57859582e+00 
 8.34630458e-02 -1.57980321e+00 
 8.35630458e-02 -1.58100718e+00 
 8.36630458e-02 -1.58220778e+00 
 8.37630458e-02 -1.58340502e+00 
 8.38630458e-02 -1.58459893e+00 
 8.39630458e-02 -1.58578954e+00 
 8.40630458e-02 -1.58697687e+00 
 8.41630458e-02 -1.58816096e+00 
 8.42630458e-02 -1.58934182e+00 
 8.43630458e-02 -1.59051949e+00 
 8.44630458e-02 -1.59169400e+00 
 8.45630458e-02 -1.59286536e+00 
 8.46630458e-02 -1.59403361e+00 
 8.47630458e-02 -1.59519876e+00 
 8.48630458e-02 -1.59636086e+00 
 8.49630458e-02 -1.59751992e+00 
 8.50630458e-02 -1.59867597e+00 
 8.51630458e-02 -1.59982903e+00 
 8.52630458e-02 -1.60097913e+00 
 8.53630458e-02 -1.60212630e+00 
 8.54630458e-02 -1.60327056e+00 
 8.55630458e-02 -1.60441194e+00 
 8.56630458e-02 -1.60555046e+00 
 8.57630458e-02 -1.60668615e+00 
 8.58630458e-02 -1.60781902e+00 
 8.59630458e-02 -1.60894912e+00 
 8.60630458e-02 -1.61007645e+00 
 8.61630458e-02 -1.61120105e+00 
 8.62630458e-02 -1.61232293e+00 
 8.63630458e-02 -1.61344213e+00 
 8.64630458e-02 -1.61455867e+00 
 8.65630458e-02 -1.61567256e+00 
 8.66630458e-02 -1.61678384e+00 
 8.67630458e-02 -1.61789252e+00 
 8.68630458e-02 -1.61899863e+00 
 8.69630458e-02 -1.62010220e+00 
 8.70630458e-02 -1.62120323e+00 
 8.71630458e-02 -1.62230177e+00 
 8.72630458e-02 -1.62339782e+00 
 8.73630458e-02 -1.62449142e+00 
 8.74630458e-02 -1.62558258e+00 
 8.75630458e-02 -1.62667132e+00 
 8.76630458e-02 -1.62775767e+00 
 8.77630458e-02 -1.62884164e+00 
 8.78630458e-02 -1.62992327e+00 
 8.79630458e-02 -1.63100256e+00 
 8.80630458e-02 -1.63207954e+00 
 8.81630458e-02 -1.63315424e+00 
 8.82630458e-02 -1.63422666e+00 
 8.83630458e-02 -1.63529684e+00 
 8.84630458e-02 -1.63636479e+00 
 8.85630458e-02 -1.63743052e+00 
 8.86630458e-02 -1.63849407e+00 
 8.87630458e-02 -1.63955545e+00 
 8.88630458e-02 -1.64061467e+00 
 8.89630458e-02 -1.64167177e+00 
 8.90630458e-02 -1.64272675e+00 
 8.91630458e-02 -1.64377963e+00 
 8.92630458e-02 -1.64483044e+00 
 8.93630458e-02 -1.64587919e+00 
 8.94630458e-02 -1.64692590e+00 
 8.95630458e-02 -1.64797059e+00 
 8.96630458e-02 -1.64901328e+00 
 8.97630458e-02 -1.65005397e+00 
 8.98630458e-02 -1.65109270e+00 
 8.99630458e-02 -1.65212948e+00 
 9.00630458e-02 -1.65316432e+00 
 9.01630458e-02 -1.65419724e+00 
 9.02630458e-02 -1.65522826e+00 
 9.03630458e-02 -1.65625739e+00 
 9.04630458e-02 -1.65728466e+00 
 9.05630458e-02 -1.65831007e+00 
 9.06630458e-02 -1.65933365e+00 
 9.07630458e-02 -1.66035540e+00 
 9.08630458e-02 -1.66137535e+00 
 9.09630458e-02 -1.66239351e+00 
 9.10630458e-02 -1.66340989e+00 
 9.11630458e-02 -1.66442452e+00 
 9.12630458e-02 -1.66543739e+00 
 9.13630458e-02 -1.66644854e+00 
 9.14630458e-02 -1.66745798e+00 
 9.15630458e-02 -1.66846571e+00 
 9.16630458e-02 -1.66947176e+00 
 9.17630458e-02 -1.67047613e+00 
 9.18630458e-02 -1.67147885e+00 
 9.19630458e-02 -1.67247992e+00 
 9.20630458e-02 -1.67347936e+00 
 9.21630458e-02 -1.67447719e+00 
 9.22630458e-02 -1.67547341e+00 
 9.23630458e-02 -1.67646804e+00 
 9.24630458e-02 -1.67746109e+00 
 9.25630458e-02 -1.67845258e+00 
 9.26630458e-02 -1.67944252e+00 
 9.27630458e-02 -1.68043092e+00 
 9.28630458e-02 -1.68141779e+00 
 9.29630458e-02 -1.68240316e+00 
 9.30630458e-02 -1.68338702e+00 
 9.31630458e-02 -1.68436939e+00 
 9.32630458e-02 -1.68535028e+00 
 9.33630458e-02 -1.68632971e+00 
 9.34630458e-02 -1.68730769e+00 
 9.35630458e-02 -1.68828422e+00 
 9.36630458e-02 -1.68925933e+00 
 9.37630458e-02 -1.69023301e+00 
 9.38630458e-02 -1.69120529e+00 
 9.39630458e-02 -1.69217618e+00 
 9.40630458e-02 -1.69314568e+00 
 9.41630458e-02 -1.69411380e+00 
 9.42630458e-02 -1.69508056e+00 
 9.43630458e-02 -1.69604597e+00 
 9.44630458e-02 -1.69701004e+00 
 9.45630458e-02 -1.69797278e+00 
 9.46630458e-02 -1.69893419e+00 
 9.47630458e-02 -1.69989429e+00 
 9.48630458e-02 -1.70085310e+00 
 9.49630458e-02 -1.70181061e+00 
 9.50630458e-02 -1.70276684e+00 
 9.51630458e-02 -1.70372180e+00 
 9.52630458e-02 -1.70467550e+00 
 9.53630458e-02 -1.70562795e+00 
 9.54630458e-02 -1.70657916e+00 
 9.55630458e-02 -1.70752913e+00 
 9.56630458e-02 -1.70847788e+00 
 9.57630458e-02 -1.70942542e+00 
 9.58630458e-02 -1.71037175e+00 
 9.59630458e-02 -1.71131688e+00 
 9.60630458e-02 -1.71226083e+00 
 9.61630458e-02 -1.71320360e+00 
 9.62630458e-02 -1.71414520e+00 
 9.63630458e-02 -1.71508564e+00 
 9.64630458e-02 -1.71602492e+00 
 9.65630458e-02 -1.71696306e+00 
 9.66630458e-02 -1.71790007e+00 
 9.67630458e-02 -1.71883595e+00 
 9.68630458e-02 -1.71977071e+00 
 9.69630458e-02 -1.72070436e+00 
 9.70630458e-02 -1.72163690e+00 
 9.71630458e-02 -1.72256835e+00 
 9.72630458e-02 -1.72349871e+00 
 9.73630458e-02 -1.72442799e+00 
 9.74630458e-02 -1.72535620e+00 
 9.75630458e-02 -1.72628335e+00 
 9.76630458e-02 -1.72720943e+00 
 9.77630458e-02 -1.72813447e+00 
 9.78630458e-02 -1.72905847e+00 
 9.79630458e-02 -1.72998143e+00 
 9.80630458e-02 -1.73090336e+00 
 9.81630458e-02 -1.73182428e+00 
 9.82630458e-02 -1.73274418e+00 
 9.83630458e-02 -1.73366307e+00 
 9.84630458e-02 -1.73458096e+00 
 9.85630458e-02 -1.73549786e+00 
 9.86630458e-02 -1.73641378e+00 
 9.87630458e-02 -1.73732871e+00 
 9.88630458e-02 -1.73824268e+00 
 9.89630458e-02 -1.73915567e+00 
 9.90630458e-02 -1.74006771e+00 
 9.91630458e-02 -1.74097879e+00 
 9.92630458e-02 -1.74188893e+00 
 9.93630458e-02 -1.74279813e+00 
 9.94630458e-02 -1.74370639e+00 
 9.95630458e-02 -1.74461372e+00 
 9.96630458e-02 -1.74552013e+00 
 9.97630458e-02 -1.74642563e+00 
 9.98630458e-02 -1.74733021e+00 
 9.99630458e-02 -1.74823389e+00 
 1.00063046e-01 -1.74913668e+00 
 1.00163046e-01 -1.75003857e+00 
 1.00263046e-01 -1.75093957e+00 
 1.00363046e-01 -1.75183969e+00 
 1.00463046e-01 -1.75273894e+00 
 1.00563046e-01 -1.75363732e+00 
 1.00663046e-01 -1.75453483e+00 
 1.00763046e-01 -1.75543148e+00 
 1.00863046e-01 -1.75632728e+00 
 1.00963046e-01 -1.75722224e+00 
 1.01063046e-01 -1.75811635e+00 
 1.01163046e-01 -1.75900962e+00 
 1.01263046e-01 -1.75990206e+00 
 1.01363046e-01 -1.76079367e+00 
 1.01463046e-01 -1.76168446e+00 
 1.01563046e-01 -1.76257444e+00 
 1.01663046e-01 -1.76346360e+00 
 1.01763046e-01 -1.76435195e+00 
 1.01863046e-01 -1.76523951e+00 
 1.01963046e-01 -1.76612626e+00 
 1.02063046e-01 -1.76701222e+00 
 1.02163046e-01 -1.76789740e+00 
 1.02263046e-01 -1.76878179e+00 
 1.02363046e-01 -1.76966541e+00 
 1.02463046e-01 -1.77054825e+00 
 1.02563046e-01 -1.77143032e+00 
 1.02663046e-01 -1.77231162e+00 
 1.02763046e-01 -1.77319217e+00 
 1.02863046e-01 -1.77407196e+00 
 1.02963046e-01 -1.77495100e+00 
 1.03063046e-01 -1.77582929e+00 
 1.03163046e-01 -1.77670684e+00 
 1.03263046e-01 -1.77758365e+00 
 1.03363046e-01 -1.77845973e+00 
 1.03463046e-01 -1.77933508e+00 
 1.03563046e-01 -1.78020970e+00 
 1.03663046e-01 -1.78108360e+00 
 1.03763046e-01 -1.78195678e+00 
 1.03863046e-01 -1.78282925e+00 
 1.03963046e-01 -1.78370101e+00 
 1.04063046e-01 -1.78457207e+00 
 1.04163046e-01 -1.78544242e+00 
 1.04263046e-01 -1.78631208e+00 
 1.04363046e-01 -1.78718104e+00 
 1.04463046e-01 -1.78804931e+00 
 1.04563046e-01 -1.78891690e+00 
 1.04663046e-01 -1.78978380e+00 
 1.04763046e-01 -1.79065003e+00 
 1.04863046e-01 -1.79151558e+00 
 1.04963046e-01 -1.79238045e+00 
 1.05063046e-01 -1.79324467e+00 
 1.05163046e-01 -1.79410821e+00 
 1.05263046e-01 -1.79497110e+00 
 1.05363046e-01 -1.79583333e+00 
 1.05463046e-01 -1.79669491e+00 
 1.05563046e-01 -1.79755583e+00 
 1.05663046e-01 -1.79841611e+00 
 1.05763046e-01 -1.79927575e+00 
 1.05863046e-01 -1.80013474e+00 
 1.05963046e-01 -1.80099310e+00 
 1.06063046e-01 -1.80185083e+00 
 1.06163046e-01 -1.80270793e+00 
 1.06263046e-01 -1.80356440e+00 
 1.06363046e-01 -1.80442024e+00 
 1.06463046e-01 -1.80527547e+00 
 1.06563046e-01 -1.80613008e+00 
 1.06663046e-01 -1.80698408e+00 
 1.06763046e-01 -1.80783746e+00 
 1.06863046e-01 -1.80869024e+00 
 1.06963046e-01 -1.80954241e+00 
 1.07063046e-01 -1.81039398e+00 
 1.07163046e-01 -1.81124495e+00 
 1.07263046e-01 -1.81209533e+00 
 1.07363046e-01 -1.81294511e+00 
 1.07463046e-01 -1.81379430e+00 
 1.07563046e-01 -1.81464291e+00 
 1.07663046e-01 -1.81549093e+00 
 1.07763046e-01 -1.81633837e+00 
 1.07863046e-01 -1.81718524e+00 
 1.07963046e-01 -1.81803152e+00 
 1.08063046e-01 -1.81887724e+00 
 1.08163046e-01 -1.81972238e+00 
 1.08263046e-01 -1.82056696e+00 
 1.08363046e-01 -1.82141097e+00 
 1.08463046e-01 -1.82225442e+00 
 1.08563046e-01 -1.82309731e+00 
 1.08663046e-01 -1.82393965e+00 
 1.08763046e-01 -1.82478143e+00 
 1.08863046e-01 -1.82562266e+00 
 1.08963046e-01 -1.82646334e+00 
 1.09063046e-01 -1.82730347e+00 
 1.09163046e-01 -1.82814306e+00 
 1.09263046e-01 -1.82898211e+00 
 1.09363046e-01 -1.82982062e+00 
 1.09463046e-01 -1.83065859e+00 
 1.09563046e-01 -1.83149603e+00 
 1.09663046e-01 -1.83233293e+00 
 1.09763046e-01 -1.83316931e+00 
 1.09863046e-01 -1.83400516e+00 
 1.09963046e-01 -1.83484049e+00 
 1.10063046e-01 -1.83567530e+00 
 1.10163046e-01 -1.83650958e+00 
 1.10263046e-01 -1.83734335e+00 
 1.10363046e-01 -1.83817660e+00 
 1.10463046e-01 -1.83900934e+00 
 1.10563046e-01 -1.83984157e+00 
 1.10663046e-01 -1.84067329e+00 
 1.10763046e-01 -1.84150451e+00 
 1.10863046e-01 -1.84233522e+00 
 1.10963046e-01 -1.84316543e+00 
 1.11063046e-01 -1.84399514e+00 
 1.11163046e-01 -1.84482435e+00 
 1.11263046e-01 -1.84565306e+00 
 1.11363046e-01 -1.84648129e+00 
 1.11463046e-01 -1.84730902e+00 
 1.11563046e-01 -1.84813626e+00 
 1.11663046e-01 -1.84896302e+00 
 1.11763046e-01 -1.84978929e+00 
 1.11863046e-01 -1.85061508e+00 
 1.11963046e-01 -1.85144038e+00 
 1.12063046e-01 -1.85226521e+00 
 1.12163046e-01 -1.85308956e+00 
 1.12263046e-01 -1.85391344e+00 
 1.12363046e-01 -1.85473684e+00 
 1.12463046e-01 -1.85555977e+00 
 1.12563046e-01 -1.85638223e+00 
 1.12663046e-01 -1.85720423e+00 
 1.12763046e-01 -1.85802575e+00 
 1.12863046e-01 -1.85884682e+00 
 1.12963046e-01 -1.85966742e+00 
 1.13063046e-01 -1.86048757e+00 
 1.13163046e-01 -1.86130725e+00 
 1.13263046e-01 -1.86212648e+00 
 1.13363046e-01 -1.86294526e+00 
 1.13463046e-01 -1.86376358e+00 
 1.13563046e-01 -1.86458145e+00 
 1.13663046e-01 -1.86539887e+00 
 1.13763046e-01 -1.86621585e+00 
 1.13863046e-01 -1.86703237e+00 
 1.13963046e-01 -1.86784846e+00 
 1.14063046e-01 -1.86866410e+00 
 1.14163046e-01 -1.86947930e+00 
 1.14263046e-01 -1.87029407e+00 
 1.14363046e-01 -1.87110839e+00 
 1.14463046e-01 -1.87192228e+00 
 1.14563046e-01 -1.87273574e+00 
 1.14663046e-01 -1.87354876e+00 
 1.14763046e-01 -1.87436135e+00 
 1.14863046e-01 -1.87517352e+00 
 1.14963046e-01 -1.87598525e+00 
 1.15063046e-01 -1.87679656e+00 
 1.15163046e-01 -1.87760745e+00 
 1.15263046e-01 -1.87841791e+00 
 1.15363046e-01 -1.87922795e+00 
 1.15463046e-01 -1.88003757e+00 
 1.15563046e-01 -1.88084678e+00 
 1.15663046e-01 -1.88165556e+00 
 1.15763046e-01 -1.88246393e+00 
 1.15863046e-01 -1.88327189e+00 
 1.15963046e-01 -1.88407944e+00 
 1.16063046e-01 -1.88488657e+00 
 1.16163046e-01 -1.88569330e+00 
 1.16263046e-01 -1.88649961e+00 
 1.16363046e-01 -1.88730552e+00 
 1.16463046e-01 -1.88811103e+00 
 1.16563046e-01 -1.88891613e+00 
 1.16663046e-01 -1.88972083e+00 
 1.16763046e-01 -1.89052513e+00 
 1.16863046e-01 -1.89132903e+00 
 1.16963046e-01 -1.89213253e+00 
 1.17063046e-01 -1.89293563e+00 
 1.17163046e-01 -1.89373834e+00 
 1.17263046e-01 -1.89454066e+00 
 1.17363046e-01 -1.89534258e+00 
 1.17463046e-01 -1.89614411e+00 
 1.17563046e-01 -1.89694525e+00 
 1.17663046e-01 -1.89774600e+00 
 1.17763046e-01 -1.89854636e+00 
 1.17863046e-01 -1.89934634e+00 
 1.17963046e-01 -1.90014593e+00 
 1.18063046e-01 -1.90094514e+00 
 1.18163046e-01 -1.90174397e+00 
 1.18263046e-01 -1.90254241e+00 
 1.18363046e-01 -1.90334048e+00 
 1.18463046e-01 -1.90413817e+00 
 1.18563046e-01 -1.90493548e+00 
 1.18663046e-01 -1.90573241e+00 
 1.18763046e-01 -1.90652897e+00 
 1.18863046e-01 -1.90732515e+00 
 1.18963046e-01 -1.90812096e+00 
 1.19063046e-01 -1.90891640e+00 
 1.19163046e-01 -1.90971147e+00 
 1.19263046e-01 -1.91050617e+00 
 1.19363046e-01 -1.91130050e+00 
 1.19463046e-01 -1.91209447e+00 
 1.19563046e-01 -1.91288807e+00 
 1.19663046e-01 -1.91368130e+00 
 1.19763046e-01 -1.91447417e+00 
 1.19863046e-01 -1.91526668e+00 
 1.19963046e-01 -1.91605883e+00 
 1.20000000e-01 -1.91635147e+00 
