 0.00000000e+00  1.00000000e-01 
 1.00000000e-07  1.00000000e-01 
 2.00000000e-07  1.00000000e-01 
 4.00000000e-07  1.00000000e-01 
 8.00000000e-07  1.00000000e-01 
 1.60000000e-06  1.00000000e-01 
 3.20000000e-06  1.00000000e-01 
 6.40000000e-06  1.00000000e-01 
 1.28000000e-05  1.00000000e-01 
 2.28000000e-05  1.00000000e-01 
 3.28000000e-05  1.00000000e-01 
 4.28000000e-05  1.00000000e-01 
 5.28000000e-05  1.00000000e-01 
 6.28000000e-05  1.00000000e-01 
 7.28000000e-05  1.00000000e-01 
 8.28000000e-05  1.00000000e-01 
 9.28000000e-05  1.00000000e-01 
 1.02800000e-04  1.00000000e-01 
 1.12800000e-04  1.00000000e-01 
 1.22800000e-04  1.00000000e-01 
 1.32800000e-04  1.00000000e-01 
 1.42800000e-04  1.00000000e-01 
 1.52800000e-04  1.00000000e-01 
 1.62800000e-04  1.00000000e-01 
 1.72800000e-04  1.00000000e-01 
 1.82800000e-04  1.00000000e-01 
 1.92800000e-04  1.00000000e-01 
 2.02800000e-04  1.00000000e-01 
 2.12800000e-04  1.00000000e-01 
 2.22800000e-04  1.00000000e-01 
 2.32800000e-04  1.00000000e-01 
 2.42800000e-04  1.00000000e-01 
 2.52800000e-04  1.00000000e-01 
 2.62800000e-04  1.00000000e-01 
 2.72800000e-04  1.00000000e-01 
 2.82800000e-04  1.00000000e-01 
 2.92800000e-04  1.00000000e-01 
 3.02800000e-04  1.00000000e-01 
 3.12800000e-04  1.00000000e-01 
 3.22800000e-04  1.00000000e-01 
 3.32800000e-04  1.00000000e-01 
 3.42800000e-04  1.00000000e-01 
 3.52800000e-04  1.00000000e-01 
 3.62800000e-04  1.00000000e-01 
 3.72800000e-04  1.00000000e-01 
 3.82800000e-04  1.00000000e-01 
 3.92800000e-04  1.00000000e-01 
 4.02800000e-04  1.00000000e-01 
 4.12800000e-04  1.00000000e-01 
 4.22800000e-04  1.00000000e-01 
 4.32800000e-04  1.00000000e-01 
 4.42800000e-04  1.00000000e-01 
 4.52800000e-04  1.00000000e-01 
 4.62800000e-04  1.00000000e-01 
 4.72800000e-04  1.00000000e-01 
 4.82800000e-04  1.00000000e-01 
 4.92800000e-04  1.00000000e-01 
 5.02800000e-04  1.00000000e-01 
 5.12800000e-04  1.00000000e-01 
 5.22800000e-04  1.00000000e-01 
 5.32800000e-04  1.00000000e-01 
 5.42800000e-04  1.00000000e-01 
 5.52800000e-04  1.00000000e-01 
 5.62800000e-04  1.00000000e-01 
 5.72800000e-04  1.00000000e-01 
 5.82800000e-04  1.00000000e-01 
 5.92800000e-04  1.00000000e-01 
 6.02800000e-04  1.00000000e-01 
 6.12800000e-04  1.00000000e-01 
 6.22800000e-04  1.00000000e-01 
 6.32800000e-04  1.00000000e-01 
 6.42800000e-04  1.00000000e-01 
 6.52800000e-04  1.00000000e-01 
 6.62800000e-04  1.00000000e-01 
 6.72800000e-04  1.00000000e-01 
 6.82800000e-04  1.00000000e-01 
 6.92800000e-04  1.00000000e-01 
 7.02800000e-04  1.00000000e-01 
 7.12800000e-04  1.00000000e-01 
 7.22800000e-04  1.00000000e-01 
 7.32800000e-04  1.00000000e-01 
 7.42800000e-04  1.00000000e-01 
 7.52800000e-04  1.00000000e-01 
 7.62800000e-04  1.00000000e-01 
 7.72800000e-04  1.00000000e-01 
 7.82800000e-04  1.00000000e-01 
 7.92800000e-04  1.00000000e-01 
 8.02800000e-04  1.00000000e-01 
 8.12800000e-04  1.00000000e-01 
 8.22800000e-04  1.00000000e-01 
 8.32800000e-04  1.00000000e-01 
 8.42800000e-04  1.00000000e-01 
 8.52800000e-04  1.00000000e-01 
 8.62800000e-04  1.00000000e-01 
 8.72800000e-04  1.00000000e-01 
 8.82800000e-04  1.00000000e-01 
 8.92800000e-04  1.00000000e-01 
 9.02800000e-04  1.00000000e-01 
 9.12800000e-04  1.00000000e-01 
 9.22800000e-04  1.00000000e-01 
 9.32800000e-04  1.00000000e-01 
 9.42800000e-04  1.00000000e-01 
 9.52800000e-04  1.00000000e-01 
 9.62800000e-04  1.00000000e-01 
 9.72800000e-04  1.00000000e-01 
 9.82800000e-04  1.00000000e-01 
 9.92800000e-04  1.00000000e-01 
 1.00280000e-03  1.00000000e-01 
 1.01280000e-03  1.00000000e-01 
 1.02280000e-03  1.00000000e-01 
 1.03280000e-03  1.00000000e-01 
 1.04280000e-03  1.00000000e-01 
 1.05280000e-03  1.00000000e-01 
 1.06280000e-03  1.00000000e-01 
 1.07280000e-03  1.00000000e-01 
 1.08280000e-03  1.00000000e-01 
 1.09280000e-03  1.00000000e-01 
 1.10280000e-03  1.00000000e-01 
 1.11280000e-03  1.00000000e-01 
 1.12280000e-03  1.00000000e-01 
 1.13280000e-03  1.00000000e-01 
 1.14280000e-03  1.00000000e-01 
 1.15280000e-03  1.00000000e-01 
 1.16280000e-03  1.00000000e-01 
 1.17280000e-03  1.00000000e-01 
 1.18280000e-03  1.00000000e-01 
 1.19280000e-03  1.00000000e-01 
 1.20280000e-03  1.00000000e-01 
 1.21280000e-03  1.00000000e-01 
 1.22280000e-03  1.00000000e-01 
 1.23280000e-03  1.00000000e-01 
 1.24280000e-03  1.00000000e-01 
 1.25280000e-03  1.00000000e-01 
 1.26280000e-03  1.00000000e-01 
 1.27280000e-03  1.00000000e-01 
 1.28280000e-03  1.00000000e-01 
 1.29280000e-03  1.00000000e-01 
 1.30280000e-03  1.00000000e-01 
 1.31280000e-03  1.00000000e-01 
 1.32280000e-03  1.00000000e-01 
 1.33280000e-03  1.00000000e-01 
 1.34280000e-03  1.00000000e-01 
 1.35280000e-03  1.00000000e-01 
 1.36280000e-03  1.00000000e-01 
 1.37280000e-03  1.00000000e-01 
 1.38280000e-03  1.00000000e-01 
 1.39280000e-03  1.00000000e-01 
 1.40280000e-03  1.00000000e-01 
 1.41280000e-03  1.00000000e-01 
 1.42280000e-03  1.00000000e-01 
 1.43280000e-03  1.00000000e-01 
 1.44280000e-03  1.00000000e-01 
 1.45280000e-03  1.00000000e-01 
 1.46280000e-03  1.00000000e-01 
 1.47280000e-03  1.00000000e-01 
 1.48280000e-03  1.00000000e-01 
 1.49280000e-03  1.00000000e-01 
 1.50280000e-03  1.00000000e-01 
 1.51280000e-03  1.00000000e-01 
 1.52280000e-03  1.00000000e-01 
 1.53280000e-03  1.00000000e-01 
 1.54280000e-03  1.00000000e-01 
 1.55280000e-03  1.00000000e-01 
 1.56280000e-03  1.00000000e-01 
 1.57280000e-03  1.00000000e-01 
 1.58280000e-03  1.00000000e-01 
 1.59280000e-03  1.00000000e-01 
 1.60280000e-03  1.00000000e-01 
 1.61280000e-03  1.00000000e-01 
 1.62280000e-03  1.00000000e-01 
 1.63280000e-03  1.00000000e-01 
 1.64280000e-03  1.00000000e-01 
 1.65280000e-03  1.00000000e-01 
 1.66280000e-03  1.00000000e-01 
 1.67280000e-03  1.00000000e-01 
 1.68280000e-03  1.00000000e-01 
 1.69280000e-03  1.00000000e-01 
 1.70280000e-03  1.00000000e-01 
 1.71280000e-03  1.00000000e-01 
 1.72280000e-03  1.00000000e-01 
 1.73280000e-03  1.00000000e-01 
 1.74280000e-03  1.00000000e-01 
 1.75280000e-03  1.00000000e-01 
 1.76280000e-03  1.00000000e-01 
 1.77280000e-03  1.00000000e-01 
 1.78280000e-03  1.00000000e-01 
 1.79280000e-03  1.00000000e-01 
 1.80280000e-03  1.00000000e-01 
 1.81280000e-03  1.00000000e-01 
 1.82280000e-03  1.00000000e-01 
 1.83280000e-03  1.00000000e-01 
 1.84280000e-03  1.00000000e-01 
 1.85280000e-03  1.00000000e-01 
 1.86280000e-03  1.00000000e-01 
 1.87280000e-03  1.00000000e-01 
 1.88280000e-03  1.00000000e-01 
 1.89280000e-03  1.00000000e-01 
 1.90280000e-03  1.00000000e-01 
 1.91280000e-03  1.00000000e-01 
 1.92280000e-03  1.00000000e-01 
 1.93280000e-03  1.00000000e-01 
 1.94280000e-03  1.00000000e-01 
 1.95280000e-03  1.00000000e-01 
 1.96280000e-03  1.00000000e-01 
 1.97280000e-03  1.00000000e-01 
 1.98280000e-03  1.00000000e-01 
 1.99280000e-03  1.00000000e-01 
 2.00280000e-03  1.00000000e-01 
 2.01280000e-03  1.00000000e-01 
 2.02280000e-03  1.00000000e-01 
 2.03280000e-03  1.00000000e-01 
 2.04280000e-03  1.00000000e-01 
 2.05280000e-03  1.00000000e-01 
 2.06280000e-03  1.00000000e-01 
 2.07280000e-03  1.00000000e-01 
 2.08280000e-03  1.00000000e-01 
 2.09280000e-03  1.00000000e-01 
 2.10280000e-03  1.00000000e-01 
 2.11280000e-03  1.00000000e-01 
 2.12280000e-03  1.00000000e-01 
 2.13280000e-03  1.00000000e-01 
 2.14280000e-03  1.00000000e-01 
 2.15280000e-03  1.00000000e-01 
 2.16280000e-03  1.00000000e-01 
 2.17280000e-03  1.00000000e-01 
 2.18280000e-03  1.00000000e-01 
 2.19280000e-03  1.00000000e-01 
 2.20280000e-03  1.00000000e-01 
 2.21280000e-03  1.00000000e-01 
 2.22280000e-03  1.00000000e-01 
 2.23280000e-03  1.00000000e-01 
 2.24280000e-03  1.00000000e-01 
 2.25280000e-03  1.00000000e-01 
 2.26280000e-03  1.00000000e-01 
 2.27280000e-03  1.00000000e-01 
 2.28280000e-03  1.00000000e-01 
 2.29280000e-03  1.00000000e-01 
 2.30280000e-03  1.00000000e-01 
 2.31280000e-03  1.00000000e-01 
 2.32280000e-03  1.00000000e-01 
 2.33280000e-03  1.00000000e-01 
 2.34280000e-03  1.00000000e-01 
 2.35280000e-03  1.00000000e-01 
 2.36280000e-03  1.00000000e-01 
 2.37280000e-03  1.00000000e-01 
 2.38280000e-03  1.00000000e-01 
 2.39280000e-03  1.00000000e-01 
 2.40280000e-03  1.00000000e-01 
 2.41280000e-03  1.00000000e-01 
 2.42280000e-03  1.00000000e-01 
 2.43280000e-03  1.00000000e-01 
 2.44280000e-03  1.00000000e-01 
 2.45280000e-03  1.00000000e-01 
 2.46280000e-03  1.00000000e-01 
 2.47280000e-03  1.00000000e-01 
 2.48280000e-03  1.00000000e-01 
 2.49280000e-03  1.00000000e-01 
 2.50280000e-03  1.00000000e-01 
 2.51280000e-03  1.00000000e-01 
 2.52280000e-03  1.00000000e-01 
 2.53280000e-03  1.00000000e-01 
 2.54280000e-03  1.00000000e-01 
 2.55280000e-03  1.00000000e-01 
 2.56280000e-03  1.00000000e-01 
 2.57280000e-03  1.00000000e-01 
 2.58280000e-03  1.00000000e-01 
 2.59280000e-03  1.00000000e-01 
 2.60280000e-03  1.00000000e-01 
 2.61280000e-03  1.00000000e-01 
 2.62280000e-03  1.00000000e-01 
 2.63280000e-03  1.00000000e-01 
 2.64280000e-03  1.00000000e-01 
 2.65280000e-03  1.00000000e-01 
 2.66280000e-03  1.00000000e-01 
 2.67280000e-03  1.00000000e-01 
 2.68280000e-03  1.00000000e-01 
 2.69280000e-03  1.00000000e-01 
 2.70280000e-03  1.00000000e-01 
 2.71280000e-03  1.00000000e-01 
 2.72280000e-03  1.00000000e-01 
 2.73280000e-03  1.00000000e-01 
 2.74280000e-03  1.00000000e-01 
 2.75280000e-03  1.00000000e-01 
 2.76280000e-03  1.00000000e-01 
 2.77280000e-03  1.00000000e-01 
 2.78280000e-03  1.00000000e-01 
 2.79280000e-03  1.00000000e-01 
 2.80280000e-03  1.00000000e-01 
 2.81280000e-03  1.00000000e-01 
 2.82280000e-03  1.00000000e-01 
 2.83280000e-03  1.00000000e-01 
 2.84280000e-03  1.00000000e-01 
 2.85280000e-03  1.00000000e-01 
 2.86280000e-03  1.00000000e-01 
 2.87280000e-03  1.00000000e-01 
 2.88280000e-03  1.00000000e-01 
 2.89280000e-03  1.00000000e-01 
 2.90280000e-03  1.00000000e-01 
 2.91280000e-03  1.00000000e-01 
 2.92280000e-03  1.00000000e-01 
 2.93280000e-03  1.00000000e-01 
 2.94280000e-03  1.00000000e-01 
 2.95280000e-03  1.00000000e-01 
 2.96280000e-03  1.00000000e-01 
 2.97280000e-03  1.00000000e-01 
 2.98280000e-03  1.00000000e-01 
 2.99280000e-03  1.00000000e-01 
 3.00280000e-03  1.00000000e-01 
 3.01280000e-03  1.00000000e-01 
 3.02280000e-03  1.00000000e-01 
 3.03280000e-03  1.00000000e-01 
 3.04280000e-03  1.00000000e-01 
 3.05280000e-03  1.00000000e-01 
 3.06280000e-03  1.00000000e-01 
 3.07280000e-03  1.00000000e-01 
 3.08280000e-03  1.00000000e-01 
 3.09280000e-03  1.00000000e-01 
 3.10280000e-03  1.00000000e-01 
 3.11280000e-03  1.00000000e-01 
 3.12280000e-03  1.00000000e-01 
 3.13280000e-03  1.00000000e-01 
 3.14280000e-03  1.00000000e-01 
 3.15280000e-03  1.00000000e-01 
 3.16280000e-03  1.00000000e-01 
 3.17280000e-03  1.00000000e-01 
 3.18280000e-03  1.00000000e-01 
 3.19280000e-03  1.00000000e-01 
 3.20280000e-03  1.00000000e-01 
 3.21280000e-03  1.00000000e-01 
 3.22280000e-03  1.00000000e-01 
 3.23280000e-03  1.00000000e-01 
 3.24280000e-03  1.00000000e-01 
 3.25280000e-03  1.00000000e-01 
 3.26280000e-03  1.00000000e-01 
 3.27280000e-03  1.00000000e-01 
 3.28280000e-03  1.00000000e-01 
 3.29280000e-03  1.00000000e-01 
 3.30280000e-03  1.00000000e-01 
 3.31280000e-03  1.00000000e-01 
 3.32280000e-03  1.00000000e-01 
 3.33280000e-03  1.00000000e-01 
 3.34280000e-03  1.00000000e-01 
 3.35280000e-03  1.00000000e-01 
 3.36280000e-03  1.00000000e-01 
 3.37280000e-03  1.00000000e-01 
 3.38280000e-03  1.00000000e-01 
 3.39280000e-03  1.00000000e-01 
 3.40280000e-03  1.00000000e-01 
 3.41280000e-03  1.00000000e-01 
 3.42280000e-03  1.00000000e-01 
 3.43280000e-03  1.00000000e-01 
 3.44280000e-03  1.00000000e-01 
 3.45280000e-03  1.00000000e-01 
 3.46280000e-03  1.00000000e-01 
 3.47280000e-03  1.00000000e-01 
 3.48280000e-03  1.00000000e-01 
 3.49280000e-03  1.00000000e-01 
 3.50280000e-03  1.00000000e-01 
 3.51280000e-03  1.00000000e-01 
 3.52280000e-03  1.00000000e-01 
 3.53280000e-03  1.00000000e-01 
 3.54280000e-03  1.00000000e-01 
 3.55280000e-03  1.00000000e-01 
 3.56280000e-03  1.00000000e-01 
 3.57280000e-03  1.00000000e-01 
 3.58280000e-03  1.00000000e-01 
 3.59280000e-03  1.00000000e-01 
 3.60280000e-03  1.00000000e-01 
 3.61280000e-03  1.00000000e-01 
 3.62280000e-03  1.00000000e-01 
 3.63280000e-03  1.00000000e-01 
 3.64280000e-03  1.00000000e-01 
 3.65280000e-03  1.00000000e-01 
 3.66280000e-03  1.00000000e-01 
 3.67280000e-03  1.00000000e-01 
 3.68280000e-03  1.00000000e-01 
 3.69280000e-03  1.00000000e-01 
 3.70280000e-03  1.00000000e-01 
 3.71280000e-03  1.00000000e-01 
 3.72280000e-03  1.00000000e-01 
 3.73280000e-03  1.00000000e-01 
 3.74280000e-03  1.00000000e-01 
 3.75280000e-03  1.00000000e-01 
 3.76280000e-03  1.00000000e-01 
 3.77280000e-03  1.00000000e-01 
 3.78280000e-03  1.00000000e-01 
 3.79280000e-03  1.00000000e-01 
 3.80280000e-03  1.00000000e-01 
 3.81280000e-03  1.00000000e-01 
 3.82280000e-03  1.00000000e-01 
 3.83280000e-03  1.00000000e-01 
 3.84280000e-03  1.00000000e-01 
 3.85280000e-03  1.00000000e-01 
 3.86280000e-03  1.00000000e-01 
 3.87280000e-03  1.00000000e-01 
 3.88280000e-03  1.00000000e-01 
 3.89280000e-03  1.00000000e-01 
 3.90280000e-03  1.00000000e-01 
 3.91280000e-03  1.00000000e-01 
 3.92280000e-03  1.00000000e-01 
 3.93280000e-03  1.00000000e-01 
 3.94280000e-03  1.00000000e-01 
 3.95280000e-03  1.00000000e-01 
 3.96280000e-03  1.00000000e-01 
 3.97280000e-03  1.00000000e-01 
 3.98280000e-03  1.00000000e-01 
 3.99280000e-03  1.00000000e-01 
 4.00280000e-03  1.00000000e-01 
 4.01280000e-03  1.00000000e-01 
 4.02280000e-03  1.00000000e-01 
 4.03280000e-03  1.00000000e-01 
 4.04280000e-03  1.00000000e-01 
 4.05280000e-03  1.00000000e-01 
 4.06280000e-03  1.00000000e-01 
 4.07280000e-03  1.00000000e-01 
 4.08280000e-03  1.00000000e-01 
 4.09280000e-03  1.00000000e-01 
 4.10280000e-03  1.00000000e-01 
 4.11280000e-03  1.00000000e-01 
 4.12280000e-03  1.00000000e-01 
 4.13280000e-03  1.00000000e-01 
 4.14280000e-03  1.00000000e-01 
 4.15280000e-03  1.00000000e-01 
 4.16280000e-03  1.00000000e-01 
 4.17280000e-03  1.00000000e-01 
 4.18280000e-03  1.00000000e-01 
 4.19280000e-03  1.00000000e-01 
 4.20280000e-03  1.00000000e-01 
 4.21280000e-03  1.00000000e-01 
 4.22280000e-03  1.00000000e-01 
 4.23280000e-03  1.00000000e-01 
 4.24280000e-03  1.00000000e-01 
 4.25280000e-03  1.00000000e-01 
 4.26280000e-03  1.00000000e-01 
 4.27280000e-03  1.00000000e-01 
 4.28280000e-03  1.00000000e-01 
 4.29280000e-03  1.00000000e-01 
 4.30280000e-03  1.00000000e-01 
 4.31280000e-03  1.00000000e-01 
 4.32280000e-03  1.00000000e-01 
 4.33280000e-03  1.00000000e-01 
 4.34280000e-03  1.00000000e-01 
 4.35280000e-03  1.00000000e-01 
 4.36280000e-03  1.00000000e-01 
 4.37280000e-03  1.00000000e-01 
 4.38280000e-03  1.00000000e-01 
 4.39280000e-03  1.00000000e-01 
 4.40280000e-03  1.00000000e-01 
 4.41280000e-03  1.00000000e-01 
 4.42280000e-03  1.00000000e-01 
 4.43280000e-03  1.00000000e-01 
 4.44280000e-03  1.00000000e-01 
 4.45280000e-03  1.00000000e-01 
 4.46280000e-03  1.00000000e-01 
 4.47280000e-03  1.00000000e-01 
 4.48280000e-03  1.00000000e-01 
 4.49280000e-03  1.00000000e-01 
 4.50280000e-03  1.00000000e-01 
 4.51280000e-03  1.00000000e-01 
 4.52280000e-03  1.00000000e-01 
 4.53280000e-03  1.00000000e-01 
 4.54280000e-03  1.00000000e-01 
 4.55280000e-03  1.00000000e-01 
 4.56280000e-03  1.00000000e-01 
 4.57280000e-03  1.00000000e-01 
 4.58280000e-03  1.00000000e-01 
 4.59280000e-03  1.00000000e-01 
 4.60280000e-03  1.00000000e-01 
 4.61280000e-03  1.00000000e-01 
 4.62280000e-03  1.00000000e-01 
 4.63280000e-03  1.00000000e-01 
 4.64280000e-03  1.00000000e-01 
 4.65280000e-03  1.00000000e-01 
 4.66280000e-03  1.00000000e-01 
 4.67280000e-03  1.00000000e-01 
 4.68280000e-03  1.00000000e-01 
 4.69280000e-03  1.00000000e-01 
 4.70280000e-03  1.00000000e-01 
 4.71280000e-03  1.00000000e-01 
 4.72280000e-03  1.00000000e-01 
 4.73280000e-03  1.00000000e-01 
 4.74280000e-03  1.00000000e-01 
 4.75280000e-03  1.00000000e-01 
 4.76280000e-03  1.00000000e-01 
 4.77280000e-03  1.00000000e-01 
 4.78280000e-03  1.00000000e-01 
 4.79280000e-03  1.00000000e-01 
 4.80280000e-03  1.00000000e-01 
 4.81280000e-03  1.00000000e-01 
 4.82280000e-03  1.00000000e-01 
 4.83280000e-03  1.00000000e-01 
 4.84280000e-03  1.00000000e-01 
 4.85280000e-03  1.00000000e-01 
 4.86280000e-03  1.00000000e-01 
 4.87280000e-03  1.00000000e-01 
 4.88280000e-03  1.00000000e-01 
 4.89280000e-03  1.00000000e-01 
 4.90280000e-03  1.00000000e-01 
 4.91280000e-03  1.00000000e-01 
 4.92280000e-03  1.00000000e-01 
 4.93280000e-03  1.00000000e-01 
 4.94280000e-03  1.00000000e-01 
 4.95280000e-03  1.00000000e-01 
 4.96280000e-03  1.00000000e-01 
 4.97280000e-03  1.00000000e-01 
 4.98280000e-03  1.00000000e-01 
 4.99280000e-03  1.00000000e-01 
 5.00000000e-03  1.00000000e-01 
 5.00100000e-03  1.00000000e-01 
 5.00300000e-03  1.00000000e-01 
 5.00700000e-03  1.00000000e-01 
 5.01500000e-03  1.00000000e-01 
 5.02500000e-03  1.00000000e-01 
 5.03500000e-03  1.00000000e-01 
 5.04500000e-03  1.00000000e-01 
 5.05500000e-03  1.00000000e-01 
 5.06500000e-03  1.00000000e-01 
 5.07500000e-03  1.00000000e-01 
 5.08500000e-03  1.00000000e-01 
 5.09500000e-03  1.00000000e-01 
 5.10500000e-03  1.00000000e-01 
 5.11500000e-03  1.00000000e-01 
 5.12500000e-03  1.00000000e-01 
 5.13500000e-03  1.00000000e-01 
 5.14500000e-03  1.00000000e-01 
 5.15500000e-03  1.00000000e-01 
 5.16500000e-03  1.00000000e-01 
 5.17500000e-03  1.00000000e-01 
 5.18500000e-03  1.00000000e-01 
 5.19500000e-03  1.00000000e-01 
 5.20500000e-03  1.00000000e-01 
 5.21500000e-03  1.00000000e-01 
 5.22500000e-03  1.00000000e-01 
 5.23500000e-03  1.00000000e-01 
 5.24500000e-03  1.00000000e-01 
 5.25500000e-03  1.00000000e-01 
 5.26500000e-03  1.00000000e-01 
 5.27500000e-03  1.00000000e-01 
 5.28500000e-03  1.00000000e-01 
 5.29500000e-03  1.00000000e-01 
 5.30500000e-03  1.00000000e-01 
 5.31500000e-03  1.00000000e-01 
 5.32500000e-03  1.00000000e-01 
 5.33500000e-03  1.00000000e-01 
 5.34500000e-03  1.00000000e-01 
 5.35500000e-03  1.00000000e-01 
 5.36500000e-03  1.00000000e-01 
 5.37500000e-03  1.00000000e-01 
 5.38500000e-03  1.00000000e-01 
 5.39500000e-03  1.00000000e-01 
 5.40500000e-03  1.00000000e-01 
 5.41500000e-03  1.00000000e-01 
 5.42500000e-03  1.00000000e-01 
 5.43500000e-03  1.00000000e-01 
 5.44500000e-03  1.00000000e-01 
 5.45500000e-03  1.00000000e-01 
 5.46500000e-03  1.00000000e-01 
 5.47500000e-03  1.00000000e-01 
 5.48500000e-03  1.00000000e-01 
 5.49500000e-03  1.00000000e-01 
 5.50500000e-03  1.00000000e-01 
 5.51500000e-03  1.00000000e-01 
 5.52500000e-03  1.00000000e-01 
 5.53500000e-03  1.00000000e-01 
 5.54500000e-03  1.00000000e-01 
 5.55500000e-03  1.00000000e-01 
 5.56500000e-03  1.00000000e-01 
 5.57500000e-03  1.00000000e-01 
 5.58500000e-03  1.00000000e-01 
 5.59500000e-03  1.00000000e-01 
 5.60500000e-03  1.00000000e-01 
 5.61500000e-03  1.00000000e-01 
 5.62500000e-03  1.00000000e-01 
 5.63500000e-03  1.00000000e-01 
 5.64500000e-03  1.00000000e-01 
 5.65500000e-03  1.00000000e-01 
 5.66500000e-03  1.00000000e-01 
 5.67500000e-03  1.00000000e-01 
 5.68500000e-03  1.00000000e-01 
 5.69500000e-03  1.00000000e-01 
 5.70500000e-03  1.00000000e-01 
 5.71500000e-03  1.00000000e-01 
 5.72500000e-03  1.00000000e-01 
 5.73500000e-03  1.00000000e-01 
 5.74500000e-03  1.00000000e-01 
 5.75500000e-03  1.00000000e-01 
 5.76500000e-03  1.00000000e-01 
 5.77500000e-03  1.00000000e-01 
 5.78500000e-03  1.00000000e-01 
 5.79500000e-03  1.00000000e-01 
 5.80500000e-03  1.00000000e-01 
 5.81500000e-03  1.00000000e-01 
 5.82500000e-03  1.00000000e-01 
 5.83500000e-03  1.00000000e-01 
 5.84500000e-03  1.00000000e-01 
 5.85500000e-03  1.00000000e-01 
 5.86500000e-03  1.00000000e-01 
 5.87500000e-03  1.00000000e-01 
 5.88500000e-03  1.00000000e-01 
 5.89500000e-03  1.00000000e-01 
 5.90500000e-03  1.00000000e-01 
 5.91500000e-03  1.00000000e-01 
 5.92500000e-03  1.00000000e-01 
 5.93500000e-03  1.00000000e-01 
 5.94500000e-03  1.00000000e-01 
 5.95500000e-03  1.00000000e-01 
 5.96500000e-03  1.00000000e-01 
 5.97500000e-03  1.00000000e-01 
 5.98500000e-03  1.00000000e-01 
 5.99500000e-03  1.00000000e-01 
 6.00500000e-03  1.00000000e-01 
 6.01500000e-03  1.00000000e-01 
 6.02500000e-03  1.00000000e-01 
 6.03500000e-03  1.00000000e-01 
 6.04500000e-03  1.00000000e-01 
 6.05500000e-03  1.00000000e-01 
 6.06500000e-03  1.00000000e-01 
 6.07500000e-03  1.00000000e-01 
 6.08500000e-03  1.00000000e-01 
 6.09500000e-03  1.00000000e-01 
 6.10500000e-03  1.00000000e-01 
 6.11500000e-03  1.00000000e-01 
 6.12500000e-03  1.00000000e-01 
 6.13500000e-03  1.00000000e-01 
 6.14500000e-03  1.00000000e-01 
 6.15500000e-03  1.00000000e-01 
 6.16500000e-03  1.00000000e-01 
 6.17500000e-03  1.00000000e-01 
 6.18500000e-03  1.00000000e-01 
 6.19500000e-03  1.00000000e-01 
 6.20500000e-03  1.00000000e-01 
 6.21500000e-03  1.00000000e-01 
 6.22500000e-03  1.00000000e-01 
 6.23500000e-03  1.00000000e-01 
 6.24500000e-03  1.00000000e-01 
 6.25500000e-03  1.00000000e-01 
 6.26500000e-03  1.00000000e-01 
 6.27500000e-03  1.00000000e-01 
 6.28500000e-03  1.00000000e-01 
 6.29500000e-03  1.00000000e-01 
 6.30500000e-03  1.00000000e-01 
 6.31500000e-03  1.00000000e-01 
 6.32500000e-03  1.00000000e-01 
 6.33500000e-03  1.00000000e-01 
 6.34500000e-03  1.00000000e-01 
 6.35500000e-03  1.00000000e-01 
 6.36500000e-03  1.00000000e-01 
 6.37500000e-03  1.00000000e-01 
 6.38500000e-03  1.00000000e-01 
 6.39500000e-03  1.00000000e-01 
 6.40500000e-03  1.00000000e-01 
 6.41500000e-03  1.00000000e-01 
 6.42500000e-03  1.00000000e-01 
 6.43500000e-03  1.00000000e-01 
 6.44500000e-03  1.00000000e-01 
 6.45500000e-03  1.00000000e-01 
 6.46500000e-03  1.00000000e-01 
 6.47500000e-03  1.00000000e-01 
 6.48500000e-03  1.00000000e-01 
 6.49500000e-03  1.00000000e-01 
 6.50500000e-03  1.00000000e-01 
 6.51500000e-03  1.00000000e-01 
 6.52500000e-03  1.00000000e-01 
 6.53500000e-03  1.00000000e-01 
 6.54500000e-03  1.00000000e-01 
 6.55500000e-03  1.00000000e-01 
 6.56500000e-03  1.00000000e-01 
 6.57500000e-03  1.00000000e-01 
 6.58500000e-03  1.00000000e-01 
 6.59500000e-03  1.00000000e-01 
 6.60500000e-03  1.00000000e-01 
 6.61500000e-03  1.00000000e-01 
 6.62500000e-03  1.00000000e-01 
 6.63500000e-03  1.00000000e-01 
 6.64500000e-03  1.00000000e-01 
 6.65500000e-03  1.00000000e-01 
 6.66500000e-03  1.00000000e-01 
 6.67500000e-03  1.00000000e-01 
 6.68500000e-03  1.00000000e-01 
 6.69500000e-03  1.00000000e-01 
 6.70500000e-03  1.00000000e-01 
 6.71500000e-03  1.00000000e-01 
 6.72500000e-03  1.00000000e-01 
 6.73500000e-03  1.00000000e-01 
 6.74500000e-03  1.00000000e-01 
 6.75500000e-03  1.00000000e-01 
 6.76500000e-03  1.00000000e-01 
 6.77500000e-03  1.00000000e-01 
 6.78500000e-03  1.00000000e-01 
 6.79500000e-03  1.00000000e-01 
 6.80500000e-03  1.00000000e-01 
 6.81500000e-03  1.00000000e-01 
 6.82500000e-03  1.00000000e-01 
 6.83500000e-03  1.00000000e-01 
 6.84500000e-03  1.00000000e-01 
 6.85500000e-03  1.00000000e-01 
 6.86500000e-03  1.00000000e-01 
 6.87500000e-03  1.00000000e-01 
 6.88500000e-03  1.00000000e-01 
 6.89500000e-03  1.00000000e-01 
 6.90500000e-03  1.00000000e-01 
 6.91500000e-03  1.00000000e-01 
 6.92500000e-03  1.00000000e-01 
 6.93500000e-03  1.00000000e-01 
 6.94500000e-03  1.00000000e-01 
 6.95500000e-03  1.00000000e-01 
 6.96500000e-03  1.00000000e-01 
 6.97500000e-03  1.00000000e-01 
 6.98500000e-03  1.00000000e-01 
 6.99500000e-03  1.00000000e-01 
 7.00500000e-03  1.00000000e-01 
 7.01500000e-03  1.00000000e-01 
 7.02500000e-03  1.00000000e-01 
 7.03500000e-03  1.00000000e-01 
 7.04500000e-03  1.00000000e-01 
 7.05500000e-03  1.00000000e-01 
 7.06500000e-03  1.00000000e-01 
 7.07500000e-03  1.00000000e-01 
 7.08500000e-03  1.00000000e-01 
 7.09500000e-03  1.00000000e-01 
 7.10500000e-03  1.00000000e-01 
 7.11500000e-03  1.00000000e-01 
 7.12500000e-03  1.00000000e-01 
 7.13500000e-03  1.00000000e-01 
 7.14500000e-03  1.00000000e-01 
 7.15500000e-03  1.00000000e-01 
 7.16500000e-03  1.00000000e-01 
 7.17500000e-03  1.00000000e-01 
 7.18500000e-03  1.00000000e-01 
 7.19500000e-03  1.00000000e-01 
 7.20500000e-03  1.00000000e-01 
 7.21500000e-03  1.00000000e-01 
 7.22500000e-03  1.00000000e-01 
 7.23500000e-03  1.00000000e-01 
 7.24500000e-03  1.00000000e-01 
 7.25500000e-03  1.00000000e-01 
 7.26500000e-03  1.00000000e-01 
 7.27500000e-03  1.00000000e-01 
 7.28500000e-03  1.00000000e-01 
 7.29500000e-03  1.00000000e-01 
 7.30500000e-03  1.00000000e-01 
 7.31500000e-03  1.00000000e-01 
 7.32500000e-03  1.00000000e-01 
 7.33500000e-03  1.00000000e-01 
 7.34500000e-03  1.00000000e-01 
 7.35500000e-03  1.00000000e-01 
 7.36500000e-03  1.00000000e-01 
 7.37500000e-03  1.00000000e-01 
 7.38500000e-03  1.00000000e-01 
 7.39500000e-03  1.00000000e-01 
 7.40500000e-03  1.00000000e-01 
 7.41500000e-03  1.00000000e-01 
 7.42500000e-03  1.00000000e-01 
 7.43500000e-03  1.00000000e-01 
 7.44500000e-03  1.00000000e-01 
 7.45500000e-03  1.00000000e-01 
 7.46500000e-03  1.00000000e-01 
 7.47500000e-03  1.00000000e-01 
 7.48500000e-03  1.00000000e-01 
 7.49500000e-03  1.00000000e-01 
 7.50500000e-03  1.00000000e-01 
 7.51500000e-03  1.00000000e-01 
 7.52500000e-03  1.00000000e-01 
 7.53500000e-03  1.00000000e-01 
 7.54500000e-03  1.00000000e-01 
 7.55500000e-03  1.00000000e-01 
 7.56500000e-03  1.00000000e-01 
 7.57500000e-03  1.00000000e-01 
 7.58500000e-03  1.00000000e-01 
 7.59500000e-03  1.00000000e-01 
 7.60500000e-03  1.00000000e-01 
 7.61500000e-03  1.00000000e-01 
 7.62500000e-03  1.00000000e-01 
 7.63500000e-03  1.00000000e-01 
 7.64500000e-03  1.00000000e-01 
 7.65500000e-03  1.00000000e-01 
 7.66500000e-03  1.00000000e-01 
 7.67500000e-03  1.00000000e-01 
 7.68500000e-03  1.00000000e-01 
 7.69500000e-03  1.00000000e-01 
 7.70500000e-03  1.00000000e-01 
 7.71500000e-03  1.00000000e-01 
 7.72500000e-03  1.00000000e-01 
 7.73500000e-03  1.00000000e-01 
 7.74500000e-03  1.00000000e-01 
 7.75500000e-03  1.00000000e-01 
 7.76500000e-03  1.00000000e-01 
 7.77500000e-03  1.00000000e-01 
 7.78500000e-03  1.00000000e-01 
 7.79500000e-03  1.00000000e-01 
 7.80500000e-03  1.00000000e-01 
 7.81500000e-03  1.00000000e-01 
 7.82500000e-03  1.00000000e-01 
 7.83500000e-03  1.00000000e-01 
 7.84500000e-03  1.00000000e-01 
 7.85500000e-03  1.00000000e-01 
 7.86500000e-03  1.00000000e-01 
 7.87500000e-03  1.00000000e-01 
 7.88500000e-03  1.00000000e-01 
 7.89500000e-03  1.00000000e-01 
 7.90500000e-03  1.00000000e-01 
 7.91500000e-03  1.00000000e-01 
 7.92500000e-03  1.00000000e-01 
 7.93500000e-03  1.00000000e-01 
 7.94500000e-03  1.00000000e-01 
 7.95500000e-03  1.00000000e-01 
 7.96500000e-03  1.00000000e-01 
 7.97500000e-03  1.00000000e-01 
 7.98500000e-03  1.00000000e-01 
 7.99500000e-03  1.00000000e-01 
 8.00500000e-03  1.00000000e-01 
 8.01500000e-03  1.00000000e-01 
 8.02500000e-03  1.00000000e-01 
 8.03500000e-03  1.00000000e-01 
 8.04500000e-03  1.00000000e-01 
 8.05500000e-03  1.00000000e-01 
 8.06500000e-03  1.00000000e-01 
 8.07500000e-03  1.00000000e-01 
 8.08500000e-03  1.00000000e-01 
 8.09500000e-03  1.00000000e-01 
 8.10500000e-03  1.00000000e-01 
 8.11500000e-03  1.00000000e-01 
 8.12500000e-03  1.00000000e-01 
 8.13500000e-03  1.00000000e-01 
 8.14500000e-03  1.00000000e-01 
 8.15500000e-03  1.00000000e-01 
 8.16500000e-03  1.00000000e-01 
 8.17500000e-03  1.00000000e-01 
 8.18500000e-03  1.00000000e-01 
 8.19500000e-03  1.00000000e-01 
 8.20500000e-03  1.00000000e-01 
 8.21500000e-03  1.00000000e-01 
 8.22500000e-03  1.00000000e-01 
 8.23500000e-03  1.00000000e-01 
 8.24500000e-03  1.00000000e-01 
 8.25500000e-03  1.00000000e-01 
 8.26500000e-03  1.00000000e-01 
 8.27500000e-03  1.00000000e-01 
 8.28500000e-03  1.00000000e-01 
 8.29500000e-03  1.00000000e-01 
 8.30500000e-03  1.00000000e-01 
 8.31500000e-03  1.00000000e-01 
 8.32500000e-03  1.00000000e-01 
 8.33500000e-03  1.00000000e-01 
 8.34500000e-03  1.00000000e-01 
 8.35500000e-03  1.00000000e-01 
 8.36500000e-03  1.00000000e-01 
 8.37500000e-03  1.00000000e-01 
 8.38500000e-03  1.00000000e-01 
 8.39500000e-03  1.00000000e-01 
 8.40500000e-03  1.00000000e-01 
 8.41500000e-03  1.00000000e-01 
 8.42500000e-03  1.00000000e-01 
 8.43500000e-03  1.00000000e-01 
 8.44500000e-03  1.00000000e-01 
 8.45500000e-03  1.00000000e-01 
 8.46500000e-03  1.00000000e-01 
 8.47500000e-03  1.00000000e-01 
 8.48500000e-03  1.00000000e-01 
 8.49500000e-03  1.00000000e-01 
 8.50500000e-03  1.00000000e-01 
 8.51500000e-03  1.00000000e-01 
 8.52500000e-03  1.00000000e-01 
 8.53500000e-03  1.00000000e-01 
 8.54500000e-03  1.00000000e-01 
 8.55500000e-03  1.00000000e-01 
 8.56500000e-03  1.00000000e-01 
 8.57500000e-03  1.00000000e-01 
 8.58500000e-03  1.00000000e-01 
 8.59500000e-03  1.00000000e-01 
 8.60500000e-03  1.00000000e-01 
 8.61500000e-03  1.00000000e-01 
 8.62500000e-03  1.00000000e-01 
 8.63500000e-03  1.00000000e-01 
 8.64500000e-03  1.00000000e-01 
 8.65500000e-03  1.00000000e-01 
 8.66500000e-03  1.00000000e-01 
 8.67500000e-03  1.00000000e-01 
 8.68500000e-03  1.00000000e-01 
 8.69500000e-03  1.00000000e-01 
 8.70500000e-03  1.00000000e-01 
 8.71500000e-03  1.00000000e-01 
 8.72500000e-03  1.00000000e-01 
 8.73500000e-03  1.00000000e-01 
 8.74500000e-03  1.00000000e-01 
 8.75500000e-03  1.00000000e-01 
 8.76500000e-03  1.00000000e-01 
 8.77500000e-03  1.00000000e-01 
 8.78500000e-03  1.00000000e-01 
 8.79500000e-03  1.00000000e-01 
 8.80500000e-03  1.00000000e-01 
 8.81500000e-03  1.00000000e-01 
 8.82500000e-03  1.00000000e-01 
 8.83500000e-03  1.00000000e-01 
 8.84500000e-03  1.00000000e-01 
 8.85500000e-03  1.00000000e-01 
 8.86500000e-03  1.00000000e-01 
 8.87500000e-03  1.00000000e-01 
 8.88500000e-03  1.00000000e-01 
 8.89500000e-03  1.00000000e-01 
 8.90500000e-03  1.00000000e-01 
 8.91500000e-03  1.00000000e-01 
 8.92500000e-03  1.00000000e-01 
 8.93500000e-03  1.00000000e-01 
 8.94500000e-03  1.00000000e-01 
 8.95500000e-03  1.00000000e-01 
 8.96500000e-03  1.00000000e-01 
 8.97500000e-03  1.00000000e-01 
 8.98500000e-03  1.00000000e-01 
 8.99500000e-03  1.00000000e-01 
 9.00500000e-03  1.00000000e-01 
 9.01500000e-03  1.00000000e-01 
 9.02500000e-03  1.00000000e-01 
 9.03500000e-03  1.00000000e-01 
 9.04500000e-03  1.00000000e-01 
 9.05500000e-03  1.00000000e-01 
 9.06500000e-03  1.00000000e-01 
 9.07500000e-03  1.00000000e-01 
 9.08500000e-03  1.00000000e-01 
 9.09500000e-03  1.00000000e-01 
 9.10500000e-03  1.00000000e-01 
 9.11500000e-03  1.00000000e-01 
 9.12500000e-03  1.00000000e-01 
 9.13500000e-03  1.00000000e-01 
 9.14500000e-03  1.00000000e-01 
 9.15500000e-03  1.00000000e-01 
 9.16500000e-03  1.00000000e-01 
 9.17500000e-03  1.00000000e-01 
 9.18500000e-03  1.00000000e-01 
 9.19500000e-03  1.00000000e-01 
 9.20500000e-03  1.00000000e-01 
 9.21500000e-03  1.00000000e-01 
 9.22500000e-03  1.00000000e-01 
 9.23500000e-03  1.00000000e-01 
 9.24500000e-03  1.00000000e-01 
 9.25500000e-03  1.00000000e-01 
 9.26500000e-03  1.00000000e-01 
 9.27500000e-03  1.00000000e-01 
 9.28500000e-03  1.00000000e-01 
 9.29500000e-03  1.00000000e-01 
 9.30500000e-03  1.00000000e-01 
 9.31500000e-03  1.00000000e-01 
 9.32500000e-03  1.00000000e-01 
 9.33500000e-03  1.00000000e-01 
 9.34500000e-03  1.00000000e-01 
 9.35500000e-03  1.00000000e-01 
 9.36500000e-03  1.00000000e-01 
 9.37500000e-03  1.00000000e-01 
 9.38500000e-03  1.00000000e-01 
 9.39500000e-03  1.00000000e-01 
 9.40500000e-03  1.00000000e-01 
 9.41500000e-03  1.00000000e-01 
 9.42500000e-03  1.00000000e-01 
 9.43500000e-03  1.00000000e-01 
 9.44500000e-03  1.00000000e-01 
 9.45500000e-03  1.00000000e-01 
 9.46500000e-03  1.00000000e-01 
 9.47500000e-03  1.00000000e-01 
 9.48500000e-03  1.00000000e-01 
 9.49500000e-03  1.00000000e-01 
 9.50500000e-03  1.00000000e-01 
 9.51500000e-03  1.00000000e-01 
 9.52500000e-03  1.00000000e-01 
 9.53500000e-03  1.00000000e-01 
 9.54500000e-03  1.00000000e-01 
 9.55500000e-03  1.00000000e-01 
 9.56500000e-03  1.00000000e-01 
 9.57500000e-03  1.00000000e-01 
 9.58500000e-03  1.00000000e-01 
 9.59500000e-03  1.00000000e-01 
 9.60500000e-03  1.00000000e-01 
 9.61500000e-03  1.00000000e-01 
 9.62500000e-03  1.00000000e-01 
 9.63500000e-03  1.00000000e-01 
 9.64500000e-03  1.00000000e-01 
 9.65500000e-03  1.00000000e-01 
 9.66500000e-03  1.00000000e-01 
 9.67500000e-03  1.00000000e-01 
 9.68500000e-03  1.00000000e-01 
 9.69500000e-03  1.00000000e-01 
 9.70500000e-03  1.00000000e-01 
 9.71500000e-03  1.00000000e-01 
 9.72500000e-03  1.00000000e-01 
 9.73500000e-03  1.00000000e-01 
 9.74500000e-03  1.00000000e-01 
 9.75500000e-03  1.00000000e-01 
 9.76500000e-03  1.00000000e-01 
 9.77500000e-03  1.00000000e-01 
 9.78500000e-03  1.00000000e-01 
 9.79500000e-03  1.00000000e-01 
 9.80500000e-03  1.00000000e-01 
 9.81500000e-03  1.00000000e-01 
 9.82500000e-03  1.00000000e-01 
 9.83500000e-03  1.00000000e-01 
 9.84500000e-03  1.00000000e-01 
 9.85500000e-03  1.00000000e-01 
 9.86500000e-03  1.00000000e-01 
 9.87500000e-03  1.00000000e-01 
 9.88500000e-03  1.00000000e-01 
 9.89500000e-03  1.00000000e-01 
 9.90500000e-03  1.00000000e-01 
 9.91500000e-03  1.00000000e-01 
 9.92500000e-03  1.00000000e-01 
 9.93500000e-03  1.00000000e-01 
 9.94500000e-03  1.00000000e-01 
 9.95500000e-03  1.00000000e-01 
 9.96500000e-03  1.00000000e-01 
 9.97500000e-03  1.00000000e-01 
 9.98500000e-03  1.00000000e-01 
 9.99500000e-03  1.00000000e-01 
 1.00050000e-02  1.00000000e-01 
 1.00150000e-02  1.00000000e-01 
 1.00250000e-02  1.00000000e-01 
 1.00350000e-02  1.00000000e-01 
 1.00450000e-02  1.00000000e-01 
 1.00550000e-02  1.00000000e-01 
 1.00650000e-02  1.00000000e-01 
 1.00750000e-02  1.00000000e-01 
 1.00850000e-02  1.00000000e-01 
 1.00950000e-02  1.00000000e-01 
 1.01050000e-02  1.00000000e-01 
 1.01150000e-02  1.00000000e-01 
 1.01250000e-02  1.00000000e-01 
 1.01350000e-02  1.00000000e-01 
 1.01450000e-02  1.00000000e-01 
 1.01550000e-02  1.00000000e-01 
 1.01650000e-02  1.00000000e-01 
 1.01750000e-02  1.00000000e-01 
 1.01850000e-02  1.00000000e-01 
 1.01950000e-02  1.00000000e-01 
 1.02050000e-02  1.00000000e-01 
 1.02150000e-02  1.00000000e-01 
 1.02250000e-02  1.00000000e-01 
 1.02350000e-02  1.00000000e-01 
 1.02450000e-02  1.00000000e-01 
 1.02550000e-02  1.00000000e-01 
 1.02650000e-02  1.00000000e-01 
 1.02750000e-02  1.00000000e-01 
 1.02850000e-02  1.00000000e-01 
 1.02950000e-02  1.00000000e-01 
 1.03050000e-02  1.00000000e-01 
 1.03150000e-02  1.00000000e-01 
 1.03250000e-02  1.00000000e-01 
 1.03350000e-02  1.00000000e-01 
 1.03450000e-02  1.00000000e-01 
 1.03550000e-02  1.00000000e-01 
 1.03650000e-02  1.00000000e-01 
 1.03750000e-02  1.00000000e-01 
 1.03850000e-02  1.00000000e-01 
 1.03950000e-02  1.00000000e-01 
 1.04050000e-02  1.00000000e-01 
 1.04150000e-02  1.00000000e-01 
 1.04250000e-02  1.00000000e-01 
 1.04350000e-02  1.00000000e-01 
 1.04450000e-02  1.00000000e-01 
 1.04550000e-02  1.00000000e-01 
 1.04650000e-02  1.00000000e-01 
 1.04750000e-02  1.00000000e-01 
 1.04850000e-02  1.00000000e-01 
 1.04950000e-02  1.00000000e-01 
 1.05050000e-02  1.00000000e-01 
 1.05150000e-02  1.00000000e-01 
 1.05250000e-02  1.00000000e-01 
 1.05350000e-02  1.00000000e-01 
 1.05450000e-02  1.00000000e-01 
 1.05550000e-02  1.00000000e-01 
 1.05650000e-02  1.00000000e-01 
 1.05750000e-02  1.00000000e-01 
 1.05850000e-02  1.00000000e-01 
 1.05950000e-02  1.00000000e-01 
 1.06050000e-02  1.00000000e-01 
 1.06150000e-02  1.00000000e-01 
 1.06250000e-02  1.00000000e-01 
 1.06350000e-02  1.00000000e-01 
 1.06450000e-02  1.00000000e-01 
 1.06457161e-02  1.00000000e-01 
 1.06458951e-02  1.00000000e-01 
 1.06462531e-02  1.00000000e-01 
 1.06469692e-02  1.00000000e-01 
 1.06475302e-02  1.00000000e-01 
 1.06475676e-02  1.00000000e-01 
 1.06476423e-02  1.00000000e-01 
 1.06477918e-02  1.00000000e-01 
 1.06478292e-02  1.00000000e-01 
 1.06479040e-02  1.00000000e-01 
 1.06480535e-02  1.00000000e-01 
 1.06481692e-02  1.00000000e-01 
 1.06482297e-02  1.00000000e-01 
 1.06482770e-02  1.00000000e-01 
 1.06483015e-02  1.00000000e-01 
 1.06483147e-02  1.00000000e-01 
 1.06483200e-02  1.00000000e-01 
 1.06483241e-02  1.00000000e-01 
 1.06483266e-02  1.00000000e-01 
 1.06483278e-02  1.00000000e-01 
 1.06483286e-02  1.00000000e-01 
 1.06483291e-02  1.00000000e-01 
 1.06483294e-02  1.00000000e-01 
 1.06483297e-02  1.00000000e-01 
 1.06483299e-02  1.00000000e-01 
 1.06483302e-02  1.00000000e-01 
 1.06483306e-02  1.00000000e-01 
 1.06483309e-02  1.00000000e-01 
 1.06483312e-02  1.00000000e-01 
 1.06483317e-02  1.00000000e-01 
 1.06483324e-02  1.00000000e-01 
 1.06483335e-02  1.00000000e-01 
 1.06483347e-02  1.00000000e-01 
 1.06483360e-02  1.00000000e-01 
 1.06483379e-02  1.00000000e-01 
 1.06483405e-02  1.00000000e-01 
 1.06483456e-02  1.00000000e-01 
 1.06483558e-02  1.00000000e-01 
 1.06483737e-02  1.00000000e-01 
 1.06483892e-02  1.00000000e-01 
 1.06484059e-02  1.00000000e-01 
 1.06484211e-02  1.00000000e-01 
 1.06484341e-02  1.00000000e-01 
 1.06484511e-02  1.00000000e-01 
 1.06484725e-02  1.00000000e-01 
 1.06485079e-02  1.00000000e-01 
 1.06485537e-02  1.00000000e-01 
 1.06486109e-02  1.00000000e-01 
 1.06486939e-02  1.00000000e-01 
 1.06488212e-02  1.00000000e-01 
 1.06490759e-02  1.00000000e-01 
 1.06495853e-02  1.00000000e-01 
 1.06506040e-02  1.00000000e-01 
 1.06526416e-02  1.00000000e-01 
 1.06567166e-02  1.00000000e-01 
 1.06648667e-02  1.00000000e-01 
 1.06748667e-02  1.00000000e-01 
 1.06848667e-02  1.00000000e-01 
 1.06948667e-02  1.00000000e-01 
 1.07048667e-02  1.00000000e-01 
 1.07148667e-02  1.00000000e-01 
 1.07248667e-02  1.00000000e-01 
 1.07348667e-02  1.00000000e-01 
 1.07448667e-02  1.00000000e-01 
 1.07548667e-02  1.00000000e-01 
 1.07648667e-02  1.00000000e-01 
 1.07748667e-02  1.00000000e-01 
 1.07848667e-02  1.00000000e-01 
 1.07948667e-02  1.00000000e-01 
 1.08048667e-02  1.00000000e-01 
 1.08148667e-02  1.00000000e-01 
 1.08248667e-02  1.00000000e-01 
 1.08348667e-02  1.00000000e-01 
 1.08448667e-02  1.00000000e-01 
 1.08548667e-02  1.00000000e-01 
 1.08648667e-02  1.00000000e-01 
 1.08748667e-02  1.00000000e-01 
 1.08848667e-02  1.00000000e-01 
 1.08948667e-02  1.00000000e-01 
 1.09048667e-02  1.00000000e-01 
 1.09148667e-02  1.00000000e-01 
 1.09248667e-02  1.00000000e-01 
 1.09348667e-02  1.00000000e-01 
 1.09448667e-02  1.00000000e-01 
 1.09548667e-02  1.00000000e-01 
 1.09648667e-02  1.00000000e-01 
 1.09748667e-02  1.00000000e-01 
 1.09848667e-02  1.00000000e-01 
 1.09948667e-02  1.00000000e-01 
 1.10048667e-02  1.00000000e-01 
 1.10148667e-02  1.00000000e-01 
 1.10248667e-02  1.00000000e-01 
 1.10348667e-02  1.00000000e-01 
 1.10448667e-02  1.00000000e-01 
 1.10548667e-02  1.00000000e-01 
 1.10648667e-02  1.00000000e-01 
 1.10748667e-02  1.00000000e-01 
 1.10848667e-02  1.00000000e-01 
 1.10948667e-02  1.00000000e-01 
 1.11048667e-02  1.00000000e-01 
 1.11148667e-02  1.00000000e-01 
 1.11248667e-02  1.00000000e-01 
 1.11348667e-02  1.00000000e-01 
 1.11448667e-02  1.00000000e-01 
 1.11548667e-02  1.00000000e-01 
 1.11648667e-02  1.00000000e-01 
 1.11748667e-02  1.00000000e-01 
 1.11848667e-02  1.00000000e-01 
 1.11948667e-02  1.00000000e-01 
 1.12048667e-02  1.00000000e-01 
 1.12148667e-02  1.00000000e-01 
 1.12248667e-02  1.00000000e-01 
 1.12348667e-02  1.00000000e-01 
 1.12448667e-02  1.00000000e-01 
 1.12548667e-02  1.00000000e-01 
 1.12648667e-02  1.00000000e-01 
 1.12748667e-02  1.00000000e-01 
 1.12848667e-02  1.00000000e-01 
 1.12948667e-02  1.00000000e-01 
 1.13048667e-02  1.00000000e-01 
 1.13148667e-02  1.00000000e-01 
 1.13248667e-02  1.00000000e-01 
 1.13348667e-02  1.00000000e-01 
 1.13448667e-02  1.00000000e-01 
 1.13548667e-02  1.00000000e-01 
 1.13648667e-02  1.00000000e-01 
 1.13748667e-02  1.00000000e-01 
 1.13848667e-02  1.00000000e-01 
 1.13948667e-02  1.00000000e-01 
 1.14048667e-02  1.00000000e-01 
 1.14148667e-02  1.00000000e-01 
 1.14248667e-02  1.00000000e-01 
 1.14348667e-02  1.00000000e-01 
 1.14448667e-02  1.00000000e-01 
 1.14548667e-02  1.00000000e-01 
 1.14648667e-02  1.00000000e-01 
 1.14748667e-02  1.00000000e-01 
 1.14848667e-02  1.00000000e-01 
 1.14948667e-02  1.00000000e-01 
 1.15048667e-02  1.00000000e-01 
 1.15148667e-02  1.00000000e-01 
 1.15248667e-02  1.00000000e-01 
 1.15348667e-02  1.00000000e-01 
 1.15448667e-02  1.00000000e-01 
 1.15548667e-02  1.00000000e-01 
 1.15648667e-02  1.00000000e-01 
 1.15748667e-02  1.00000000e-01 
 1.15848667e-02  1.00000000e-01 
 1.15948667e-02  1.00000000e-01 
 1.16048667e-02  1.00000000e-01 
 1.16148667e-02  1.00000000e-01 
 1.16248667e-02  1.00000000e-01 
 1.16348667e-02  1.00000000e-01 
 1.16448667e-02  1.00000000e-01 
 1.16548667e-02  1.00000000e-01 
 1.16648667e-02  1.00000000e-01 
 1.16748667e-02  1.00000000e-01 
 1.16848667e-02  1.00000000e-01 
 1.16948667e-02  1.00000000e-01 
 1.17048667e-02  1.00000000e-01 
 1.17148667e-02  1.00000000e-01 
 1.17248667e-02  1.00000000e-01 
 1.17348667e-02  1.00000000e-01 
 1.17448667e-02  1.00000000e-01 
 1.17548667e-02  1.00000000e-01 
 1.17648667e-02  1.00000000e-01 
 1.17748667e-02  1.00000000e-01 
 1.17848667e-02  1.00000000e-01 
 1.17948667e-02  1.00000000e-01 
 1.18048667e-02  1.00000000e-01 
 1.18148667e-02  1.00000000e-01 
 1.18248667e-02  1.00000000e-01 
 1.18348667e-02  1.00000000e-01 
 1.18448667e-02  1.00000000e-01 
 1.18548667e-02  1.00000000e-01 
 1.18648667e-02  1.00000000e-01 
 1.18748667e-02  1.00000000e-01 
 1.18848667e-02  1.00000000e-01 
 1.18948667e-02  1.00000000e-01 
 1.19048667e-02  1.00000000e-01 
 1.19148667e-02  1.00000000e-01 
 1.19248667e-02  1.00000000e-01 
 1.19348667e-02  1.00000000e-01 
 1.19448667e-02  1.00000000e-01 
 1.19548667e-02  1.00000000e-01 
 1.19648667e-02  1.00000000e-01 
 1.19748667e-02  1.00000000e-01 
 1.19848667e-02  1.00000000e-01 
 1.19948667e-02  1.00000000e-01 
 1.20048667e-02  1.00000000e-01 
 1.20148667e-02  1.00000000e-01 
 1.20248667e-02  1.00000000e-01 
 1.20348667e-02  1.00000000e-01 
 1.20448667e-02  1.00000000e-01 
 1.20548667e-02  1.00000000e-01 
 1.20648667e-02  1.00000000e-01 
 1.20748667e-02  1.00000000e-01 
 1.20848667e-02  1.00000000e-01 
 1.20948667e-02  1.00000000e-01 
 1.21048667e-02  1.00000000e-01 
 1.21148667e-02  1.00000000e-01 
 1.21248667e-02  1.00000000e-01 
 1.21348667e-02  1.00000000e-01 
 1.21448667e-02  1.00000000e-01 
 1.21548667e-02  1.00000000e-01 
 1.21648667e-02  1.00000000e-01 
 1.21748667e-02  1.00000000e-01 
 1.21848667e-02  1.00000000e-01 
 1.21948667e-02  1.00000000e-01 
 1.22048667e-02  1.00000000e-01 
 1.22148667e-02  1.00000000e-01 
 1.22248667e-02  1.00000000e-01 
 1.22348667e-02  1.00000000e-01 
 1.22448667e-02  1.00000000e-01 
 1.22548667e-02  1.00000000e-01 
 1.22648667e-02  1.00000000e-01 
 1.22748667e-02  1.00000000e-01 
 1.22848667e-02  1.00000000e-01 
 1.22948667e-02  1.00000000e-01 
 1.23048667e-02  1.00000000e-01 
 1.23148667e-02  1.00000000e-01 
 1.23248667e-02  1.00000000e-01 
 1.23348667e-02  1.00000000e-01 
 1.23448667e-02  1.00000000e-01 
 1.23548667e-02  1.00000000e-01 
 1.23648667e-02  1.00000000e-01 
 1.23748667e-02  1.00000000e-01 
 1.23848667e-02  1.00000000e-01 
 1.23948667e-02  1.00000000e-01 
 1.24048667e-02  1.00000000e-01 
 1.24148667e-02  1.00000000e-01 
 1.24248667e-02  1.00000000e-01 
 1.24348667e-02  1.00000000e-01 
 1.24448667e-02  1.00000000e-01 
 1.24548667e-02  1.00000000e-01 
 1.24648667e-02  1.00000000e-01 
 1.24748667e-02  1.00000000e-01 
 1.24848667e-02  1.00000000e-01 
 1.24948667e-02  1.00000000e-01 
 1.25048667e-02  1.00000000e-01 
 1.25148667e-02  1.00000000e-01 
 1.25248667e-02  1.00000000e-01 
 1.25348667e-02  1.00000000e-01 
 1.25448667e-02  1.00000000e-01 
 1.25548667e-02  1.00000000e-01 
 1.25648667e-02  1.00000000e-01 
 1.25748667e-02  1.00000000e-01 
 1.25848667e-02  1.00000000e-01 
 1.25948667e-02  1.00000000e-01 
 1.26048667e-02  1.00000000e-01 
 1.26148667e-02  1.00000000e-01 
 1.26248667e-02  1.00000000e-01 
 1.26348667e-02  1.00000000e-01 
 1.26448667e-02  1.00000000e-01 
 1.26548667e-02  1.00000000e-01 
 1.26648667e-02  1.00000000e-01 
 1.26748667e-02  1.00000000e-01 
 1.26848667e-02  1.00000000e-01 
 1.26948667e-02  1.00000000e-01 
 1.27048667e-02  1.00000000e-01 
 1.27148667e-02  1.00000000e-01 
 1.27248667e-02  1.00000000e-01 
 1.27348667e-02  1.00000000e-01 
 1.27448667e-02  1.00000000e-01 
 1.27548667e-02  1.00000000e-01 
 1.27648667e-02  1.00000000e-01 
 1.27748667e-02  1.00000000e-01 
 1.27848667e-02  1.00000000e-01 
 1.27948667e-02  1.00000000e-01 
 1.28048667e-02  1.00000000e-01 
 1.28148667e-02  1.00000000e-01 
 1.28248667e-02  1.00000000e-01 
 1.28348667e-02  1.00000000e-01 
 1.28448667e-02  1.00000000e-01 
 1.28548667e-02  1.00000000e-01 
 1.28648667e-02  1.00000000e-01 
 1.28748667e-02  1.00000000e-01 
 1.28848667e-02  1.00000000e-01 
 1.28948667e-02  1.00000000e-01 
 1.29048667e-02  1.00000000e-01 
 1.29148667e-02  1.00000000e-01 
 1.29248667e-02  1.00000000e-01 
 1.29348667e-02  1.00000000e-01 
 1.29448667e-02  1.00000000e-01 
 1.29548667e-02  1.00000000e-01 
 1.29648667e-02  1.00000000e-01 
 1.29748667e-02  1.00000000e-01 
 1.29848667e-02  1.00000000e-01 
 1.29948667e-02  1.00000000e-01 
 1.30048667e-02  1.00000000e-01 
 1.30148667e-02  1.00000000e-01 
 1.30248667e-02  1.00000000e-01 
 1.30348667e-02  1.00000000e-01 
 1.30448667e-02  1.00000000e-01 
 1.30548667e-02  1.00000000e-01 
 1.30648667e-02  1.00000000e-01 
 1.30748667e-02  1.00000000e-01 
 1.30848667e-02  1.00000000e-01 
 1.30948667e-02  1.00000000e-01 
 1.31048667e-02  1.00000000e-01 
 1.31148667e-02  1.00000000e-01 
 1.31248667e-02  1.00000000e-01 
 1.31348667e-02  1.00000000e-01 
 1.31448667e-02  1.00000000e-01 
 1.31548667e-02  1.00000000e-01 
 1.31648667e-02  1.00000000e-01 
 1.31748667e-02  1.00000000e-01 
 1.31848667e-02  1.00000000e-01 
 1.31948667e-02  1.00000000e-01 
 1.32048667e-02  1.00000000e-01 
 1.32148667e-02  1.00000000e-01 
 1.32248667e-02  1.00000000e-01 
 1.32348667e-02  1.00000000e-01 
 1.32448667e-02  1.00000000e-01 
 1.32548667e-02  1.00000000e-01 
 1.32648667e-02  1.00000000e-01 
 1.32748667e-02  1.00000000e-01 
 1.32848667e-02  1.00000000e-01 
 1.32948667e-02  1.00000000e-01 
 1.33048667e-02  1.00000000e-01 
 1.33148667e-02  1.00000000e-01 
 1.33248667e-02  1.00000000e-01 
 1.33348667e-02  1.00000000e-01 
 1.33448667e-02  1.00000000e-01 
 1.33548667e-02  1.00000000e-01 
 1.33648667e-02  1.00000000e-01 
 1.33748667e-02  1.00000000e-01 
 1.33848667e-02  1.00000000e-01 
 1.33948667e-02  1.00000000e-01 
 1.34048667e-02  1.00000000e-01 
 1.34148667e-02  1.00000000e-01 
 1.34248667e-02  1.00000000e-01 
 1.34348667e-02  1.00000000e-01 
 1.34448667e-02  1.00000000e-01 
 1.34548667e-02  1.00000000e-01 
 1.34648667e-02  1.00000000e-01 
 1.34748667e-02  1.00000000e-01 
 1.34848667e-02  1.00000000e-01 
 1.34948667e-02  1.00000000e-01 
 1.35048667e-02  1.00000000e-01 
 1.35148667e-02  1.00000000e-01 
 1.35248667e-02  1.00000000e-01 
 1.35348667e-02  1.00000000e-01 
 1.35448667e-02  1.00000000e-01 
 1.35548667e-02  1.00000000e-01 
 1.35648667e-02  1.00000000e-01 
 1.35748667e-02  1.00000000e-01 
 1.35848667e-02  1.00000000e-01 
 1.35948667e-02  1.00000000e-01 
 1.36048667e-02  1.00000000e-01 
 1.36148667e-02  1.00000000e-01 
 1.36248667e-02  1.00000000e-01 
 1.36348667e-02  1.00000000e-01 
 1.36448667e-02  1.00000000e-01 
 1.36548667e-02  1.00000000e-01 
 1.36648667e-02  1.00000000e-01 
 1.36748667e-02  1.00000000e-01 
 1.36848667e-02  1.00000000e-01 
 1.36948667e-02  1.00000000e-01 
 1.37048667e-02  1.00000000e-01 
 1.37148667e-02  1.00000000e-01 
 1.37248667e-02  1.00000000e-01 
 1.37348667e-02  1.00000000e-01 
 1.37448667e-02  1.00000000e-01 
 1.37548667e-02  1.00000000e-01 
 1.37648667e-02  1.00000000e-01 
 1.37748667e-02  1.00000000e-01 
 1.37848667e-02  1.00000000e-01 
 1.37948667e-02  1.00000000e-01 
 1.38048667e-02  1.00000000e-01 
 1.38148667e-02  1.00000000e-01 
 1.38248667e-02  1.00000000e-01 
 1.38348667e-02  1.00000000e-01 
 1.38448667e-02  1.00000000e-01 
 1.38548667e-02  1.00000000e-01 
 1.38648667e-02  1.00000000e-01 
 1.38748667e-02  1.00000000e-01 
 1.38848667e-02  1.00000000e-01 
 1.38948667e-02  1.00000000e-01 
 1.39048667e-02  1.00000000e-01 
 1.39148667e-02  1.00000000e-01 
 1.39248667e-02  1.00000000e-01 
 1.39348667e-02  1.00000000e-01 
 1.39448667e-02  1.00000000e-01 
 1.39548667e-02  1.00000000e-01 
 1.39648667e-02  1.00000000e-01 
 1.39748667e-02  1.00000000e-01 
 1.39848667e-02  1.00000000e-01 
 1.39948667e-02  1.00000000e-01 
 1.40048667e-02  1.00000000e-01 
 1.40148667e-02  1.00000000e-01 
 1.40248667e-02  1.00000000e-01 
 1.40348667e-02  1.00000000e-01 
 1.40448667e-02  1.00000000e-01 
 1.40548667e-02  1.00000000e-01 
 1.40648667e-02  1.00000000e-01 
 1.40748667e-02  1.00000000e-01 
 1.40848667e-02  1.00000000e-01 
 1.40948667e-02  1.00000000e-01 
 1.41048667e-02  1.00000000e-01 
 1.41148667e-02  1.00000000e-01 
 1.41248667e-02  1.00000000e-01 
 1.41348667e-02  1.00000000e-01 
 1.41448667e-02  1.00000000e-01 
 1.41548667e-02  1.00000000e-01 
 1.41648667e-02  1.00000000e-01 
 1.41748667e-02  1.00000000e-01 
 1.41848667e-02  1.00000000e-01 
 1.41948667e-02  1.00000000e-01 
 1.42048667e-02  1.00000000e-01 
 1.42148667e-02  1.00000000e-01 
 1.42248667e-02  1.00000000e-01 
 1.42348667e-02  1.00000000e-01 
 1.42448667e-02  1.00000000e-01 
 1.42548667e-02  1.00000000e-01 
 1.42648667e-02  1.00000000e-01 
 1.42748667e-02  1.00000000e-01 
 1.42848667e-02  1.00000000e-01 
 1.42948667e-02  1.00000000e-01 
 1.43048667e-02  1.00000000e-01 
 1.43148667e-02  1.00000000e-01 
 1.43248667e-02  1.00000000e-01 
 1.43348667e-02  1.00000000e-01 
 1.43448667e-02  1.00000000e-01 
 1.43548667e-02  1.00000000e-01 
 1.43648667e-02  1.00000000e-01 
 1.43748667e-02  1.00000000e-01 
 1.43848667e-02  1.00000000e-01 
 1.43948667e-02  1.00000000e-01 
 1.44048667e-02  1.00000000e-01 
 1.44148667e-02  1.00000000e-01 
 1.44248667e-02  1.00000000e-01 
 1.44348667e-02  1.00000000e-01 
 1.44448667e-02  1.00000000e-01 
 1.44548667e-02  1.00000000e-01 
 1.44648667e-02  1.00000000e-01 
 1.44748667e-02  1.00000000e-01 
 1.44848667e-02  1.00000000e-01 
 1.44948667e-02  1.00000000e-01 
 1.45048667e-02  1.00000000e-01 
 1.45148667e-02  1.00000000e-01 
 1.45248667e-02  1.00000000e-01 
 1.45348667e-02  1.00000000e-01 
 1.45448667e-02  1.00000000e-01 
 1.45548667e-02  1.00000000e-01 
 1.45648667e-02  1.00000000e-01 
 1.45748667e-02  1.00000000e-01 
 1.45848667e-02  1.00000000e-01 
 1.45948667e-02  1.00000000e-01 
 1.46048667e-02  1.00000000e-01 
 1.46148667e-02  1.00000000e-01 
 1.46248667e-02  1.00000000e-01 
 1.46348667e-02  1.00000000e-01 
 1.46448667e-02  1.00000000e-01 
 1.46548667e-02  1.00000000e-01 
 1.46648667e-02  1.00000000e-01 
 1.46748667e-02  1.00000000e-01 
 1.46848667e-02  1.00000000e-01 
 1.46948667e-02  1.00000000e-01 
 1.47048667e-02  1.00000000e-01 
 1.47148667e-02  1.00000000e-01 
 1.47248667e-02  1.00000000e-01 
 1.47348667e-02  1.00000000e-01 
 1.47448667e-02  1.00000000e-01 
 1.47548667e-02  1.00000000e-01 
 1.47648667e-02  1.00000000e-01 
 1.47748667e-02  1.00000000e-01 
 1.47848667e-02  1.00000000e-01 
 1.47948667e-02  1.00000000e-01 
 1.48048667e-02  1.00000000e-01 
 1.48148667e-02  1.00000000e-01 
 1.48248667e-02  1.00000000e-01 
 1.48348667e-02  1.00000000e-01 
 1.48448667e-02  1.00000000e-01 
 1.48548667e-02  1.00000000e-01 
 1.48648667e-02  1.00000000e-01 
 1.48748667e-02  1.00000000e-01 
 1.48848667e-02  1.00000000e-01 
 1.48948667e-02  1.00000000e-01 
 1.49048667e-02  1.00000000e-01 
 1.49148667e-02  1.00000000e-01 
 1.49248667e-02  1.00000000e-01 
 1.49348667e-02  1.00000000e-01 
 1.49448667e-02  1.00000000e-01 
 1.49548667e-02  1.00000000e-01 
 1.49648667e-02  1.00000000e-01 
 1.49748667e-02  1.00000000e-01 
 1.49848667e-02  1.00000000e-01 
 1.49948667e-02  1.00000000e-01 
 1.50000000e-02  1.00000000e-01 
 1.50010000e-02  1.00000000e-01 
 1.50030000e-02  1.00000000e-01 
 1.50070000e-02  1.00000000e-01 
 1.50150000e-02  1.00000000e-01 
 1.50250000e-02  1.00000000e-01 
 1.50350000e-02  1.00000000e-01 
 1.50450000e-02  1.00000000e-01 
 1.50550000e-02  1.00000000e-01 
 1.50650000e-02  1.00000000e-01 
 1.50750000e-02  1.00000000e-01 
 1.50850000e-02  1.00000000e-01 
 1.50950000e-02  1.00000000e-01 
 1.51050000e-02  1.00000000e-01 
 1.51150000e-02  1.00000000e-01 
 1.51250000e-02  1.00000000e-01 
 1.51350000e-02  1.00000000e-01 
 1.51450000e-02  1.00000000e-01 
 1.51550000e-02  1.00000000e-01 
 1.51650000e-02  1.00000000e-01 
 1.51750000e-02  1.00000000e-01 
 1.51850000e-02  1.00000000e-01 
 1.51950000e-02  1.00000000e-01 
 1.52050000e-02  1.00000000e-01 
 1.52150000e-02  1.00000000e-01 
 1.52250000e-02  1.00000000e-01 
 1.52350000e-02  1.00000000e-01 
 1.52450000e-02  1.00000000e-01 
 1.52550000e-02  1.00000000e-01 
 1.52650000e-02  1.00000000e-01 
 1.52750000e-02  1.00000000e-01 
 1.52850000e-02  1.00000000e-01 
 1.52950000e-02  1.00000000e-01 
 1.53050000e-02  1.00000000e-01 
 1.53150000e-02  1.00000000e-01 
 1.53250000e-02  1.00000000e-01 
 1.53350000e-02  1.00000000e-01 
 1.53450000e-02  1.00000000e-01 
 1.53550000e-02  1.00000000e-01 
 1.53650000e-02  1.00000000e-01 
 1.53750000e-02  1.00000000e-01 
 1.53850000e-02  1.00000000e-01 
 1.53950000e-02  1.00000000e-01 
 1.54050000e-02  1.00000000e-01 
 1.54150000e-02  1.00000000e-01 
 1.54250000e-02  1.00000000e-01 
 1.54350000e-02  1.00000000e-01 
 1.54450000e-02  1.00000000e-01 
 1.54550000e-02  1.00000000e-01 
 1.54650000e-02  1.00000000e-01 
 1.54750000e-02  1.00000000e-01 
 1.54850000e-02  1.00000000e-01 
 1.54950000e-02  1.00000000e-01 
 1.55050000e-02  1.00000000e-01 
 1.55150000e-02  1.00000000e-01 
 1.55250000e-02  1.00000000e-01 
 1.55350000e-02  1.00000000e-01 
 1.55450000e-02  1.00000000e-01 
 1.55550000e-02  1.00000000e-01 
 1.55650000e-02  1.00000000e-01 
 1.55750000e-02  1.00000000e-01 
 1.55850000e-02  1.00000000e-01 
 1.55950000e-02  1.00000000e-01 
 1.56050000e-02  1.00000000e-01 
 1.56150000e-02  1.00000000e-01 
 1.56250000e-02  1.00000000e-01 
 1.56350000e-02  1.00000000e-01 
 1.56450000e-02  1.00000000e-01 
 1.56550000e-02  1.00000000e-01 
 1.56650000e-02  1.00000000e-01 
 1.56750000e-02  1.00000000e-01 
 1.56850000e-02  1.00000000e-01 
 1.56950000e-02  1.00000000e-01 
 1.57050000e-02  1.00000000e-01 
 1.57150000e-02  1.00000000e-01 
 1.57250000e-02  1.00000000e-01 
 1.57350000e-02  1.00000000e-01 
 1.57450000e-02  1.00000000e-01 
 1.57550000e-02  1.00000000e-01 
 1.57650000e-02  1.00000000e-01 
 1.57750000e-02  1.00000000e-01 
 1.57850000e-02  1.00000000e-01 
 1.57950000e-02  1.00000000e-01 
 1.58050000e-02  1.00000000e-01 
 1.58150000e-02  1.00000000e-01 
 1.58250000e-02  1.00000000e-01 
 1.58350000e-02  1.00000000e-01 
 1.58450000e-02  1.00000000e-01 
 1.58550000e-02  1.00000000e-01 
 1.58650000e-02  1.00000000e-01 
 1.58750000e-02  1.00000000e-01 
 1.58850000e-02  1.00000000e-01 
 1.58950000e-02  1.00000000e-01 
 1.59050000e-02  1.00000000e-01 
 1.59150000e-02  1.00000000e-01 
 1.59250000e-02  1.00000000e-01 
 1.59350000e-02  1.00000000e-01 
 1.59450000e-02  1.00000000e-01 
 1.59550000e-02  1.00000000e-01 
 1.59650000e-02  1.00000000e-01 
 1.59750000e-02  1.00000000e-01 
 1.59850000e-02  1.00000000e-01 
 1.59950000e-02  1.00000000e-01 
 1.60000000e-02  1.00000000e-01 
