 5.40000000e+00  5.80128980e+00 
 5.50000000e+00  5.80144943e+00 
 5.60000000e+00  5.80157331e+00 
 5.70000000e+00  5.80164349e+00 
 5.80000000e+00  5.80163105e+00 
 5.90000000e+00  5.80150234e+00 
 6.00000000e+00  5.80119471e+00 
 6.10000000e+00  5.80048798e+00 
 6.20000000e+00  5.79550268e+00 
 6.30000000e+00  5.80190110e+00 
 6.40000000e+00  5.80240946e+00 
 6.50000000e+00  5.80274045e+00 
 6.60000000e+00  5.80304591e+00 
 6.70000000e+00  5.80334710e+00 
 6.80000000e+00  5.80364646e+00 
 6.90000000e+00  5.80394430e+00 
 7.00000000e+00  5.80424057e+00 
 7.10000000e+00  5.80453519e+00 
 7.20000000e+00  5.80482807e+00 
 7.30000000e+00  5.80511915e+00 
 7.40000000e+00  5.80540834e+00 
 7.50000000e+00  5.80569555e+00 
 7.60000000e+00  5.80598070e+00 
 7.70000000e+00  5.80626366e+00 
 7.80000000e+00  5.80654432e+00 
 7.90000000e+00  5.80682253e+00 
 8.00000000e+00  5.80709813e+00 
 8.10000000e+00  5.80737093e+00 
 8.20000000e+00  5.80764073e+00 
 8.30000000e+00  5.80790729e+00 
 8.40000000e+00  5.80817037e+00 
 8.50000000e+00  5.80842967e+00 
 8.60000000e+00  5.80868489e+00 
 8.70000000e+00  5.80893569e+00 
 8.80000000e+00  5.80918171e+00 
 8.90000000e+00  5.80942254e+00 
 9.00000000e+00  5.80965778e+00 
 9.10000000e+00  5.80988695e+00 
 9.20000000e+00  5.81010954e+00 
 9.30000000e+00  5.81032501e+00 
 9.40000000e+00  5.81053268e+00 
 9.50000000e+00  5.81073179e+00 
 9.60000000e+00  5.81092141e+00 
 9.70000000e+00  5.81110047e+00 
 9.80000000e+00  5.81126791e+00 
 9.90000000e+00  5.81142306e+00 
 1.00000000e+01  5.81156615e+00 
 1.01000000e+01  5.81169841e+00 
 1.02000000e+01  5.81182143e+00 
 1.03000000e+01  5.81193632e+00 
 1.04000000e+01  5.81204342e+00 
 1.05000000e+01  5.81214258e+00 
