 5.40000000e+00  5.00009163e+00 
 5.50000000e+00  5.00010423e+00 
 5.60000000e+00  5.00011809e+00 
 5.70000000e+00  5.00013357e+00 
 5.80000000e+00  5.00015081e+00 
 5.90000000e+00  5.00016995e+00 
 6.00000000e+00  5.00019113e+00 
 6.10000000e+00  5.00021449e+00 
 6.20000000e+00  5.00024013e+00 
 6.30000000e+00  5.00026818e+00 
 6.40000000e+00  5.00029875e+00 
 6.50000000e+00  5.00033191e+00 
 6.60000000e+00  5.00036775e+00 
 6.70000000e+00  5.00040634e+00 
 6.80000000e+00  5.00044775e+00 
 6.90000000e+00  5.00049201e+00 
 7.00000000e+00  5.00053917e+00 
 7.10000000e+00  5.00058925e+00 
 7.20000000e+00  5.00064227e+00 
 7.30000000e+00  5.00069824e+00 
 7.40000000e+00  5.00075717e+00 
 7.50000000e+00  5.00081906e+00 
 7.60000000e+00  5.00088392e+00 
 7.70000000e+00  5.00095175e+00 
 7.80000000e+00  5.00102254e+00 
 7.90000000e+00  5.00109630e+00 
 8.00000000e+00  5.00117306e+00 
 8.10000000e+00  5.00125282e+00 
 8.20000000e+00  5.00133560e+00 
 8.30000000e+00  5.00142146e+00 
 8.40000000e+00  5.00151044e+00 
 8.50000000e+00  5.00160259e+00 
 8.60000000e+00  5.00169799e+00 
 8.70000000e+00  5.00179673e+00 
 8.80000000e+00  5.00189890e+00 
 8.90000000e+00  5.00200463e+00 
 9.00000000e+00  5.00211403e+00 
 9.10000000e+00  5.00222727e+00 
 9.20000000e+00  5.00234450e+00 
 9.30000000e+00  5.00246591e+00 
 9.40000000e+00  5.00259169e+00 
 9.50000000e+00  5.00272206e+00 
 9.60000000e+00  5.00285724e+00 
 9.70000000e+00  5.00299751e+00 
 9.80000000e+00  5.00314312e+00 
 9.90000000e+00  5.00329438e+00 
 1.00000000e+01  5.00345160e+00 
 1.01000000e+01  5.00361512e+00 
 1.02000000e+01  5.00378529e+00 
 1.03000000e+01  5.00396251e+00 
 1.04000000e+01  5.00414718e+00 
 1.05000000e+01  5.00433974e+00 
