 5.00000000e-09  3.57187350e-09 
 5.14019886e-09  3.62586766e-09 
 5.42059659e-09  3.72681245e-09 
 5.98139205e-09  3.91490914e-09 
 6.77345692e-09  4.16127284e-09 
 8.02719431e-09  4.52614674e-09 
 1.05346691e-08  5.21593375e-09 
 1.55496186e-08  6.54241036e-09 
 2.55795177e-08  9.14686207e-09 
 4.56122919e-08  1.43808778e-08 
 5.94321874e-08  1.80399167e-08 
 7.41962652e-08  2.20078111e-08 
 8.34845649e-08  2.45305848e-08 
 9.41018208e-08  2.74329383e-08 
 1.06648915e-07  3.08846723e-08 
 1.20280815e-07  3.46615053e-08 
 1.39376308e-07  4.00028411e-08 
 1.59801065e-07  4.57871624e-08 
 1.89870978e-07  5.44430231e-08 
 2.33173176e-07  6.71893636e-08 
 3.19777573e-07  9.34904045e-08 
 4.04484658e-07  1.19910474e-07 
 4.64205655e-07  1.38227110e-07 
 5.00000000e-07  1.47937842e-07 
 5.07110676e-07  1.49653807e-07 
 5.21332028e-07  1.52811739e-07 
 5.33344185e-07  1.55424722e-07 
 5.45959069e-07  1.58632527e-07 
 5.60912231e-07  1.62997147e-07 
 5.75637192e-07  1.67491810e-07 
 5.95096614e-07  1.73443754e-07 
 6.21694760e-07  1.81565231e-07 
 6.49730583e-07  1.90118036e-07 
 6.81716052e-07  1.99862906e-07 
 7.00326497e-07  2.05525349e-07 
 7.20775340e-07  2.11740470e-07 
 7.31702626e-07  2.15058858e-07 
 7.38705799e-07  2.17184605e-07 
 7.42652052e-07  2.18382136e-07 
 7.46360978e-07  2.19507454e-07 
 7.50189782e-07  2.20668959e-07 
 7.53841335e-07  2.21776530e-07 
 7.60153674e-07  2.23690823e-07 
 7.72778352e-07  2.27518439e-07 
 7.94850629e-07  2.34209591e-07 
 8.25099283e-07  2.43387895e-07 
 8.69967876e-07  2.57078002e-07 
 9.40294115e-07  2.79182719e-07 
 1.00000000e-06  2.99527641e-07 
 1.00800836e-06  3.02412102e-07 
 1.02402509e-06  3.08329809e-07 
 1.05605855e-06  3.20547040e-07 
 1.08521404e-06  3.31390728e-07 
 1.11023097e-06  3.40299380e-07 
 1.13859519e-06  3.49984764e-07 
 1.16707906e-06  3.59368514e-07 
 1.19763629e-06  3.69167120e-07 
 1.23731220e-06  3.81591374e-07 
 1.27725055e-06  3.93834298e-07 
 1.32229705e-06  4.07336293e-07 
 1.41239004e-06  4.33136218e-07 
 1.52823361e-06  4.62846577e-07 
 1.58707464e-06  4.74335684e-07 
 1.64459091e-06  4.84628821e-07 
 1.71814169e-06  4.97672596e-07 
 1.79139205e-06  5.11385468e-07 
 1.93789278e-06  5.60168976e-07 
 2.04239056e-06  6.71040403e-07 
 2.13542777e-06  9.59122146e-07 
 2.22466444e-06  1.67263101e-06 
 2.32573645e-06  3.71810386e-06 
 2.41937177e-06  8.19732437e-06 
 2.51994074e-06  1.95713862e-05 
 2.61646137e-06  4.46178650e-05 
 2.71847916e-06  1.02487465e-04 
 2.82675798e-06  2.28686058e-04 
 2.95232186e-06  5.12137553e-04 
 3.10610018e-06  1.15413800e-03 
 3.31044816e-06  2.68866019e-03 
 3.59667332e-06  6.52477034e-03 
 4.01051509e-06  1.64619181e-02 
 4.61103953e-06  4.23446775e-02 
 4.63833235e-06  4.38623640e-02 
 4.69291799e-06  4.69775003e-02 
 4.73007987e-06  4.91690331e-02 
 4.75168852e-06  5.04735434e-02 
 4.76553329e-06  5.13260217e-02 
 4.77240161e-06  5.17260478e-02 
 4.77712461e-06  5.19887166e-02 
 4.78166664e-06  5.22414937e-02 
 4.78555760e-06  5.24612414e-02 
 4.78919019e-06  5.26635312e-02 
 4.79296604e-06  5.28687722e-02 
 4.79647642e-06  5.30590387e-02 
 4.80015961e-06  5.32602563e-02 
 4.80480774e-06  5.35111151e-02 
 4.81048654e-06  5.38126603e-02 
 4.81639005e-06  5.41246749e-02 
 4.82493951e-06  5.45717829e-02 
 4.83669216e-06  5.51764445e-02 
 4.85111496e-06  5.59053001e-02 
 4.87996058e-06  5.73244254e-02 
 4.93765181e-06  6.00394995e-02 
 5.02809771e-06  6.40586694e-02 
 5.11046654e-06  6.75379233e-02 
 5.19131971e-06  7.08378322e-02 
 5.25660133e-06  7.34422837e-02 
 5.31846010e-06  7.58745551e-02 
 5.36203097e-06  7.75713367e-02 
 5.41236620e-06  7.95184511e-02 
 5.46616300e-06  8.15868933e-02 
 5.52745942e-06  8.39307388e-02 
 5.59837287e-06  8.66282678e-02 
 5.72691077e-06  9.14887043e-02 
 5.98398656e-06  1.01133175e-01 
 6.45543786e-06  1.18665121e-01 
 7.08600244e-06  1.41961324e-01 
 7.82464913e-06  1.69276654e-01 
 8.94638949e-06  2.12141528e-01 
 1.00000000e-05  2.57224027e-01 
 1.01459177e-05  2.63769555e-01 
 1.04377531e-05  2.76815048e-01 
 1.07654064e-05  2.91394016e-01 
 1.12244646e-05  3.11709055e-01 
 1.16925206e-05  3.32290320e-01 
 1.24951995e-05  3.67274207e-01 
 1.39085441e-05  4.27950365e-01 
 1.62179554e-05  5.24783587e-01 
 1.99504119e-05  6.76102601e-01 
 2.06041090e-05  7.01881237e-01 
 2.19115031e-05  7.53068964e-01 
 2.45262915e-05  8.53822375e-01 
 2.48682923e-05  8.66824169e-01 
 2.55522938e-05  8.92746387e-01 
 2.69202968e-05  9.44217887e-01 
 2.84809154e-05  1.00091303e+00 
 2.94820417e-05  1.03650265e+00 
 3.02773656e-05  1.06464005e+00 
 3.10513583e-05  1.09199619e+00 
 3.21479895e-05  1.13066507e+00 
 3.33757499e-05  1.17374077e+00 
 3.58312707e-05  1.25903272e+00 
 4.07423123e-05  1.42606412e+00 
 4.15965547e-05  1.45456431e+00 
 4.33050394e-05  1.51125810e+00 
 4.45978182e-05  1.55383134e+00 
 4.60767044e-05  1.60208342e+00 
 4.86064729e-05  1.68286122e+00 
 5.02855354e-05  1.73462600e+00 
 5.13414472e-05  1.75710789e+00 
 5.19339004e-05  1.76500122e+00 
 5.24397063e-05  1.76897001e+00 
 5.29361067e-05  1.77087453e+00 
 5.39289073e-05  1.77241909e+00 
 5.56966181e-05  1.77348133e+00 
 5.74362819e-05  1.77381566e+00 
 6.05606332e-05  1.77403032e+00 
 6.37299026e-05  1.77408095e+00 
 6.65983374e-05  1.77407512e+00 
 7.01705998e-05  1.77404822e+00 
 7.53645120e-05  1.77399916e+00 
 8.57523364e-05  1.77389396e+00 
 1.00000000e-04  1.77374558e+00 
 1.02077565e-04  1.77372360e+00 
 1.06232695e-04  1.77367964e+00 
 1.14542954e-04  1.77359172e+00 
 1.31163473e-04  1.77341590e+00 
 1.64404511e-04  1.77306430e+00 
 2.30886588e-04  1.77236133e+00 
 3.30886588e-04  1.77130447e+00 
 4.30886588e-04  1.77024823e+00 
 5.30886588e-04  1.76919263e+00 
 6.30886588e-04  1.76813766e+00 
 7.30886588e-04  1.76708332e+00 
 8.30886588e-04  1.76602961e+00 
 9.30886588e-04  1.76497653e+00 
 1.01071649e-03  1.76413628e+00 
 1.01185238e-03  1.77330787e+00 
 1.01190498e-03  1.77375225e+00 
 1.01201016e-03  1.77465549e+00 
 1.01204562e-03  1.77496232e+00 
 1.01208398e-03  1.77529423e+00 
 1.01213675e-03  1.77575060e+00 
 1.01221103e-03  1.77639282e+00 
 1.01235961e-03  1.77767712e+00 
 1.01259542e-03  1.77971551e+00 
 1.01306705e-03  1.78379231e+00 
 1.01401030e-03  1.79194587e+00 
 1.01589681e-03  1.80825280e+00 
 1.01966983e-03  1.84086588e+00 
 1.02721586e-03  1.90608902e+00 
 1.03559269e-03  1.97848820e+00 
 1.04614764e-03  2.06970521e+00 
 1.05681289e-03  2.16186735e+00 
 1.07006765e-03  2.27639493e+00 
 1.09657718e-03  2.50541219e+00 
 1.14959622e-03  2.96329448e+00 
 1.24959622e-03  3.82618321e+00 
 1.34959622e-03  4.68606742e+00 
 1.44959622e-03  5.45415805e+00 
 1.54959622e-03  5.81365769e+00 
 1.64959622e-03  5.90515989e+00 
 1.74959622e-03  5.90592255e+00 
 1.84959622e-03  5.89418964e+00 
 1.94959622e-03  5.88776616e+00 
 2.04959622e-03  5.88589018e+00 
 2.14959622e-03  5.88573979e+00 
 2.24959622e-03  5.88591007e+00 
 2.34959622e-03  5.88602170e+00 
 2.44959622e-03  5.88605879e+00 
 2.54959622e-03  5.88606372e+00 
 2.64959622e-03  5.88606139e+00 
 2.74959622e-03  5.88605947e+00 
 2.84959622e-03  5.88605876e+00 
 2.94959622e-03  5.88605863e+00 
 3.04959622e-03  5.88605866e+00 
 3.14959622e-03  5.88605869e+00 
 3.24959622e-03  5.88605871e+00 
 3.34959622e-03  5.88605871e+00 
 3.44959622e-03  5.88605871e+00 
 3.54959622e-03  5.88605871e+00 
 3.64959622e-03  5.88605871e+00 
 3.74959622e-03  5.88605871e+00 
 3.84959622e-03  5.88605871e+00 
 3.94959622e-03  5.88605871e+00 
 4.04959622e-03  5.88605871e+00 
 4.14959622e-03  5.88605871e+00 
 4.24959622e-03  5.88605871e+00 
 4.34959622e-03  5.88605871e+00 
 4.44959622e-03  5.88605871e+00 
 4.54959622e-03  5.88605871e+00 
 4.64959622e-03  5.88605871e+00 
 4.74959622e-03  5.88605871e+00 
 4.84959622e-03  5.88605871e+00 
 4.94959622e-03  5.88605871e+00 
 5.04959622e-03  5.88605871e+00 
 5.14959622e-03  5.88605871e+00 
 5.24959622e-03  5.88605871e+00 
 5.34959622e-03  5.88605871e+00 
 5.44959622e-03  5.88605871e+00 
 5.54959622e-03  5.88605871e+00 
 5.64959622e-03  5.88605871e+00 
 5.74959622e-03  5.88605871e+00 
 5.84959622e-03  5.88605871e+00 
 5.94959622e-03  5.88605871e+00 
 6.04959622e-03  5.88605871e+00 
 6.14959622e-03  5.88605871e+00 
 6.24959622e-03  5.88605871e+00 
 6.34959622e-03  5.88605871e+00 
 6.44959622e-03  5.88605871e+00 
 6.54959622e-03  5.88605871e+00 
 6.64959622e-03  5.88605871e+00 
 6.74959622e-03  5.88605871e+00 
 6.84959622e-03  5.88605871e+00 
 6.94959622e-03  5.88605871e+00 
 7.04959622e-03  5.88605871e+00 
 7.14959622e-03  5.88605871e+00 
 7.24959622e-03  5.88605871e+00 
 7.34959622e-03  5.88605871e+00 
 7.44959622e-03  5.88605871e+00 
 7.54959622e-03  5.88605871e+00 
 7.64959622e-03  5.88605871e+00 
 7.74959622e-03  5.88605871e+00 
 7.84959622e-03  5.88605871e+00 
 7.94959622e-03  5.88605871e+00 
 8.04959622e-03  5.88605871e+00 
 8.14959622e-03  5.88605871e+00 
 8.24959622e-03  5.88605871e+00 
 8.34959622e-03  5.88605871e+00 
 8.44959622e-03  5.88605871e+00 
 8.54959622e-03  5.88605871e+00 
 8.64959622e-03  5.88605871e+00 
 8.74959622e-03  5.88605871e+00 
 8.84959622e-03  5.88605871e+00 
 8.94959622e-03  5.88605871e+00 
 9.04959622e-03  5.88605871e+00 
 9.14959622e-03  5.88605871e+00 
 9.24959622e-03  5.88605871e+00 
 9.34959622e-03  5.88605871e+00 
 9.44959622e-03  5.88605871e+00 
 9.54959622e-03  5.88605871e+00 
 9.64959622e-03  5.88605871e+00 
 9.74959622e-03  5.88605871e+00 
 9.84959622e-03  5.88605871e+00 
 9.94959622e-03  5.88605871e+00 
 1.00495962e-02  5.88605871e+00 
 1.01495962e-02  5.88605871e+00 
 1.02495962e-02  5.88605871e+00 
 1.03495962e-02  5.88605871e+00 
 1.04495962e-02  5.88605871e+00 
 1.05495962e-02  5.88605871e+00 
 1.06495962e-02  5.88605871e+00 
 1.07495962e-02  5.88605871e+00 
 1.08495962e-02  5.88605871e+00 
 1.09495962e-02  5.88605871e+00 
 1.10495962e-02  5.88605871e+00 
 1.11495962e-02  5.88605871e+00 
 1.12495962e-02  5.88605871e+00 
 1.13495962e-02  5.88605871e+00 
 1.14495962e-02  5.88605871e+00 
 1.15495962e-02  5.88605871e+00 
 1.16495962e-02  5.88605871e+00 
 1.17495962e-02  5.88605871e+00 
 1.18495962e-02  5.88605871e+00 
 1.19495962e-02  5.88605871e+00 
 1.20495962e-02  5.88605871e+00 
 1.21495962e-02  5.88605871e+00 
 1.22495962e-02  5.88605871e+00 
 1.23495962e-02  5.88605871e+00 
 1.24495962e-02  5.88605871e+00 
 1.25495962e-02  5.88605871e+00 
 1.26495962e-02  5.88605871e+00 
 1.27495962e-02  5.88605871e+00 
 1.28495962e-02  5.88605871e+00 
 1.29495962e-02  5.88605871e+00 
 1.30495962e-02  5.88605871e+00 
 1.31495962e-02  5.88605871e+00 
 1.32495962e-02  5.88605871e+00 
 1.33495962e-02  5.88605871e+00 
 1.34495962e-02  5.88605871e+00 
 1.35495962e-02  5.88605871e+00 
 1.36495962e-02  5.88605871e+00 
 1.37495962e-02  5.88605871e+00 
 1.38495962e-02  5.88605871e+00 
 1.39495962e-02  5.88605871e+00 
 1.40495962e-02  5.88605871e+00 
 1.41495962e-02  5.88605871e+00 
 1.42495962e-02  5.88605871e+00 
 1.43495962e-02  5.88605871e+00 
 1.44495962e-02  5.88605871e+00 
 1.45495962e-02  5.88605871e+00 
 1.46495962e-02  5.88605871e+00 
 1.47495962e-02  5.88605871e+00 
 1.48495962e-02  5.88605871e+00 
 1.49495962e-02  5.88605871e+00 
 1.50495962e-02  5.88605871e+00 
 1.51495962e-02  5.88605871e+00 
 1.52495962e-02  5.88605871e+00 
 1.53495962e-02  5.88605871e+00 
 1.54495962e-02  5.88605871e+00 
 1.55495962e-02  5.88605871e+00 
 1.56495962e-02  5.88605871e+00 
 1.57495962e-02  5.88605871e+00 
 1.58495962e-02  5.88605871e+00 
 1.59495962e-02  5.88605871e+00 
 1.60495962e-02  5.88605871e+00 
 1.61495962e-02  5.88605871e+00 
 1.62495962e-02  5.88605871e+00 
 1.63495962e-02  5.88605871e+00 
 1.64495962e-02  5.88605871e+00 
 1.65495962e-02  5.88605871e+00 
 1.66495962e-02  5.88605871e+00 
 1.67495962e-02  5.88605871e+00 
 1.68495962e-02  5.88605871e+00 
 1.69495962e-02  5.88605871e+00 
 1.70495962e-02  5.88605871e+00 
 1.71495962e-02  5.88605871e+00 
 1.72495962e-02  5.88605871e+00 
 1.73495962e-02  5.88605871e+00 
 1.74495962e-02  5.88605871e+00 
 1.75495962e-02  5.88605871e+00 
 1.76495962e-02  5.88605871e+00 
 1.77495962e-02  5.88605871e+00 
 1.78495962e-02  5.88605871e+00 
 1.79495962e-02  5.88605871e+00 
 1.80495962e-02  5.88605871e+00 
 1.81495962e-02  5.88605871e+00 
 1.82495962e-02  5.88605871e+00 
 1.83495962e-02  5.88605871e+00 
 1.84495962e-02  5.88605871e+00 
 1.85495962e-02  5.88605871e+00 
 1.86495962e-02  5.88605871e+00 
 1.87495962e-02  5.88605871e+00 
 1.88495962e-02  5.88605871e+00 
 1.89495962e-02  5.88605871e+00 
 1.90495962e-02  5.88605871e+00 
 1.91495962e-02  5.88605871e+00 
 1.92495962e-02  5.88605871e+00 
 1.93495962e-02  5.88605871e+00 
 1.94495962e-02  5.88605871e+00 
 1.95495962e-02  5.88605871e+00 
 1.96495962e-02  5.88605871e+00 
 1.97495962e-02  5.88605871e+00 
 1.98495962e-02  5.88605871e+00 
 1.99495962e-02  5.88605871e+00 
 2.00000000e-02  5.88605871e+00 
 2.00100000e-02  5.88564905e+00 
 2.00300000e-02  5.88405326e+00 
 2.00700000e-02  5.87842430e+00 
 2.01500000e-02  5.86261158e+00 
 2.02500000e-02  5.83974955e+00 
 2.03500000e-02  5.81579423e+00 
 2.04500000e-02  5.79134222e+00 
 2.05500000e-02  5.76636879e+00 
 2.06500000e-02  5.74073720e+00 
 2.07500000e-02  5.71432139e+00 
 2.08500000e-02  5.68700048e+00 
 2.09500000e-02  5.65863194e+00 
 2.10500000e-02  5.62902554e+00 
 2.11500000e-02  5.59791349e+00 
 2.12500000e-02  5.56490515e+00 
 2.13500000e-02  5.52940976e+00 
 2.14500000e-02  5.49049753e+00 
 2.15500000e-02  5.44664222e+00 
 2.16500000e-02  5.39524148e+00 
 2.17500000e-02  5.33179024e+00 
 2.18500000e-02  5.24865966e+00 
 2.19500000e-02  5.13603360e+00 
 2.20500000e-02  4.98480576e+00 
 2.20625000e-02  4.96277169e+00 
 2.20875000e-02  4.91780793e+00 
 2.20921637e-02  4.91398619e+00 
 2.21014912e-02  4.94877997e+00 
 2.21108906e-02  5.00430650e+00 
 2.21196837e-02  5.02935069e+00 
 2.21290161e-02  5.02719500e+00 
 2.21394219e-02  5.01174930e+00 
 2.21529128e-02  4.98541582e+00 
 2.21721067e-02  4.94653734e+00 
 2.21814411e-02  4.94412800e+00 
 2.21900985e-02  4.96575247e+00 
 2.22022482e-02  5.00042578e+00 
 2.22143814e-02  5.00838516e+00 
 2.22278441e-02  4.99438886e+00 
 2.22405394e-02  4.97473312e+00 
 2.22595012e-02  4.96774549e+00 
 2.22746274e-02  4.98113505e+00 
 2.22910799e-02  4.99082759e+00 
 2.23078735e-02  4.98770886e+00 
 2.23299512e-02  4.98011077e+00 
 2.23568596e-02  4.98071001e+00 
 2.23888214e-02  4.98414527e+00 
 2.24302356e-02  4.98343571e+00 
 2.24870583e-02  4.98252481e+00 
 2.25870583e-02  4.98275785e+00 
 2.26870583e-02  4.98260079e+00 
 2.27870583e-02  4.98243363e+00 
 2.28870583e-02  4.98230316e+00 
 2.29870583e-02  4.98216957e+00 
 2.30870583e-02  4.98203734e+00 
 2.31870583e-02  4.98190735e+00 
 2.32870583e-02  4.98177874e+00 
 2.33870583e-02  4.98165124e+00 
 2.34870583e-02  4.98152461e+00 
 2.35870583e-02  4.98139859e+00 
 2.36870583e-02  4.98127292e+00 
 2.37870583e-02  4.98114740e+00 
 2.38870583e-02  4.98102180e+00 
 2.39870583e-02  4.98089590e+00 
 2.40870583e-02  4.98076948e+00 
 2.41870583e-02  4.98064233e+00 
 2.42870583e-02  4.98051420e+00 
 2.43870583e-02  4.98038487e+00 
 2.44870583e-02  4.98025407e+00 
 2.45870583e-02  4.98012151e+00 
 2.46870583e-02  4.97998688e+00 
 2.47870583e-02  4.97984973e+00 
 2.48870583e-02  4.97970954e+00 
 2.49588342e-02  4.96568010e+00 
 2.50015391e-02  4.94934268e+00 
 2.50495858e-02  4.92317222e+00 
 2.51040104e-02  4.88396505e+00 
 2.51689530e-02  4.82506586e+00 
 2.52689530e-02  4.71199762e+00 
 2.53689530e-02  4.57540169e+00 
 2.54689530e-02  4.41856395e+00 
 2.54814530e-02  4.39743206e+00 
 2.55064530e-02  4.35455032e+00 
 2.55564530e-02  4.26592827e+00 
 2.55628944e-02  4.25420303e+00 
 2.55757772e-02  4.23060190e+00 
 2.55850051e-02  4.21355660e+00 
 2.55938048e-02  4.19718876e+00 
 2.56061339e-02  4.17406759e+00 
 2.56307921e-02  4.12717647e+00 
 2.56801086e-02  4.03089542e+00 
 2.57787417e-02  3.82905049e+00 
 2.58787417e-02  3.61278285e+00 
 2.59787417e-02  3.38591967e+00 
 2.60787417e-02  3.15053645e+00 
 2.61787417e-02  2.90726395e+00 
 2.62787417e-02  2.65719046e+00 
 2.63787417e-02  2.40253216e+00 
 2.64787417e-02  2.15052881e+00 
 2.65787417e-02  1.97547228e+00 
 2.66787417e-02  1.91585358e+00 
 2.67787417e-02  1.90089238e+00 
 2.68787417e-02  1.89160582e+00 
 2.69787417e-02  1.88064758e+00 
 2.70787417e-02  1.86857579e+00 
 2.71787417e-02  1.85612150e+00 
 2.72787417e-02  1.84338210e+00 
 2.73787417e-02  1.83021904e+00 
 2.74787417e-02  1.81646290e+00 
 2.75787417e-02  1.80194508e+00 
 2.76787417e-02  1.78648398e+00 
 2.77787417e-02  1.76986840e+00 
 2.78787417e-02  1.75184161e+00 
 2.79787417e-02  1.73208258e+00 
 2.80787417e-02  1.71018160e+00 
 2.81787417e-02  1.68560839e+00 
 2.82787417e-02  1.65767295e+00 
 2.83787417e-02  1.62548474e+00 
 2.84787417e-02  1.58792981e+00 
 2.85787417e-02  1.54371218e+00 
 2.86787417e-02  1.49153590e+00 
 2.87787417e-02  1.43048874e+00 
 2.88787417e-02  1.36054032e+00 
 2.89787417e-02  1.28295287e+00 
 2.90787417e-02  1.20015647e+00 
 2.91787417e-02  1.11527484e+00 
 2.92787417e-02  1.03142856e+00 
 2.93787417e-02  9.51154679e-01 
 2.94787417e-02  8.76054929e-01 
 2.95787417e-02  8.06780645e-01 
 2.96787417e-02  7.43249398e-01 
 2.97787417e-02  6.84944290e-01 
 2.98787417e-02  6.31178760e-01 
 2.99787417e-02  5.81273555e-01 
 3.00787417e-02  5.34641957e-01 
 3.01787417e-02  4.90808777e-01 
 3.02787417e-02  4.49399014e-01 
 3.03787417e-02  4.10116541e-01 
 3.04787417e-02  3.72722519e-01 
 3.05787417e-02  3.37023118e-01 
 3.06787417e-02  3.02854498e-01 
 3.07787417e-02  2.70076788e-01 
 3.08787417e-02  2.38569461e-01 
 3.09787417e-02  2.08227781e-01 
 3.10787417e-02  1.78960041e-01 
 3.11787417e-02  1.50685412e-01 
 3.12787417e-02  1.23332231e-01 
 3.13787417e-02  9.68366223e-02 
 3.14787417e-02  7.11413780e-02 
 3.15787417e-02  4.61950445e-02 
 3.16787417e-02  2.19511260e-02 
 3.17787417e-02 -1.63250550e-03 
 3.18787417e-02 -2.45941739e-02 
 3.19787417e-02 -4.69688537e-02 
 3.20787417e-02 -6.87885566e-02 
 3.21787417e-02 -9.00826641e-02 
 3.22787417e-02 -1.10878194e-01 
 3.23787417e-02 -1.31200084e-01 
 3.24787417e-02 -1.51071383e-01 
 3.25787417e-02 -1.70513445e-01 
 3.26787417e-02 -1.89546089e-01 
 3.27787417e-02 -2.08187749e-01 
 3.28787417e-02 -2.26455598e-01 
 3.29787417e-02 -2.44365655e-01 
 3.30787417e-02 -2.61932890e-01 
 3.31787417e-02 -2.79171301e-01 
 3.32787417e-02 -2.96093990e-01 
 3.33787417e-02 -3.12713225e-01 
 3.34787417e-02 -3.29040487e-01 
 3.35787417e-02 -3.45086503e-01 
 3.36787417e-02 -3.60861276e-01 
 3.37787417e-02 -3.76374076e-01 
 3.38787417e-02 -3.91633431e-01 
 3.39787417e-02 -4.06647070e-01 
 3.40787417e-02 -4.21421837e-01 
 3.41787417e-02 -4.35963553e-01 
 3.42787417e-02 -4.50276799e-01 
 3.43787417e-02 -4.64364612e-01 
 3.44787417e-02 -4.78228046e-01 
 3.45787417e-02 -4.91865573e-01 
 3.46787417e-02 -5.05272270e-01 
 3.47787417e-02 -5.18438778e-01 
 3.48787417e-02 -5.31350043e-01 
 3.49787417e-02 -5.43983955e-01 
 3.50787417e-02 -5.56310156e-01 
 3.51787417e-02 -5.68289500e-01 
 3.52787417e-02 -5.79874813e-01 
 3.53787417e-02 -5.91013588e-01 
 3.54787417e-02 -6.01652858e-01 
 3.55787417e-02 -6.11745735e-01 
 3.56787417e-02 -6.21258212e-01 
 3.57787417e-02 -6.30174384e-01 
 3.58787417e-02 -6.38498508e-01 
 3.59787417e-02 -6.46253457e-01 
 3.60787417e-02 -6.53476394e-01 
 3.61787417e-02 -6.60213239e-01 
 3.62787417e-02 -6.66513454e-01 
 3.63787417e-02 -6.72426051e-01 
 3.64787417e-02 -6.77997038e-01 
 3.65787417e-02 -6.83268099e-01 
 3.66787417e-02 -6.88276137e-01 
 3.67787417e-02 -6.93053351e-01 
 3.68787417e-02 -6.97627592e-01 
 3.69787417e-02 -7.02022840e-01 
 3.70787417e-02 -7.06259705e-01 
 3.71787417e-02 -7.10355906e-01 
 3.72787417e-02 -7.14326696e-01 
 3.73787417e-02 -7.18185244e-01 
 3.74787417e-02 -7.21942951e-01 
 3.75787417e-02 -7.25609723e-01 
 3.76787417e-02 -7.29194197e-01 
 3.77787417e-02 -7.32703936e-01 
 3.78787417e-02 -7.36145584e-01 
 3.79787417e-02 -7.39525005e-01 
 3.80787417e-02 -7.42847389e-01 
 3.81787417e-02 -7.46117347e-01 
 3.82787417e-02 -7.49338992e-01 
 3.83787417e-02 -7.52516003e-01 
 3.84787417e-02 -7.55651685e-01 
 3.85787417e-02 -7.58749010e-01 
 3.86787417e-02 -7.61810662e-01 
 3.87787417e-02 -7.64839070e-01 
 3.88787417e-02 -7.67836440e-01 
 3.89787417e-02 -7.70804775e-01 
 3.90787417e-02 -7.73745901e-01 
 3.91787417e-02 -7.76661486e-01 
 3.92787417e-02 -7.79553053e-01 
 3.93787417e-02 -7.82421998e-01 
 3.94787417e-02 -7.85269600e-01 
 3.95787417e-02 -7.88097031e-01 
 3.96787417e-02 -7.90905369e-01 
 3.97787417e-02 -7.93695606e-01 
 3.98787417e-02 -7.96468650e-01 
 3.99787417e-02 -7.99225342e-01 
 4.00787417e-02 -8.01966453e-01 
 4.01787417e-02 -8.04692694e-01 
 4.02787417e-02 -8.07404722e-01 
 4.03787417e-02 -8.10103142e-01 
 4.04787417e-02 -8.12788513e-01 
 4.05787417e-02 -8.15461352e-01 
 4.06787417e-02 -8.18122138e-01 
 4.07787417e-02 -8.20771316e-01 
 4.08787417e-02 -8.23409296e-01 
 4.09787417e-02 -8.26036462e-01 
 4.10787417e-02 -8.28653173e-01 
 4.11787417e-02 -8.31259760e-01 
 4.12787417e-02 -8.33856536e-01 
 4.13787417e-02 -8.36443794e-01 
 4.14787417e-02 -8.39021808e-01 
 4.15787417e-02 -8.41590838e-01 
 4.16787417e-02 -8.44151128e-01 
 4.17787417e-02 -8.46702909e-01 
 4.18787417e-02 -8.49246401e-01 
 4.19787417e-02 -8.51781812e-01 
 4.20787417e-02 -8.54309340e-01 
 4.21787417e-02 -8.56829173e-01 
 4.22787417e-02 -8.59341492e-01 
 4.23787417e-02 -8.61846470e-01 
 4.24787417e-02 -8.64344272e-01 
 4.25787417e-02 -8.66835055e-01 
 4.26787417e-02 -8.69318973e-01 
 4.27787417e-02 -8.71796170e-01 
 4.28787417e-02 -8.74266788e-01 
 4.29787417e-02 -8.76730961e-01 
 4.30787417e-02 -8.79188821e-01 
 4.31787417e-02 -8.81640492e-01 
 4.32787417e-02 -8.84086095e-01 
 4.33787417e-02 -8.86525749e-01 
 4.34787417e-02 -8.88959564e-01 
 4.35787417e-02 -8.91387652e-01 
 4.36787417e-02 -8.93810117e-01 
 4.37787417e-02 -8.96227062e-01 
 4.38787417e-02 -8.98638584e-01 
 4.39787417e-02 -9.01044781e-01 
 4.40787417e-02 -9.03445743e-01 
 4.41787417e-02 -9.05841562e-01 
 4.42787417e-02 -9.08232323e-01 
 4.43787417e-02 -9.10618112e-01 
 4.44787417e-02 -9.12999008e-01 
 4.45787417e-02 -9.15375093e-01 
 4.46787417e-02 -9.17746442e-01 
 4.47787417e-02 -9.20113130e-01 
 4.48787417e-02 -9.22475229e-01 
 4.49787417e-02 -9.24832809e-01 
 4.50787417e-02 -9.27185939e-01 
 4.51787417e-02 -9.29534684e-01 
 4.52787417e-02 -9.31879108e-01 
 4.53787417e-02 -9.34219275e-01 
 4.54787417e-02 -9.36555245e-01 
 4.55787417e-02 -9.38887077e-01 
 4.56787417e-02 -9.41214828e-01 
 4.57787417e-02 -9.43538554e-01 
 4.58787417e-02 -9.45858308e-01 
 4.59787417e-02 -9.48174145e-01 
 4.60787417e-02 -9.50486115e-01 
 4.61787417e-02 -9.52794268e-01 
 4.62787417e-02 -9.55098653e-01 
 4.63787417e-02 -9.57399317e-01 
 4.64787417e-02 -9.59696307e-01 
 4.65787417e-02 -9.61989667e-01 
 4.66787417e-02 -9.64279441e-01 
 4.67787417e-02 -9.66565672e-01 
 4.68787417e-02 -9.68848401e-01 
 4.69787417e-02 -9.71127669e-01 
 4.70787417e-02 -9.73403515e-01 
 4.71787417e-02 -9.75675979e-01 
 4.72787417e-02 -9.77945097e-01 
 4.73787417e-02 -9.80210906e-01 
 4.74787417e-02 -9.82473443e-01 
 4.75787417e-02 -9.84732741e-01 
 4.76787417e-02 -9.86988836e-01 
 4.77787417e-02 -9.89241760e-01 
 4.78787417e-02 -9.91491546e-01 
 4.79787417e-02 -9.93738226e-01 
 4.80787417e-02 -9.95981830e-01 
 4.81787417e-02 -9.98222390e-01 
 4.82787417e-02 -1.00045993e+00 
 4.83787417e-02 -1.00269449e+00 
 4.84787417e-02 -1.00492609e+00 
 4.85787417e-02 -1.00715476e+00 
 4.86787417e-02 -1.00938053e+00 
 4.87787417e-02 -1.01160342e+00 
 4.88787417e-02 -1.01382345e+00 
 4.89787417e-02 -1.01604066e+00 
 4.90787417e-02 -1.01825508e+00 
 4.91787417e-02 -1.02046671e+00 
 4.92787417e-02 -1.02267559e+00 
 4.93787417e-02 -1.02488174e+00 
 4.94787417e-02 -1.02708518e+00 
 4.95787417e-02 -1.02928594e+00 
 4.96787417e-02 -1.03148404e+00 
 4.97787417e-02 -1.03367949e+00 
 4.98787417e-02 -1.03587232e+00 
 4.99787417e-02 -1.03806255e+00 
 5.00787417e-02 -1.04025020e+00 
 5.01787417e-02 -1.04243529e+00 
 5.02787417e-02 -1.04461783e+00 
 5.03787417e-02 -1.04679785e+00 
 5.04787417e-02 -1.04897537e+00 
 5.05787417e-02 -1.05115040e+00 
 5.06787417e-02 -1.05332297e+00 
 5.07787417e-02 -1.05549308e+00 
 5.08787417e-02 -1.05766075e+00 
 5.09787417e-02 -1.05982601e+00 
 5.10787417e-02 -1.06198887e+00 
 5.11787417e-02 -1.06414934e+00 
 5.12787417e-02 -1.06630744e+00 
 5.13787417e-02 -1.06846318e+00 
 5.14787417e-02 -1.07061659e+00 
 5.15787417e-02 -1.07276767e+00 
 5.16787417e-02 -1.07491644e+00 
 5.17787417e-02 -1.07706291e+00 
 5.18787417e-02 -1.07920711e+00 
 5.19787417e-02 -1.08134903e+00 
 5.20787417e-02 -1.08348870e+00 
 5.21787417e-02 -1.08562613e+00 
 5.22787417e-02 -1.08776133e+00 
 5.23787417e-02 -1.08989431e+00 
 5.24787417e-02 -1.09202509e+00 
 5.25787417e-02 -1.09415368e+00 
 5.26787417e-02 -1.09628009e+00 
 5.27787417e-02 -1.09840433e+00 
 5.28787417e-02 -1.10052642e+00 
 5.29787417e-02 -1.10264636e+00 
 5.30787417e-02 -1.10476416e+00 
 5.31787417e-02 -1.10687985e+00 
 5.32787417e-02 -1.10899342e+00 
 5.33787417e-02 -1.11110489e+00 
 5.34787417e-02 -1.11321426e+00 
 5.35787417e-02 -1.11532156e+00 
 5.36787417e-02 -1.11742678e+00 
 5.37787417e-02 -1.11952994e+00 
 5.38787417e-02 -1.12163105e+00 
 5.39787417e-02 -1.12373011e+00 
 5.40787417e-02 -1.12582714e+00 
 5.41787417e-02 -1.12792214e+00 
 5.42787417e-02 -1.13001513e+00 
 5.43787417e-02 -1.13210611e+00 
 5.44787417e-02 -1.13419509e+00 
 5.45787417e-02 -1.13628207e+00 
 5.46787417e-02 -1.13836707e+00 
 5.47787417e-02 -1.14045010e+00 
 5.48787417e-02 -1.14253116e+00 
 5.49787417e-02 -1.14461025e+00 
 5.50787417e-02 -1.14668739e+00 
 5.51787417e-02 -1.14876259e+00 
 5.52787417e-02 -1.15083584e+00 
 5.53787417e-02 -1.15290716e+00 
 5.54787417e-02 -1.15497656e+00 
 5.55787417e-02 -1.15704403e+00 
 5.56787417e-02 -1.15910959e+00 
 5.57787417e-02 -1.16117324e+00 
 5.58787417e-02 -1.16323499e+00 
 5.59787417e-02 -1.16529485e+00 
 5.60787417e-02 -1.16735281e+00 
 5.61787417e-02 -1.16940889e+00 
 5.62787417e-02 -1.17146309e+00 
 5.63787417e-02 -1.17351542e+00 
 5.64787417e-02 -1.17556588e+00 
 5.65787417e-02 -1.17761447e+00 
 5.66787417e-02 -1.17966120e+00 
 5.67787417e-02 -1.18170608e+00 
 5.68787417e-02 -1.18374911e+00 
 5.69787417e-02 -1.18579028e+00 
 5.70787417e-02 -1.18782962e+00 
 5.71787417e-02 -1.18986712e+00 
 5.72787417e-02 -1.19190278e+00 
 5.73787417e-02 -1.19393661e+00 
 5.74787417e-02 -1.19596861e+00 
 5.75787417e-02 -1.19799879e+00 
 5.76787417e-02 -1.20002714e+00 
 5.77787417e-02 -1.20205368e+00 
 5.78787417e-02 -1.20407840e+00 
 5.79787417e-02 -1.20610130e+00 
 5.80787417e-02 -1.20812239e+00 
 5.81787417e-02 -1.21014168e+00 
 5.82787417e-02 -1.21215915e+00 
 5.83787417e-02 -1.21417482e+00 
 5.84787417e-02 -1.21618869e+00 
 5.85787417e-02 -1.21820075e+00 
 5.86787417e-02 -1.22021101e+00 
 5.87787417e-02 -1.22221947e+00 
 5.88787417e-02 -1.22422613e+00 
 5.89787417e-02 -1.22623099e+00 
 5.90787417e-02 -1.22823406e+00 
 5.91787417e-02 -1.23023532e+00 
 5.92787417e-02 -1.23223479e+00 
 5.93787417e-02 -1.23423246e+00 
 5.94787417e-02 -1.23622833e+00 
 5.95787417e-02 -1.23822241e+00 
 5.96787417e-02 -1.24021468e+00 
 5.97787417e-02 -1.24220515e+00 
 5.98787417e-02 -1.24419382e+00 
 5.99787417e-02 -1.24618069e+00 
 6.00787417e-02 -1.24816575e+00 
 6.01787417e-02 -1.25014901e+00 
 6.02787417e-02 -1.25213046e+00 
 6.03787417e-02 -1.25411009e+00 
 6.04787417e-02 -1.25608792e+00 
 6.05787417e-02 -1.25806392e+00 
 6.06787417e-02 -1.26003811e+00 
 6.07787417e-02 -1.26201047e+00 
 6.08787417e-02 -1.26398101e+00 
 6.09787417e-02 -1.26594972e+00 
 6.10787417e-02 -1.26791659e+00 
 6.11787417e-02 -1.26988162e+00 
 6.12787417e-02 -1.27184481e+00 
 6.13787417e-02 -1.27380615e+00 
 6.14787417e-02 -1.27576563e+00 
 6.15787417e-02 -1.27772326e+00 
 6.16787417e-02 -1.27967902e+00 
 6.17787417e-02 -1.28163291e+00 
 6.18787417e-02 -1.28358491e+00 
 6.19787417e-02 -1.28553504e+00 
 6.20787417e-02 -1.28748327e+00 
 6.21787417e-02 -1.28942959e+00 
 6.22787417e-02 -1.29137401e+00 
 6.23787417e-02 -1.29331651e+00 
 6.24787417e-02 -1.29525709e+00 
 6.25787417e-02 -1.29719573e+00 
 6.26787417e-02 -1.29913243e+00 
 6.27787417e-02 -1.30106717e+00 
 6.28787417e-02 -1.30299994e+00 
 6.29787417e-02 -1.30493074e+00 
 6.30787417e-02 -1.30685956e+00 
 6.31787417e-02 -1.30878637e+00 
 6.32787417e-02 -1.31071117e+00 
 6.33787417e-02 -1.31263395e+00 
 6.34787417e-02 -1.31455470e+00 
 6.35787417e-02 -1.31647339e+00 
 6.36787417e-02 -1.31839002e+00 
 6.37787417e-02 -1.32030457e+00 
 6.38787417e-02 -1.32221702e+00 
 6.39787417e-02 -1.32412737e+00 
 6.40787417e-02 -1.32603559e+00 
 6.41787417e-02 -1.32794167e+00 
 6.42787417e-02 -1.32984558e+00 
 6.43787417e-02 -1.33174732e+00 
 6.44787417e-02 -1.33364687e+00 
 6.45787417e-02 -1.33554420e+00 
 6.46787417e-02 -1.33743929e+00 
 6.47787417e-02 -1.33933213e+00 
 6.48787417e-02 -1.34122269e+00 
 6.49787417e-02 -1.34311096e+00 
 6.50787417e-02 -1.34499690e+00 
 6.51787417e-02 -1.34688051e+00 
 6.52787417e-02 -1.34876175e+00 
 6.53787417e-02 -1.35064059e+00 
 6.54787417e-02 -1.35251702e+00 
 6.55787417e-02 -1.35439101e+00 
 6.56787417e-02 -1.35626254e+00 
 6.57787417e-02 -1.35813156e+00 
 6.58787417e-02 -1.35999807e+00 
 6.59787417e-02 -1.36186202e+00 
 6.60787417e-02 -1.36372340e+00 
 6.61787417e-02 -1.36558216e+00 
 6.62787417e-02 -1.36743828e+00 
 6.63787417e-02 -1.36929173e+00 
 6.64787417e-02 -1.37114248e+00 
 6.65787417e-02 -1.37299049e+00 
 6.66787417e-02 -1.37483572e+00 
 6.67787417e-02 -1.37667815e+00 
 6.68787417e-02 -1.37851774e+00 
 6.69787417e-02 -1.38035445e+00 
 6.70787417e-02 -1.38218825e+00 
 6.71787417e-02 -1.38401909e+00 
 6.72787417e-02 -1.38584695e+00 
 6.73787417e-02 -1.38767178e+00 
 6.74787417e-02 -1.38949354e+00 
 6.75787417e-02 -1.39131220e+00 
 6.76787417e-02 -1.39312771e+00 
 6.77787417e-02 -1.39494003e+00 
 6.78787417e-02 -1.39674912e+00 
 6.79787417e-02 -1.39855494e+00 
 6.80787417e-02 -1.40035744e+00 
 6.81787417e-02 -1.40215659e+00 
 6.82787417e-02 -1.40395234e+00 
 6.83787417e-02 -1.40574464e+00 
 6.84787417e-02 -1.40753345e+00 
 6.85787417e-02 -1.40931874e+00 
 6.86787417e-02 -1.41110044e+00 
 6.87787417e-02 -1.41287852e+00 
 6.88787417e-02 -1.41465294e+00 
 6.89787417e-02 -1.41642365e+00 
 6.90787417e-02 -1.41819059e+00 
 6.91787417e-02 -1.41995374e+00 
 6.92787417e-02 -1.42171304e+00 
 6.93787417e-02 -1.42346845e+00 
 6.94787417e-02 -1.42521992e+00 
 6.95787417e-02 -1.42696741e+00 
 6.96787417e-02 -1.42871088e+00 
 6.97787417e-02 -1.43045028e+00 
 6.98787417e-02 -1.43218557e+00 
 6.99787417e-02 -1.43391670e+00 
 7.00787417e-02 -1.43564363e+00 
 7.01787417e-02 -1.43736632e+00 
 7.02787417e-02 -1.43908473e+00 
 7.03787417e-02 -1.44079881e+00 
 7.04787417e-02 -1.44250853e+00 
 7.05787417e-02 -1.44421385e+00 
 7.06787417e-02 -1.44591472e+00 
 7.07787417e-02 -1.44761111e+00 
 7.08787417e-02 -1.44930298e+00 
 7.09787417e-02 -1.45099029e+00 
 7.10787417e-02 -1.45267301e+00 
 7.11787417e-02 -1.45435110e+00 
 7.12787417e-02 -1.45602453e+00 
 7.13787417e-02 -1.45769326e+00 
 7.14787417e-02 -1.45935726e+00 
 7.15787417e-02 -1.46101650e+00 
 7.16787417e-02 -1.46267095e+00 
 7.17787417e-02 -1.46432058e+00 
 7.18787417e-02 -1.46596536e+00 
 7.19787417e-02 -1.46760527e+00 
 7.20787417e-02 -1.46924027e+00 
 7.21787417e-02 -1.47087035e+00 
 7.22787417e-02 -1.47249547e+00 
 7.23787417e-02 -1.47411562e+00 
 7.24787417e-02 -1.47573077e+00 
 7.25787417e-02 -1.47734091e+00 
 7.26787417e-02 -1.47894601e+00 
 7.27787417e-02 -1.48054606e+00 
 7.28787417e-02 -1.48214104e+00 
 7.29787417e-02 -1.48373093e+00 
 7.30787417e-02 -1.48531573e+00 
 7.31787417e-02 -1.48689540e+00 
 7.32787417e-02 -1.48846996e+00 
 7.33787417e-02 -1.49003937e+00 
 7.34787417e-02 -1.49160364e+00 
 7.35787417e-02 -1.49316276e+00 
 7.36787417e-02 -1.49471672e+00 
 7.37787417e-02 -1.49626551e+00 
 7.38787417e-02 -1.49780913e+00 
 7.39787417e-02 -1.49934757e+00 
 7.40787417e-02 -1.50088084e+00 
 7.41787417e-02 -1.50240893e+00 
 7.42787417e-02 -1.50393185e+00 
 7.43787417e-02 -1.50544959e+00 
 7.44787417e-02 -1.50696217e+00 
 7.45787417e-02 -1.50846957e+00 
 7.46787417e-02 -1.50997181e+00 
 7.47787417e-02 -1.51146890e+00 
 7.48787417e-02 -1.51296083e+00 
 7.49787417e-02 -1.51444763e+00 
 7.50787417e-02 -1.51592930e+00 
 7.51787417e-02 -1.51740585e+00 
 7.52787417e-02 -1.51887729e+00 
 7.53787417e-02 -1.52034364e+00 
 7.54787417e-02 -1.52180491e+00 
 7.55787417e-02 -1.52326112e+00 
 7.56787417e-02 -1.52471227e+00 
 7.57787417e-02 -1.52615840e+00 
 7.58787417e-02 -1.52759951e+00 
 7.59787417e-02 -1.52903562e+00 
 7.60787417e-02 -1.53046676e+00 
 7.61787417e-02 -1.53189295e+00 
 7.62787417e-02 -1.53331420e+00 
 7.63787417e-02 -1.53473054e+00 
 7.64787417e-02 -1.53614199e+00 
 7.65787417e-02 -1.53754858e+00 
 7.66787417e-02 -1.53895032e+00 
 7.67787417e-02 -1.54034725e+00 
 7.68787417e-02 -1.54173939e+00 
 7.69787417e-02 -1.54312677e+00 
 7.70787417e-02 -1.54450941e+00 
 7.71787417e-02 -1.54588733e+00 
 7.72787417e-02 -1.54726058e+00 
 7.73787417e-02 -1.54862917e+00 
 7.74787417e-02 -1.54999314e+00 
 7.75787417e-02 -1.55135252e+00 
 7.76787417e-02 -1.55270733e+00 
 7.77787417e-02 -1.55405760e+00 
 7.78787417e-02 -1.55540337e+00 
 7.79787417e-02 -1.55674466e+00 
 7.80787417e-02 -1.55808151e+00 
 7.81787417e-02 -1.55941395e+00 
 7.82787417e-02 -1.56074201e+00 
 7.83787417e-02 -1.56206572e+00 
 7.84787417e-02 -1.56338512e+00 
 7.85787417e-02 -1.56470023e+00 
 7.86787417e-02 -1.56601109e+00 
 7.87787417e-02 -1.56731773e+00 
 7.88787417e-02 -1.56862019e+00 
 7.89787417e-02 -1.56991850e+00 
 7.90787417e-02 -1.57121269e+00 
 7.91787417e-02 -1.57250279e+00 
 7.92787417e-02 -1.57378884e+00 
 7.93787417e-02 -1.57507086e+00 
 7.94787417e-02 -1.57634891e+00 
 7.95787417e-02 -1.57762299e+00 
 7.96787417e-02 -1.57889316e+00 
 7.97787417e-02 -1.58015945e+00 
 7.98787417e-02 -1.58142187e+00 
 7.99787417e-02 -1.58268048e+00 
 8.00787417e-02 -1.58393530e+00 
 8.01787417e-02 -1.58518637e+00 
 8.02787417e-02 -1.58643371e+00 
 8.03787417e-02 -1.58767737e+00 
 8.04787417e-02 -1.58891737e+00 
 8.05787417e-02 -1.59015375e+00 
 8.06787417e-02 -1.59138654e+00 
 8.07787417e-02 -1.59261576e+00 
 8.08787417e-02 -1.59384147e+00 
 8.09787417e-02 -1.59506367e+00 
 8.10787417e-02 -1.59628242e+00 
 8.11787417e-02 -1.59749774e+00 
 8.12787417e-02 -1.59870965e+00 
 8.13787417e-02 -1.59991820e+00 
 8.14787417e-02 -1.60112341e+00 
 8.15787417e-02 -1.60232532e+00 
 8.16787417e-02 -1.60352395e+00 
 8.17787417e-02 -1.60471934e+00 
 8.18787417e-02 -1.60591152e+00 
 8.19787417e-02 -1.60710051e+00 
 8.20787417e-02 -1.60828634e+00 
 8.21787417e-02 -1.60946906e+00 
 8.22787417e-02 -1.61064867e+00 
 8.23787417e-02 -1.61182523e+00 
 8.24787417e-02 -1.61299874e+00 
 8.25787417e-02 -1.61416925e+00 
 8.26787417e-02 -1.61533678e+00 
 8.27787417e-02 -1.61650136e+00 
 8.28787417e-02 -1.61766302e+00 
 8.29787417e-02 -1.61882178e+00 
 8.30787417e-02 -1.61997768e+00 
 8.31787417e-02 -1.62113073e+00 
 8.32787417e-02 -1.62228098e+00 
 8.33787417e-02 -1.62342843e+00 
 8.34787417e-02 -1.62457313e+00 
 8.35787417e-02 -1.62571509e+00 
 8.36787417e-02 -1.62685435e+00 
 8.37787417e-02 -1.62799093e+00 
 8.38787417e-02 -1.62912485e+00 
 8.39787417e-02 -1.63025614e+00 
 8.40787417e-02 -1.63138482e+00 
 8.41787417e-02 -1.63251093e+00 
 8.42787417e-02 -1.63363447e+00 
 8.43787417e-02 -1.63475549e+00 
 8.44787417e-02 -1.63587400e+00 
 8.45787417e-02 -1.63699003e+00 
 8.46787417e-02 -1.63810359e+00 
 8.47787417e-02 -1.63921472e+00 
 8.48787417e-02 -1.64032344e+00 
 8.49787417e-02 -1.64142977e+00 
 8.50787417e-02 -1.64253373e+00 
 8.51787417e-02 -1.64363534e+00 
 8.52787417e-02 -1.64473463e+00 
 8.53787417e-02 -1.64583161e+00 
 8.54787417e-02 -1.64692632e+00 
 8.55787417e-02 -1.64801877e+00 
 8.56787417e-02 -1.64910898e+00 
 8.57787417e-02 -1.65019698e+00 
 8.58787417e-02 -1.65128278e+00 
 8.59787417e-02 -1.65236640e+00 
 8.60787417e-02 -1.65344787e+00 
 8.61787417e-02 -1.65452721e+00 
 8.62787417e-02 -1.65560443e+00 
 8.63787417e-02 -1.65667955e+00 
 8.64787417e-02 -1.65775260e+00 
 8.65787417e-02 -1.65882360e+00 
 8.66787417e-02 -1.65989255e+00 
 8.67787417e-02 -1.66095949e+00 
 8.68787417e-02 -1.66202442e+00 
 8.69787417e-02 -1.66308737e+00 
 8.70787417e-02 -1.66414836e+00 
 8.71787417e-02 -1.66520740e+00 
 8.72787417e-02 -1.66626452e+00 
 8.73787417e-02 -1.66731972e+00 
 8.74787417e-02 -1.66837303e+00 
 8.75787417e-02 -1.66942446e+00 
 8.76787417e-02 -1.67047404e+00 
 8.77787417e-02 -1.67152177e+00 
 8.78787417e-02 -1.67256767e+00 
 8.79787417e-02 -1.67361176e+00 
 8.80787417e-02 -1.67465406e+00 
 8.81787417e-02 -1.67569458e+00 
 8.82787417e-02 -1.67673334e+00 
 8.83787417e-02 -1.67777036e+00 
 8.84787417e-02 -1.67880564e+00 
 8.85787417e-02 -1.67983920e+00 
 8.86787417e-02 -1.68087107e+00 
 8.87787417e-02 -1.68190125e+00 
 8.88787417e-02 -1.68292975e+00 
 8.89787417e-02 -1.68395660e+00 
 8.90787417e-02 -1.68498181e+00 
 8.91787417e-02 -1.68600539e+00 
 8.92787417e-02 -1.68702736e+00 
 8.93787417e-02 -1.68804772e+00 
 8.94787417e-02 -1.68906650e+00 
 8.95787417e-02 -1.69008371e+00 
 8.96787417e-02 -1.69109935e+00 
 8.97787417e-02 -1.69211345e+00 
 8.98787417e-02 -1.69312602e+00 
 8.99787417e-02 -1.69413707e+00 
 9.00787417e-02 -1.69514661e+00 
 9.01787417e-02 -1.69615465e+00 
 9.02787417e-02 -1.69716121e+00 
 9.03787417e-02 -1.69816630e+00 
 9.04787417e-02 -1.69916994e+00 
 9.05787417e-02 -1.70017213e+00 
 9.06787417e-02 -1.70117288e+00 
 9.07787417e-02 -1.70217222e+00 
 9.08787417e-02 -1.70317014e+00 
 9.09787417e-02 -1.70416666e+00 
 9.10787417e-02 -1.70516180e+00 
 9.11787417e-02 -1.70615556e+00 
 9.12787417e-02 -1.70714796e+00 
 9.13787417e-02 -1.70813900e+00 
 9.14787417e-02 -1.70912870e+00 
 9.15787417e-02 -1.71011707e+00 
 9.16787417e-02 -1.71110412e+00 
 9.17787417e-02 -1.71208986e+00 
 9.18787417e-02 -1.71307429e+00 
 9.19787417e-02 -1.71405744e+00 
 9.20787417e-02 -1.71503930e+00 
 9.21787417e-02 -1.71601990e+00 
 9.22787417e-02 -1.71699924e+00 
 9.23787417e-02 -1.71797732e+00 
 9.24787417e-02 -1.71895417e+00 
 9.25787417e-02 -1.71992978e+00 
 9.26787417e-02 -1.72090418e+00 
 9.27787417e-02 -1.72187736e+00 
 9.28787417e-02 -1.72284934e+00 
 9.29787417e-02 -1.72382012e+00 
 9.30787417e-02 -1.72478973e+00 
 9.31787417e-02 -1.72575815e+00 
 9.32787417e-02 -1.72672541e+00 
 9.33787417e-02 -1.72769152e+00 
 9.34787417e-02 -1.72865647e+00 
 9.35787417e-02 -1.72962028e+00 
 9.36787417e-02 -1.73058297e+00 
 9.37787417e-02 -1.73154453e+00 
 9.38787417e-02 -1.73250497e+00 
 9.39787417e-02 -1.73346431e+00 
 9.40787417e-02 -1.73442255e+00 
 9.41787417e-02 -1.73537970e+00 
 9.42787417e-02 -1.73633576e+00 
 9.43787417e-02 -1.73729075e+00 
 9.44787417e-02 -1.73824468e+00 
 9.45787417e-02 -1.73919755e+00 
 9.46787417e-02 -1.74014936e+00 
 9.47787417e-02 -1.74110013e+00 
 9.48787417e-02 -1.74204986e+00 
 9.49787417e-02 -1.74299857e+00 
 9.50787417e-02 -1.74394625e+00 
 9.51787417e-02 -1.74489292e+00 
 9.52787417e-02 -1.74583858e+00 
 9.53787417e-02 -1.74678324e+00 
 9.54787417e-02 -1.74772691e+00 
 9.55787417e-02 -1.74866959e+00 
 9.56787417e-02 -1.74961130e+00 
 9.57787417e-02 -1.75055202e+00 
 9.58787417e-02 -1.75149179e+00 
 9.59787417e-02 -1.75243059e+00 
 9.60787417e-02 -1.75336844e+00 
 9.61787417e-02 -1.75430535e+00 
 9.62787417e-02 -1.75524131e+00 
 9.63787417e-02 -1.75617634e+00 
 9.64787417e-02 -1.75711045e+00 
 9.65787417e-02 -1.75804363e+00 
 9.66787417e-02 -1.75897590e+00 
 9.67787417e-02 -1.75990726e+00 
 9.68787417e-02 -1.76083772e+00 
 9.69787417e-02 -1.76176728e+00 
 9.70787417e-02 -1.76269595e+00 
 9.71787417e-02 -1.76362373e+00 
 9.72787417e-02 -1.76455064e+00 
 9.73787417e-02 -1.76547667e+00 
 9.74787417e-02 -1.76640183e+00 
 9.75787417e-02 -1.76732613e+00 
 9.76787417e-02 -1.76824958e+00 
 9.77787417e-02 -1.76917217e+00 
 9.78787417e-02 -1.77009392e+00 
 9.79787417e-02 -1.77101483e+00 
 9.80787417e-02 -1.77193491e+00 
 9.81787417e-02 -1.77285415e+00 
 9.82787417e-02 -1.77377257e+00 
 9.83787417e-02 -1.77469017e+00 
 9.84787417e-02 -1.77560696e+00 
 9.85787417e-02 -1.77652294e+00 
 9.86787417e-02 -1.77743811e+00 
 9.87787417e-02 -1.77835249e+00 
 9.88787417e-02 -1.77926607e+00 
 9.89787417e-02 -1.78017886e+00 
 9.90787417e-02 -1.78109087e+00 
 9.91787417e-02 -1.78200210e+00 
 9.92787417e-02 -1.78291255e+00 
 9.93787417e-02 -1.78382223e+00 
 9.94787417e-02 -1.78473115e+00 
 9.95787417e-02 -1.78563931e+00 
 9.96787417e-02 -1.78654671e+00 
 9.97787417e-02 -1.78745336e+00 
 9.98787417e-02 -1.78835926e+00 
 9.99787417e-02 -1.78926442e+00 
 1.00078742e-01 -1.79016884e+00 
 1.00178742e-01 -1.79107252e+00 
 1.00278742e-01 -1.79197548e+00 
 1.00378742e-01 -1.79287771e+00 
 1.00478742e-01 -1.79377922e+00 
 1.00578742e-01 -1.79468001e+00 
 1.00678742e-01 -1.79558009e+00 
 1.00778742e-01 -1.79647946e+00 
 1.00878742e-01 -1.79737812e+00 
 1.00978742e-01 -1.79827609e+00 
 1.01078742e-01 -1.79917335e+00 
 1.01178742e-01 -1.80006993e+00 
 1.01278742e-01 -1.80096581e+00 
 1.01378742e-01 -1.80186101e+00 
 1.01478742e-01 -1.80275553e+00 
 1.01578742e-01 -1.80364937e+00 
 1.01678742e-01 -1.80454254e+00 
 1.01778742e-01 -1.80543503e+00 
 1.01878742e-01 -1.80632686e+00 
 1.01978742e-01 -1.80721803e+00 
 1.02078742e-01 -1.80810854e+00 
 1.02178742e-01 -1.80899839e+00 
 1.02278742e-01 -1.80988759e+00 
 1.02378742e-01 -1.81077614e+00 
 1.02478742e-01 -1.81166404e+00 
 1.02578742e-01 -1.81255131e+00 
 1.02678742e-01 -1.81343794e+00 
 1.02778742e-01 -1.81432393e+00 
 1.02878742e-01 -1.81520929e+00 
 1.02978742e-01 -1.81609402e+00 
 1.03078742e-01 -1.81697813e+00 
 1.03178742e-01 -1.81786161e+00 
 1.03278742e-01 -1.81874448e+00 
 1.03378742e-01 -1.81962673e+00 
 1.03478742e-01 -1.82050838e+00 
 1.03578742e-01 -1.82138941e+00 
 1.03678742e-01 -1.82226983e+00 
 1.03778742e-01 -1.82314966e+00 
 1.03878742e-01 -1.82402888e+00 
 1.03978742e-01 -1.82490751e+00 
 1.04078742e-01 -1.82578555e+00 
 1.04178742e-01 -1.82666299e+00 
 1.04278742e-01 -1.82753985e+00 
 1.04378742e-01 -1.82841612e+00 
 1.04478742e-01 -1.82929181e+00 
 1.04578742e-01 -1.83016692e+00 
 1.04678742e-01 -1.83104146e+00 
 1.04778742e-01 -1.83191543e+00 
 1.04878742e-01 -1.83278882e+00 
 1.04978742e-01 -1.83366165e+00 
 1.05078742e-01 -1.83453391e+00 
 1.05178742e-01 -1.83540561e+00 
 1.05278742e-01 -1.83627675e+00 
 1.05378742e-01 -1.83714733e+00 
 1.05478742e-01 -1.83801736e+00 
 1.05578742e-01 -1.83888684e+00 
 1.05678742e-01 -1.83975577e+00 
 1.05778742e-01 -1.84062416e+00 
 1.05878742e-01 -1.84149200e+00 
 1.05978742e-01 -1.84235930e+00 
 1.06078742e-01 -1.84322607e+00 
 1.06178742e-01 -1.84409229e+00 
 1.06278742e-01 -1.84495799e+00 
 1.06378742e-01 -1.84582315e+00 
 1.06478742e-01 -1.84668778e+00 
 1.06578742e-01 -1.84755189e+00 
 1.06678742e-01 -1.84841548e+00 
 1.06778742e-01 -1.84927854e+00 
 1.06878742e-01 -1.85014109e+00 
 1.06978742e-01 -1.85100312e+00 
 1.07078742e-01 -1.85186463e+00 
 1.07178742e-01 -1.85272564e+00 
 1.07278742e-01 -1.85358613e+00 
 1.07378742e-01 -1.85444612e+00 
 1.07478742e-01 -1.85530560e+00 
 1.07578742e-01 -1.85616458e+00 
 1.07678742e-01 -1.85702306e+00 
 1.07778742e-01 -1.85788104e+00 
 1.07878742e-01 -1.85873852e+00 
 1.07978742e-01 -1.85959551e+00 
 1.08078742e-01 -1.86045201e+00 
 1.08178742e-01 -1.86130802e+00 
 1.08278742e-01 -1.86216354e+00 
 1.08378742e-01 -1.86301858e+00 
 1.08478742e-01 -1.86387313e+00 
 1.08578742e-01 -1.86472720e+00 
 1.08678742e-01 -1.86558080e+00 
 1.08778742e-01 -1.86643391e+00 
 1.08878742e-01 -1.86728655e+00 
 1.08978742e-01 -1.86813872e+00 
 1.09078742e-01 -1.86899041e+00 
 1.09178742e-01 -1.86984164e+00 
 1.09278742e-01 -1.87069240e+00 
 1.09378742e-01 -1.87154269e+00 
 1.09478742e-01 -1.87239252e+00 
 1.09578742e-01 -1.87324189e+00 
 1.09678742e-01 -1.87409079e+00 
 1.09778742e-01 -1.87493925e+00 
 1.09878742e-01 -1.87578724e+00 
 1.09978742e-01 -1.87663478e+00 
 1.10078742e-01 -1.87748187e+00 
 1.10178742e-01 -1.87832850e+00 
 1.10278742e-01 -1.87917469e+00 
 1.10378742e-01 -1.88002043e+00 
 1.10478742e-01 -1.88086573e+00 
 1.10578742e-01 -1.88171058e+00 
 1.10678742e-01 -1.88255499e+00 
 1.10778742e-01 -1.88339896e+00 
 1.10878742e-01 -1.88424250e+00 
 1.10978742e-01 -1.88508559e+00 
 1.11078742e-01 -1.88592825e+00 
 1.11178742e-01 -1.88677048e+00 
 1.11278742e-01 -1.88761228e+00 
 1.11378742e-01 -1.88845364e+00 
 1.11478742e-01 -1.88929458e+00 
 1.11578742e-01 -1.89013509e+00 
 1.11678742e-01 -1.89097518e+00 
 1.11778742e-01 -1.89181484e+00 
 1.11878742e-01 -1.89265408e+00 
 1.11978742e-01 -1.89349290e+00 
 1.12078742e-01 -1.89433131e+00 
 1.12178742e-01 -1.89516929e+00 
 1.12278742e-01 -1.89600686e+00 
 1.12378742e-01 -1.89684402e+00 
 1.12478742e-01 -1.89768076e+00 
 1.12578742e-01 -1.89851709e+00 
 1.12678742e-01 -1.89935301e+00 
 1.12778742e-01 -1.90018852e+00 
 1.12878742e-01 -1.90102363e+00 
 1.12978742e-01 -1.90185833e+00 
 1.13078742e-01 -1.90269263e+00 
 1.13178742e-01 -1.90352653e+00 
 1.13278742e-01 -1.90436002e+00 
 1.13378742e-01 -1.90519312e+00 
 1.13478742e-01 -1.90602582e+00 
 1.13578742e-01 -1.90685812e+00 
 1.13678742e-01 -1.90769002e+00 
 1.13778742e-01 -1.90852153e+00 
 1.13878742e-01 -1.90935265e+00 
 1.13978742e-01 -1.91018338e+00 
 1.14078742e-01 -1.91101372e+00 
 1.14178742e-01 -1.91184367e+00 
 1.14278742e-01 -1.91267323e+00 
 1.14378742e-01 -1.91350241e+00 
 1.14478742e-01 -1.91433120e+00 
 1.14578742e-01 -1.91515961e+00 
 1.14678742e-01 -1.91598763e+00 
 1.14778742e-01 -1.91681528e+00 
 1.14878742e-01 -1.91764254e+00 
 1.14978742e-01 -1.91846943e+00 
 1.15078742e-01 -1.91929594e+00 
 1.15178742e-01 -1.92012208e+00 
 1.15278742e-01 -1.92094784e+00 
 1.15378742e-01 -1.92177323e+00 
 1.15478742e-01 -1.92259824e+00 
 1.15578742e-01 -1.92342289e+00 
 1.15678742e-01 -1.92424716e+00 
 1.15778742e-01 -1.92507107e+00 
 1.15878742e-01 -1.92589461e+00 
 1.15978742e-01 -1.92671778e+00 
 1.16078742e-01 -1.92754059e+00 
 1.16178742e-01 -1.92836304e+00 
 1.16278742e-01 -1.92918512e+00 
 1.16378742e-01 -1.93000684e+00 
 1.16478742e-01 -1.93082820e+00 
 1.16578742e-01 -1.93164920e+00 
 1.16678742e-01 -1.93246985e+00 
 1.16778742e-01 -1.93329013e+00 
 1.16878742e-01 -1.93411006e+00 
 1.16978742e-01 -1.93492964e+00 
 1.17078742e-01 -1.93574886e+00 
 1.17178742e-01 -1.93656773e+00 
 1.17278742e-01 -1.93738624e+00 
 1.17378742e-01 -1.93820441e+00 
 1.17478742e-01 -1.93902223e+00 
 1.17578742e-01 -1.93983970e+00 
 1.17678742e-01 -1.94065682e+00 
 1.17778742e-01 -1.94147359e+00 
 1.17878742e-01 -1.94229002e+00 
 1.17978742e-01 -1.94310611e+00 
 1.18078742e-01 -1.94392185e+00 
 1.18178742e-01 -1.94473725e+00 
 1.18278742e-01 -1.94555231e+00 
 1.18378742e-01 -1.94636703e+00 
 1.18478742e-01 -1.94718140e+00 
 1.18578742e-01 -1.94799544e+00 
 1.18678742e-01 -1.94880915e+00 
 1.18778742e-01 -1.94962251e+00 
 1.18878742e-01 -1.95043554e+00 
 1.18978742e-01 -1.95124824e+00 
 1.19078742e-01 -1.95206060e+00 
 1.19178742e-01 -1.95287263e+00 
 1.19278742e-01 -1.95368433e+00 
 1.19378742e-01 -1.95449570e+00 
 1.19478742e-01 -1.95530673e+00 
 1.19578742e-01 -1.95611744e+00 
 1.19678742e-01 -1.95692782e+00 
 1.19778742e-01 -1.95773788e+00 
 1.19878742e-01 -1.95854760e+00 
 1.19978742e-01 -1.95935700e+00 
 1.20000000e-01 -1.95952903e+00 
