 1.00000000e+00 -3.07272934e+01 
 1.04712855e+00 -3.19184760e+01 
 1.09647820e+00 -3.31364292e+01 
 1.14815362e+00 -3.43797379e+01 
 1.20226443e+00 -3.56467969e+01 
 1.25892541e+00 -3.69358161e+01 
 1.31825674e+00 -3.82448295e+01 
 1.38038426e+00 -3.95717083e+01 
 1.44543977e+00 -4.09141764e+01 
 1.51356125e+00 -4.22698305e+01 
 1.58489319e+00 -4.36361626e+01 
 1.65958691e+00 -4.50105854e+01 
 1.73780083e+00 -4.63904599e+01 
 1.81970086e+00 -4.77731239e+01 
 1.90546072e+00 -4.91559226e+01 
 1.99526231e+00 -5.05362371e+01 
 2.08929613e+00 -5.19115145e+01 
 2.18776162e+00 -5.32792944e+01 
 2.29086765e+00 -5.46372346e+01 
 2.39883292e+00 -5.59831339e+01 
 2.51188643e+00 -5.73149515e+01 
 2.63026799e+00 -5.86308229e+01 
 2.75422870e+00 -5.99290730e+01 
 2.88403150e+00 -6.12082244e+01 
 3.01995172e+00 -6.24670037e+01 
 3.16227766e+00 -6.37043428e+01 
 3.31131121e+00 -6.49193784e+01 
 3.46736850e+00 -6.61114482e+01 
 3.63078055e+00 -6.72800852e+01 
 3.80189396e+00 -6.84250093e+01 
 3.98107171e+00 -6.95461182e+01 
 4.16869383e+00 -7.06434763e+01 
 4.36515832e+00 -7.17173041e+01 
 4.57088190e+00 -7.27679655e+01 
 4.78630092e+00 -7.37959561e+01 
 5.01187234e+00 -7.48018913e+01 
 5.24807460e+00 -7.57864945e+01 
 5.49540874e+00 -7.67505862e+01 
 5.75439937e+00 -7.76950726e+01 
 6.02559586e+00 -7.86209365e+01 
 6.30957344e+00 -7.95292275e+01 
 6.60693448e+00 -8.04210538e+01 
 6.91830971e+00 -8.12975741e+01 
 7.24435960e+00 -8.21599911e+01 
 7.58577575e+00 -8.30095448e+01 
 7.94328235e+00 -8.38475073e+01 
 8.31763771e+00 -8.46751777e+01 
 8.70963590e+00 -8.54938778e+01 
 9.12010839e+00 -8.63049481e+01 
 9.54992586e+00 -8.71097451e+01 
 1.00000000e+01 -8.79096376e+01 
 1.04712855e+01 -8.87060046e+01 
 1.09647820e+01 -8.95002329e+01 
 1.14815362e+01 -9.02937149e+01 
 1.20226443e+01 -9.10878469e+01 
 1.25892541e+01 -9.18840267e+01 
 1.31825674e+01 -9.26836524e+01 
 1.38038426e+01 -9.34881199e+01 
 1.44543977e+01 -9.42988212e+01 
 1.51356125e+01 -9.51171421e+01 
 1.58489319e+01 -9.59444594e+01 
 1.65958691e+01 -9.67821385e+01 
 1.73780083e+01 -9.76315302e+01 
 1.81970086e+01 -9.84939666e+01 
 1.90546072e+01 -9.93707573e+01 
 1.99526231e+01 -1.00263185e+02 
 2.08929613e+01 -1.01172499e+02 
 2.18776162e+01 -1.02099910e+02 
 2.29086765e+01 -1.03046584e+02 
 2.39883292e+01 -1.04013633e+02 
 2.51188643e+01 -1.05002109e+02 
 2.63026799e+01 -1.06012994e+02 
 2.75422870e+01 -1.07047188e+02 
 2.88403150e+01 -1.08105502e+02 
 3.01995172e+01 -1.09188646e+02 
 3.16227766e+01 -1.10297218e+02 
 3.31131121e+01 -1.11431690e+02 
 3.46736850e+01 -1.12592399e+02 
 3.63078055e+01 -1.13779532e+02 
 3.80189396e+01 -1.14993118e+02 
 3.98107171e+01 -1.16233017e+02 
 4.16869383e+01 -1.17498908e+02 
 4.36515832e+01 -1.18790282e+02 
 4.57088190e+01 -1.20106438e+02 
 4.78630092e+01 -1.21446476e+02 
 5.01187234e+01 -1.22809299e+02 
 5.24807460e+01 -1.24193611e+02 
 5.49540874e+01 -1.25597925e+02 
 5.75439937e+01 -1.27020572e+02 
 6.02559586e+01 -1.28459711e+02 
 6.30957344e+01 -1.29913344e+02 
 6.60693448e+01 -1.31379341e+02 
 6.91830971e+01 -1.32855456e+02 
 7.24435960e+01 -1.34339356e+02 
 7.58577575e+01 -1.35828646e+02 
 7.94328235e+01 -1.37320901e+02 
 8.31763771e+01 -1.38813693e+02 
 8.70963590e+01 -1.40304626e+02 
 9.12010839e+01 -1.41791359e+02 
 9.54992586e+01 -1.43271639e+02 
 1.00000000e+02 -1.44743326e+02 
 1.04712855e+02 -1.46204419e+02 
 1.09647820e+02 -1.47653072e+02 
 1.14815362e+02 -1.49087615e+02 
 1.20226443e+02 -1.50506569e+02 
 1.25892541e+02 -1.51908652e+02 
 1.31825674e+02 -1.53292790e+02 
 1.38038426e+02 -1.54658120e+02 
 1.44543977e+02 -1.56003985e+02 
 1.51356125e+02 -1.57329940e+02 
 1.58489319e+02 -1.58635740e+02 
 1.65958691e+02 -1.59921337e+02 
 1.73780083e+02 -1.61186868e+02 
 1.81970086e+02 -1.62432651e+02 
 1.90546072e+02 -1.63659168e+02 
 1.99526231e+02 -1.64867055e+02 
 2.08929613e+02 -1.66057095e+02 
 2.18776162e+02 -1.67230202e+02 
 2.29086765e+02 -1.68387410e+02 
 2.39883292e+02 -1.69529866e+02 
 2.51188643e+02 -1.70658816e+02 
 2.63026799e+02 -1.71775597e+02 
 2.75422870e+02 -1.72881628e+02 
 2.88403150e+02 -1.73978403e+02 
 3.01995172e+02 -1.75067480e+02 
 3.16227766e+02 -1.76150479e+02 
 3.31131121e+02 -1.77229075e+02 
 3.46736850e+02 -1.78304991e+02 
 3.63078055e+02 -1.79379994e+02 
 3.80189396e+02  1.79544105e+02 
 3.98107171e+02  1.78465462e+02 
 4.16869383e+02  1.77382195e+02 
 4.36515832e+02  1.76292391e+02 
 4.57088190e+02  1.75194108e+02 
 4.78630092e+02  1.74085375e+02 
 5.01187234e+02  1.72964195e+02 
 5.24807460e+02  1.71828548e+02 
 5.49540874e+02  1.70676391e+02 
 5.75439937e+02  1.69505659e+02 
 6.02559586e+02  1.68314270e+02 
 6.30957344e+02  1.67100124e+02 
 6.60693448e+02  1.65861109e+02 
 6.91830971e+02  1.64595101e+02 
 7.24435960e+02  1.63299967e+02 
 7.58577575e+02  1.61973574e+02 
 7.94328235e+02  1.60613788e+02 
 8.31763771e+02  1.59218483e+02 
 8.70963590e+02  1.57785545e+02 
 9.12010839e+02  1.56312884e+02 
 9.54992586e+02  1.54798436e+02 
 1.00000000e+03  1.53240178e+02 
 1.04712855e+03  1.51636132e+02 
 1.09647820e+03  1.49984387e+02 
 1.14815362e+03  1.48283100e+02 
 1.20226443e+03  1.46530520e+02 
 1.25892541e+03  1.44724996e+02 
 1.31825674e+03  1.42864998e+02 
 1.38038426e+03  1.40949132e+02 
 1.44543977e+03  1.38976158e+02 
 1.51356125e+03  1.36945009e+02 
 1.58489319e+03  1.34854808e+02 
 1.65958691e+03  1.32704888e+02 
 1.73780083e+03  1.30494813e+02 
 1.81970086e+03  1.28224390e+02 
 1.90546072e+03  1.25893689e+02 
 1.99526231e+03  1.23503057e+02 
 2.08929613e+03  1.21053134e+02 
 2.18776162e+03  1.18544857e+02 
 2.29086765e+03  1.15979473e+02 
 2.39883292e+03  1.13358543e+02 
 2.51188643e+03  1.10683942e+02 
 2.63026799e+03  1.07957857e+02 
 2.75422870e+03  1.05182785e+02 
 2.88403150e+03  1.02361518e+02 
 3.01995172e+03  9.94971345e+01 
 3.16227766e+03  9.65929839e+01 
 3.31131121e+03  9.36526656e+01 
 3.46736850e+03  9.06800092e+01 
 3.63078055e+03  8.76790508e+01 
 3.80189396e+03  8.46540073e+01 
 3.98107171e+03  8.16092497e+01 
 4.16869383e+03  7.85492758e+01 
 4.36515832e+03  7.54786814e+01 
 4.57088190e+03  7.24021324e+01 
 4.78630092e+03  6.93243363e+01 
 5.01187234e+03  6.62500149e+01 
 5.24807460e+03  6.31838781e+01 
 5.49540874e+03  6.01305984e+01 
 5.75439937e+03  5.70947879e+01 
 6.02559586e+03  5.40809764e+01 
 6.30957344e+03  5.10935924e+01 
 6.60693448e+03  4.81369456e+01 
 6.91830971e+03  4.52152122e+01 
 7.24435960e+03  4.23324221e+01 
 7.58577575e+03  3.94924479e+01 
 7.94328235e+03  3.66989959e+01 
 8.31763771e+03  3.39555984e+01 
 8.70963590e+03  3.12656062e+01 
 9.12010839e+03  2.86321817e+01 
 9.54992586e+03  2.60582920e+01 
 1.00000000e+04  2.35467001e+01 
 1.04712855e+04  2.10999560e+01 
 1.09647820e+04  1.87203850e+01 
 1.14815362e+04  1.64100746e+01 
 1.20226443e+04  1.41708591e+01 
 1.25892541e+04  1.20043030e+01 
 1.31825674e+04  9.91168175e+00 
 1.38038426e+04  7.89396298e+00 
 1.44543977e+04  5.95178613e+00 
 1.51356125e+04  4.08544342e+00 
 1.58489319e+04  2.29486211e+00 
 1.65958691e+04  5.79589071e-01 
 1.73780083e+04 -1.06122121e+00 
 1.81970086e+04 -2.62881448e+00 
 1.90546072e+04 -4.12483954e+00 
 1.99526231e+04 -5.55134570e+00 
 2.08929613e+04 -6.91077413e+00 
 2.18776162e+04 -8.20594329e+00 
 2.29086765e+04 -9.44002814e+00 
 2.39883292e+04 -1.06165337e+01 
 2.51188643e+04 -1.17392631e+01 
 2.63026799e+04 -1.28122812e+01 
 2.75422870e+04 -1.38398742e+01 
 2.88403150e+04 -1.48265061e+01 
 3.01995172e+04 -1.57767734e+01 
 3.16227766e+04 -1.66953587e+01 
 3.31131121e+04 -1.75869845e+01 
 3.46736850e+04 -1.84563671e+01 
 3.63078055e+04 -1.93081734e+01 
 3.80189396e+04 -2.01469783e+01 
 3.98107171e+04 -2.09772263e+01 
 4.16869383e+04 -2.18031958e+01 
 4.36515832e+04 -2.26289662e+01 
 4.57088190e+04 -2.34583888e+01 
 4.78630092e+04 -2.42950611e+01 
 5.01187234e+04 -2.51423040e+01 
 5.24807460e+04 -2.60031420e+01 
 5.49540874e+04 -2.68802860e+01 
 5.75439937e+04 -2.77761190e+01 
 6.02559586e+04 -2.86926837e+01 
 6.30957344e+04 -2.96316724e+01 
 6.60693448e+04 -3.05944198e+01 
 6.91830971e+04 -3.15818967e+01 
 7.24435960e+04 -3.25947079e+01 
 7.58577575e+04 -3.36330912e+01 
 7.94328235e+04 -3.46969207e+01 
 8.31763771e+04 -3.57857122e+01 
 8.70963590e+04 -3.68986334e+01 
 9.12010839e+04 -3.80345176e+01 
 9.54992586e+04 -3.91918811e+01 
 1.00000000e+05 -4.03689456e+01 
 1.04712855e+05 -4.15636646e+01 
 1.09647820e+05 -4.27737531e+01 
 1.14815362e+05 -4.39967220e+01 
 1.20226443e+05 -4.52299141e+01 
 1.25892541e+05 -4.64705438e+01 
 1.31825674e+05 -4.77157367e+01 
 1.38038426e+05 -4.89625708e+01 
 1.44543977e+05 -5.02081160e+01 
 1.51356125e+05 -5.14494732e+01 
 1.58489319e+05 -5.26838103e+01 
 1.65958691e+05 -5.39083951e+01 
 1.73780083e+05 -5.51206245e+01 
 1.81970086e+05 -5.63180493e+01 
 1.90546072e+05 -5.74983951e+01 
 1.99526231e+05 -5.86595771e+01 
 2.08929613e+05 -5.97997121e+01 
 2.18776162e+05 -6.09171246e+01 
 2.29086765e+05 -6.20103499e+01 
 2.39883292e+05 -6.30781325e+01 
 2.51188643e+05 -6.41194224e+01 
 2.63026799e+05 -6.51333679e+01 
 2.75422870e+05 -6.61193061e+01 
 2.88403150e+05 -6.70767524e+01 
 3.01995172e+05 -6.80053884e+01 
 3.16227766e+05 -6.89050483e+01 
 3.31131121e+05 -6.97757061e+01 
 3.46736850e+05 -7.06174618e+01 
 3.63078055e+05 -7.14305277e+01 
 3.80189396e+05 -7.22152157e+01 
 3.98107171e+05 -7.29719245e+01 
 4.16869383e+05 -7.37011278e+01 
 4.36515832e+05 -7.44033633e+01 
 4.57088190e+05 -7.50792222e+01 
 4.78630092e+05 -7.57293400e+01 
 5.01187234e+05 -7.63543873e+01 
 5.24807460e+05 -7.69550629e+01 
 5.49540874e+05 -7.75320859e+01 
 5.75439937e+05 -7.80861904e+01 
 6.02559586e+05 -7.86181192e+01 
 6.30957344e+05 -7.91286195e+01 
 6.60693448e+05 -7.96184386e+01 
 6.91830971e+05 -8.00883203e+01 
 7.24435960e+05 -8.05390020e+01 
 7.58577575e+05 -8.09712116e+01 
 7.94328235e+05 -8.13856662e+01 
 8.31763771e+05 -8.17830694e+01 
 8.70963590e+05 -8.21641106e+01 
 9.12010839e+05 -8.25294633e+01 
 9.54992586e+05 -8.28797847e+01 
 1.00000000e+06 -8.32157146e+01 
 1.04712855e+06 -8.35378754e+01 
 1.09647820e+06 -8.38468714e+01 
 1.14815362e+06 -8.41432892e+01 
 1.20226443e+06 -8.44276972e+01 
 1.25892541e+06 -8.47006459e+01 
 1.31825674e+06 -8.49626684e+01 
 1.38038426e+06 -8.52142803e+01 
 1.44543977e+06 -8.54559801e+01 
 1.51356125e+06 -8.56882500e+01 
 1.58489319e+06 -8.59115559e+01 
 1.65958691e+06 -8.61263482e+01 
 1.73780083e+06 -8.63330622e+01 
 1.81970086e+06 -8.65321186e+01 
 1.90546072e+06 -8.67239241e+01 
 1.99526231e+06 -8.69088721e+01 
 2.08929613e+06 -8.70873431e+01 
 2.18776162e+06 -8.72597055e+01 
 2.29086765e+06 -8.74263159e+01 
 2.39883292e+06 -8.75875199e+01 
 2.51188643e+06 -8.77436526e+01 
 2.63026799e+06 -8.78950392e+01 
 2.75422870e+06 -8.80419957e+01 
 2.88403150e+06 -8.81848293e+01 
 3.01995172e+06 -8.83238389e+01 
 3.16227766e+06 -8.84593159e+01 
 3.31131121e+06 -8.85915448e+01 
 3.46736850e+06 -8.87208033e+01 
 3.63078055e+06 -8.88473631e+01 
 3.80189396e+06 -8.89714908e+01 
 3.98107171e+06 -8.90934477e+01 
 4.16869383e+06 -8.92134909e+01 
 4.36515832e+06 -8.93318735e+01 
 4.57088190e+06 -8.94488453e+01 
 4.78630092e+06 -8.95646531e+01 
 5.01187234e+06 -8.96795416e+01 
 5.24807460e+06 -8.97937532e+01 
 5.49540874e+06 -8.99075293e+01 
 5.75439937e+06 -9.00211100e+01 
 6.02559586e+06 -9.01347354e+01 
 6.30957344e+06 -9.02486454e+01 
 6.60693448e+06 -9.03630806e+01 
 6.91830971e+06 -9.04782826e+01 
 7.24435960e+06 -9.05944944e+01 
 7.58577575e+06 -9.07119614e+01 
 7.94328235e+06 -9.08309312e+01 
 8.31763771e+06 -9.09516546e+01 
 8.70963590e+06 -9.10743859e+01 
 9.12010839e+06 -9.11993834e+01 
 9.54992586e+06 -9.13269101e+01 
 1.00000000e+07 -9.14572338e+01 
 1.04712855e+07 -9.15906280e+01 
 1.09647820e+07 -9.17273726e+01 
 1.14815362e+07 -9.18677537e+01 
 1.20226443e+07 -9.20120648e+01 
 1.25892541e+07 -9.21606071e+01 
 1.31825674e+07 -9.23136901e+01 
 1.38038426e+07 -9.24716321e+01 
 1.44543977e+07 -9.26347607e+01 
 1.51356125e+07 -9.28034136e+01 
 1.58489319e+07 -9.29779389e+01 
 1.65958691e+07 -9.31586956e+01 
 1.73780083e+07 -9.33460546e+01 
 1.81970086e+07 -9.35403987e+01 
 1.90546072e+07 -9.37421236e+01 
 1.99526231e+07 -9.39516381e+01 
 2.08929613e+07 -9.41693649e+01 
 2.18776162e+07 -9.43957407e+01 
 2.29086765e+07 -9.46312170e+01 
 2.39883292e+07 -9.48762607e+01 
 2.51188643e+07 -9.51313538e+01 
 2.63026799e+07 -9.53969945e+01 
 2.75422870e+07 -9.56736969e+01 
 2.88403150e+07 -9.59619917e+01 
 3.01995172e+07 -9.62624259e+01 
 3.16227766e+07 -9.65755630e+01 
 3.31131121e+07 -9.69019829e+01 
 3.46736850e+07 -9.72422816e+01 
 3.63078055e+07 -9.75970709e+01 
 3.80189396e+07 -9.79669776e+01 
 3.98107171e+07 -9.83526429e+01 
 4.16869383e+07 -9.87547210e+01 
 4.36515832e+07 -9.91738783e+01 
 4.57088190e+07 -9.96107913e+01 
 4.78630092e+07 -1.00066145e+02 
 5.01187234e+07 -1.00540629e+02 
 5.24807460e+07 -1.01034938e+02 
 5.49540874e+07 -1.01549765e+02 
 5.75439937e+07 -1.02085798e+02 
 6.02559586e+07 -1.02643718e+02 
 6.30957344e+07 -1.03224192e+02 
 6.60693448e+07 -1.03827867e+02 
 6.91830971e+07 -1.04455364e+02 
 7.24435960e+07 -1.05107270e+02 
 7.58577575e+07 -1.05784135e+02 
 7.94328235e+07 -1.06486453e+02 
 8.31763771e+07 -1.07214664e+02 
 8.70963590e+07 -1.07969135e+02 
 9.12010839e+07 -1.08750154e+02 
 9.54992586e+07 -1.09557918e+02 
 1.00000000e+08 -1.10392515e+02 
