 1.00000000e+00 -2.55145972e+01 
 1.04712855e+00 -2.52301627e+01 
 1.09647820e+00 -2.49534259e+01 
 1.14815362e+00 -2.46846651e+01 
 1.20226443e+00 -2.44241381e+01 
 1.25892541e+00 -2.41720788e+01 
 1.31825674e+00 -2.39286935e+01 
 1.38038426e+00 -2.36941582e+01 
 1.44543977e+00 -2.34686155e+01 
 1.51356125e+00 -2.32521727e+01 
 1.58489319e+00 -2.30448994e+01 
 1.65958691e+00 -2.28468272e+01 
 1.73780083e+00 -2.26579483e+01 
 1.81970086e+00 -2.24782165e+01 
 1.90546072e+00 -2.23075472e+01 
 1.99526231e+00 -2.21458195e+01 
 2.08929613e+00 -2.19928775e+01 
 2.18776162e+00 -2.18485335e+01 
 2.29086765e+00 -2.17125703e+01 
 2.39883292e+00 -2.15847448e+01 
 2.51188643e+00 -2.14647915e+01 
 2.63026799e+00 -2.13524258e+01 
 2.75422870e+00 -2.12473482e+01 
 2.88403150e+00 -2.11492471e+01 
 3.01995172e+00 -2.10578032e+01 
 3.16227766e+00 -2.09726921e+01 
 3.31131121e+00 -2.08935879e+01 
 3.46736850e+00 -2.08201655e+01 
 3.63078055e+00 -2.07521035e+01 
 3.80189396e+00 -2.06890861e+01 
 3.98107171e+00 -2.06308051e+01 
 4.16869383e+00 -2.05769615e+01 
 4.36515832e+00 -2.05272666e+01 
 4.57088190e+00 -2.04814431e+01 
 4.78630092e+00 -2.04392259e+01 
 5.01187234e+00 -2.04003624e+01 
 5.24807460e+00 -2.03646127e+01 
 5.49540874e+00 -2.03317501e+01 
 5.75439937e+00 -2.03015610e+01 
 6.02559586e+00 -2.02738442e+01 
 6.30957344e+00 -2.02484113e+01 
 6.60693448e+00 -2.02250860e+01 
 6.91830971e+00 -2.02037036e+01 
 7.24435960e+00 -2.01841108e+01 
 7.58577575e+00 -2.01661650e+01 
 7.94328235e+00 -2.01497337e+01 
 8.31763771e+00 -2.01346944e+01 
 8.70963590e+00 -2.01209335e+01 
 9.12010839e+00 -2.01083458e+01 
 9.54992586e+00 -2.00968346e+01 
 1.00000000e+01 -2.00863103e+01 
 1.04712855e+01 -2.00766907e+01 
 1.09647820e+01 -2.00678998e+01 
 1.14815362e+01 -2.00598680e+01 
 1.20226443e+01 -2.00525310e+01 
 1.25892541e+01 -2.00458301e+01 
 1.31825674e+01 -2.00397112e+01 
 1.38038426e+01 -2.00341247e+01 
 1.44543977e+01 -2.00290251e+01 
 1.51356125e+01 -2.00243709e+01 
 1.58489319e+01 -2.00201240e+01 
 1.65958691e+01 -2.00162493e+01 
 1.73780083e+01 -2.00127151e+01 
 1.81970086e+01 -2.00094920e+01 
 1.90546072e+01 -2.00065535e+01 
 1.99526231e+01 -2.00038750e+01 
 2.08929613e+01 -2.00014345e+01 
 2.18776162e+01 -1.99992114e+01 
 2.29086765e+01 -1.99971873e+01 
 2.39883292e+01 -1.99953453e+01 
 2.51188643e+01 -1.99936700e+01 
 2.63026799e+01 -1.99921474e+01 
 2.75422870e+01 -1.99907646e+01 
 2.88403150e+01 -1.99895102e+01 
 3.01995172e+01 -1.99883735e+01 
 3.16227766e+01 -1.99873451e+01 
 3.31131121e+01 -1.99864164e+01 
 3.46736850e+01 -1.99855795e+01 
 3.63078055e+01 -1.99848274e+01 
 3.80189396e+01 -1.99841538e+01 
 3.98107171e+01 -1.99835532e+01 
 4.16869383e+01 -1.99830204e+01 
 4.36515832e+01 -1.99825511e+01 
 4.57088190e+01 -1.99821414e+01 
 4.78630092e+01 -1.99817879e+01 
 5.01187234e+01 -1.99814877e+01 
 5.24807460e+01 -1.99812384e+01 
 5.49540874e+01 -1.99810379e+01 
 5.75439937e+01 -1.99808848e+01 
 6.02559586e+01 -1.99807778e+01 
 6.30957344e+01 -1.99807161e+01 
 6.60693448e+01 -1.99806995e+01 
 6.91830971e+01 -1.99807280e+01 
 7.24435960e+01 -1.99808019e+01 
 7.58577575e+01 -1.99809220e+01 
 7.94328235e+01 -1.99810896e+01 
 8.31763771e+01 -1.99813062e+01 
 8.70963590e+01 -1.99815739e+01 
 9.12010839e+01 -1.99818952e+01 
 9.54992586e+01 -1.99822728e+01 
 1.00000000e+02 -1.99827103e+01 
 1.04712855e+02 -1.99832114e+01 
 1.09647820e+02 -1.99837806e+01 
 1.14815362e+02 -1.99844228e+01 
 1.20226443e+02 -1.99851436e+01 
 1.25892541e+02 -1.99859492e+01 
 1.31825674e+02 -1.99868465e+01 
 1.38038426e+02 -1.99878431e+01 
 1.44543977e+02 -1.99889476e+01 
 1.51356125e+02 -1.99901693e+01 
 1.58489319e+02 -1.99915185e+01 
 1.65958691e+02 -1.99930067e+01 
 1.73780083e+02 -1.99946463e+01 
 1.81970086e+02 -1.99964511e+01 
 1.90546072e+02 -1.99984362e+01 
 1.99526231e+02 -2.00006183e+01 
 2.08929613e+02 -2.00030156e+01 
 2.18776162e+02 -2.00056479e+01 
 2.29086765e+02 -2.00085373e+01 
 2.39883292e+02 -2.00117076e+01 
 2.51188643e+02 -2.00151852e+01 
 2.63026799e+02 -2.00189988e+01 
 2.75422870e+02 -2.00231798e+01 
 2.88403150e+02 -2.00277625e+01 
 3.01995172e+02 -2.00327845e+01 
 3.16227766e+02 -2.00382869e+01 
 3.31131121e+02 -2.00443143e+01 
 3.46736850e+02 -2.00509156e+01 
 3.63078055e+02 -2.00581442e+01 
 3.80189396e+02 -2.00660579e+01 
 3.98107171e+02 -2.00747201e+01 
 4.16869383e+02 -2.00841996e+01 
 4.36515832e+02 -2.00945711e+01 
 4.57088190e+02 -2.01059159e+01 
 4.78630092e+02 -2.01183222e+01 
 5.01187234e+02 -2.01318858e+01 
 5.24807460e+02 -2.01467103e+01 
 5.49540874e+02 -2.01629077e+01 
 5.75439937e+02 -2.01805993e+01 
 6.02559586e+02 -2.01999160e+01 
 6.30957344e+02 -2.02209984e+01 
 6.60693448e+02 -2.02439984e+01 
 6.91830971e+02 -2.02690785e+01 
 7.24435960e+02 -2.02964133e+01 
 7.58577575e+02 -2.03261892e+01 
 7.94328235e+02 -2.03586052e+01 
 8.31763771e+02 -2.03938730e+01 
 8.70963590e+02 -2.04322173e+01 
 9.12010839e+02 -2.04738757e+01 
 9.54992586e+02 -2.05190987e+01 
 1.00000000e+03 -2.05681497e+01 
 1.04712855e+03 -2.06213040e+01 
 1.09647820e+03 -2.06788485e+01 
 1.14815362e+03 -2.07410808e+01 
 1.20226443e+03 -2.08083076e+01 
 1.25892541e+03 -2.08808437e+01 
 1.31825674e+03 -2.09590099e+01 
 1.38038426e+03 -2.10431308e+01 
 1.44543977e+03 -2.11335326e+01 
 1.51356125e+03 -2.12305401e+01 
 1.58489319e+03 -2.13344740e+01 
 1.65958691e+03 -2.14456473e+01 
 1.73780083e+03 -2.15643620e+01 
 1.81970086e+03 -2.16909054e+01 
 1.90546072e+03 -2.18255466e+01 
 1.99526231e+03 -2.19685330e+01 
 2.08929613e+03 -2.21200861e+01 
 2.18776162e+03 -2.22803991e+01 
 2.29086765e+03 -2.24496334e+01 
 2.39883292e+03 -2.26279161e+01 
 2.51188643e+03 -2.28153380e+01 
 2.63026799e+03 -2.30119522e+01 
 2.75422870e+03 -2.32177729e+01 
 2.88403150e+03 -2.34327756e+01 
 3.01995172e+03 -2.36568970e+01 
 3.16227766e+03 -2.38900364e+01 
 3.31131121e+03 -2.41320573e+01 
 3.46736850e+03 -2.43827898e+01 
 3.63078055e+03 -2.46420326e+01 
 3.80189396e+03 -2.49095571e+01 
 3.98107171e+03 -2.51851097e+01 
 4.16869383e+03 -2.54684161e+01 
 4.36515832e+03 -2.57591846e+01 
 4.57088190e+03 -2.60571099e+01 
 4.78630092e+03 -2.63618767e+01 
 5.01187234e+03 -2.66731627e+01 
 5.24807460e+03 -2.69906424e+01 
 5.49540874e+03 -2.73139897e+01 
 5.75439937e+03 -2.76428807e+01 
 6.02559586e+03 -2.79769959e+01 
 6.30957344e+03 -2.83160224e+01 
 6.60693448e+03 -2.86596556e+01 
 6.91830971e+03 -2.90076005e+01 
 7.24435960e+03 -2.93595731e+01 
 7.58577575e+03 -2.97153010e+01 
 7.94328235e+03 -3.00745242e+01 
 8.31763771e+03 -3.04369952e+01 
 8.70963590e+03 -3.08024798e+01 
 9.12010839e+03 -3.11707564e+01 
 9.54992586e+03 -3.15416165e+01 
 1.00000000e+04 -3.19148643e+01 
 1.04712855e+04 -3.22903161e+01 
 1.09647820e+04 -3.26678005e+01 
 1.14815362e+04 -3.30471573e+01 
 1.20226443e+04 -3.34282374e+01 
 1.25892541e+04 -3.38109024e+01 
 1.31825674e+04 -3.41950235e+01 
 1.38038426e+04 -3.45804815e+01 
 1.44543977e+04 -3.49671661e+01 
 1.51356125e+04 -3.53549752e+01 
 1.58489319e+04 -3.57438145e+01 
 1.65958691e+04 -3.61335969e+01 
 1.73780083e+04 -3.65242423e+01 
 1.81970086e+04 -3.69156764e+01 
 1.90546072e+04 -3.73078313e+01 
 1.99526231e+04 -3.77006440e+01 
 2.08929613e+04 -3.80940566e+01 
 2.18776162e+04 -3.84880160e+01 
 2.29086765e+04 -3.88824729e+01 
 2.39883292e+04 -3.92773822e+01 
 2.51188643e+04 -3.96727022e+01 
 2.63026799e+04 -4.00683945e+01 
 2.75422870e+04 -4.04644235e+01 
 2.88403150e+04 -4.08607565e+01 
 3.01995172e+04 -4.12573630e+01 
 3.16227766e+04 -4.16542149e+01 
 3.31131121e+04 -4.20512859e+01 
 3.46736850e+04 -4.24485517e+01 
 3.63078055e+04 -4.28459893e+01 
 3.80189396e+04 -4.32435774e+01 
 3.98107171e+04 -4.36412957e+01 
 4.16869383e+04 -4.40391251e+01 
 4.36515832e+04 -4.44370473e+01 
 4.57088190e+04 -4.48350449e+01 
 4.78630092e+04 -4.52331010e+01 
 5.01187234e+04 -4.56311992e+01 
 5.24807460e+04 -4.60293236e+01 
 5.49540874e+04 -4.64274583e+01 
 5.75439937e+04 -4.68255875e+01 
 6.02559586e+04 -4.72236956e+01 
 6.30957344e+04 -4.76217665e+01 
 6.60693448e+04 -4.80197840e+01 
 6.91830971e+04 -4.84177315e+01 
 7.24435960e+04 -4.88155917e+01 
 7.58577575e+04 -4.92133465e+01 
 7.94328235e+04 -4.96109772e+01 
 8.31763771e+04 -5.00084638e+01 
 8.70963590e+04 -5.04057853e+01 
 9.12010839e+04 -5.08029194e+01 
 9.54992586e+04 -5.11998421e+01 
 1.00000000e+05 -5.15965278e+01 
 1.04712855e+05 -5.19929489e+01 
 1.09647820e+05 -5.23890758e+01 
 1.14815362e+05 -5.27848764e+01 
 1.20226443e+05 -5.31803161e+01 
 1.25892541e+05 -5.35753574e+01 
 1.31825674e+05 -5.39699596e+01 
 1.38038426e+05 -5.43640787e+01 
 1.44543977e+05 -5.47576668e+01 
 1.51356125e+05 -5.51506720e+01 
 1.58489319e+05 -5.55430378e+01 
 1.65958691e+05 -5.59347031e+01 
 1.73780083e+05 -5.63256014e+01 
 1.81970086e+05 -5.67156605e+01 
 1.90546072e+05 -5.71048021e+01 
 1.99526231e+05 -5.74929413e+01 
 2.08929613e+05 -5.78799862e+01 
 2.18776162e+05 -5.82658373e+01 
 2.29086765e+05 -5.86503866e+01 
 2.39883292e+05 -5.90335180e+01 
 2.51188643e+05 -5.94151057e+01 
 2.63026799e+05 -5.97950144e+01 
 2.75422870e+05 -6.01730983e+01 
 2.88403150e+05 -6.05492008e+01 
 3.01995172e+05 -6.09231541e+01 
 3.16227766e+05 -6.12947785e+01 
 3.31131121e+05 -6.16638818e+01 
 3.46736850e+05 -6.20302597e+01 
 3.63078055e+05 -6.23936949e+01 
 3.80189396e+05 -6.27539569e+01 
 3.98107171e+05 -6.31108027e+01 
 4.16869383e+05 -6.34639761e+01 
 4.36515832e+05 -6.38132088e+01 
 4.57088190e+05 -6.41582203e+01 
 4.78630092e+05 -6.44987192e+01 
 5.01187234e+05 -6.48344040e+01 
 5.24807460e+05 -6.51649644e+01 
 5.49540874e+05 -6.54900831e+01 
 5.75439937e+05 -6.58094377e+01 
 6.02559586e+05 -6.61227029e+01 
 6.30957344e+05 -6.64295530e+01 
 6.60693448e+05 -6.67296650e+01 
 6.91830971e+05 -6.70227216e+01 
 7.24435960e+05 -6.73084146e+01 
 7.58577575e+05 -6.75864483e+01 
 7.94328235e+05 -6.78565436e+01 
 8.31763771e+05 -6.81184408e+01 
 8.70963590e+05 -6.83719040e+01 
 9.12010839e+05 -6.86167244e+01 
 9.54992586e+05 -6.88527230e+01 
 1.00000000e+06 -6.90797540e+01 
 1.04712855e+06 -6.92977066e+01 
 1.09647820e+06 -6.95065074e+01 
 1.14815362e+06 -6.97061214e+01 
 1.20226443e+06 -6.98965525e+01 
 1.25892541e+06 -7.00778437e+01 
 1.31825674e+06 -7.02500764e+01 
 1.38038426e+06 -7.04133688e+01 
 1.44543977e+06 -7.05678746e+01 
 1.51356125e+06 -7.07137798e+01 
 1.58489319e+06 -7.08513008e+01 
 1.65958691e+06 -7.09806802e+01 
 1.73780083e+06 -7.11021845e+01 
 1.81970086e+06 -7.12160994e+01 
 1.90546072e+06 -7.13227271e+01 
 1.99526231e+06 -7.14223821e+01 
 2.08929613e+06 -7.15153882e+01 
 2.18776162e+06 -7.16020748e+01 
 2.29086765e+06 -7.16827741e+01 
 2.39883292e+06 -7.17578184e+01 
 2.51188643e+06 -7.18275374e+01 
 2.63026799e+06 -7.18922561e+01 
 2.75422870e+06 -7.19522933e+01 
 2.88403150e+06 -7.20079597e+01 
 3.01995172e+06 -7.20595568e+01 
 3.16227766e+06 -7.21073764e+01 
 3.31131121e+06 -7.21516994e+01 
 3.46736850e+06 -7.21927960e+01 
 3.63078055e+06 -7.22309251e+01 
 3.80189396e+06 -7.22663348e+01 
 3.98107171e+06 -7.22992624e+01 
 4.16869383e+06 -7.23299351e+01 
 4.36515832e+06 -7.23585703e+01 
 4.57088190e+06 -7.23853766e+01 
 4.78630092e+06 -7.24105545e+01 
 5.01187234e+06 -7.24342975e+01 
 5.24807460e+06 -7.24567933e+01 
 5.49540874e+06 -7.24782246e+01 
 5.75439937e+06 -7.24987711e+01 
 6.02559586e+06 -7.25186104e+01 
 6.30957344e+06 -7.25379200e+01 
 6.60693448e+06 -7.25568790e+01 
 6.91830971e+06 -7.25756700e+01 
 7.24435960e+06 -7.25944815e+01 
 7.58577575e+06 -7.26135102e+01 
 7.94328235e+06 -7.26329637e+01 
 8.31763771e+06 -7.26530639e+01 
 8.70963590e+06 -7.26740501e+01 
 9.12010839e+06 -7.26961832e+01 
 9.54992586e+06 -7.27197500e+01 
 1.00000000e+07 -7.27450680e+01 
 1.04712855e+07 -7.27724915e+01 
 1.09647820e+07 -7.28024174e+01 
 1.14815362e+07 -7.28352922e+01 
 1.20226443e+07 -7.28716201e+01 
 1.25892541e+07 -7.29119710e+01 
 1.31825674e+07 -7.29569898e+01 
 1.38038426e+07 -7.30074059e+01 
 1.44543977e+07 -7.30640432e+01 
 1.51356125e+07 -7.31278297e+01 
 1.58489319e+07 -7.31998071e+01 
 1.65958691e+07 -7.32811384e+01 
 1.73780083e+07 -7.33731141e+01 
 1.81970086e+07 -7.34771544e+01 
 1.90546072e+07 -7.35948074e+01 
 1.99526231e+07 -7.37277412e+01 
 2.08929613e+07 -7.38777275e+01 
 2.18776162e+07 -7.40466179e+01 
 2.29086765e+07 -7.42363088e+01 
 2.39883292e+07 -7.44486969e+01 
 2.51188643e+07 -7.46856253e+01 
 2.63026799e+07 -7.49488211e+01 
 2.75422870e+07 -7.52398304e+01 
 2.88403150e+07 -7.55599516e+01 
 3.01995172e+07 -7.59101760e+01 
 3.16227766e+07 -7.62911386e+01 
 3.31131121e+07 -7.67030856e+01 
 3.46736850e+07 -7.71458612e+01 
 3.63078055e+07 -7.76189164e+01 
 3.80189396e+07 -7.81213366e+01 
 3.98107171e+07 -7.86518878e+01 
 4.16869383e+07 -7.92090748e+01 
 4.36515832e+07 -7.97912054e+01 
 4.57088190e+07 -8.03964574e+01 
 4.78630092e+07 -8.10229416e+01 
 5.01187234e+07 -8.16687578e+01 
 5.24807460e+07 -8.23320416e+01 
 5.49540874e+07 -8.30110015e+01 
 5.75439937e+07 -8.37039458e+01 
 6.02559586e+07 -8.44092998e+01 
 6.30957344e+07 -8.51256162e+01 
 6.60693448e+07 -8.58515779e+01 
 6.91830971e+07 -8.65859967e+01 
 7.24435960e+07 -8.73278083e+01 
 7.58577575e+07 -8.80760649e+01 
 7.94328235e+07 -8.88299261e+01 
 8.31763771e+07 -8.95886496e+01 
 8.70963590e+07 -9.03515813e+01 
 9.12010839e+07 -9.11181462e+01 
 9.54992586e+07 -9.18878391e+01 
 1.00000000e+08 -9.26602168e+01 
