 0.00000000e+00  6.99999278e+00 
 5.00000000e-07  6.99999279e+00 
 1.00000000e-06  6.99999280e+00 
 2.00000000e-06  6.99999282e+00 
 4.00000000e-06  6.99999286e+00 
 8.00000000e-06  6.99999291e+00 
 1.60000000e-05  6.99999297e+00 
 3.20000000e-05  6.99999304e+00 
 6.40000000e-05  6.99999315e+00 
 1.14000000e-04  6.99999324e+00 
 1.64000000e-04  6.99999328e+00 
 2.14000000e-04  6.99999329e+00 
 2.64000000e-04  6.99999330e+00 
 3.14000000e-04  6.99999331e+00 
 3.64000000e-04  6.99999332e+00 
 4.14000000e-04  6.99999333e+00 
 4.64000000e-04  6.99999334e+00 
 5.14000000e-04  6.99999335e+00 
 5.64000000e-04  6.99999336e+00 
 6.14000000e-04  6.99999337e+00 
 6.64000000e-04  6.99999338e+00 
 7.14000000e-04  6.99999339e+00 
 7.64000000e-04  6.99999340e+00 
 8.14000000e-04  6.99999341e+00 
 8.64000000e-04  6.99999342e+00 
 9.14000000e-04  6.99999343e+00 
 9.64000000e-04  6.99999344e+00 
 1.01400000e-03  6.99999345e+00 
 1.06400000e-03  6.99999347e+00 
 1.11400000e-03  6.99999348e+00 
 1.16400000e-03  6.99999349e+00 
 1.21400000e-03  6.99999351e+00 
 1.26400000e-03  6.99999352e+00 
 1.31400000e-03  6.99999353e+00 
 1.36400000e-03  6.99999355e+00 
 1.41400000e-03  6.99999356e+00 
 1.46400000e-03  6.99999358e+00 
 1.51400000e-03  6.99999359e+00 
 1.56400000e-03  6.99999361e+00 
 1.61400000e-03  6.99999362e+00 
 1.66400000e-03  6.99999364e+00 
 1.71400000e-03  6.99999365e+00 
 1.76400000e-03  6.99999367e+00 
 1.81400000e-03  6.99999369e+00 
 1.86400000e-03  6.99999371e+00 
 1.91400000e-03  6.99999372e+00 
 1.96400000e-03  6.99999374e+00 
 2.01400000e-03  6.99999376e+00 
 2.06400000e-03  6.99999378e+00 
 2.11400000e-03  6.99999380e+00 
 2.16400000e-03  6.99999382e+00 
 2.21400000e-03  6.99999385e+00 
 2.26400000e-03  6.99999387e+00 
 2.31400000e-03  6.99999389e+00 
 2.36400000e-03  6.99999392e+00 
 2.41400000e-03  6.99999394e+00 
 2.46400000e-03  6.99999397e+00 
 2.51400000e-03  6.99999399e+00 
 2.56400000e-03  6.99999402e+00 
 2.61400000e-03  6.99999405e+00 
 2.66400000e-03  6.99999408e+00 
 2.71400000e-03  6.99999411e+00 
 2.76400000e-03  6.99999414e+00 
 2.81400000e-03  6.99999417e+00 
 2.86400000e-03  6.99999420e+00 
 2.91400000e-03  6.99999424e+00 
 2.96400000e-03  6.99999428e+00 
 3.01400000e-03  6.99999431e+00 
 3.06400000e-03  6.99999435e+00 
 3.11400000e-03  6.99999440e+00 
 3.16400000e-03  6.99999444e+00 
 3.21400000e-03  6.99999449e+00 
 3.26400000e-03  6.99999453e+00 
 3.31400000e-03  6.99999458e+00 
 3.36400000e-03  6.99999464e+00 
 3.41400000e-03  6.99999469e+00 
 3.46400000e-03  6.99999475e+00 
 3.51400000e-03  6.99999481e+00 
 3.56400000e-03  6.99999487e+00 
 3.61400000e-03  6.99999494e+00 
 3.66400000e-03  6.99999501e+00 
 3.71400000e-03  6.99999509e+00 
 3.76400000e-03  6.99999517e+00 
 3.81400000e-03  6.99999526e+00 
 3.86400000e-03  6.99999535e+00 
 3.91400000e-03  6.99999545e+00 
 3.96400000e-03  6.99999555e+00 
 4.01400000e-03  6.99999567e+00 
 4.06400000e-03  6.99999579e+00 
 4.11400000e-03  6.99999592e+00 
 4.16400000e-03  6.99999606e+00 
 4.21400000e-03  6.99999621e+00 
 4.26400000e-03  6.99999638e+00 
 4.31400000e-03  6.99999656e+00 
 4.36400000e-03  6.99999675e+00 
 4.41400000e-03  6.99999697e+00 
 4.46400000e-03  6.99999720e+00 
 4.51400000e-03  6.99999746e+00 
 4.56400000e-03  6.99999775e+00 
 4.61400000e-03  6.99999807e+00 
 4.66400000e-03  6.99999842e+00 
 4.71400000e-03  6.99999882e+00 
 4.76400000e-03  6.99999926e+00 
 4.81400000e-03  6.99999976e+00 
 4.86400000e-03  7.00000032e+00 
 4.91400000e-03  7.00000096e+00 
 4.96400000e-03  7.00000169e+00 
 5.01400000e-03  7.00000252e+00 
 5.06400000e-03  7.00000348e+00 
 5.11400000e-03  7.00000459e+00 
 5.16400000e-03  7.00000588e+00 
 5.21400000e-03  7.00000738e+00 
 5.26400000e-03  7.00000915e+00 
 5.31400000e-03  7.00001123e+00 
 5.36400000e-03  7.00001369e+00 
 5.41400000e-03  7.00001664e+00 
 5.46400000e-03  7.00002018e+00 
 5.51400000e-03  7.00002448e+00 
 5.56400000e-03  7.00002975e+00 
 5.61400000e-03  7.00003632e+00 
 5.66400000e-03  7.00004466e+00 
 5.71400000e-03  7.00005554e+00 
 5.76400000e-03  7.00007027e+00 
 5.81400000e-03  7.00009136e+00 
 5.86400000e-03  7.00012419e+00 
 5.91400000e-03  7.00018562e+00 
 5.96400000e-03  7.00032892e+00 
 6.01400000e-03  7.00113799e+00 
 6.06400000e-03  6.58879757e+00 
 6.11400000e-03  5.92715587e+00 
 6.16012862e-03  5.93968382e+00 
 6.21012862e-03  5.98680589e+00 
 6.26012862e-03  5.96886774e+00 
 6.31012862e-03  5.95726248e+00 
 6.36012862e-03  5.95518834e+00 
 6.41012862e-03  5.95291481e+00 
 6.46012862e-03  5.94938381e+00 
 6.51012862e-03  5.94600120e+00 
 6.56012862e-03  5.94283610e+00 
 6.61012862e-03  5.93973292e+00 
 6.66012862e-03  5.93668766e+00 
 6.71012862e-03  5.93371218e+00 
 6.76012862e-03  5.93080147e+00 
 6.81012862e-03  5.92795003e+00 
 6.86012862e-03  5.92515448e+00 
 6.91012862e-03  5.92241177e+00 
 6.96012862e-03  5.91971895e+00 
 7.01012862e-03  5.91707332e+00 
 7.06012862e-03  5.91447239e+00 
 7.11012862e-03  5.91191390e+00 
 7.16012862e-03  5.90939573e+00 
 7.21012862e-03  5.90691594e+00 
 7.26012862e-03  5.90447272e+00 
 7.31012862e-03  5.90206438e+00 
 7.36012862e-03  5.89968937e+00 
 7.41012862e-03  5.89734623e+00 
 7.46012862e-03  5.89503359e+00 
 7.51012862e-03  5.89275018e+00 
 7.56012862e-03  5.89049480e+00 
 7.61012862e-03  5.88826634e+00 
 7.66012862e-03  5.88606374e+00 
 7.71012862e-03  5.88388601e+00 
 7.76012862e-03  5.88173222e+00 
 7.81012862e-03  5.87960149e+00 
 7.86012862e-03  5.87749299e+00 
 7.91012862e-03  5.87540594e+00 
 7.96012862e-03  5.87333958e+00 
 8.01012862e-03  5.87129322e+00 
 8.06012862e-03  5.86926619e+00 
 8.11012862e-03  5.86725786e+00 
 8.16012862e-03  5.86526762e+00 
 8.21012862e-03  5.86329490e+00 
 8.26012862e-03  5.86133917e+00 
 8.31012862e-03  5.85939989e+00 
 8.36012862e-03  5.85747659e+00 
 8.41012862e-03  5.85556878e+00 
 8.46012862e-03  5.85367601e+00 
 8.51012862e-03  5.85179787e+00 
 8.56012862e-03  5.84993392e+00 
 8.61012862e-03  5.84808380e+00 
 8.66012862e-03  5.84624711e+00 
 8.71012862e-03  5.84442350e+00 
 8.76012862e-03  5.84261262e+00 
 8.81012862e-03  5.84081414e+00 
 8.86012862e-03  5.83902774e+00 
 8.91012862e-03  5.83725313e+00 
 8.96012862e-03  5.83549000e+00 
 9.01012862e-03  5.83373807e+00 
 9.06012862e-03  5.83199708e+00 
 9.11012862e-03  5.83026676e+00 
 9.16012862e-03  5.82854686e+00 
 9.21012862e-03  5.82683714e+00 
 9.26012862e-03  5.82513737e+00 
 9.31012862e-03  5.82344733e+00 
 9.36012862e-03  5.82176679e+00 
 9.41012862e-03  5.82009555e+00 
 9.46012862e-03  5.81843341e+00 
 9.51012862e-03  5.81678017e+00 
 9.56012862e-03  5.81513564e+00 
 9.61012862e-03  5.81349965e+00 
 9.66012862e-03  5.81187201e+00 
 9.71012862e-03  5.81025256e+00 
 9.76012862e-03  5.80864114e+00 
 9.81012862e-03  5.80703758e+00 
 9.86012862e-03  5.80544172e+00 
 9.91012862e-03  5.80385343e+00 
 9.96012862e-03  5.80227255e+00 
 1.00101286e-02  5.80069895e+00 
 1.00601286e-02  5.79913249e+00 
 1.01101286e-02  5.79757304e+00 
 1.01601286e-02  5.79602046e+00 
 1.02101286e-02  5.79447465e+00 
 1.02601286e-02  5.79293546e+00 
 1.03101286e-02  5.79140280e+00 
 1.03601286e-02  5.78987654e+00 
 1.04101286e-02  5.78835658e+00 
 1.04601286e-02  5.78684280e+00 
 1.05101286e-02  5.78533511e+00 
 1.05601286e-02  5.78383340e+00 
 1.06101286e-02  5.78233757e+00 
 1.06601286e-02  5.78084753e+00 
 1.07101286e-02  5.77936318e+00 
 1.07601286e-02  5.77788443e+00 
 1.08101286e-02  5.77641120e+00 
 1.08601286e-02  5.77494339e+00 
 1.09101286e-02  5.77348093e+00 
 1.09601286e-02  5.77202373e+00 
 1.10101286e-02  5.77057172e+00 
 1.10601286e-02  5.76912480e+00 
 1.11101286e-02  5.76768292e+00 
 1.11601286e-02  5.76624599e+00 
 1.12101286e-02  5.76481394e+00 
 1.12601286e-02  5.76338670e+00 
 1.13101286e-02  5.76196421e+00 
 1.13601286e-02  5.76054639e+00 
 1.14101286e-02  5.75913318e+00 
 1.14601286e-02  5.75772452e+00 
 1.15101286e-02  5.75632035e+00 
 1.15601286e-02  5.75492059e+00 
 1.16101286e-02  5.75352520e+00 
 1.16601286e-02  5.75213412e+00 
 1.17101286e-02  5.75074728e+00 
 1.17601286e-02  5.74936464e+00 
 1.18101286e-02  5.74798614e+00 
 1.18601286e-02  5.74661172e+00 
 1.19101286e-02  5.74524133e+00 
 1.19601286e-02  5.74387493e+00 
 1.20101286e-02  5.74251246e+00 
 1.20601286e-02  5.74115387e+00 
 1.21101286e-02  5.73979912e+00 
 1.21601286e-02  5.73844815e+00 
 1.22101286e-02  5.73710093e+00 
 1.22601286e-02  5.73575741e+00 
 1.23101286e-02  5.73441754e+00 
 1.23601286e-02  5.73308129e+00 
 1.24101286e-02  5.73174860e+00 
 1.24601286e-02  5.73041944e+00 
 1.25101286e-02  5.72909377e+00 
 1.25601286e-02  5.72777155e+00 
 1.26101286e-02  5.72645273e+00 
 1.26601286e-02  5.72513729e+00 
 1.27101286e-02  5.72382518e+00 
 1.27601286e-02  5.72251637e+00 
 1.28101286e-02  5.72121082e+00 
 1.28601286e-02  5.71990850e+00 
 1.29101286e-02  5.71860936e+00 
 1.29601286e-02  5.71731338e+00 
 1.30101286e-02  5.71602053e+00 
 1.30601286e-02  5.71473077e+00 
 1.31101286e-02  5.71344406e+00 
 1.31601286e-02  5.71216039e+00 
 1.32101286e-02  5.71087971e+00 
 1.32601286e-02  5.70960199e+00 
 1.33101286e-02  5.70832721e+00 
 1.33601286e-02  5.70705534e+00 
 1.34101286e-02  5.70578635e+00 
 1.34601286e-02  5.70452020e+00 
 1.35101286e-02  5.70325688e+00 
 1.35601286e-02  5.70199635e+00 
 1.36101286e-02  5.70073859e+00 
 1.36601286e-02  5.69948357e+00 
 1.37101286e-02  5.69823126e+00 
 1.37601286e-02  5.69698164e+00 
 1.38101286e-02  5.69573469e+00 
 1.38601286e-02  5.69449038e+00 
 1.39101286e-02  5.69324868e+00 
 1.39601286e-02  5.69200957e+00 
 1.40101286e-02  5.69077303e+00 
 1.40601286e-02  5.68953903e+00 
 1.41101286e-02  5.68830756e+00 
 1.41601286e-02  5.68707858e+00 
 1.42101286e-02  5.68585208e+00 
 1.42601286e-02  5.68462804e+00 
 1.43101286e-02  5.68340643e+00 
 1.43601286e-02  5.68218723e+00 
 1.44101286e-02  5.68097043e+00 
 1.44601286e-02  5.67975600e+00 
 1.45101286e-02  5.67854391e+00 
 1.45601286e-02  5.67733416e+00 
 1.46101286e-02  5.67612672e+00 
 1.46601286e-02  5.67492158e+00 
 1.47101286e-02  5.67371871e+00 
 1.47601286e-02  5.67251809e+00 
 1.48101286e-02  5.67131971e+00 
 1.48601286e-02  5.67012355e+00 
 1.49101286e-02  5.66892959e+00 
 1.49601286e-02  5.66773781e+00 
 1.50101286e-02  5.66654820e+00 
 1.50601286e-02  5.66536073e+00 
 1.51101286e-02  5.66417540e+00 
 1.51601286e-02  5.66299218e+00 
 1.52101286e-02  5.66181107e+00 
 1.52601286e-02  5.66063203e+00 
 1.53101286e-02  5.65945506e+00 
 1.53601286e-02  5.65828014e+00 
 1.54101286e-02  5.65710726e+00 
 1.54601286e-02  5.65593640e+00 
 1.55101286e-02  5.65476754e+00 
 1.55601286e-02  5.65360067e+00 
 1.56101286e-02  5.65243578e+00 
 1.56601286e-02  5.65127284e+00 
 1.57101286e-02  5.65011186e+00 
 1.57601286e-02  5.64895280e+00 
 1.58101286e-02  5.64779566e+00 
 1.58601286e-02  5.64664043e+00 
 1.59101286e-02  5.64548709e+00 
 1.59601286e-02  5.64433562e+00 
 1.60101286e-02  5.64318602e+00 
 1.60601286e-02  5.64203827e+00 
 1.61101286e-02  5.64089236e+00 
 1.61601286e-02  5.63974827e+00 
 1.62101286e-02  5.63860600e+00 
 1.62601286e-02  5.63746552e+00 
 1.63101286e-02  5.63632684e+00 
 1.63601286e-02  5.63518993e+00 
 1.64101286e-02  5.63405478e+00 
 1.64601286e-02  5.63292138e+00 
 1.65101286e-02  5.63178972e+00 
 1.65601286e-02  5.63065979e+00 
 1.66101286e-02  5.62953158e+00 
 1.66601286e-02  5.62840508e+00 
 1.67101286e-02  5.62728026e+00 
 1.67601286e-02  5.62615713e+00 
 1.68101286e-02  5.62503568e+00 
 1.68601286e-02  5.62391588e+00 
 1.69101286e-02  5.62279773e+00 
 1.69601286e-02  5.62168123e+00 
 1.70101286e-02  5.62056635e+00 
 1.70601286e-02  5.61945310e+00 
 1.71101286e-02  5.61834145e+00 
 1.71601286e-02  5.61723140e+00 
 1.72101286e-02  5.61612294e+00 
 1.72601286e-02  5.61501606e+00 
 1.73101286e-02  5.61391075e+00 
 1.73601286e-02  5.61280700e+00 
 1.74101286e-02  5.61170480e+00 
 1.74601286e-02  5.61060414e+00 
 1.75101286e-02  5.60950501e+00 
 1.75601286e-02  5.60840740e+00 
 1.76101286e-02  5.60731131e+00 
 1.76601286e-02  5.60621672e+00 
 1.77101286e-02  5.60512362e+00 
 1.77601286e-02  5.60403201e+00 
 1.78101286e-02  5.60294188e+00 
 1.78601286e-02  5.60185322e+00 
 1.79101286e-02  5.60076601e+00 
 1.79601286e-02  5.59968026e+00 
 1.80101286e-02  5.59859595e+00 
 1.80601286e-02  5.59751307e+00 
 1.81101286e-02  5.59643162e+00 
 1.81601286e-02  5.59535159e+00 
 1.82101286e-02  5.59427297e+00 
 1.82601286e-02  5.59319575e+00 
 1.83101286e-02  5.59211992e+00 
 1.83601286e-02  5.59104548e+00 
 1.84101286e-02  5.58997242e+00 
 1.84601286e-02  5.58890073e+00 
 1.85101286e-02  5.58783040e+00 
 1.85601286e-02  5.58676143e+00 
 1.86101286e-02  5.58569380e+00 
 1.86601286e-02  5.58462752e+00 
 1.87101286e-02  5.58356256e+00 
 1.87601286e-02  5.58249894e+00 
 1.88101286e-02  5.58143663e+00 
 1.88601286e-02  5.58037564e+00 
 1.89101286e-02  5.57931595e+00 
 1.89601286e-02  5.57825755e+00 
 1.90101286e-02  5.57720045e+00 
 1.90601286e-02  5.57614463e+00 
 1.91101286e-02  5.57509009e+00 
 1.91601286e-02  5.57403681e+00 
 1.92101286e-02  5.57298480e+00 
 1.92601286e-02  5.57193405e+00 
 1.93101286e-02  5.57088455e+00 
 1.93601286e-02  5.56983629e+00 
 1.94101286e-02  5.56878927e+00 
 1.94601286e-02  5.56774348e+00 
 1.95101286e-02  5.56669891e+00 
 1.95601286e-02  5.56565556e+00 
 1.96101286e-02  5.56461342e+00 
 1.96601286e-02  5.56357249e+00 
 1.97101286e-02  5.56253276e+00 
 1.97601286e-02  5.56149422e+00 
 1.98101286e-02  5.56045687e+00 
 1.98601286e-02  5.55942070e+00 
 1.99101286e-02  5.55838571e+00 
 1.99601286e-02  5.55735188e+00 
 2.00101286e-02  5.55631922e+00 
 2.00601286e-02  5.55528772e+00 
 2.01101286e-02  5.55425737e+00 
 2.01601286e-02  5.55322816e+00 
 2.02101286e-02  5.55220010e+00 
 2.02601286e-02  5.55117317e+00 
 2.03101286e-02  5.55014738e+00 
 2.03601286e-02  5.54912270e+00 
 2.04101286e-02  5.54809915e+00 
 2.04601286e-02  5.54707671e+00 
 2.05101286e-02  5.54605538e+00 
 2.05601286e-02  5.54503515e+00 
 2.06101286e-02  5.54401602e+00 
 2.06601286e-02  5.54299798e+00 
 2.07101286e-02  5.54198102e+00 
 2.07601286e-02  5.54096515e+00 
 2.08101286e-02  5.53995036e+00 
 2.08601286e-02  5.53893664e+00 
 2.09101286e-02  5.53792399e+00 
 2.09601286e-02  5.53691239e+00 
 2.10101286e-02  5.53590186e+00 
 2.10601286e-02  5.53489237e+00 
 2.11101286e-02  5.53388394e+00 
 2.11601286e-02  5.53287654e+00 
 2.12101286e-02  5.53187019e+00 
 2.12601286e-02  5.53086486e+00 
 2.13101286e-02  5.52986056e+00 
 2.13601286e-02  5.52885729e+00 
 2.14101286e-02  5.52785504e+00 
 2.14601286e-02  5.52685380e+00 
 2.15101286e-02  5.52585357e+00 
 2.15601286e-02  5.52485434e+00 
 2.16101286e-02  5.52385612e+00 
 2.16601286e-02  5.52285889e+00 
 2.17101286e-02  5.52186265e+00 
 2.17601286e-02  5.52086740e+00 
 2.18101286e-02  5.51987313e+00 
 2.18601286e-02  5.51887984e+00 
 2.19101286e-02  5.51788752e+00 
 2.19601286e-02  5.51689618e+00 
 2.20101286e-02  5.51590580e+00 
 2.20601286e-02  5.51491638e+00 
 2.21101286e-02  5.51392791e+00 
 2.21601286e-02  5.51294040e+00 
 2.22101286e-02  5.51195384e+00 
 2.22601286e-02  5.51096823e+00 
 2.23101286e-02  5.50998355e+00 
 2.23601286e-02  5.50899981e+00 
 2.24101286e-02  5.50801700e+00 
 2.24601286e-02  5.50703512e+00 
 2.25101286e-02  5.50605417e+00 
 2.25601286e-02  5.50507414e+00 
 2.26101286e-02  5.50409502e+00 
 2.26601286e-02  5.50311681e+00 
 2.27101286e-02  5.50213952e+00 
 2.27601286e-02  5.50116313e+00 
 2.28101286e-02  5.50018764e+00 
 2.28601286e-02  5.49921305e+00 
 2.29101286e-02  5.49823935e+00 
 2.29601286e-02  5.49726654e+00 
 2.30101286e-02  5.49629462e+00 
 2.30601286e-02  5.49532358e+00 
 2.31101286e-02  5.49435342e+00 
 2.31601286e-02  5.49338413e+00 
 2.32101286e-02  5.49241572e+00 
 2.32601286e-02  5.49144818e+00 
 2.33101286e-02  5.49048150e+00 
 2.33601286e-02  5.48951568e+00 
 2.34101286e-02  5.48855071e+00 
 2.34601286e-02  5.48758661e+00 
 2.35101286e-02  5.48662335e+00 
 2.35601286e-02  5.48566094e+00 
 2.36101286e-02  5.48469937e+00 
 2.36601286e-02  5.48373865e+00 
 2.37101286e-02  5.48277876e+00 
 2.37601286e-02  5.48181970e+00 
 2.38101286e-02  5.48086148e+00 
 2.38601286e-02  5.47990408e+00 
 2.39101286e-02  5.47894750e+00 
 2.39601286e-02  5.47799175e+00 
 2.40101286e-02  5.47703681e+00 
 2.40601286e-02  5.47608269e+00 
 2.41101286e-02  5.47512937e+00 
 2.41601286e-02  5.47417687e+00 
 2.42101286e-02  5.47322517e+00 
 2.42601286e-02  5.47227427e+00 
 2.43101286e-02  5.47132417e+00 
 2.43601286e-02  5.47037486e+00 
 2.44101286e-02  5.46942635e+00 
 2.44601286e-02  5.46847862e+00 
 2.45101286e-02  5.46753168e+00 
 2.45601286e-02  5.46658552e+00 
 2.46101286e-02  5.46564015e+00 
 2.46601286e-02  5.46469554e+00 
 2.47101286e-02  5.46375172e+00 
 2.47601286e-02  5.46280866e+00 
 2.48101286e-02  5.46186637e+00 
 2.48601286e-02  5.46092485e+00 
 2.49101286e-02  5.45998409e+00 
 2.49601286e-02  5.45904408e+00 
 2.50101286e-02  5.45810484e+00 
 2.50601286e-02  5.45716635e+00 
 2.51101286e-02  5.45622860e+00 
 2.51601286e-02  5.45529161e+00 
 2.52101286e-02  5.45435536e+00 
 2.52601286e-02  5.45341985e+00 
 2.53101286e-02  5.45248508e+00 
 2.53601286e-02  5.45155105e+00 
 2.54101286e-02  5.45061775e+00 
 2.54601286e-02  5.44968519e+00 
 2.55101286e-02  5.44875335e+00 
 2.55601286e-02  5.44782224e+00 
 2.56101286e-02  5.44689185e+00 
 2.56601286e-02  5.44596218e+00 
 2.57101286e-02  5.44503323e+00 
 2.57601286e-02  5.44410499e+00 
 2.58101286e-02  5.44317747e+00 
 2.58601286e-02  5.44225066e+00 
 2.59101286e-02  5.44132455e+00 
 2.59601286e-02  5.44039915e+00 
 2.60101286e-02  5.43947445e+00 
 2.60601286e-02  5.43855045e+00 
 2.61101286e-02  5.43762715e+00 
 2.61601286e-02  5.43670454e+00 
 2.62101286e-02  5.43578263e+00 
 2.62601286e-02  5.43486140e+00 
 2.63101286e-02  5.43394086e+00 
 2.63601286e-02  5.43302101e+00 
 2.64101286e-02  5.43210184e+00 
 2.64601286e-02  5.43118335e+00 
 2.65101286e-02  5.43026553e+00 
 2.65601286e-02  5.42934839e+00 
 2.66101286e-02  5.42843193e+00 
 2.66601286e-02  5.42751613e+00 
 2.67101286e-02  5.42660100e+00 
 2.67601286e-02  5.42568654e+00 
 2.68101286e-02  5.42477274e+00 
 2.68601286e-02  5.42385960e+00 
 2.69101286e-02  5.42294712e+00 
 2.69601286e-02  5.42203530e+00 
 2.70101286e-02  5.42112413e+00 
 2.70601286e-02  5.42021361e+00 
 2.71101286e-02  5.41930375e+00 
 2.71601286e-02  5.41839452e+00 
 2.72101286e-02  5.41748595e+00 
 2.72601286e-02  5.41657802e+00 
 2.73101286e-02  5.41567072e+00 
 2.73601286e-02  5.41476407e+00 
 2.74101286e-02  5.41385805e+00 
 2.74601286e-02  5.41295267e+00 
 2.75101286e-02  5.41204792e+00 
 2.75601286e-02  5.41114379e+00 
 2.76101286e-02  5.41024030e+00 
 2.76601286e-02  5.40933743e+00 
 2.77101286e-02  5.40843518e+00 
 2.77601286e-02  5.40753356e+00 
 2.78101286e-02  5.40663255e+00 
 2.78601286e-02  5.40573217e+00 
 2.79101286e-02  5.40483239e+00 
 2.79601286e-02  5.40393323e+00 
 2.80101286e-02  5.40303468e+00 
 2.80601286e-02  5.40213674e+00 
 2.81101286e-02  5.40123940e+00 
 2.81601286e-02  5.40034267e+00 
 2.82101286e-02  5.39944655e+00 
 2.82601286e-02  5.39855102e+00 
 2.83101286e-02  5.39765609e+00 
 2.83601286e-02  5.39676176e+00 
 2.84101286e-02  5.39586802e+00 
 2.84601286e-02  5.39497488e+00 
 2.85101286e-02  5.39408233e+00 
 2.85601286e-02  5.39319036e+00 
 2.86101286e-02  5.39229899e+00 
 2.86601286e-02  5.39140819e+00 
 2.87101286e-02  5.39051798e+00 
 2.87601286e-02  5.38962836e+00 
 2.88101286e-02  5.38873931e+00 
 2.88601286e-02  5.38785084e+00 
 2.89101286e-02  5.38696294e+00 
 2.89601286e-02  5.38607562e+00 
 2.90101286e-02  5.38518887e+00 
 2.90601286e-02  5.38430269e+00 
 2.91101286e-02  5.38341707e+00 
 2.91601286e-02  5.38253203e+00 
 2.92101286e-02  5.38164755e+00 
 2.92601286e-02  5.38076363e+00 
 2.93101286e-02  5.37988027e+00 
 2.93601286e-02  5.37899747e+00 
 2.94101286e-02  5.37811523e+00 
 2.94601286e-02  5.37723354e+00 
 2.95101286e-02  5.37635241e+00 
 2.95601286e-02  5.37547183e+00 
 2.96101286e-02  5.37459180e+00 
 2.96601286e-02  5.37371232e+00 
 2.97101286e-02  5.37283338e+00 
 2.97601286e-02  5.37195499e+00 
 2.98101286e-02  5.37107714e+00 
 2.98601286e-02  5.37019984e+00 
 2.99101286e-02  5.36932307e+00 
 2.99601286e-02  5.36844685e+00 
 3.00101286e-02  5.36757116e+00 
 3.00601286e-02  5.36669600e+00 
 3.01101286e-02  5.36582138e+00 
 3.01601286e-02  5.36494729e+00 
 3.02101286e-02  5.36407372e+00 
 3.02601286e-02  5.36320069e+00 
 3.03101286e-02  5.36232818e+00 
 3.03601286e-02  5.36145620e+00 
 3.04101286e-02  5.36058474e+00 
 3.04601286e-02  5.35971381e+00 
 3.05101286e-02  5.35884339e+00 
 3.05601286e-02  5.35797349e+00 
 3.06101286e-02  5.35710411e+00 
 3.06601286e-02  5.35623524e+00 
 3.07101286e-02  5.35536689e+00 
 3.07601286e-02  5.35449905e+00 
 3.08101286e-02  5.35363172e+00 
 3.08601286e-02  5.35276490e+00 
 3.09101286e-02  5.35189859e+00 
 3.09601286e-02  5.35103278e+00 
 3.10101286e-02  5.35016748e+00 
 3.10601286e-02  5.34930268e+00 
 3.11101286e-02  5.34843838e+00 
 3.11601286e-02  5.34757458e+00 
 3.12101286e-02  5.34671128e+00 
 3.12601286e-02  5.34584847e+00 
 3.13101286e-02  5.34498616e+00 
 3.13601286e-02  5.34412435e+00 
 3.14101286e-02  5.34326303e+00 
 3.14601286e-02  5.34240220e+00 
 3.15101286e-02  5.34154186e+00 
 3.15601286e-02  5.34068200e+00 
 3.16101286e-02  5.33982263e+00 
 3.16601286e-02  5.33896375e+00 
 3.17101286e-02  5.33810535e+00 
 3.17601286e-02  5.33724744e+00 
 3.18101286e-02  5.33639000e+00 
 3.18601286e-02  5.33553304e+00 
 3.19101286e-02  5.33467657e+00 
 3.19601286e-02  5.33382056e+00 
 3.20101286e-02  5.33296504e+00 
 3.20601286e-02  5.33210998e+00 
 3.21101286e-02  5.33125540e+00 
 3.21601286e-02  5.33040129e+00 
 3.22101286e-02  5.32954765e+00 
 3.22601286e-02  5.32869448e+00 
 3.23101286e-02  5.32784178e+00 
 3.23601286e-02  5.32698954e+00 
 3.24101286e-02  5.32613776e+00 
 3.24601286e-02  5.32528645e+00 
 3.25101286e-02  5.32443560e+00 
 3.25601286e-02  5.32358521e+00 
 3.26101286e-02  5.32273528e+00 
 3.26601286e-02  5.32188580e+00 
 3.27101286e-02  5.32103678e+00 
 3.27601286e-02  5.32018822e+00 
 3.28101286e-02  5.31934011e+00 
 3.28601286e-02  5.31849245e+00 
 3.29101286e-02  5.31764524e+00 
 3.29601286e-02  5.31679849e+00 
 3.30101286e-02  5.31595218e+00 
 3.30601286e-02  5.31510631e+00 
 3.31101286e-02  5.31426090e+00 
 3.31601286e-02  5.31341593e+00 
 3.32101286e-02  5.31257140e+00 
 3.32601286e-02  5.31172731e+00 
 3.33101286e-02  5.31088367e+00 
 3.33601286e-02  5.31004046e+00 
 3.34101286e-02  5.30919769e+00 
 3.34601286e-02  5.30835536e+00 
 3.35101286e-02  5.30751347e+00 
 3.35601286e-02  5.30667201e+00 
 3.36101286e-02  5.30583098e+00 
 3.36601286e-02  5.30499038e+00 
 3.37101286e-02  5.30415022e+00 
 3.37601286e-02  5.30331048e+00 
 3.38101286e-02  5.30247118e+00 
 3.38601286e-02  5.30163230e+00 
 3.39101286e-02  5.30079385e+00 
 3.39601286e-02  5.29995582e+00 
 3.40101286e-02  5.29911822e+00 
 3.40601286e-02  5.29828104e+00 
 3.41101286e-02  5.29744428e+00 
 3.41601286e-02  5.29660794e+00 
 3.42101286e-02  5.29577202e+00 
 3.42601286e-02  5.29493651e+00 
 3.43101286e-02  5.29410143e+00 
 3.43601286e-02  5.29326676e+00 
 3.44101286e-02  5.29243250e+00 
 3.44601286e-02  5.29159866e+00 
 3.45101286e-02  5.29076523e+00 
 3.45601286e-02  5.28993221e+00 
 3.46101286e-02  5.28909960e+00 
 3.46601286e-02  5.28826740e+00 
 3.47101286e-02  5.28743561e+00 
 3.47601286e-02  5.28660423e+00 
 3.48101286e-02  5.28577325e+00 
 3.48601286e-02  5.28494267e+00 
 3.49101286e-02  5.28411250e+00 
 3.49601286e-02  5.28328273e+00 
 3.50101286e-02  5.28245336e+00 
 3.50601286e-02  5.28162439e+00 
 3.51101286e-02  5.28079582e+00 
 3.51601286e-02  5.27996765e+00 
 3.52101286e-02  5.27913987e+00 
 3.52601286e-02  5.27831249e+00 
 3.53101286e-02  5.27748551e+00 
 3.53601286e-02  5.27665892e+00 
 3.54101286e-02  5.27583272e+00 
 3.54601286e-02  5.27500691e+00 
 3.55101286e-02  5.27418150e+00 
 3.55601286e-02  5.27335647e+00 
 3.56101286e-02  5.27253183e+00 
 3.56601286e-02  5.27170758e+00 
 3.57101286e-02  5.27088372e+00 
 3.57601286e-02  5.27006024e+00 
 3.58101286e-02  5.26923714e+00 
 3.58601286e-02  5.26841443e+00 
 3.59101286e-02  5.26759210e+00 
 3.59601286e-02  5.26677016e+00 
 3.60101286e-02  5.26594859e+00 
 3.60601286e-02  5.26512740e+00 
 3.61101286e-02  5.26430659e+00 
 3.61601286e-02  5.26348616e+00 
 3.62101286e-02  5.26266610e+00 
 3.62601286e-02  5.26184642e+00 
 3.63101286e-02  5.26102711e+00 
 3.63601286e-02  5.26020818e+00 
 3.64101286e-02  5.25938962e+00 
 3.64601286e-02  5.25857143e+00 
 3.65101286e-02  5.25775361e+00 
 3.65601286e-02  5.25693616e+00 
 3.66101286e-02  5.25611908e+00 
 3.66601286e-02  5.25530237e+00 
 3.67101286e-02  5.25448602e+00 
 3.67601286e-02  5.25367004e+00 
 3.68101286e-02  5.25285442e+00 
 3.68601286e-02  5.25203917e+00 
 3.69101286e-02  5.25122428e+00 
 3.69601286e-02  5.25040975e+00 
 3.70101286e-02  5.24959559e+00 
 3.70601286e-02  5.24878178e+00 
 3.71101286e-02  5.24796833e+00 
 3.71601286e-02  5.24715524e+00 
 3.72101286e-02  5.24634251e+00 
 3.72601286e-02  5.24553014e+00 
 3.73101286e-02  5.24471812e+00 
 3.73601286e-02  5.24390645e+00 
 3.74101286e-02  5.24309514e+00 
 3.74601286e-02  5.24228418e+00 
 3.75101286e-02  5.24147357e+00 
 3.75601286e-02  5.24066332e+00 
 3.76101286e-02  5.23985341e+00 
 3.76601286e-02  5.23904385e+00 
 3.77101286e-02  5.23823465e+00 
 3.77601286e-02  5.23742579e+00 
 3.78101286e-02  5.23661727e+00 
 3.78601286e-02  5.23580910e+00 
 3.79101286e-02  5.23500128e+00 
 3.79601286e-02  5.23419380e+00 
 3.80101286e-02  5.23338666e+00 
 3.80601286e-02  5.23257987e+00 
 3.81101286e-02  5.23177342e+00 
 3.81601286e-02  5.23096730e+00 
 3.82101286e-02  5.23016153e+00 
 3.82601286e-02  5.22935610e+00 
 3.83101286e-02  5.22855100e+00 
 3.83601286e-02  5.22774624e+00 
 3.84101286e-02  5.22694182e+00 
 3.84601286e-02  5.22613773e+00 
 3.85101286e-02  5.22533398e+00 
 3.85601286e-02  5.22453056e+00 
 3.86101286e-02  5.22372748e+00 
 3.86601286e-02  5.22292473e+00 
 3.87101286e-02  5.22212230e+00 
 3.87601286e-02  5.22132021e+00 
 3.88101286e-02  5.22051845e+00 
 3.88601286e-02  5.21971702e+00 
 3.89101286e-02  5.21891591e+00 
 3.89601286e-02  5.21811514e+00 
 3.90101286e-02  5.21731469e+00 
 3.90601286e-02  5.21651456e+00 
 3.91101286e-02  5.21571476e+00 
 3.91601286e-02  5.21491529e+00 
 3.92101286e-02  5.21411614e+00 
 3.92601286e-02  5.21331731e+00 
 3.93101286e-02  5.21251880e+00 
 3.93601286e-02  5.21172061e+00 
 3.94101286e-02  5.21092274e+00 
 3.94601286e-02  5.21012520e+00 
 3.95101286e-02  5.20932797e+00 
 3.95601286e-02  5.20853106e+00 
 3.96101286e-02  5.20773446e+00 
 3.96601286e-02  5.20693819e+00 
 3.97101286e-02  5.20614223e+00 
 3.97601286e-02  5.20534658e+00 
 3.98101286e-02  5.20455125e+00 
 3.98601286e-02  5.20375623e+00 
 3.99101286e-02  5.20296152e+00 
 3.99601286e-02  5.20216713e+00 
 4.00101286e-02  5.20137304e+00 
 4.00601286e-02  5.20057927e+00 
 4.01101286e-02  5.19978581e+00 
 4.01601286e-02  5.19899265e+00 
 4.02101286e-02  5.19819980e+00 
 4.02601286e-02  5.19740726e+00 
 4.03101286e-02  5.19661503e+00 
 4.03601286e-02  5.19582310e+00 
 4.04101286e-02  5.19503148e+00 
 4.04601286e-02  5.19424017e+00 
 4.05101286e-02  5.19344915e+00 
 4.05601286e-02  5.19265844e+00 
 4.06101286e-02  5.19186803e+00 
 4.06601286e-02  5.19107793e+00 
 4.07101286e-02  5.19028812e+00 
 4.07601286e-02  5.18949862e+00 
 4.08101286e-02  5.18870941e+00 
 4.08601286e-02  5.18792050e+00 
 4.09101286e-02  5.18713190e+00 
 4.09601286e-02  5.18634358e+00 
 4.10101286e-02  5.18555557e+00 
 4.10601286e-02  5.18476785e+00 
 4.11101286e-02  5.18398043e+00 
 4.11601286e-02  5.18319330e+00 
 4.12101286e-02  5.18240646e+00 
 4.12601286e-02  5.18161992e+00 
 4.13101286e-02  5.18083367e+00 
 4.13601286e-02  5.18004771e+00 
 4.14101286e-02  5.17926205e+00 
 4.14601286e-02  5.17847667e+00 
 4.15101286e-02  5.17769159e+00 
 4.15601286e-02  5.17690679e+00 
 4.16101286e-02  5.17612228e+00 
 4.16601286e-02  5.17533806e+00 
 4.17101286e-02  5.17455413e+00 
 4.17601286e-02  5.17377048e+00 
 4.18101286e-02  5.17298712e+00 
 4.18601286e-02  5.17220405e+00 
 4.19101286e-02  5.17142126e+00 
 4.19601286e-02  5.17063875e+00 
 4.20101286e-02  5.16985653e+00 
 4.20601286e-02  5.16907459e+00 
 4.21101286e-02  5.16829293e+00 
 4.21601286e-02  5.16751155e+00 
 4.22101286e-02  5.16673045e+00 
 4.22601286e-02  5.16594963e+00 
 4.23101286e-02  5.16516910e+00 
 4.23601286e-02  5.16438884e+00 
 4.24101286e-02  5.16360886e+00 
 4.24601286e-02  5.16282915e+00 
 4.25101286e-02  5.16204973e+00 
 4.25601286e-02  5.16127058e+00 
 4.26101286e-02  5.16049170e+00 
 4.26601286e-02  5.15971310e+00 
 4.27101286e-02  5.15893478e+00 
 4.27601286e-02  5.15815673e+00 
 4.28101286e-02  5.15737895e+00 
 4.28601286e-02  5.15660144e+00 
 4.29101286e-02  5.15582421e+00 
 4.29601286e-02  5.15504725e+00 
 4.30101286e-02  5.15427056e+00 
 4.30601286e-02  5.15349413e+00 
 4.31101286e-02  5.15271798e+00 
 4.31601286e-02  5.15194210e+00 
 4.32101286e-02  5.15116648e+00 
 4.32601286e-02  5.15039114e+00 
 4.33101286e-02  5.14961606e+00 
 4.33601286e-02  5.14884124e+00 
 4.34101286e-02  5.14806669e+00 
 4.34601286e-02  5.14729241e+00 
 4.35101286e-02  5.14651839e+00 
 4.35601286e-02  5.14574464e+00 
 4.36101286e-02  5.14497115e+00 
 4.36601286e-02  5.14419792e+00 
 4.37101286e-02  5.14342496e+00 
 4.37601286e-02  5.14265225e+00 
 4.38101286e-02  5.14187981e+00 
 4.38601286e-02  5.14110763e+00 
 4.39101286e-02  5.14033571e+00 
 4.39601286e-02  5.13956405e+00 
 4.40101286e-02  5.13879264e+00 
 4.40601286e-02  5.13802150e+00 
 4.41101286e-02  5.13725061e+00 
 4.41601286e-02  5.13647998e+00 
 4.42101286e-02  5.13570961e+00 
 4.42601286e-02  5.13493949e+00 
 4.43101286e-02  5.13416963e+00 
 4.43601286e-02  5.13340002e+00 
 4.44101286e-02  5.13263067e+00 
 4.44601286e-02  5.13186157e+00 
 4.45101286e-02  5.13109273e+00 
 4.45601286e-02  5.13032414e+00 
 4.46101286e-02  5.12955580e+00 
 4.46601286e-02  5.12878771e+00 
 4.47101286e-02  5.12801987e+00 
 4.47601286e-02  5.12725229e+00 
 4.48101286e-02  5.12648495e+00 
 4.48601286e-02  5.12571786e+00 
 4.49101286e-02  5.12495102e+00 
 4.49601286e-02  5.12418443e+00 
 4.50101286e-02  5.12341809e+00 
 4.50601286e-02  5.12265200e+00 
 4.51101286e-02  5.12188615e+00 
 4.51601286e-02  5.12112055e+00 
 4.52101286e-02  5.12035519e+00 
 4.52601286e-02  5.11959008e+00 
 4.53101286e-02  5.11882522e+00 
 4.53601286e-02  5.11806060e+00 
 4.54101286e-02  5.11729622e+00 
 4.54601286e-02  5.11653208e+00 
 4.55101286e-02  5.11576819e+00 
 4.55601286e-02  5.11500454e+00 
 4.56101286e-02  5.11424113e+00 
 4.56601286e-02  5.11347796e+00 
 4.57101286e-02  5.11271504e+00 
 4.57601286e-02  5.11195235e+00 
 4.58101286e-02  5.11118990e+00 
 4.58601286e-02  5.11042769e+00 
 4.59101286e-02  5.10966573e+00 
 4.59601286e-02  5.10890399e+00 
 4.60101286e-02  5.10814250e+00 
 4.60601286e-02  5.10738124e+00 
 4.61101286e-02  5.10662022e+00 
 4.61601286e-02  5.10585944e+00 
 4.62101286e-02  5.10509889e+00 
 4.62601286e-02  5.10433857e+00 
 4.63101286e-02  5.10357849e+00 
 4.63601286e-02  5.10281865e+00 
 4.64101286e-02  5.10205903e+00 
 4.64601286e-02  5.10129965e+00 
 4.65101286e-02  5.10054051e+00 
 4.65601286e-02  5.09978159e+00 
 4.66101286e-02  5.09902291e+00 
 4.66601286e-02  5.09826446e+00 
 4.67101286e-02  5.09750624e+00 
 4.67601286e-02  5.09674825e+00 
 4.68101286e-02  5.09599048e+00 
 4.68601286e-02  5.09523295e+00 
 4.69101286e-02  5.09447565e+00 
 4.69601286e-02  5.09371857e+00 
 4.70101286e-02  5.09296172e+00 
 4.70601286e-02  5.09220510e+00 
 4.71101286e-02  5.09144871e+00 
 4.71601286e-02  5.09069254e+00 
 4.72101286e-02  5.08993660e+00 
 4.72601286e-02  5.08918088e+00 
 4.73101286e-02  5.08842539e+00 
 4.73601286e-02  5.08767013e+00 
 4.74101286e-02  5.08691508e+00 
 4.74601286e-02  5.08616026e+00 
 4.75101286e-02  5.08540567e+00 
 4.75601286e-02  5.08465129e+00 
 4.76101286e-02  5.08389714e+00 
 4.76601286e-02  5.08314321e+00 
 4.77101286e-02  5.08238950e+00 
 4.77601286e-02  5.08163602e+00 
 4.78101286e-02  5.08088275e+00 
 4.78601286e-02  5.08012970e+00 
 4.79101286e-02  5.07937687e+00 
 4.79601286e-02  5.07862426e+00 
 4.80101286e-02  5.07787187e+00 
 4.80601286e-02  5.07711970e+00 
 4.81101286e-02  5.07636775e+00 
 4.81601286e-02  5.07561601e+00 
 4.82101286e-02  5.07486449e+00 
 4.82601286e-02  5.07411318e+00 
 4.83101286e-02  5.07336210e+00 
 4.83601286e-02  5.07261122e+00 
 4.84101286e-02  5.07186056e+00 
 4.84601286e-02  5.07111012e+00 
 4.85101286e-02  5.07035989e+00 
 4.85601286e-02  5.06960988e+00 
 4.86101286e-02  5.06886007e+00 
 4.86601286e-02  5.06811048e+00 
 4.87101286e-02  5.06736111e+00 
 4.87601286e-02  5.06661194e+00 
 4.88101286e-02  5.06586299e+00 
 4.88601286e-02  5.06511425e+00 
 4.89101286e-02  5.06436571e+00 
 4.89601286e-02  5.06361739e+00 
 4.90101286e-02  5.06286928e+00 
 4.90601286e-02  5.06212138e+00 
 4.91101286e-02  5.06137369e+00 
 4.91601286e-02  5.06062620e+00 
 4.92101286e-02  5.05987893e+00 
 4.92601286e-02  5.05913186e+00 
 4.93101286e-02  5.05838500e+00 
 4.93601286e-02  5.05763834e+00 
 4.94101286e-02  5.05689190e+00 
 4.94601286e-02  5.05614565e+00 
 4.95101286e-02  5.05539962e+00 
 4.95601286e-02  5.05465379e+00 
 4.96101286e-02  5.05390816e+00 
 4.96601286e-02  5.05316274e+00 
 4.97101286e-02  5.05241753e+00 
 4.97601286e-02  5.05167251e+00 
 4.98101286e-02  5.05092770e+00 
 4.98601286e-02  5.05018310e+00 
 4.99101286e-02  5.04943869e+00 
 4.99601286e-02  5.04869449e+00 
 5.00101286e-02  5.04795049e+00 
 5.00601286e-02  5.04720669e+00 
 5.01101286e-02  5.04646309e+00 
 5.01601286e-02  5.04571969e+00 
 5.02101286e-02  5.04497649e+00 
 5.02601286e-02  5.04423350e+00 
 5.03101286e-02  5.04349070e+00 
 5.03601286e-02  5.04274810e+00 
 5.04101286e-02  5.04200570e+00 
 5.04601286e-02  5.04126349e+00 
 5.05101286e-02  5.04052149e+00 
 5.05601286e-02  5.03977968e+00 
 5.06101286e-02  5.03903807e+00 
 5.06601286e-02  5.03829665e+00 
 5.07101286e-02  5.03755544e+00 
 5.07601286e-02  5.03681441e+00 
 5.08101286e-02  5.03607359e+00 
 5.08601286e-02  5.03533296e+00 
 5.09101286e-02  5.03459252e+00 
 5.09601286e-02  5.03385228e+00 
 5.10101286e-02  5.03311223e+00 
 5.10601286e-02  5.03237237e+00 
 5.11101286e-02  5.03163271e+00 
 5.11601286e-02  5.03089324e+00 
 5.12101286e-02  5.03015396e+00 
 5.12601286e-02  5.02941488e+00 
 5.13101286e-02  5.02867599e+00 
 5.13601286e-02  5.02793728e+00 
 5.14101286e-02  5.02719877e+00 
 5.14601286e-02  5.02646045e+00 
 5.15101286e-02  5.02572232e+00 
 5.15601286e-02  5.02498438e+00 
 5.16101286e-02  5.02424663e+00 
 5.16601286e-02  5.02350907e+00 
 5.17101286e-02  5.02277170e+00 
 5.17601286e-02  5.02203452e+00 
 5.18101286e-02  5.02129752e+00 
 5.18601286e-02  5.02056071e+00 
 5.19101286e-02  5.01982409e+00 
 5.19601286e-02  5.01908766e+00 
 5.20101286e-02  5.01835141e+00 
 5.20601286e-02  5.01761535e+00 
 5.21101286e-02  5.01687947e+00 
 5.21601286e-02  5.01614378e+00 
 5.22101286e-02  5.01540828e+00 
 5.22601286e-02  5.01467296e+00 
 5.23101286e-02  5.01393782e+00 
 5.23601286e-02  5.01320287e+00 
 5.24101286e-02  5.01246811e+00 
 5.24601286e-02  5.01173352e+00 
 5.25101286e-02  5.01099912e+00 
 5.25601286e-02  5.01026490e+00 
 5.26101286e-02  5.00953087e+00 
 5.26601286e-02  5.00879702e+00 
 5.27101286e-02  5.00806334e+00 
 5.27601286e-02  5.00732985e+00 
 5.28101286e-02  5.00659655e+00 
 5.28601286e-02  5.00586342e+00 
 5.29101286e-02  5.00513047e+00 
 5.29601286e-02  5.00439770e+00 
 5.30101286e-02  5.00366511e+00 
 5.30601286e-02  5.00293270e+00 
 5.31101286e-02  5.00220047e+00 
 5.31601286e-02  5.00146842e+00 
 5.32101286e-02  5.00073655e+00 
 5.32601286e-02  5.00000485e+00 
 5.33101286e-02  4.99927334e+00 
 5.33601286e-02  4.99854200e+00 
 5.34101286e-02  4.99781084e+00 
 5.34601286e-02  4.99707985e+00 
 5.35101286e-02  4.99634904e+00 
 5.35601286e-02  4.99561841e+00 
 5.36101286e-02  4.99488795e+00 
 5.36601286e-02  4.99415766e+00 
 5.37101286e-02  4.99342756e+00 
 5.37601286e-02  4.99269762e+00 
 5.38101286e-02  4.99196787e+00 
 5.38601286e-02  4.99123828e+00 
 5.39101286e-02  4.99050887e+00 
 5.39601286e-02  4.98977963e+00 
 5.40101286e-02  4.98905057e+00 
 5.40601286e-02  4.98832168e+00 
 5.41101286e-02  4.98759296e+00 
 5.41601286e-02  4.98686441e+00 
 5.42101286e-02  4.98613604e+00 
 5.42601286e-02  4.98540783e+00 
 5.43101286e-02  4.98467980e+00 
 5.43601286e-02  4.98395194e+00 
 5.44101286e-02  4.98322425e+00 
 5.44601286e-02  4.98249673e+00 
 5.45101286e-02  4.98176938e+00 
 5.45601286e-02  4.98104220e+00 
 5.46101286e-02  4.98031519e+00 
 5.46601286e-02  4.97958834e+00 
 5.47101286e-02  4.97886167e+00 
 5.47601286e-02  4.97813516e+00 
 5.48101286e-02  4.97740883e+00 
 5.48601286e-02  4.97668266e+00 
 5.49101286e-02  4.97595665e+00 
 5.49601286e-02  4.97523082e+00 
 5.50101286e-02  4.97450515e+00 
 5.50601286e-02  4.97377965e+00 
 5.51101286e-02  4.97305431e+00 
 5.51601286e-02  4.97232914e+00 
 5.52101286e-02  4.97160414e+00 
 5.52601286e-02  4.97087930e+00 
 5.53101286e-02  4.97015463e+00 
 5.53601286e-02  4.96943012e+00 
 5.54101286e-02  4.96870578e+00 
 5.54601286e-02  4.96798160e+00 
 5.55101286e-02  4.96725758e+00 
 5.55601286e-02  4.96653373e+00 
 5.56101286e-02  4.96581004e+00 
 5.56601286e-02  4.96508651e+00 
 5.57101286e-02  4.96436315e+00 
 5.57601286e-02  4.96363995e+00 
 5.58101286e-02  4.96291691e+00 
 5.58601286e-02  4.96219403e+00 
 5.59101286e-02  4.96147131e+00 
 5.59601286e-02  4.96074876e+00 
 5.60101286e-02  4.96002637e+00 
 5.60601286e-02  4.95930413e+00 
 5.61101286e-02  4.95858206e+00 
 5.61601286e-02  4.95786015e+00 
 5.62101286e-02  4.95713839e+00 
 5.62601286e-02  4.95641680e+00 
 5.63101286e-02  4.95569537e+00 
 5.63601286e-02  4.95497409e+00 
 5.64101286e-02  4.95425297e+00 
 5.64601286e-02  4.95353201e+00 
 5.65101286e-02  4.95281121e+00 
 5.65601286e-02  4.95209057e+00 
 5.66101286e-02  4.95137009e+00 
 5.66601286e-02  4.95064976e+00 
 5.67101286e-02  4.94992959e+00 
 5.67601286e-02  4.94920957e+00 
 5.68101286e-02  4.94848972e+00 
 5.68601286e-02  4.94777001e+00 
 5.69101286e-02  4.94705047e+00 
 5.69601286e-02  4.94633108e+00 
 5.70101286e-02  4.94561184e+00 
 5.70601286e-02  4.94489276e+00 
 5.71101286e-02  4.94417384e+00 
 5.71601286e-02  4.94345507e+00 
 5.72101286e-02  4.94273645e+00 
 5.72601286e-02  4.94201799e+00 
 5.73101286e-02  4.94129968e+00 
 5.73601286e-02  4.94058152e+00 
 5.74101286e-02  4.93986352e+00 
 5.74601286e-02  4.93914567e+00 
 5.75101286e-02  4.93842797e+00 
 5.75601286e-02  4.93771043e+00 
 5.76101286e-02  4.93699303e+00 
 5.76601286e-02  4.93627579e+00 
 5.77101286e-02  4.93555870e+00 
 5.77601286e-02  4.93484176e+00 
 5.78101286e-02  4.93412497e+00 
 5.78601286e-02  4.93340834e+00 
 5.79101286e-02  4.93269185e+00 
 5.79601286e-02  4.93197551e+00 
 5.80101286e-02  4.93125933e+00 
 5.80601286e-02  4.93054329e+00 
 5.81101286e-02  4.92982740e+00 
 5.81601286e-02  4.92911167e+00 
 5.82101286e-02  4.92839608e+00 
 5.82601286e-02  4.92768063e+00 
 5.83101286e-02  4.92696534e+00 
 5.83601286e-02  4.92625020e+00 
 5.84101286e-02  4.92553520e+00 
 5.84601286e-02  4.92482035e+00 
 5.85101286e-02  4.92410565e+00 
 5.85601286e-02  4.92339110e+00 
 5.86101286e-02  4.92267669e+00 
 5.86601286e-02  4.92196243e+00 
 5.87101286e-02  4.92124831e+00 
 5.87601286e-02  4.92053434e+00 
 5.88101286e-02  4.91982052e+00 
 5.88601286e-02  4.91910684e+00 
 5.89101286e-02  4.91839331e+00 
 5.89601286e-02  4.91767992e+00 
 5.90101286e-02  4.91696668e+00 
 5.90601286e-02  4.91625358e+00 
 5.91101286e-02  4.91554063e+00 
 5.91601286e-02  4.91482782e+00 
 5.92101286e-02  4.91411515e+00 
 5.92601286e-02  4.91340263e+00 
 5.93101286e-02  4.91269025e+00 
 5.93601286e-02  4.91197801e+00 
 5.94101286e-02  4.91126592e+00 
 5.94601286e-02  4.91055397e+00 
 5.95101286e-02  4.90984216e+00 
 5.95601286e-02  4.90913049e+00 
 5.96101286e-02  4.90841897e+00 
 5.96601286e-02  4.90770758e+00 
 5.97101286e-02  4.90699634e+00 
 5.97601286e-02  4.90628524e+00 
 5.98101286e-02  4.90557428e+00 
 5.98601286e-02  4.90486346e+00 
 5.99101286e-02  4.90415278e+00 
 5.99601286e-02  4.90344224e+00 
 6.00101286e-02  4.90273184e+00 
 6.00601286e-02  4.90202159e+00 
 6.01101286e-02  4.90131147e+00 
 6.01601286e-02  4.90060148e+00 
 6.02101286e-02  4.89989164e+00 
 6.02601286e-02  4.89918194e+00 
 6.03101286e-02  4.89847238e+00 
 6.03601286e-02  4.89776295e+00 
 6.04101286e-02  4.89705366e+00 
 6.04601286e-02  4.89634451e+00 
 6.05101286e-02  4.89563550e+00 
 6.05601286e-02  4.89492662e+00 
 6.06101286e-02  4.89421788e+00 
 6.06601286e-02  4.89350928e+00 
 6.07101286e-02  4.89280082e+00 
 6.07601286e-02  4.89209249e+00 
 6.08101286e-02  4.89138429e+00 
 6.08601286e-02  4.89067624e+00 
 6.09101286e-02  4.88996832e+00 
 6.09601286e-02  4.88926053e+00 
 6.10101286e-02  4.88855288e+00 
 6.10601286e-02  4.88784536e+00 
 6.11101286e-02  4.88713798e+00 
 6.11601286e-02  4.88643074e+00 
 6.12101286e-02  4.88572363e+00 
 6.12601286e-02  4.88501665e+00 
 6.13101286e-02  4.88430980e+00 
 6.13601286e-02  4.88360309e+00 
 6.14101286e-02  4.88289652e+00 
 6.14601286e-02  4.88219007e+00 
 6.15101286e-02  4.88148376e+00 
 6.15601286e-02  4.88077759e+00 
 6.16101286e-02  4.88007154e+00 
 6.16601286e-02  4.87936563e+00 
 6.17101286e-02  4.87865985e+00 
 6.17601286e-02  4.87795420e+00 
 6.18101286e-02  4.87724868e+00 
 6.18601286e-02  4.87654329e+00 
 6.19101286e-02  4.87583804e+00 
 6.19601286e-02  4.87513292e+00 
 6.20101286e-02  4.87442792e+00 
 6.20601286e-02  4.87372306e+00 
 6.21101286e-02  4.87301833e+00 
 6.21601286e-02  4.87231373e+00 
 6.22101286e-02  4.87160925e+00 
 6.22601286e-02  4.87090491e+00 
 6.23101286e-02  4.87020070e+00 
 6.23601286e-02  4.86949661e+00 
 6.24101286e-02  4.86879266e+00 
 6.24601286e-02  4.86808883e+00 
 6.25101286e-02  4.86738514e+00 
 6.25601286e-02  4.86668157e+00 
 6.26101286e-02  4.86597813e+00 
 6.26601286e-02  4.86527482e+00 
 6.27101286e-02  4.86457163e+00 
 6.27601286e-02  4.86386857e+00 
 6.28101286e-02  4.86316564e+00 
 6.28601286e-02  4.86246284e+00 
 6.29101286e-02  4.86176016e+00 
 6.29601286e-02  4.86105762e+00 
 6.30101286e-02  4.86035519e+00 
 6.30601286e-02  4.85965290e+00 
 6.31101286e-02  4.85895073e+00 
 6.31601286e-02  4.85824869e+00 
 6.32101286e-02  4.85754681e+00 
 6.32601286e-02  4.85684531e+00 
 6.33101286e-02  4.85614638e+00 
 6.33601286e-02  4.85547264e+00 
 6.34101286e-02  4.85493406e+00 
 6.34601286e-02  4.85455722e+00 
 6.35101286e-02  4.85424768e+00 
 6.35601286e-02  4.85398722e+00 
 6.36101286e-02  4.85374885e+00 
 6.36601286e-02  4.85352318e+00 
 6.37101286e-02  4.85330258e+00 
 6.37601286e-02  4.85308256e+00 
 6.38101286e-02  4.85286282e+00 
 6.38601286e-02  4.85264797e+00 
 6.39101286e-02  4.85245584e+00 
 6.39426990e-02  4.85239114e+00 
 6.39755418e-02  4.85237941e+00 
 6.39882425e-02  4.85237729e+00 
 6.40032135e-02  4.85237605e+00 
 6.40181939e-02  4.85237415e+00 
 6.40424031e-02  4.85237129e+00 
 6.40809134e-02  4.85236726e+00 
 6.41309134e-02  4.85236277e+00 
 6.41809134e-02  4.85235892e+00 
 6.42309134e-02  4.85235554e+00 
 6.42809134e-02  4.85235255e+00 
 6.43309134e-02  4.85234985e+00 
 6.43809134e-02  4.85234741e+00 
 6.44309134e-02  4.85234518e+00 
 6.44809134e-02  4.85234313e+00 
 6.45309134e-02  4.85234123e+00 
 6.45809134e-02  4.85233946e+00 
 6.46309134e-02  4.85233781e+00 
 6.46809134e-02  4.85233625e+00 
 6.47309134e-02  4.85233479e+00 
 6.47809134e-02  4.85233341e+00 
 6.48309134e-02  4.85233211e+00 
 6.48809134e-02  4.85233087e+00 
 6.49309134e-02  4.85232968e+00 
 6.49809134e-02  4.85232856e+00 
 6.50309134e-02  4.85232748e+00 
 6.50809134e-02  4.85232645e+00 
 6.51309134e-02  4.85232546e+00 
 6.51809134e-02  4.85232452e+00 
 6.52309134e-02  4.85232361e+00 
 6.52809134e-02  4.85232273e+00 
 6.53309134e-02  4.85232189e+00 
 6.53809134e-02  4.85232107e+00 
 6.54309134e-02  4.85232029e+00 
 6.54809134e-02  4.85231953e+00 
 6.55309134e-02  4.85231879e+00 
 6.55809134e-02  4.85231808e+00 
 6.56309134e-02  4.85231739e+00 
 6.56809134e-02  4.85231673e+00 
 6.57309134e-02  4.85231608e+00 
 6.57809134e-02  4.85231545e+00 
 6.58309134e-02  4.85231484e+00 
 6.58809134e-02  4.85231425e+00 
 6.59309134e-02  4.85231367e+00 
 6.59809134e-02  4.85231311e+00 
 6.60309134e-02  4.85231257e+00 
 6.60809134e-02  4.85231204e+00 
 6.61309134e-02  4.85231152e+00 
 6.61809134e-02  4.85231101e+00 
 6.62309134e-02  4.85231052e+00 
 6.62809134e-02  4.85231004e+00 
 6.63309134e-02  4.85230958e+00 
 6.63809134e-02  4.85230912e+00 
 6.64309134e-02  4.85230868e+00 
 6.64809134e-02  4.85230824e+00 
 6.65309134e-02  4.85230782e+00 
 6.65809134e-02  4.85230740e+00 
 6.66309134e-02  4.85230699e+00 
 6.66809134e-02  4.85230660e+00 
 6.67309134e-02  4.85230621e+00 
 6.67809134e-02  4.85230583e+00 
 6.68309134e-02  4.85230546e+00 
 6.68809134e-02  4.85230509e+00 
 6.69309134e-02  4.85230473e+00 
 6.69809134e-02  4.85230438e+00 
 6.70309134e-02  4.85230404e+00 
 6.70809134e-02  4.85230371e+00 
 6.71309134e-02  4.85230338e+00 
 6.71809134e-02  4.85230306e+00 
 6.72309134e-02  4.85230274e+00 
 6.72809134e-02  4.85230243e+00 
 6.73309134e-02  4.85230212e+00 
 6.73809134e-02  4.85230183e+00 
 6.74309134e-02  4.85230153e+00 
 6.74809134e-02  4.85230125e+00 
 6.75309134e-02  4.85230096e+00 
 6.75809134e-02  4.85230069e+00 
 6.76309134e-02  4.85230041e+00 
 6.76809134e-02  4.85230015e+00 
 6.77309134e-02  4.85229988e+00 
 6.77809134e-02  4.85229962e+00 
 6.78309134e-02  4.85229937e+00 
 6.78809134e-02  4.85229912e+00 
 6.79309134e-02  4.85229888e+00 
 6.79809134e-02  4.85229863e+00 
 6.80309134e-02  4.85229840e+00 
 6.80809134e-02  4.85229816e+00 
 6.81309134e-02  4.85229793e+00 
 6.81809134e-02  4.85229771e+00 
 6.82309134e-02  4.85229749e+00 
 6.82809134e-02  4.85229727e+00 
 6.83309134e-02  4.85229705e+00 
 6.83809134e-02  4.85229684e+00 
 6.84309134e-02  4.85229663e+00 
 6.84809134e-02  4.85229643e+00 
 6.85309134e-02  4.85229622e+00 
 6.85809134e-02  4.85229602e+00 
 6.86309134e-02  4.85229583e+00 
 6.86809134e-02  4.85229563e+00 
 6.87309134e-02  4.85229544e+00 
 6.87809134e-02  4.85229526e+00 
 6.88309134e-02  4.85229507e+00 
 6.88809134e-02  4.85229489e+00 
 6.89309134e-02  4.85229471e+00 
 6.89809134e-02  4.85229453e+00 
 6.90309134e-02  4.85229436e+00 
 6.90809134e-02  4.85229419e+00 
 6.91309134e-02  4.85229402e+00 
 6.91809134e-02  4.85229385e+00 
 6.92309134e-02  4.85229368e+00 
 6.92809134e-02  4.85229352e+00 
 6.93309134e-02  4.85229336e+00 
 6.93809134e-02  4.85229320e+00 
 6.94309134e-02  4.85229305e+00 
 6.94809134e-02  4.85229289e+00 
 6.95309134e-02  4.85229274e+00 
 6.95809134e-02  4.85229259e+00 
 6.96309134e-02  4.85229244e+00 
 6.96809134e-02  4.85229230e+00 
 6.97309134e-02  4.85229215e+00 
 6.97809134e-02  4.85229201e+00 
 6.98309134e-02  4.85229187e+00 
 6.98809134e-02  4.85229173e+00 
 6.99309134e-02  4.85229159e+00 
 6.99809134e-02  4.85229146e+00 
 7.00309134e-02  4.85229132e+00 
 7.00809134e-02  4.85229119e+00 
 7.01309134e-02  4.85229106e+00 
 7.01809134e-02  4.85229093e+00 
 7.02309134e-02  4.85229081e+00 
 7.02809134e-02  4.85229068e+00 
 7.03309134e-02  4.85229056e+00 
 7.03809134e-02  4.85229043e+00 
 7.04309134e-02  4.85229031e+00 
 7.04809134e-02  4.85229019e+00 
 7.05309134e-02  4.85229007e+00 
 7.05809134e-02  4.85228996e+00 
 7.06309134e-02  4.85228984e+00 
 7.06809134e-02  4.85228973e+00 
 7.07309134e-02  4.85228961e+00 
 7.07809134e-02  4.85228950e+00 
 7.08309134e-02  4.85228939e+00 
 7.08809134e-02  4.85228928e+00 
 7.09309134e-02  4.85228918e+00 
 7.09809134e-02  4.85228907e+00 
 7.10309134e-02  4.85228896e+00 
 7.10809134e-02  4.85228886e+00 
 7.11309134e-02  4.85228876e+00 
 7.11809134e-02  4.85228865e+00 
 7.12309134e-02  4.85228855e+00 
 7.12809134e-02  4.85228845e+00 
 7.13309134e-02  4.85228835e+00 
 7.13809134e-02  4.85228826e+00 
 7.14309134e-02  4.85228816e+00 
 7.14809134e-02  4.85228806e+00 
 7.15309134e-02  4.85228797e+00 
 7.15809134e-02  4.85228788e+00 
 7.16309134e-02  4.85228778e+00 
 7.16809134e-02  4.85228769e+00 
 7.17309134e-02  4.85228760e+00 
 7.17809134e-02  4.85228751e+00 
 7.18309134e-02  4.85228742e+00 
 7.18809134e-02  4.85228733e+00 
 7.19309134e-02  4.85228725e+00 
 7.19809134e-02  4.85228716e+00 
 7.20309134e-02  4.85228707e+00 
 7.20809134e-02  4.85228699e+00 
 7.21309134e-02  4.85228691e+00 
 7.21809134e-02  4.85228682e+00 
 7.22309134e-02  4.85228674e+00 
 7.22809134e-02  4.85228666e+00 
 7.23309134e-02  4.85228658e+00 
 7.23809134e-02  4.85228650e+00 
 7.24309134e-02  4.85228642e+00 
 7.24809134e-02  4.85228634e+00 
 7.25309134e-02  4.85228627e+00 
 7.25809134e-02  4.85228619e+00 
 7.26309134e-02  4.85228611e+00 
 7.26809134e-02  4.85228604e+00 
 7.27309134e-02  4.85228597e+00 
 7.27809134e-02  4.85228589e+00 
 7.28309134e-02  4.85228582e+00 
 7.28809134e-02  4.85228575e+00 
 7.29309134e-02  4.85228567e+00 
 7.29809134e-02  4.85228560e+00 
 7.30309134e-02  4.85228553e+00 
 7.30809134e-02  4.85228546e+00 
 7.31309134e-02  4.85228540e+00 
 7.31809134e-02  4.85228533e+00 
 7.32309134e-02  4.85228526e+00 
 7.32809134e-02  4.85228519e+00 
 7.33309134e-02  4.85228513e+00 
 7.33809134e-02  4.85228506e+00 
 7.34309134e-02  4.85228500e+00 
 7.34809134e-02  4.85228493e+00 
 7.35309134e-02  4.85228487e+00 
 7.35809134e-02  4.85228480e+00 
 7.36309134e-02  4.85228474e+00 
 7.36809134e-02  4.85228468e+00 
 7.37309134e-02  4.85228462e+00 
 7.37809134e-02  4.85228456e+00 
 7.38309134e-02  4.85228449e+00 
 7.38809134e-02  4.85228443e+00 
 7.39309134e-02  4.85228438e+00 
 7.39809134e-02  4.85228432e+00 
 7.40309134e-02  4.85228426e+00 
 7.40809134e-02  4.85228420e+00 
 7.41309134e-02  4.85228414e+00 
 7.41809134e-02  4.85228409e+00 
 7.42309134e-02  4.85228403e+00 
 7.42809134e-02  4.85228397e+00 
 7.43309134e-02  4.85228392e+00 
 7.43809134e-02  4.85228386e+00 
 7.44309134e-02  4.85228381e+00 
 7.44809134e-02  4.85228375e+00 
 7.45309134e-02  4.85228370e+00 
 7.45809134e-02  4.85228365e+00 
 7.46309134e-02  4.85228359e+00 
 7.46809134e-02  4.85228354e+00 
 7.47309134e-02  4.85228349e+00 
 7.47809134e-02  4.85228344e+00 
 7.48309134e-02  4.85228339e+00 
 7.48809134e-02  4.85228334e+00 
 7.49309134e-02  4.85228329e+00 
 7.49809134e-02  4.85228324e+00 
 7.50309134e-02  4.85228319e+00 
 7.50809134e-02  4.85228314e+00 
 7.51309134e-02  4.85228309e+00 
 7.51809134e-02  4.85228304e+00 
 7.52309134e-02  4.85228300e+00 
 7.52809134e-02  4.85228295e+00 
 7.53309134e-02  4.85228290e+00 
 7.53809134e-02  4.85228286e+00 
 7.54309134e-02  4.85228281e+00 
 7.54809134e-02  4.85228277e+00 
 7.55309134e-02  4.85228272e+00 
 7.55809134e-02  4.85228268e+00 
 7.56309134e-02  4.85228263e+00 
 7.56809134e-02  4.85228259e+00 
 7.57309134e-02  4.85228255e+00 
 7.57809134e-02  4.85228250e+00 
 7.58309134e-02  4.85228246e+00 
 7.58809134e-02  4.85228242e+00 
 7.59309134e-02  4.85228238e+00 
 7.59809134e-02  4.85228233e+00 
 7.60309134e-02  4.85228229e+00 
 7.60809134e-02  4.85228225e+00 
 7.61309134e-02  4.85228221e+00 
 7.61809134e-02  4.85228217e+00 
 7.62309134e-02  4.85228213e+00 
 7.62809134e-02  4.85228209e+00 
 7.63309134e-02  4.85228205e+00 
 7.63809134e-02  4.85228201e+00 
 7.64309134e-02  4.85228198e+00 
 7.64809134e-02  4.85228194e+00 
 7.65309134e-02  4.85228190e+00 
 7.65809134e-02  4.85228186e+00 
 7.66309134e-02  4.85228183e+00 
 7.66809134e-02  4.85228179e+00 
 7.67309134e-02  4.85228175e+00 
 7.67809134e-02  4.85228172e+00 
 7.68309134e-02  4.85228168e+00 
 7.68809134e-02  4.85228165e+00 
 7.69309134e-02  4.85228161e+00 
 7.69809134e-02  4.85228158e+00 
 7.70309134e-02  4.85228154e+00 
 7.70809134e-02  4.85228151e+00 
 7.71309134e-02  4.85228148e+00 
 7.71809134e-02  4.85228144e+00 
 7.72309134e-02  4.85228141e+00 
 7.72809134e-02  4.85228138e+00 
 7.73309134e-02  4.85228135e+00 
 7.73809134e-02  4.85228131e+00 
 7.74309134e-02  4.85228128e+00 
 7.74809134e-02  4.85228125e+00 
 7.75309134e-02  4.85228122e+00 
 7.75809134e-02  4.85228119e+00 
 7.76309134e-02  4.85228116e+00 
 7.76809134e-02  4.85228113e+00 
 7.77309134e-02  4.85228110e+00 
 7.77809134e-02  4.85228107e+00 
 7.78309134e-02  4.85228104e+00 
 7.78809134e-02  4.85228101e+00 
 7.79309134e-02  4.85228098e+00 
 7.79809134e-02  4.85228096e+00 
 7.80309134e-02  4.85228093e+00 
 7.80809134e-02  4.85228090e+00 
 7.81309134e-02  4.85228087e+00 
 7.81809134e-02  4.85228085e+00 
 7.82309134e-02  4.85228082e+00 
 7.82809134e-02  4.85228079e+00 
 7.83309134e-02  4.85228077e+00 
 7.83809134e-02  4.85228074e+00 
 7.84309134e-02  4.85228072e+00 
 7.84809134e-02  4.85228069e+00 
 7.85309134e-02  4.85228067e+00 
 7.85809134e-02  4.85228064e+00 
 7.86309134e-02  4.85228062e+00 
 7.86809134e-02  4.85228060e+00 
 7.87309134e-02  4.85228057e+00 
 7.87809134e-02  4.85228055e+00 
 7.88309134e-02  4.85228053e+00 
 7.88809134e-02  4.85228050e+00 
 7.89309134e-02  4.85228048e+00 
 7.89809134e-02  4.85228046e+00 
 7.90309134e-02  4.85228044e+00 
 7.90809134e-02  4.85228042e+00 
 7.91309134e-02  4.85228039e+00 
 7.91809134e-02  4.85228037e+00 
 7.92309134e-02  4.85228035e+00 
 7.92809134e-02  4.85228033e+00 
 7.93309134e-02  4.85228031e+00 
 7.93809134e-02  4.85228029e+00 
 7.94309134e-02  4.85228027e+00 
 7.94809134e-02  4.85228025e+00 
 7.95309134e-02  4.85228023e+00 
 7.95809134e-02  4.85228021e+00 
 7.96309134e-02  4.85228019e+00 
 7.96809134e-02  4.85228018e+00 
 7.97309134e-02  4.85228016e+00 
 7.97809134e-02  4.85228014e+00 
 7.98309134e-02  4.85228012e+00 
 7.98809134e-02  4.85228010e+00 
 7.99309134e-02  4.85228009e+00 
 7.99809134e-02  4.85228007e+00 
 8.00000000e-02  4.85228006e+00 
