 5.00000000e-09  4.69448112e-06 
 5.14019886e-09  4.82598227e-06 
 5.42059659e-09  5.08899924e-06 
 5.98139205e-09  5.61505631e-06 
 6.77335439e-09  6.35799668e-06 
 8.02712986e-09  7.53421669e-06 
 1.05346808e-08  9.88677298e-06 
 1.55497827e-08  1.45921650e-05 
 2.55799864e-08  2.40037329e-05 
 4.56127031e-08  4.28035684e-05 
 5.94323017e-08  5.57747254e-05 
 7.41960843e-08  6.96338756e-05 
 8.34842797e-08  7.83538466e-05 
 9.41013552e-08  8.83222015e-05 
 1.06648297e-07  1.00103557e-04 
 1.20280253e-07  1.12904983e-04 
 1.39375642e-07  1.30839186e-04 
 1.59800289e-07  1.50024801e-04 
 1.89927995e-07  1.78331063e-04 
 2.32823585e-07  2.18648433e-04 
 2.92530324e-07  2.74804657e-04 
 3.54641918e-07  3.33287332e-04 
 4.62170983e-07  4.34478596e-04 
 5.00000000e-07  4.69762906e-04 
 5.10241323e-07  4.79244468e-04 
 5.30723968e-07  4.98110069e-04 
 5.62180792e-07  5.27173037e-04 
 6.25094441e-07  5.85862761e-04 
 6.60417770e-07  6.18937363e-04 
 6.90759021e-07  6.47343793e-04 
 7.22045461e-07  6.76623962e-04 
 7.36539402e-07  6.90185428e-04 
 7.44280915e-07  6.97428260e-04 
 7.49877242e-07  7.02663857e-04 
 7.54408762e-07  7.06903139e-04 
 7.59517964e-07  7.11682691e-04 
 7.68231654e-07  7.19833753e-04 
 7.85659035e-07  7.36134098e-04 
 8.15696218e-07  7.64221326e-04 
 8.55008591e-07  8.00955015e-04 
 9.17019827e-07  8.58634493e-04 
 9.76345763e-07  9.12922393e-04 
 1.00000000e-06  9.34495208e-04 
 1.00557721e-06  9.39610823e-04 
 1.01673162e-06  9.49905453e-04 
 1.03904045e-06  9.70681228e-04 
 1.06171111e-06  9.91908505e-04 
 1.08701997e-06  1.01565418e-03 
 1.12390253e-06  1.05029517e-03 
 1.18346488e-06  1.10628290e-03 
 1.28488214e-06  1.20163151e-03 
 1.39447671e-06  1.30453464e-03 
 1.50368544e-06  1.40691312e-03 
 1.69779992e-06  1.58861329e-03 
 2.08602886e-06  1.95143731e-03 
 2.77464039e-06  2.59397219e-03 
 3.50564987e-06  3.27507050e-03 
 4.37182040e-06  4.08092388e-03 
 5.00000000e-06  4.66455975e-03 
 5.12091824e-06  4.77681252e-03 
 5.36275473e-06  5.00125807e-03 
 5.84642771e-06  5.44985677e-03 
 6.81377366e-06  6.34584113e-03 
 8.74846555e-06  8.13291382e-03 
 1.26178494e-05  1.16874035e-02 
 1.76178494e-05  1.62416325e-02 
 2.26178494e-05  2.07521147e-02 
 2.76178494e-05  2.52191038e-02 
 3.26178494e-05  2.96429639e-02 
 3.76178494e-05  3.40241093e-02 
 4.26178494e-05  3.83629727e-02 
 4.76178494e-05  4.26599881e-02 
 5.26178494e-05  4.69155809e-02 
 5.76178494e-05  5.11301623e-02 
 6.26178494e-05  5.53041269e-02 
 6.76178494e-05  5.94378507e-02 
 7.26178494e-05  6.35316984e-02 
 7.76178494e-05  6.75860062e-02 
 8.26178494e-05  7.16010929e-02 
 8.76178494e-05  7.55772624e-02 
 9.26178494e-05  7.95148018e-02 
 9.76178494e-05  8.34139815e-02 
 1.02617849e-04  8.72750563e-02 
 1.07617849e-04  9.10982654e-02 
 1.12617849e-04  9.48838329e-02 
 1.17617849e-04  9.86319680e-02 
 1.22617849e-04  1.02342865e-01 
 1.27617849e-04  1.06016704e-01 
 1.32617849e-04  1.09653649e-01 
 1.37617849e-04  1.13253852e-01 
 1.42617849e-04  1.16817447e-01 
 1.47617849e-04  1.20344555e-01 
 1.52617849e-04  1.23835282e-01 
 1.57617849e-04  1.27289717e-01 
 1.62617849e-04  1.30707936e-01 
 1.67617849e-04  1.34089997e-01 
 1.72617849e-04  1.37435942e-01 
 1.77617849e-04  1.40745797e-01 
 1.82617849e-04  1.44019571e-01 
 1.87617849e-04  1.47257257e-01 
 1.92617849e-04  1.50458827e-01 
 1.97617849e-04  1.53624240e-01 
 2.02617849e-04  1.56753432e-01 
 2.07617849e-04  1.59846324e-01 
 2.12617849e-04  1.62902816e-01 
 2.17617849e-04  1.65922789e-01 
 2.22617849e-04  1.68906105e-01 
 2.27617849e-04  1.71852607e-01 
 2.32617849e-04  1.74762117e-01 
 2.37617849e-04  1.77634438e-01 
 2.42617849e-04  1.80469351e-01 
 2.47617849e-04  1.83266621e-01 
 2.52617849e-04  1.86025990e-01 
 2.57617849e-04  1.88747182e-01 
 2.62617849e-04  1.91429901e-01 
 2.67617849e-04  1.94073834e-01 
 2.72617849e-04  1.96678650e-01 
 2.77617849e-04  1.99243999e-01 
 2.82617849e-04  2.01769520e-01 
 2.87617849e-04  2.04254831e-01 
 2.92617849e-04  2.06699542e-01 
 2.97617849e-04  2.09103248e-01 
 3.02617849e-04  2.11465538e-01 
 3.07617849e-04  2.13785989e-01 
 3.12617849e-04  2.16064175e-01 
 3.17617849e-04  2.18299667e-01 
 3.22617849e-04  2.20492035e-01 
 3.27617849e-04  2.22640853e-01 
 3.32617849e-04  2.24745700e-01 
 3.37617849e-04  2.26806162e-01 
 3.42617849e-04  2.28821843e-01 
 3.47617849e-04  2.30792357e-01 
 3.52617849e-04  2.32717342e-01 
 3.57617849e-04  2.34596458e-01 
 3.62617849e-04  2.36429394e-01 
 3.67617849e-04  2.38215870e-01 
 3.72617849e-04  2.39955640e-01 
 3.77617849e-04  2.41648497e-01 
 3.82617849e-04  2.43294280e-01 
 3.87617849e-04  2.44892870e-01 
 3.92617849e-04  2.46444199e-01 
 3.97617849e-04  2.47948252e-01 
 4.02617849e-04  2.49405067e-01 
 4.07617849e-04  2.50814739e-01 
 4.12617849e-04  2.52177425e-01 
 4.17617849e-04  2.53493339e-01 
 4.22617849e-04  2.54762757e-01 
 4.27617849e-04  2.55986017e-01 
 4.32617849e-04  2.57163520e-01 
 4.37617849e-04  2.58295725e-01 
 4.42617849e-04  2.59383155e-01 
 4.47617849e-04  2.60426389e-01 
 4.52617849e-04  2.61426065e-01 
 4.57617849e-04  2.62382872e-01 
 4.62617849e-04  2.63297556e-01 
 4.67617849e-04  2.64170907e-01 
 4.72617849e-04  2.65003764e-01 
 4.77617849e-04  2.65797004e-01 
 4.82617849e-04  2.66551545e-01 
 4.87617849e-04  2.67268337e-01 
 4.92617849e-04  2.67948361e-01 
 4.97617849e-04  2.68592622e-01 
 5.02617849e-04  2.69202148e-01 
 5.07617849e-04  2.69777981e-01 
 5.12617849e-04  2.70321179e-01 
 5.17617849e-04  2.70832808e-01 
 5.22617849e-04  2.71313939e-01 
 5.27617849e-04  2.71765644e-01 
 5.32617849e-04  2.72188993e-01 
 5.37617849e-04  2.72585050e-01 
 5.42617849e-04  2.72954873e-01 
 5.47617849e-04  2.73299506e-01 
 5.52617849e-04  2.73619982e-01 
 5.57617849e-04  2.73917315e-01 
 5.62617849e-04  2.74192505e-01 
 5.67617849e-04  2.74446529e-01 
 5.72617849e-04  2.74680347e-01 
 5.77617849e-04  2.74894892e-01 
 5.82617849e-04  2.75091079e-01 
 5.87617849e-04  2.75269797e-01 
 5.92617849e-04  2.75431910e-01 
 5.97617849e-04  2.75578260e-01 
 6.02617849e-04  2.75709665e-01 
 6.07617849e-04  2.75826916e-01 
 6.12617849e-04  2.75930783e-01 
 6.17617849e-04  2.76022013e-01 
 6.22617849e-04  2.76101330e-01 
 6.27617849e-04  2.76169437e-01 
 6.32617849e-04  2.76227016e-01 
 6.37617849e-04  2.76274732e-01 
 6.42617849e-04  2.76313231e-01 
 6.47617849e-04  2.76343144e-01 
 6.52617849e-04  2.76365086e-01 
 6.57617849e-04  2.76379663e-01 
 6.62617849e-04  2.76387470e-01 
 6.67617849e-04  2.76389092e-01 
 6.72617849e-04  2.76385112e-01 
 6.77617849e-04  2.76376109e-01 
 6.82617849e-04  2.76362665e-01 
 6.87617849e-04  2.76345363e-01 
 6.92617849e-04  2.76324796e-01 
 6.97617849e-04  2.76301568e-01 
 7.02617849e-04  2.76276300e-01 
 7.07617849e-04  2.76249632e-01 
 7.12617849e-04  2.76222234e-01 
 7.17617849e-04  2.76194803e-01 
 7.22617849e-04  2.76168079e-01 
 7.27617849e-04  2.76142843e-01 
 7.32617849e-04  2.76119932e-01 
 7.37617849e-04  2.76100241e-01 
 7.42617849e-04  2.76084737e-01 
 7.47617849e-04  2.76074466e-01 
 7.52617849e-04  2.76070562e-01 
 7.57617849e-04  2.76074260e-01 
 7.62617849e-04  2.76086910e-01 
 7.67617849e-04  2.76109985e-01 
 7.72617849e-04  2.76145096e-01 
 7.77617849e-04  2.76194006e-01 
 7.82617849e-04  2.76258642e-01 
 7.87617849e-04  2.76341110e-01 
 7.92617849e-04  2.76443704e-01 
 7.97617849e-04  2.76568924e-01 
 8.02617849e-04  2.76719476e-01 
 8.07617849e-04  2.76898287e-01 
 8.12617849e-04  2.77108503e-01 
 8.17617849e-04  2.77353488e-01 
 8.22617849e-04  2.77636817e-01 
 8.27617849e-04  2.77962257e-01 
 8.32617849e-04  2.78333742e-01 
 8.37617849e-04  2.78755341e-01 
 8.42617849e-04  2.79231204e-01 
 8.47617849e-04  2.79765503e-01 
 8.52617849e-04  2.80362361e-01 
 8.57617849e-04  2.81025758e-01 
 8.62617849e-04  2.81759432e-01 
 8.67617849e-04  2.82566772e-01 
 8.72617849e-04  2.83450697e-01 
 8.77617849e-04  2.84413534e-01 
 8.82617849e-04  2.85456905e-01 
 8.87617849e-04  2.86581613e-01 
 8.92617849e-04  2.87787554e-01 
 8.97617849e-04  2.89073640e-01 
 9.02617849e-04  2.90437758e-01 
 9.07617849e-04  2.91876756e-01 
 9.12617849e-04  2.93386459e-01 
 9.17617849e-04  2.94961731e-01 
 9.22617849e-04  2.96596560e-01 
 9.27617849e-04  2.98284182e-01 
 9.32617849e-04  3.00017031e-01 
 9.37617849e-04  3.01784894e-01 
 9.42617849e-04  3.03555632e-01 
 9.47617849e-04  3.05147560e-01 
 9.52617849e-04  3.06082810e-01 
 9.57617849e-04  3.05869909e-01 
 9.62617849e-04  3.04777516e-01 
 9.67617849e-04  3.03429530e-01 
 9.72617849e-04  3.02201461e-01 
 9.77617849e-04  3.01153337e-01 
 9.82617849e-04  3.00229096e-01 
 9.87617849e-04  2.99381694e-01 
 9.92617849e-04  2.98592923e-01 
 9.97617849e-04  2.97858798e-01 
 1.00261785e-03  2.97178252e-01 
 1.00761785e-03  2.96549843e-01 
 1.01261785e-03  2.95971738e-01 
 1.01761785e-03  2.95442037e-01 
 1.02261785e-03  2.94958886e-01 
 1.02761785e-03  2.94520497e-01 
 1.03261785e-03  2.94125174e-01 
 1.03761785e-03  2.93771359e-01 
 1.04261785e-03  2.93457789e-01 
 1.04761785e-03  2.93183494e-01 
 1.05261785e-03  2.92945715e-01 
 1.05761785e-03  2.92739913e-01 
 1.06261785e-03  2.92564180e-01 
 1.06761785e-03  2.92418768e-01 
 1.07261785e-03  2.92304639e-01 
 1.07761785e-03  2.92221333e-01 
 1.08261785e-03  2.92167236e-01 
 1.08761785e-03  2.92140541e-01 
 1.09261785e-03  2.92139753e-01 
 1.09761785e-03  2.92163699e-01 
 1.10261785e-03  2.92211369e-01 
 1.10761785e-03  2.92281816e-01 
 1.11261785e-03  2.92374128e-01 
 1.11761785e-03  2.92487426e-01 
 1.12261785e-03  2.92620864e-01 
 1.12761785e-03  2.92773629e-01 
 1.13261785e-03  2.92944939e-01 
 1.13761785e-03  2.93134043e-01 
 1.14261785e-03  2.93340216e-01 
 1.14761785e-03  2.93562761e-01 
 1.15261785e-03  2.93801005e-01 
 1.15761785e-03  2.94054298e-01 
 1.16261785e-03  2.94322012e-01 
 1.16761785e-03  2.94603540e-01 
 1.17261785e-03  2.94898294e-01 
 1.17761785e-03  2.95205704e-01 
 1.18261785e-03  2.95525219e-01 
 1.18761785e-03  2.95856304e-01 
 1.19261785e-03  2.96198442e-01 
 1.19761785e-03  2.96551132e-01 
 1.20261785e-03  2.96913888e-01 
 1.20761785e-03  2.97286242e-01 
 1.21261785e-03  2.97667743e-01 
 1.21761785e-03  2.98057956e-01 
 1.22261785e-03  2.98456469e-01 
 1.22761785e-03  2.98862886e-01 
 1.23261785e-03  2.99276839e-01 
 1.23761785e-03  2.99697986e-01 
 1.24261785e-03  3.00126017e-01 
 1.24761785e-03  3.00560664e-01 
 1.25261785e-03  3.01001706e-01 
 1.25761785e-03  3.01448986e-01 
 1.26261785e-03  3.01902427e-01 
 1.26761785e-03  3.02362054e-01 
 1.27261785e-03  3.02828031e-01 
 1.27761785e-03  3.03300706e-01 
 1.28261785e-03  3.03780672e-01 
 1.28761785e-03  3.04268854e-01 
 1.29261785e-03  3.04766638e-01 
 1.29761785e-03  3.05276033e-01 
 1.30261785e-03  3.05799916e-01 
 1.30761785e-03  3.06342347e-01 
 1.31261785e-03  3.06909011e-01 
 1.31761785e-03  3.07507792e-01 
 1.32261785e-03  3.08149478e-01 
 1.32761785e-03  3.08848560e-01 
 1.33261785e-03  3.09624007e-01 
 1.33761785e-03  3.10499787e-01 
 1.34261785e-03  3.11504767e-01 
 1.34761785e-03  3.12671560e-01 
 1.35261785e-03  3.14033938e-01 
 1.35761785e-03  3.15622750e-01 
 1.36261785e-03  3.17460901e-01 
 1.36761785e-03  3.19558683e-01 
 1.37261785e-03  3.21911253e-01 
 1.37761785e-03  3.24499791e-01 
 1.38261785e-03  3.27296595e-01 
 1.38761785e-03  3.30272527e-01 
 1.39261785e-03  3.33403940e-01 
 1.39761785e-03  3.36676504e-01 
 1.40261785e-03  3.40084923e-01 
 1.40761785e-03  3.43629290e-01 
 1.41261785e-03  3.47305063e-01 
 1.41761785e-03  3.51236301e-01 
 1.42261785e-03  3.55305049e-01 
 1.42761785e-03  3.59512334e-01 
 1.43261785e-03  3.63865882e-01 
 1.43761785e-03  3.68388501e-01 
 1.44261785e-03  3.73164394e-01 
 1.44761785e-03  3.78446411e-01 
 1.45261785e-03  3.84637960e-01 
 1.45761785e-03  3.91426307e-01 
 1.46261785e-03  3.96741003e-01 
 1.46761785e-03  1.05747516e-02 
 1.47211556e-03 -2.79353929e-04 
 1.47648539e-03 -1.06287138e-07 
 1.48148539e-03  1.21004240e-05 
 1.48648539e-03  1.03848982e-05 
 1.49148539e-03  9.05923714e-06 
 1.49648539e-03  8.09199836e-06 
 1.50148539e-03  7.35326785e-06 
 1.50648539e-03  6.77786947e-06 
 1.51148539e-03  6.32355731e-06 
 1.51648539e-03  5.96349645e-06 
 1.52148539e-03  5.67578775e-06 
 1.52648539e-03  5.44485208e-06 
 1.53148539e-03  5.25875508e-06 
 1.53648539e-03  5.10814877e-06 
 1.54148539e-03  4.98563526e-06 
 1.54648539e-03  4.88532902e-06 
 1.55148539e-03  4.80254113e-06 
 1.55648539e-03  4.73354036e-06 
 1.56148539e-03  4.67536547e-06 
 1.56648539e-03  4.62567447e-06 
 1.57148539e-03  4.58262221e-06 
 1.57648539e-03  4.54476058e-06 
 1.58148539e-03  4.51095733e-06 
 1.58648539e-03  4.48033030e-06 
 1.59148539e-03  4.45219446e-06 
 1.59648539e-03  4.42601945e-06 
 1.60148539e-03  4.40139577e-06 
 1.60648539e-03  4.37800802e-06 
 1.61148539e-03  4.35561376e-06 
 1.61648539e-03  4.33402697e-06 
 1.62148539e-03  4.31310509e-06 
 1.62648539e-03  4.29273894e-06 
 1.63148539e-03  4.27284495e-06 
 1.63648539e-03  4.25335909e-06 
 1.64148539e-03  4.23423220e-06 
 1.64648539e-03  4.21542648e-06 
 1.65148539e-03  4.19691273e-06 
 1.65648539e-03  4.17866823e-06 
 1.66148539e-03  4.16067520e-06 
 1.66648539e-03  4.14291957e-06 
 1.67148539e-03  4.12539008e-06 
 1.67648539e-03  4.10807755e-06 
 1.68148539e-03  4.09097421e-06 
 1.68211039e-03  4.08874936e-06 
 1.68305847e-03  4.08562495e-06 
 1.68317061e-03  4.08522948e-06 
 1.68339491e-03  4.08448547e-06 
 1.68359417e-03  4.08381170e-06 
 1.68379949e-03  4.08311739e-06 
 1.68385082e-03  4.08293682e-06 
 1.68395347e-03  4.08259603e-06 
 1.68409511e-03  4.08211574e-06 
 1.68427887e-03  4.08148662e-06 
 1.68435604e-03  4.08203497e-06 
 1.68439205e-03  4.07470930e-06 
 1.68441601e-03  4.08820762e-06 
 1.68444035e-03  4.08050158e-06 
 1.68446618e-03  4.08008887e-06 
 1.68450105e-03  4.08053331e-06 
 1.68453677e-03  4.08077031e-06 
 1.68457740e-03  4.08098851e-06 
 1.68463611e-03  4.07993078e-06 
 1.68475353e-03  4.07995338e-06 
 1.68498836e-03  4.07915257e-06 
 1.68545801e-03  4.07753371e-06 
 1.68639733e-03  4.07437687e-06 
 1.68827597e-03  4.06807565e-06 
 1.69203325e-03  4.05555721e-06 
 1.69703325e-03  4.03906776e-06 
 1.70203325e-03  4.02276441e-06 
 1.70703325e-03  4.00664523e-06 
 1.71203325e-03  3.99070771e-06 
 1.71703325e-03  3.97494839e-06 
 1.72203325e-03  3.95936405e-06 
 1.72703325e-03  3.94395164e-06 
 1.73203325e-03  3.92870829e-06 
 1.73703325e-03  3.91363125e-06 
 1.74203325e-03  3.89871786e-06 
 1.74703325e-03  3.88396558e-06 
 1.75203325e-03  3.86937192e-06 
 1.75703325e-03  3.85493447e-06 
 1.76203325e-03  3.84065088e-06 
 1.76703325e-03  3.82651886e-06 
 1.77203325e-03  3.81253617e-06 
 1.77703325e-03  3.79870062e-06 
 1.78203325e-03  3.78501006e-06 
 1.78703325e-03  3.77146238e-06 
 1.79203325e-03  3.75805554e-06 
 1.79703325e-03  3.74478751e-06 
 1.80203325e-03  3.73165631e-06 
 1.80703325e-03  3.71865999e-06 
 1.81203325e-03  3.70579666e-06 
 1.81703325e-03  3.69306444e-06 
 1.82203325e-03  3.68046149e-06 
 1.82703325e-03  3.66798602e-06 
 1.83203325e-03  3.65563625e-06 
 1.83703325e-03  3.64341045e-06 
 1.84203325e-03  3.63130691e-06 
 1.84703325e-03  3.61932396e-06 
 1.85203325e-03  3.60745995e-06 
 1.85703325e-03  3.59571327e-06 
 1.86203325e-03  3.58408232e-06 
 1.86703325e-03  3.57256555e-06 
 1.87203325e-03  3.56116143e-06 
 1.87703325e-03  3.54986844e-06 
 1.88203325e-03  3.53868511e-06 
 1.88703325e-03  3.52760998e-06 
 1.89203325e-03  3.51664163e-06 
 1.89703325e-03  3.50577864e-06 
 1.90203325e-03  3.49501963e-06 
 1.90703325e-03  3.48436325e-06 
 1.91203325e-03  3.47380816e-06 
 1.91703325e-03  3.46335305e-06 
 1.92203325e-03  3.45299661e-06 
 1.92703325e-03  3.44273759e-06 
 1.93203325e-03  3.43257474e-06 
 1.93703325e-03  3.42250682e-06 
 1.94203325e-03  3.41253262e-06 
 1.94703325e-03  3.40265096e-06 
 1.95203325e-03  3.39286066e-06 
 1.95703325e-03  3.38316058e-06 
 1.96203325e-03  3.37354957e-06 
 1.96703325e-03  3.36402652e-06 
 1.97203325e-03  3.35459033e-06 
 1.97703325e-03  3.34523992e-06 
 1.98203325e-03  3.33597420e-06 
 1.98703325e-03  3.32679214e-06 
 1.99203325e-03  3.31769269e-06 
 1.99703325e-03  3.30867482e-06 
 2.00203325e-03  3.29973752e-06 
 2.00703325e-03  3.29087980e-06 
 2.01203325e-03  3.28210068e-06 
 2.01703325e-03  3.27339918e-06 
 2.02203325e-03  3.26477437e-06 
 2.02703325e-03  3.25622532e-06 
 2.03203325e-03  3.24775111e-06 
 2.03703325e-03  3.23935085e-06 
 2.04203325e-03  3.23102366e-06 
 2.04703325e-03  3.22276868e-06 
 2.05203325e-03  3.21458506e-06 
 2.05703325e-03  3.20647197e-06 
 2.06203325e-03  3.19842860e-06 
 2.06703325e-03  3.19045413e-06 
 2.07203325e-03  3.18254779e-06 
 2.07703325e-03  3.17470878e-06 
 2.08203325e-03  3.16693634e-06 
 2.08703325e-03  3.15922973e-06 
 2.09203325e-03  3.15158818e-06 
 2.09703325e-03  3.14401098e-06 
 2.10203325e-03  3.13649739e-06 
 2.10703325e-03  3.12904670e-06 
 2.11203325e-03  3.12165821e-06 
 2.11703325e-03  3.11433122e-06 
 2.12203325e-03  3.10706506e-06 
 2.12703325e-03  3.09985904e-06 
 2.13203325e-03  3.09271249e-06 
 2.13703325e-03  3.08562477e-06 
 2.14203325e-03  3.07859523e-06 
 2.14703325e-03  3.07162321e-06 
 2.15203325e-03  3.06470811e-06 
 2.15703325e-03  3.05784928e-06 
 2.16203325e-03  3.05104613e-06 
 2.16703325e-03  3.04429805e-06 
 2.17203325e-03  3.03760443e-06 
 2.17703325e-03  3.03096469e-06 
 2.18203325e-03  3.02437825e-06 
 2.18703325e-03  3.01784454e-06 
 2.19203325e-03  3.01136299e-06 
 2.19703325e-03  3.00493305e-06 
 2.20203325e-03  2.99855417e-06 
 2.20703325e-03  2.99222579e-06 
 2.21203325e-03  2.98594740e-06 
 2.21703325e-03  2.97971846e-06 
 2.22203325e-03  2.97353846e-06 
 2.22703325e-03  2.96740687e-06 
 2.23203325e-03  2.96132319e-06 
 2.23703325e-03  2.95528693e-06 
 2.24203325e-03  2.94929759e-06 
 2.24703325e-03  2.94335469e-06 
 2.25203325e-03  2.93745774e-06 
 2.25703325e-03  2.93160627e-06 
 2.26203325e-03  2.92579982e-06 
 2.26703325e-03  2.92003792e-06 
 2.27203325e-03  2.91432013e-06 
 2.27703325e-03  2.90864599e-06 
 2.28203325e-03  2.90301506e-06 
 2.28703325e-03  2.89742690e-06 
 2.29203325e-03  2.89188109e-06 
 2.29703325e-03  2.88637720e-06 
 2.30203325e-03  2.88091480e-06 
 2.30703325e-03  2.87549349e-06 
 2.31203325e-03  2.87011286e-06 
 2.31703325e-03  2.86477250e-06 
 2.32203325e-03  2.85947202e-06 
 2.32703325e-03  2.85421102e-06 
 2.33203325e-03  2.84898912e-06 
 2.33703325e-03  2.84380593e-06 
 2.34203325e-03  2.83866107e-06 
 2.34703325e-03  2.83355418e-06 
 2.35203325e-03  2.82848488e-06 
 2.35703325e-03  2.82345282e-06 
 2.36203325e-03  2.81845762e-06 
 2.36703325e-03  2.81349895e-06 
 2.37203325e-03  2.80857644e-06 
 2.37703325e-03  2.80368976e-06 
 2.38203325e-03  2.79883856e-06 
 2.38703325e-03  2.79402251e-06 
 2.39203325e-03  2.78924127e-06 
 2.39703325e-03  2.78449452e-06 
 2.40203325e-03  2.77978193e-06 
 2.40703325e-03  2.77510318e-06 
 2.41203325e-03  2.77045796e-06 
 2.41703325e-03  2.76584595e-06 
 2.42203325e-03  2.76126685e-06 
 2.42703325e-03  2.75672035e-06 
 2.43203325e-03  2.75220615e-06 
 2.43703325e-03  2.74772395e-06 
 2.44203325e-03  2.74327346e-06 
 2.44703325e-03  2.73885439e-06 
 2.45203325e-03  2.73446646e-06 
 2.45703325e-03  2.73010938e-06 
 2.46203325e-03  2.72578287e-06 
 2.46703325e-03  2.72148665e-06 
 2.47203325e-03  2.71722046e-06 
 2.47703325e-03  2.71298402e-06 
 2.48203325e-03  2.70877707e-06 
 2.48703325e-03  2.70459934e-06 
 2.49203325e-03  2.70045058e-06 
 2.49703325e-03  2.69633052e-06 
 2.50203325e-03  2.69223892e-06 
 2.50703325e-03  2.68817552e-06 
 2.51203325e-03  2.68414008e-06 
 2.51703325e-03  2.68013235e-06 
 2.52203325e-03  2.67615209e-06 
 2.52703325e-03  2.67219905e-06 
 2.53203325e-03  2.66827301e-06 
 2.53703325e-03  2.66437373e-06 
 2.54203325e-03  2.66050098e-06 
 2.54703325e-03  2.65665452e-06 
 2.55203325e-03  2.65283414e-06 
 2.55703325e-03  2.64903962e-06 
 2.56203325e-03  2.64527072e-06 
 2.56703325e-03  2.64152724e-06 
 2.57203325e-03  2.63780895e-06 
 2.57703325e-03  2.63411565e-06 
 2.58203325e-03  2.63044712e-06 
 2.58703325e-03  2.62680316e-06 
 2.59203325e-03  2.62318356e-06 
 2.59703325e-03  2.61958811e-06 
 2.60203325e-03  2.61601662e-06 
 2.60703325e-03  2.61246889e-06 
 2.61203325e-03  2.60894471e-06 
 2.61703325e-03  2.60544391e-06 
 2.62203325e-03  2.60196627e-06 
 2.62703325e-03  2.59851161e-06 
 2.63203325e-03  2.59507975e-06 
 2.63703325e-03  2.59167050e-06 
 2.64203325e-03  2.58828367e-06 
 2.64703325e-03  2.58491908e-06 
 2.65203325e-03  2.58157656e-06 
 2.65703325e-03  2.57825592e-06 
 2.66203325e-03  2.57495698e-06 
 2.66703325e-03  2.57167959e-06 
 2.67203325e-03  2.56842355e-06 
 2.67703325e-03  2.56518870e-06 
 2.68203325e-03  2.56197488e-06 
 2.68703325e-03  2.55878191e-06 
 2.69203325e-03  2.55560963e-06 
 2.69703325e-03  2.55245788e-06 
 2.70203325e-03  2.54932649e-06 
 2.70703325e-03  2.54621531e-06 
 2.71203325e-03  2.54312418e-06 
 2.71703325e-03  2.54005294e-06 
 2.72203325e-03  2.53700144e-06 
 2.72703325e-03  2.53396952e-06 
 2.73203325e-03  2.53095704e-06 
 2.73703325e-03  2.52796384e-06 
 2.74203325e-03  2.52498977e-06 
 2.74703325e-03  2.52203469e-06 
 2.75203325e-03  2.51909845e-06 
 2.75703325e-03  2.51618091e-06 
 2.76203325e-03  2.51328192e-06 
 2.76703325e-03  2.51040135e-06 
 2.77203325e-03  2.50753906e-06 
 2.77703325e-03  2.50469491e-06 
 2.78203325e-03  2.50186875e-06 
 2.78703325e-03  2.49906047e-06 
 2.79203325e-03  2.49626991e-06 
 2.79703325e-03  2.49349696e-06 
 2.80203325e-03  2.49074148e-06 
 2.80703325e-03  2.48800334e-06 
 2.81203325e-03  2.48528241e-06 
 2.81703325e-03  2.48257856e-06 
 2.82203325e-03  2.47989168e-06 
 2.82703325e-03  2.47722162e-06 
 2.83203325e-03  2.47456828e-06 
 2.83703325e-03  2.47193153e-06 
 2.84203325e-03  2.46931125e-06 
 2.84703325e-03  2.46670731e-06 
 2.85203325e-03  2.46411961e-06 
 2.85703325e-03  2.46154802e-06 
 2.86203325e-03  2.45899242e-06 
 2.86703325e-03  2.45645271e-06 
 2.87203325e-03  2.45392877e-06 
 2.87703325e-03  2.45142048e-06 
 2.88203325e-03  2.44892773e-06 
 2.88703325e-03  2.44645042e-06 
 2.89203325e-03  2.44398843e-06 
 2.89703325e-03  2.44154166e-06 
 2.90203325e-03  2.43911000e-06 
 2.90703325e-03  2.43669334e-06 
 2.91203325e-03  2.43429157e-06 
 2.91703325e-03  2.43190460e-06 
 2.92203325e-03  2.42953232e-06 
 2.92703325e-03  2.42717462e-06 
 2.93203325e-03  2.42483141e-06 
 2.93703325e-03  2.42250259e-06 
 2.94203325e-03  2.42018805e-06 
 2.94703325e-03  2.41788770e-06 
 2.95203325e-03  2.41560144e-06 
 2.95703325e-03  2.41332917e-06 
 2.96203325e-03  2.41107080e-06 
 2.96703325e-03  2.40882623e-06 
 2.97203325e-03  2.40659537e-06 
 2.97703325e-03  2.40437813e-06 
 2.98203325e-03  2.40217441e-06 
 2.98703325e-03  2.39998413e-06 
 2.99203325e-03  2.39780719e-06 
 2.99703325e-03  2.39564350e-06 
 3.00203325e-03  2.39349297e-06 
 3.00703325e-03  2.39135553e-06 
 3.01203325e-03  2.38923107e-06 
 3.01703325e-03  2.38711951e-06 
 3.02203325e-03  2.38502077e-06 
 3.02703325e-03  2.38293476e-06 
 3.03203325e-03  2.38086140e-06 
 3.03703325e-03  2.37880061e-06 
 3.04203325e-03  2.37675230e-06 
 3.04703325e-03  2.37471639e-06 
 3.05203325e-03  2.37269280e-06 
 3.05703325e-03  2.37068145e-06 
 3.06203325e-03  2.36868226e-06 
 3.06703325e-03  2.36669515e-06 
 3.07203325e-03  2.36472004e-06 
 3.07703325e-03  2.36275686e-06 
 3.08203325e-03  2.36080554e-06 
 3.08703325e-03  2.35886598e-06 
 3.09203325e-03  2.35693812e-06 
 3.09703325e-03  2.35502188e-06 
 3.10203325e-03  2.35311720e-06 
 3.10703325e-03  2.35122399e-06 
 3.11203325e-03  2.34934218e-06 
 3.11703325e-03  2.34747170e-06 
 3.12203325e-03  2.34561249e-06 
 3.12703325e-03  2.34376446e-06 
 3.13203325e-03  2.34192755e-06 
 3.13703325e-03  2.34010169e-06 
 3.14203325e-03  2.33828681e-06 
 3.14703325e-03  2.33648284e-06 
 3.15203325e-03  2.33468971e-06 
 3.15703325e-03  2.33290737e-06 
 3.16203325e-03  2.33113573e-06 
 3.16703325e-03  2.32937473e-06 
 3.17203325e-03  2.32762431e-06 
 3.17703325e-03  2.32588441e-06 
 3.18203325e-03  2.32415495e-06 
 3.18703325e-03  2.32243588e-06 
 3.19203325e-03  2.32072714e-06 
 3.19703325e-03  2.31902865e-06 
 3.20203325e-03  2.31734035e-06 
 3.20703325e-03  2.31566220e-06 
 3.21203325e-03  2.31399411e-06 
 3.21703325e-03  2.31233604e-06 
 3.22203325e-03  2.31068792e-06 
 3.22703325e-03  2.30904970e-06 
 3.23203325e-03  2.30742131e-06 
 3.23703325e-03  2.30580270e-06 
 3.24203325e-03  2.30419380e-06 
 3.24703325e-03  2.30259456e-06 
 3.25203325e-03  2.30100493e-06 
 3.25703325e-03  2.29942484e-06 
 3.26203325e-03  2.29785424e-06 
 3.26703325e-03  2.29629308e-06 
 3.27203325e-03  2.29474129e-06 
 3.27703325e-03  2.29319882e-06 
 3.28203325e-03  2.29166563e-06 
 3.28703325e-03  2.29014165e-06 
 3.29203325e-03  2.28862683e-06 
 3.29703325e-03  2.28712112e-06 
 3.30203325e-03  2.28562447e-06 
 3.30703325e-03  2.28413682e-06 
 3.31203325e-03  2.28265812e-06 
 3.31703325e-03  2.28118832e-06 
 3.32203325e-03  2.27972737e-06 
 3.32703325e-03  2.27827521e-06 
 3.33203325e-03  2.27683181e-06 
 3.33703325e-03  2.27539711e-06 
 3.34203325e-03  2.27397105e-06 
 3.34703325e-03  2.27255359e-06 
 3.35203325e-03  2.27114469e-06 
 3.35703325e-03  2.26974429e-06 
 3.36203325e-03  2.26835234e-06 
 3.36703325e-03  2.26696880e-06 
 3.37203325e-03  2.26559363e-06 
 3.37703325e-03  2.26422676e-06 
 3.38203325e-03  2.26286817e-06 
 3.38703325e-03  2.26151780e-06 
 3.39203325e-03  2.26017560e-06 
 3.39703325e-03  2.25884153e-06 
 3.40203325e-03  2.25751555e-06 
 3.40703325e-03  2.25619761e-06 
 3.41203325e-03  2.25488767e-06 
 3.41703325e-03  2.25358569e-06 
 3.42203325e-03  2.25229161e-06 
 3.42703325e-03  2.25100540e-06 
 3.43203325e-03  2.24972701e-06 
 3.43703325e-03  2.24845640e-06 
 3.44203325e-03  2.24719353e-06 
 3.44703325e-03  2.24593836e-06 
 3.45203325e-03  2.24469085e-06 
 3.45703325e-03  2.24345095e-06 
 3.46203325e-03  2.24221862e-06 
 3.46703325e-03  2.24099382e-06 
 3.47203325e-03  2.23977652e-06 
 3.47703325e-03  2.23856667e-06 
 3.48203325e-03  2.23736423e-06 
 3.48703325e-03  2.23616917e-06 
 3.49203325e-03  2.23498144e-06 
 3.49703325e-03  2.23380101e-06 
 3.50203325e-03  2.23262783e-06 
 3.50703325e-03  2.23146187e-06 
 3.51203325e-03  2.23030309e-06 
 3.51703325e-03  2.22915146e-06 
 3.52203325e-03  2.22800693e-06 
 3.52703325e-03  2.22686946e-06 
 3.53203325e-03  2.22573904e-06 
 3.53703325e-03  2.22461560e-06 
 3.54203325e-03  2.22349912e-06 
 3.54703325e-03  2.22238957e-06 
 3.55203325e-03  2.22128691e-06 
 3.55703325e-03  2.22019109e-06 
 3.56203325e-03  2.21910209e-06 
 3.56703325e-03  2.21801988e-06 
 3.57203325e-03  2.21694441e-06 
 3.57703325e-03  2.21587565e-06 
 3.58203325e-03  2.21481357e-06 
 3.58703325e-03  2.21375813e-06 
 3.59203325e-03  2.21270931e-06 
 3.59703325e-03  2.21166706e-06 
 3.60203325e-03  2.21063135e-06 
 3.60703325e-03  2.20960216e-06 
 3.61203325e-03  2.20857944e-06 
 3.61703325e-03  2.20756317e-06 
 3.62203325e-03  2.20655331e-06 
 3.62703325e-03  2.20554983e-06 
 3.63203325e-03  2.20455270e-06 
 3.63703325e-03  2.20356189e-06 
 3.64203325e-03  2.20257737e-06 
 3.64703325e-03  2.20159910e-06 
 3.65203325e-03  2.20062705e-06 
 3.65703325e-03  2.19966120e-06 
 3.66203325e-03  2.19870151e-06 
 3.66703325e-03  2.19774795e-06 
 3.67203325e-03  2.19680050e-06 
 3.67703325e-03  2.19585911e-06 
 3.68203325e-03  2.19492378e-06 
 3.68703325e-03  2.19399445e-06 
 3.69203325e-03  2.19307111e-06 
 3.69703325e-03  2.19215372e-06 
 3.70203325e-03  2.19124227e-06 
 3.70703325e-03  2.19033670e-06 
 3.71203325e-03  2.18943701e-06 
 3.71703325e-03  2.18854316e-06 
 3.72203325e-03  2.18765513e-06 
 3.72703325e-03  2.18677288e-06 
 3.73203325e-03  2.18589638e-06 
 3.73703325e-03  2.18502562e-06 
 3.74203325e-03  2.18416056e-06 
 3.74703325e-03  2.18330118e-06 
 3.75203325e-03  2.18244744e-06 
 3.75703325e-03  2.18159932e-06 
 3.76203325e-03  2.18075445e-06 
 3.76703325e-03  2.17980184e-06 
 3.77203325e-03  2.17887951e-06 
 3.77703325e-03  2.17802192e-06 
 3.78203325e-03  2.17719223e-06 
 3.78703325e-03  2.17638038e-06 
 3.79203325e-03  2.17557905e-06 
 3.79703325e-03  2.17478457e-06 
 3.80203325e-03  2.17399567e-06 
 3.80703325e-03  2.17321197e-06 
 3.81203325e-03  2.17243340e-06 
 3.81703325e-03  2.17165996e-06 
 3.82203325e-03  2.17089166e-06 
 3.82703325e-03  2.17012851e-06 
 3.83203325e-03  2.16937047e-06 
 3.83703325e-03  2.16861755e-06 
 3.84203325e-03  2.16786970e-06 
 3.84703325e-03  2.16712690e-06 
 3.85203325e-03  2.16638913e-06 
 3.85703325e-03  2.16565637e-06 
 3.86203325e-03  2.16492859e-06 
 3.86703325e-03  2.16420578e-06 
 3.87203325e-03  2.16348789e-06 
 3.87703325e-03  2.16277492e-06 
 3.88203325e-03  2.16206684e-06 
 3.88703325e-03  2.16136364e-06 
 3.89203325e-03  2.16066528e-06 
 3.89703325e-03  2.15997174e-06 
 3.90203325e-03  2.15928302e-06 
 3.90703325e-03  2.15859907e-06 
 3.91203325e-03  2.15791989e-06 
 3.91703325e-03  2.15724545e-06 
 3.92203325e-03  2.15657574e-06 
 3.92703325e-03  2.15591072e-06 
 3.93203325e-03  2.15525039e-06 
 3.93703325e-03  2.15459472e-06 
 3.94203325e-03  2.15394369e-06 
 3.94703325e-03  2.15329728e-06 
 3.95203325e-03  2.15265547e-06 
 3.95703325e-03  2.15201824e-06 
 3.96203325e-03  2.15138557e-06 
 3.96703325e-03  2.15075745e-06 
 3.97203325e-03  2.15013385e-06 
 3.97703325e-03  2.14951475e-06 
 3.98203325e-03  2.14890014e-06 
 3.98703325e-03  2.14829000e-06 
 3.99203325e-03  2.14768431e-06 
 3.99703325e-03  2.14708304e-06 
 4.00203325e-03  2.14648619e-06 
 4.00703325e-03  2.14589372e-06 
 4.01203325e-03  2.14530563e-06 
 4.01703325e-03  2.14472190e-06 
 4.02203325e-03  2.14414251e-06 
 4.02703325e-03  2.14356743e-06 
 4.03203325e-03  2.14299666e-06 
 4.03703325e-03  2.14243018e-06 
 4.04203325e-03  2.14186796e-06 
 4.04703325e-03  2.14130999e-06 
 4.05203325e-03  2.14075625e-06 
 4.05703325e-03  2.14020673e-06 
 4.06203325e-03  2.13966140e-06 
 4.06703325e-03  2.13912026e-06 
 4.07203325e-03  2.13858328e-06 
 4.07703325e-03  2.13805045e-06 
 4.08203325e-03  2.13752175e-06 
 4.08703325e-03  2.13699717e-06 
 4.09203325e-03  2.13647668e-06 
 4.09703325e-03  2.13596028e-06 
 4.10203325e-03  2.13544794e-06 
 4.10703325e-03  2.13493965e-06 
 4.11203325e-03  2.13443539e-06 
 4.11703325e-03  2.13393515e-06 
 4.12203325e-03  2.13343891e-06 
 4.12703325e-03  2.13294666e-06 
 4.13203325e-03  2.13245838e-06 
 4.13703325e-03  2.13197405e-06 
 4.14203325e-03  2.13149366e-06 
 4.14703325e-03  2.13101720e-06 
 4.15203325e-03  2.13054464e-06 
 4.15703325e-03  2.13007598e-06 
 4.16203325e-03  2.12961120e-06 
 4.16703325e-03  2.12915028e-06 
 4.17203325e-03  2.12869322e-06 
 4.17703325e-03  2.12823999e-06 
 4.18203325e-03  2.12779058e-06 
 4.18703325e-03  2.12734498e-06 
 4.19203325e-03  2.12690317e-06 
 4.19703325e-03  2.12646514e-06 
 4.20203325e-03  2.12603089e-06 
 4.20703325e-03  2.12560039e-06 
 4.21203325e-03  2.12517365e-06 
 4.21703325e-03  2.12475064e-06 
 4.22203325e-03  2.12433138e-06 
 4.22703325e-03  2.12391585e-06 
 4.23203325e-03  2.12350404e-06 
 4.23703325e-03  2.12309593e-06 
 4.24203325e-03  2.12269152e-06 
 4.24703325e-03  2.12229080e-06 
 4.25203325e-03  2.12189373e-06 
 4.25703325e-03  2.12150027e-06 
 4.26203325e-03  2.12111036e-06 
 4.26703325e-03  2.12072394e-06 
 4.27203325e-03  2.12034094e-06 
 4.27703325e-03  2.11996130e-06 
 4.28203325e-03  2.11958498e-06 
 4.28703325e-03  2.11921190e-06 
 4.29203325e-03  2.11884193e-06 
 4.29703325e-03  2.11847486e-06 
 4.30203325e-03  2.11811014e-06 
 4.30703325e-03  2.11774601e-06 
 4.31203325e-03  2.11731470e-06 
 4.31703325e-03  2.11384637e-06 
 4.32095487e-03  2.11136862e-06 
 4.32463253e-03  2.10902992e-06 
 4.32910572e-03  2.10577123e-06 
 4.33410572e-03  2.10098903e-06 
 4.33910572e-03  2.09403215e-06 
 4.34410572e-03  2.08374880e-06 
 4.34910572e-03  2.07446249e-06 
 4.35410572e-03  2.07291073e-06 
 4.35910572e-03  2.07314879e-06 
 4.36410572e-03  2.07351066e-06 
 4.36910572e-03  2.07388644e-06 
 4.37410572e-03  2.07426695e-06 
 4.37910572e-03  2.07465078e-06 
 4.38410572e-03  2.07503781e-06 
 4.38910572e-03  2.07542910e-06 
 4.39410572e-03  2.07584251e-06 
 4.39910572e-03  2.07652786e-06 
 4.40410572e-03  2.08178477e-06 
 4.40910572e-03  2.10969271e-06 
 4.41410572e-03  2.14154328e-06 
 4.41910572e-03  2.15379347e-06 
 4.42410572e-03  2.14885506e-06 
 4.42910572e-03  2.13463382e-06 
 4.43410572e-03  2.11782074e-06 
 4.43910572e-03  2.10310476e-06 
 4.44410572e-03  2.09322290e-06 
 4.44910572e-03  2.08835469e-06 
 4.45410572e-03  2.08723101e-06 
 4.45910572e-03  2.08887244e-06 
 4.46410572e-03  2.09275834e-06 
 4.46910572e-03  2.09808415e-06 
 4.47410572e-03  2.10340054e-06 
 4.47910572e-03  2.10710083e-06 
 4.48410572e-03  2.10842424e-06 
 4.48910572e-03  2.10758357e-06 
 4.49410572e-03  2.10541967e-06 
 4.49910572e-03  2.10289521e-06 
 4.50410572e-03  2.10073870e-06 
 4.50910572e-03  2.09932769e-06 
 4.51410572e-03  2.09873687e-06 
 4.51910572e-03  2.09883877e-06 
 4.52410572e-03  2.09939388e-06 
 4.52910572e-03  2.10012356e-06 
 4.53410572e-03  2.10077644e-06 
 4.53910572e-03  2.10118312e-06 
 4.54410572e-03  2.10128252e-06 
 4.54910572e-03  2.10111187e-06 
 4.55410572e-03  2.10076930e-06 
 4.55910572e-03  2.10036890e-06 
 4.56410572e-03  2.10000523e-06 
 4.56910572e-03  2.09973492e-06 
 4.57410572e-03  2.09957417e-06 
 4.57910572e-03  2.09950711e-06 
 4.58410572e-03  2.09949921e-06 
 4.58910572e-03  2.09951123e-06 
 4.59410572e-03  2.09951036e-06 
 4.59910572e-03  2.09947675e-06 
 4.60410572e-03  2.09940489e-06 
 4.60910572e-03  2.09930092e-06 
 4.60966771e-03  2.09928621e-06 
 4.61079168e-03  2.09925912e-06 
 4.61107267e-03  2.09925150e-06 
 4.61163466e-03  2.09923759e-06 
 4.61177516e-03  2.09923374e-06 
 4.61205615e-03  2.09922671e-06 
 4.61261814e-03  2.09921215e-06 
 4.61275863e-03  2.09920827e-06 
 4.61303963e-03  2.09920124e-06 
 4.61336132e-03  2.09919303e-06 
 4.61370024e-03  2.09918475e-06 
 4.61415775e-03  2.09917434e-06 
 4.61443002e-03  2.09916742e-06 
 4.61472597e-03  2.09915954e-06 
 4.61510214e-03  2.09914945e-06 
 4.61575443e-03  2.09913195e-06 
 4.61705899e-03  2.09909707e-06 
 4.61966813e-03  2.09902866e-06 
 4.62466813e-03  2.09890719e-06 
 4.62966813e-03  2.09880089e-06 
 4.63466813e-03  2.09870890e-06 
 4.63966813e-03  2.09862742e-06 
 4.64466813e-03  2.09855132e-06 
 4.64966813e-03  2.09847575e-06 
 4.65466813e-03  2.09839734e-06 
 4.65966813e-03  2.09831456e-06 
 4.66466813e-03  2.09822760e-06 
 4.66966813e-03  2.09813781e-06 
 4.67466813e-03  2.09804697e-06 
 4.67966813e-03  2.09795673e-06 
 4.68466813e-03  2.09786819e-06 
 4.68966813e-03  2.09778180e-06 
 4.69466813e-03  2.09769742e-06 
 4.69966813e-03  2.09761456e-06 
 4.70466813e-03  2.09753257e-06 
 4.70966813e-03  2.09745091e-06 
 4.71466813e-03  2.09736921e-06 
 4.71966813e-03  2.09728735e-06 
 4.72466813e-03  2.09720540e-06 
 4.72966813e-03  2.09712353e-06 
 4.73466813e-03  2.09704197e-06 
 4.73966813e-03  2.09696088e-06 
 4.74466813e-03  2.09688039e-06 
 4.74966813e-03  2.09680052e-06 
 4.75466813e-03  2.09672123e-06 
 4.75966813e-03  2.09664244e-06 
 4.76466813e-03  2.09656408e-06 
 4.76966813e-03  2.09648608e-06 
 4.77466813e-03  2.09640839e-06 
 4.77966813e-03  2.09633098e-06 
 4.78466813e-03  2.09625385e-06 
 4.78966813e-03  2.09617698e-06 
 4.79466813e-03  2.09610035e-06 
 4.79966813e-03  2.09602390e-06 
 4.80466813e-03  2.09594752e-06 
 4.80966813e-03  2.09587106e-06 
 4.81466813e-03  2.09579427e-06 
 4.81966813e-03  2.09571687e-06 
 4.82466813e-03  2.09563868e-06 
 4.82966813e-03  2.09555976e-06 
 4.83466813e-03  2.09548060e-06 
 4.83966813e-03  2.09540193e-06 
 4.84466813e-03  2.09532450e-06 
 4.84966813e-03  2.09524886e-06 
 4.85466813e-03  2.09517533e-06 
 4.85966813e-03  2.09510409e-06 
 4.86466813e-03  2.09503536e-06 
 4.86966813e-03  2.09496959e-06 
 4.87466813e-03  2.09490616e-06 
 4.87529313e-03  2.09489021e-06 
 4.87540320e-03  2.09488631e-06 
 4.87562334e-03  2.09487109e-06 
 4.87606361e-03  2.09476239e-06 
 4.87610644e-03  2.09474071e-06 
 4.87619210e-03  2.09468562e-06 
 4.87636342e-03  2.09448691e-06 
 4.87649702e-03  2.09412690e-06 
 4.87661330e-03  2.09336036e-06 
 4.87671432e-03  2.09112590e-06 
 4.87675831e-03  2.08709161e-06 
 4.87677620e-03  2.11495387e-06 
 4.87678334e-03  2.05312159e-06 
 4.87679349e-03  2.09709525e-06 
 4.87681211e-03  2.09886237e-06 
 4.87684553e-03  2.09482795e-06 
 4.87686341e-03  2.09487170e-06 
 4.87688094e-03  2.09523792e-06 
 4.87690884e-03  2.09579682e-06 
 4.87693525e-03  2.09594680e-06 
 4.87698805e-03  2.09617659e-06 
 4.87704385e-03  2.09624045e-06 
 4.87710366e-03  2.09624444e-06 
 4.87717763e-03  2.09624300e-06 
 4.87727650e-03  2.09624395e-06 
 4.87747425e-03  2.09625165e-06 
 4.87786973e-03  2.09626135e-06 
 4.87866071e-03  2.09625056e-06 
 4.88024267e-03  2.09614249e-06 
 4.88340658e-03  2.09574395e-06 
 4.88840658e-03  2.09500616e-06 
 4.89340658e-03  2.09439923e-06 
 4.89840658e-03  2.09403888e-06 
 4.90340658e-03  2.09392555e-06 
 4.90840658e-03  2.09399289e-06 
 4.91340658e-03  2.09414897e-06 
 4.91840658e-03  2.09430731e-06 
 4.92340658e-03  2.09440720e-06 
 4.92840658e-03  2.09442214e-06 
 4.93340658e-03  2.09435688e-06 
 4.93840658e-03  2.09423654e-06 
 4.94340658e-03  2.09409342e-06 
 4.94840658e-03  2.09395586e-06 
 4.95340658e-03  2.09384186e-06 
 4.95840658e-03  2.09375753e-06 
 4.96340658e-03  2.09369925e-06 
 4.96840658e-03  2.09365764e-06 
 4.97340658e-03  2.09362186e-06 
 4.97840658e-03  2.09358300e-06 
 4.98340658e-03  2.09353579e-06 
 4.98840658e-03  2.09347897e-06 
 4.99340658e-03  2.09341435e-06 
 4.99840658e-03  2.09334535e-06 
 5.00340658e-03  2.09327559e-06 
 5.00840658e-03  2.09320787e-06 
 5.01340658e-03  2.09314362e-06 
 5.01840658e-03  2.09308300e-06 
 5.02340658e-03  2.09302521e-06 
 5.02840658e-03  2.09296905e-06 
 5.03340658e-03  2.09291331e-06 
 5.03840658e-03  2.09285716e-06 
 5.04340658e-03  2.09280020e-06 
 5.04840658e-03  2.09274248e-06 
 5.05340658e-03  2.09268431e-06 
 5.05840658e-03  2.09262611e-06 
 5.06340658e-03  2.09256827e-06 
 5.06840658e-03  2.09251102e-06 
 5.07340658e-03  2.09245447e-06 
 5.07840658e-03  2.09239857e-06 
 5.08340658e-03  2.09234320e-06 
 5.08840658e-03  2.09228821e-06 
 5.09340658e-03  2.09223347e-06 
 5.09840658e-03  2.09217892e-06 
 5.10340658e-03  2.09212454e-06 
 5.10840658e-03  2.09207034e-06 
 5.11340658e-03  2.09201637e-06 
 5.11840658e-03  2.09196268e-06 
 5.12340658e-03  2.09190930e-06 
 5.12840658e-03  2.09185626e-06 
 5.13340658e-03  2.09180354e-06 
 5.13840658e-03  2.09175114e-06 
 5.14340658e-03  2.09169904e-06 
 5.14840658e-03  2.09164723e-06 
 5.15340658e-03  2.09159569e-06 
 5.15840658e-03  2.09154442e-06 
 5.16340658e-03  2.09149341e-06 
 5.16840658e-03  2.09144267e-06 
 5.17340658e-03  2.09139220e-06 
 5.17840658e-03  2.09134201e-06 
 5.18340658e-03  2.09129209e-06 
 5.18840658e-03  2.09124245e-06 
 5.19340658e-03  2.09119308e-06 
 5.19840658e-03  2.09114399e-06 
 5.20340658e-03  2.09109517e-06 
 5.20840658e-03  2.09104661e-06 
 5.21340658e-03  2.09099832e-06 
 5.21840658e-03  2.09095028e-06 
 5.22340658e-03  2.09090251e-06 
 5.22840658e-03  2.09085500e-06 
 5.23340658e-03  2.09080775e-06 
 5.23840658e-03  2.09076076e-06 
 5.24340658e-03  2.09071402e-06 
 5.24840658e-03  2.09066754e-06 
 5.25340658e-03  2.09062132e-06 
 5.25840658e-03  2.09057535e-06 
 5.26340658e-03  2.09052963e-06 
 5.26840658e-03  2.09048417e-06 
 5.27340658e-03  2.09043895e-06 
 5.27840658e-03  2.09039398e-06 
 5.28340658e-03  2.09034925e-06 
 5.28840658e-03  2.09030478e-06 
 5.29340658e-03  2.09026054e-06 
 5.29840658e-03  2.09021656e-06 
 5.30340658e-03  2.09017281e-06 
 5.30840658e-03  2.09012930e-06 
 5.31340658e-03  2.09008604e-06 
 5.31840658e-03  2.09004301e-06 
 5.32340658e-03  2.09000022e-06 
 5.32840658e-03  2.08995766e-06 
 5.33340658e-03  2.08991534e-06 
 5.33840658e-03  2.08987326e-06 
 5.34340658e-03  2.08983140e-06 
 5.34840658e-03  2.08978978e-06 
 5.35340658e-03  2.08974839e-06 
 5.35840658e-03  2.08970722e-06 
 5.36340658e-03  2.08966629e-06 
 5.36840658e-03  2.08962558e-06 
 5.37340658e-03  2.08958510e-06 
 5.37840658e-03  2.08954484e-06 
 5.38340658e-03  2.08950480e-06 
 5.38840658e-03  2.08946499e-06 
 5.39340658e-03  2.08942540e-06 
 5.39840658e-03  2.08938602e-06 
 5.40340658e-03  2.08934687e-06 
 5.40840658e-03  2.08930794e-06 
 5.41340658e-03  2.08926922e-06 
 5.41840658e-03  2.08923071e-06 
 5.42340658e-03  2.08919243e-06 
 5.42840658e-03  2.08915435e-06 
 5.43340658e-03  2.08911649e-06 
 5.43840658e-03  2.08907884e-06 
 5.44340658e-03  2.08904139e-06 
 5.44840658e-03  2.08900416e-06 
 5.45340658e-03  2.08896714e-06 
 5.45840658e-03  2.08893032e-06 
 5.46340658e-03  2.08889371e-06 
 5.46840658e-03  2.08885730e-06 
 5.47340658e-03  2.08882110e-06 
 5.47840658e-03  2.08878511e-06 
 5.48340658e-03  2.08874931e-06 
 5.48840658e-03  2.08871371e-06 
 5.49340658e-03  2.08867832e-06 
 5.49840658e-03  2.08864312e-06 
 5.50340658e-03  2.08860812e-06 
 5.50840658e-03  2.08857332e-06 
 5.51340658e-03  2.08853871e-06 
 5.51840658e-03  2.08850430e-06 
 5.52340658e-03  2.08847009e-06 
 5.52840658e-03  2.08843606e-06 
 5.53340658e-03  2.08840223e-06 
 5.53840658e-03  2.08836859e-06 
 5.54340658e-03  2.08833514e-06 
 5.54840658e-03  2.08830188e-06 
 5.55340658e-03  2.08826881e-06 
 5.55840658e-03  2.08823592e-06 
 5.56340658e-03  2.08820323e-06 
 5.56840658e-03  2.08817071e-06 
 5.57340658e-03  2.08813839e-06 
 5.57840658e-03  2.08810624e-06 
 5.58340658e-03  2.08807428e-06 
 5.58840658e-03  2.08804250e-06 
 5.59340658e-03  2.08801090e-06 
 5.59840658e-03  2.08797948e-06 
 5.60340658e-03  2.08794824e-06 
 5.60840658e-03  2.08791718e-06 
 5.61340658e-03  2.08788629e-06 
 5.61840658e-03  2.08785559e-06 
 5.62340658e-03  2.08782505e-06 
 5.62840658e-03  2.08779470e-06 
 5.63340658e-03  2.08776451e-06 
 5.63840658e-03  2.08773450e-06 
 5.64340658e-03  2.08770467e-06 
 5.64840658e-03  2.08767500e-06 
 5.65340658e-03  2.08764550e-06 
 5.65840658e-03  2.08761617e-06 
 5.66340658e-03  2.08758702e-06 
 5.66840658e-03  2.08755803e-06 
 5.67340658e-03  2.08752920e-06 
 5.67840658e-03  2.08750054e-06 
 5.68340658e-03  2.08747205e-06 
 5.68840658e-03  2.08744373e-06 
 5.69340658e-03  2.08741556e-06 
 5.69840658e-03  2.08738756e-06 
 5.70340658e-03  2.08735972e-06 
 5.70840658e-03  2.08733205e-06 
 5.71340658e-03  2.08730453e-06 
 5.71840658e-03  2.08727717e-06 
 5.72340658e-03  2.08724998e-06 
 5.72840658e-03  2.08722294e-06 
 5.73340658e-03  2.08719605e-06 
 5.73840658e-03  2.08716933e-06 
 5.74340658e-03  2.08714276e-06 
 5.74840658e-03  2.08711634e-06 
 5.75340658e-03  2.08709008e-06 
 5.75840658e-03  2.08706398e-06 
 5.76340658e-03  2.08703802e-06 
 5.76840658e-03  2.08701222e-06 
 5.77340658e-03  2.08698657e-06 
 5.77840658e-03  2.08696107e-06 
 5.78340658e-03  2.08693572e-06 
 5.78840658e-03  2.08691052e-06 
 5.79340658e-03  2.08688546e-06 
 5.79840658e-03  2.08686056e-06 
 5.80340658e-03  2.08683580e-06 
 5.80840658e-03  2.08681118e-06 
 5.81340658e-03  2.08678672e-06 
 5.81840658e-03  2.08676239e-06 
 5.82340658e-03  2.08673821e-06 
 5.82840658e-03  2.08671418e-06 
 5.83340658e-03  2.08669028e-06 
 5.83840658e-03  2.08666653e-06 
 5.84340658e-03  2.08664292e-06 
 5.84840658e-03  2.08661945e-06 
 5.85340658e-03  2.08659612e-06 
 5.85840658e-03  2.08657293e-06 
 5.86340658e-03  2.08654987e-06 
 5.86840658e-03  2.08652696e-06 
 5.87340658e-03  2.08650418e-06 
 5.87840658e-03  2.08648154e-06 
 5.88340658e-03  2.08645903e-06 
 5.88840658e-03  2.08643666e-06 
 5.89340658e-03  2.08641442e-06 
 5.89840658e-03  2.08639232e-06 
 5.90340658e-03  2.08637034e-06 
 5.90840658e-03  2.08634850e-06 
 5.91340658e-03  2.08632680e-06 
 5.91840658e-03  2.08630522e-06 
 5.92340658e-03  2.08628377e-06 
 5.92840658e-03  2.08626246e-06 
 5.93340658e-03  2.08624127e-06 
 5.93840658e-03  2.08622021e-06 
 5.94340658e-03  2.08619928e-06 
 5.94840658e-03  2.08617847e-06 
 5.95340658e-03  2.08615780e-06 
 5.95840658e-03  2.08613724e-06 
 5.96340658e-03  2.08611682e-06 
 5.96840658e-03  2.08609651e-06 
 5.97340658e-03  2.08607633e-06 
 5.97840658e-03  2.08605628e-06 
 5.98340658e-03  2.08603635e-06 
 5.98840658e-03  2.08601654e-06 
 5.99340658e-03  2.08599685e-06 
 5.99840658e-03  2.08597728e-06 
 6.00340658e-03  2.08595783e-06 
 6.00840658e-03  2.08593851e-06 
 6.01340658e-03  2.08591930e-06 
 6.01840658e-03  2.08590021e-06 
 6.02340658e-03  2.08588124e-06 
 6.02840658e-03  2.08586238e-06 
 6.03340658e-03  2.08584364e-06 
 6.03840658e-03  2.08582502e-06 
 6.04340658e-03  2.08580652e-06 
 6.04840658e-03  2.08578813e-06 
 6.05340658e-03  2.08576985e-06 
 6.05840658e-03  2.08575169e-06 
 6.06340658e-03  2.08573364e-06 
 6.06840658e-03  2.08571570e-06 
 6.07340658e-03  2.08569788e-06 
 6.07840658e-03  2.08568017e-06 
 6.08340658e-03  2.08566257e-06 
 6.08840658e-03  2.08564508e-06 
 6.09340658e-03  2.08562770e-06 
 6.09840658e-03  2.08561042e-06 
 6.10340658e-03  2.08559326e-06 
 6.10840658e-03  2.08557621e-06 
 6.11340658e-03  2.08555927e-06 
 6.11840658e-03  2.08554243e-06 
 6.12340658e-03  2.08552570e-06 
 6.12840658e-03  2.08550907e-06 
 6.13340658e-03  2.08549255e-06 
 6.13840658e-03  2.08547614e-06 
 6.14340658e-03  2.08545983e-06 
 6.14840658e-03  2.08544362e-06 
 6.15340658e-03  2.08542752e-06 
 6.15840658e-03  2.08541153e-06 
 6.16340658e-03  2.08539563e-06 
 6.16840658e-03  2.08537984e-06 
 6.17340658e-03  2.08536415e-06 
 6.17840658e-03  2.08534856e-06 
 6.18340658e-03  2.08533307e-06 
 6.18840658e-03  2.08531768e-06 
 6.19340658e-03  2.08530239e-06 
 6.19840658e-03  2.08528720e-06 
 6.20340658e-03  2.08527210e-06 
 6.20840658e-03  2.08525711e-06 
 6.21340658e-03  2.08524221e-06 
 6.21840658e-03  2.08522742e-06 
 6.22340658e-03  2.08521271e-06 
 6.22840658e-03  2.08519811e-06 
 6.23340658e-03  2.08518360e-06 
 6.23840658e-03  2.08516918e-06 
 6.24340658e-03  2.08515486e-06 
 6.24840658e-03  2.08514064e-06 
 6.25340658e-03  2.08512651e-06 
 6.25840658e-03  2.08511247e-06 
 6.26340658e-03  2.08509852e-06 
 6.26840658e-03  2.08508467e-06 
 6.27340658e-03  2.08507091e-06 
 6.27840658e-03  2.08505724e-06 
 6.28340658e-03  2.08504366e-06 
 6.28840658e-03  2.08503018e-06 
 6.29340658e-03  2.08501678e-06 
 6.29840658e-03  2.08500347e-06 
 6.30340658e-03  2.08499025e-06 
 6.30840658e-03  2.08497713e-06 
 6.31340658e-03  2.08496408e-06 
 6.31840658e-03  2.08495113e-06 
 6.32340658e-03  2.08493827e-06 
 6.32840658e-03  2.08492549e-06 
 6.33340658e-03  2.08491280e-06 
 6.33840658e-03  2.08490019e-06 
 6.34340658e-03  2.08488767e-06 
 6.34840658e-03  2.08487524e-06 
 6.35340658e-03  2.08486289e-06 
 6.35840658e-03  2.08485063e-06 
 6.36340658e-03  2.08483845e-06 
 6.36840658e-03  2.08482635e-06 
 6.37340658e-03  2.08481434e-06 
 6.37840658e-03  2.08480241e-06 
 6.38340658e-03  2.08479056e-06 
 6.38840658e-03  2.08477880e-06 
 6.39340658e-03  2.08476712e-06 
 6.39840658e-03  2.08475551e-06 
 6.40340658e-03  2.08474399e-06 
 6.40840658e-03  2.08473255e-06 
 6.41340658e-03  2.08472119e-06 
 6.41840658e-03  2.08470991e-06 
 6.42340658e-03  2.08469871e-06 
 6.42840658e-03  2.08468759e-06 
 6.43340658e-03  2.08467654e-06 
 6.43840658e-03  2.08466558e-06 
 6.44340658e-03  2.08465469e-06 
 6.44840658e-03  2.08464388e-06 
 6.45340658e-03  2.08463314e-06 
 6.45840658e-03  2.08462248e-06 
 6.46340658e-03  2.08461190e-06 
 6.46840658e-03  2.08460140e-06 
 6.47340658e-03  2.08459097e-06 
 6.47840658e-03  2.08458061e-06 
 6.48340658e-03  2.08457033e-06 
 6.48840658e-03  2.08456013e-06 
 6.49340658e-03  2.08454999e-06 
 6.49840658e-03  2.08453993e-06 
 6.50340658e-03  2.08452995e-06 
 6.50840658e-03  2.08452004e-06 
 6.51340658e-03  2.08451020e-06 
 6.51840658e-03  2.08450043e-06 
 6.52340658e-03  2.08449073e-06 
 6.52840658e-03  2.08448111e-06 
 6.53340658e-03  2.08447155e-06 
 6.53840658e-03  2.08446207e-06 
 6.54340658e-03  2.08445266e-06 
 6.54840658e-03  2.08444331e-06 
 6.55340658e-03  2.08443404e-06 
 6.55840658e-03  2.08442484e-06 
 6.56340658e-03  2.08441570e-06 
 6.56840658e-03  2.08440664e-06 
 6.57340658e-03  2.08439764e-06 
 6.57840658e-03  2.08438871e-06 
 6.58340658e-03  2.08437985e-06 
 6.58840658e-03  2.08437105e-06 
 6.59340658e-03  2.08436232e-06 
 6.59840658e-03  2.08435366e-06 
 6.60340658e-03  2.08434506e-06 
 6.60840658e-03  2.08433653e-06 
 6.61340658e-03  2.08432807e-06 
 6.61840658e-03  2.08431967e-06 
 6.62340658e-03  2.08431134e-06 
 6.62840658e-03  2.08430307e-06 
 6.63340658e-03  2.08429486e-06 
 6.63840658e-03  2.08428672e-06 
 6.64340658e-03  2.08427864e-06 
 6.64840658e-03  2.08427063e-06 
 6.65340658e-03  2.08426268e-06 
 6.65840658e-03  2.08425479e-06 
 6.66340658e-03  2.08424696e-06 
 6.66840658e-03  2.08423920e-06 
 6.67340658e-03  2.08423150e-06 
 6.67840658e-03  2.08422385e-06 
 6.68340658e-03  2.08421627e-06 
 6.68840658e-03  2.08420875e-06 
 6.69340658e-03  2.08420130e-06 
 6.69840658e-03  2.08419390e-06 
 6.70340658e-03  2.08418656e-06 
 6.70840658e-03  2.08417928e-06 
 6.71340658e-03  2.08417206e-06 
 6.71840658e-03  2.08416490e-06 
 6.72340658e-03  2.08415780e-06 
 6.72840658e-03  2.08415075e-06 
 6.73340658e-03  2.08414377e-06 
 6.73840658e-03  2.08413684e-06 
 6.74340658e-03  2.08412997e-06 
 6.74840658e-03  2.08412316e-06 
 6.75340658e-03  2.08411640e-06 
 6.75840658e-03  2.08410970e-06 
 6.76340658e-03  2.08410306e-06 
 6.76840658e-03  2.08409647e-06 
 6.77340658e-03  2.08408994e-06 
 6.77840658e-03  2.08408347e-06 
 6.78340658e-03  2.08407705e-06 
 6.78840658e-03  2.08407068e-06 
 6.79340658e-03  2.08406437e-06 
 6.79840658e-03  2.08405812e-06 
 6.80340658e-03  2.08405191e-06 
 6.80840658e-03  2.08404577e-06 
 6.81340658e-03  2.08403967e-06 
 6.81840658e-03  2.08403363e-06 
 6.82340658e-03  2.08402764e-06 
 6.82840658e-03  2.08402171e-06 
 6.83340658e-03  2.08401582e-06 
 6.83840658e-03  2.08400999e-06 
 6.84340658e-03  2.08400421e-06 
 6.84840658e-03  2.08399849e-06 
 6.85340658e-03  2.08399281e-06 
 6.85840658e-03  2.08398719e-06 
 6.86340658e-03  2.08398162e-06 
 6.86840658e-03  2.08397609e-06 
 6.87340658e-03  2.08397062e-06 
 6.87840658e-03  2.08396520e-06 
 6.88340658e-03  2.08395983e-06 
 6.88840658e-03  2.08395451e-06 
 6.89340658e-03  2.08394923e-06 
 6.89840658e-03  2.08394401e-06 
 6.90340658e-03  2.08393884e-06 
 6.90840658e-03  2.08393371e-06 
 6.91340658e-03  2.08392863e-06 
 6.91840658e-03  2.08392360e-06 
 6.92340658e-03  2.08391862e-06 
 6.92840658e-03  2.08391369e-06 
 6.93340658e-03  2.08390880e-06 
 6.93840658e-03  2.08390396e-06 
 6.94340658e-03  2.08389917e-06 
 6.94840658e-03  2.08389443e-06 
 6.95340658e-03  2.08388973e-06 
 6.95840658e-03  2.08388507e-06 
 6.96340658e-03  2.08388047e-06 
 6.96840658e-03  2.08387591e-06 
 6.97340658e-03  2.08387139e-06 
 6.97840658e-03  2.08386692e-06 
 6.98340658e-03  2.08386250e-06 
 6.98840658e-03  2.08385812e-06 
 6.99340658e-03  2.08385378e-06 
 6.99840658e-03  2.08384949e-06 
 7.00340658e-03  2.08384524e-06 
 7.00840658e-03  2.08384104e-06 
 7.01340658e-03  2.08383688e-06 
 7.01840658e-03  2.08383277e-06 
 7.02340658e-03  2.08382870e-06 
 7.02840658e-03  2.08382467e-06 
 7.03340658e-03  2.08382068e-06 
 7.03840658e-03  2.08381674e-06 
 7.04340658e-03  2.08381284e-06 
 7.04840658e-03  2.08380898e-06 
 7.05340658e-03  2.08380516e-06 
 7.05840658e-03  2.08380138e-06 
 7.06340658e-03  2.08379765e-06 
 7.06840658e-03  2.08379396e-06 
 7.07340658e-03  2.08379031e-06 
 7.07840658e-03  2.08378670e-06 
 7.08340658e-03  2.08378313e-06 
 7.08840658e-03  2.08377960e-06 
 7.09340658e-03  2.08377611e-06 
 7.09840658e-03  2.08377266e-06 
 7.10340658e-03  2.08376925e-06 
 7.10840658e-03  2.08376588e-06 
 7.11340658e-03  2.08376255e-06 
 7.11840658e-03  2.08375926e-06 
 7.12340658e-03  2.08375601e-06 
 7.12840658e-03  2.08375280e-06 
 7.13340658e-03  2.08374962e-06 
 7.13840658e-03  2.08374649e-06 
 7.14340658e-03  2.08374339e-06 
 7.14840658e-03  2.08374033e-06 
 7.15340658e-03  2.08373731e-06 
 7.15840658e-03  2.08373432e-06 
 7.16340658e-03  2.08373138e-06 
 7.16840658e-03  2.08372847e-06 
 7.17340658e-03  2.08372560e-06 
 7.17840658e-03  2.08372276e-06 
 7.18340658e-03  2.08371996e-06 
 7.18840658e-03  2.08371720e-06 
 7.19340658e-03  2.08371447e-06 
 7.19840658e-03  2.08371178e-06 
 7.20340658e-03  2.08370913e-06 
 7.20840658e-03  2.08370651e-06 
 7.21340658e-03  2.08370393e-06 
 7.21840658e-03  2.08370138e-06 
 7.22340658e-03  2.08369887e-06 
 7.22840658e-03  2.08369640e-06 
 7.23340658e-03  2.08369395e-06 
 7.23840658e-03  2.08369155e-06 
 7.24340658e-03  2.08368917e-06 
 7.24840658e-03  2.08368684e-06 
 7.25340658e-03  2.08368453e-06 
 7.25840658e-03  2.08368226e-06 
 7.26340658e-03  2.08368002e-06 
 7.26840658e-03  2.08367782e-06 
 7.27340658e-03  2.08367565e-06 
 7.27840658e-03  2.08367352e-06 
 7.28340658e-03  2.08367141e-06 
 7.28840658e-03  2.08366934e-06 
 7.29340658e-03  2.08366730e-06 
 7.29840658e-03  2.08366530e-06 
 7.30340658e-03  2.08366333e-06 
 7.30840658e-03  2.08366139e-06 
 7.31340658e-03  2.08365948e-06 
 7.31840658e-03  2.08365760e-06 
 7.32340658e-03  2.08365576e-06 
 7.32840658e-03  2.08365394e-06 
 7.33340658e-03  2.08365216e-06 
 7.33840658e-03  2.08365041e-06 
 7.34340658e-03  2.08364869e-06 
 7.34840658e-03  2.08364700e-06 
 7.35340658e-03  2.08364534e-06 
 7.35840658e-03  2.08364371e-06 
 7.36340658e-03  2.08364212e-06 
 7.36840658e-03  2.08364055e-06 
 7.37340658e-03  2.08363901e-06 
 7.37840658e-03  2.08363751e-06 
 7.38340658e-03  2.08363603e-06 
 7.38840658e-03  2.08363458e-06 
 7.39340658e-03  2.08363316e-06 
 7.39840658e-03  2.08363177e-06 
 7.40340658e-03  2.08363041e-06 
 7.40840658e-03  2.08362908e-06 
 7.41340658e-03  2.08362778e-06 
 7.41840658e-03  2.08362651e-06 
 7.42340658e-03  2.08362526e-06 
 7.42840658e-03  2.08362405e-06 
 7.43340658e-03  2.08362286e-06 
 7.43840658e-03  2.08362170e-06 
 7.44340658e-03  2.08362056e-06 
 7.44840658e-03  2.08361946e-06 
 7.45340658e-03  2.08361838e-06 
 7.45840658e-03  2.08361733e-06 
 7.46340658e-03  2.08361631e-06 
 7.46840658e-03  2.08361532e-06 
 7.47340658e-03  2.08361435e-06 
 7.47840658e-03  2.08361341e-06 
 7.48340658e-03  2.08361249e-06 
 7.48840658e-03  2.08361161e-06 
 7.49340658e-03  2.08361074e-06 
 7.49840658e-03  2.08360991e-06 
 7.50340658e-03  2.08360910e-06 
 7.50840658e-03  2.08360832e-06 
 7.51340658e-03  2.08360756e-06 
 7.51840658e-03  2.08360683e-06 
 7.52340658e-03  2.08360613e-06 
 7.52840658e-03  2.08360545e-06 
 7.53340658e-03  2.08360479e-06 
 7.53840658e-03  2.08360416e-06 
 7.54340658e-03  2.08360356e-06 
 7.54840658e-03  2.08360298e-06 
 7.55340658e-03  2.08360242e-06 
 7.55840658e-03  2.08360189e-06 
 7.56340658e-03  2.08360139e-06 
 7.56840658e-03  2.08360091e-06 
 7.57340658e-03  2.08360045e-06 
 7.57840658e-03  2.08360002e-06 
 7.58340658e-03  2.08359961e-06 
 7.58840658e-03  2.08359923e-06 
 7.59340658e-03  2.08359887e-06 
 7.59840658e-03  2.08359853e-06 
 7.60340658e-03  2.08359821e-06 
 7.60840658e-03  2.08359792e-06 
 7.61340658e-03  2.08359766e-06 
 7.61840658e-03  2.08359741e-06 
 7.62340658e-03  2.08359719e-06 
 7.62840658e-03  2.08359700e-06 
 7.63340658e-03  2.08359682e-06 
 7.63840658e-03  2.08359667e-06 
 7.64340658e-03  2.08359654e-06 
 7.64840658e-03  2.08359643e-06 
 7.65340658e-03  2.08359634e-06 
 7.65840658e-03  2.08359628e-06 
 7.66340658e-03  2.08359624e-06 
 7.66840658e-03  2.08359622e-06 
 7.67340658e-03  2.08359622e-06 
 7.67840658e-03  2.08359625e-06 
 7.68340658e-03  2.08359629e-06 
 7.68840658e-03  2.08359636e-06 
 7.69340658e-03  2.08359645e-06 
 7.69840658e-03  2.08359656e-06 
 7.70340658e-03  2.08359669e-06 
 7.70840658e-03  2.08359684e-06 
 7.71340658e-03  2.08359701e-06 
 7.71840658e-03  2.08359720e-06 
 7.72340658e-03  2.08359742e-06 
 7.72840658e-03  2.08359765e-06 
 7.73340658e-03  2.08359791e-06 
 7.73840658e-03  2.08359818e-06 
 7.74340658e-03  2.08359848e-06 
 7.74840658e-03  2.08359879e-06 
 7.75340658e-03  2.08359913e-06 
 7.75840658e-03  2.08359948e-06 
 7.76340658e-03  2.08359986e-06 
 7.76840658e-03  2.08360025e-06 
 7.77340658e-03  2.08360066e-06 
 7.77840658e-03  2.08360110e-06 
 7.78340658e-03  2.08360155e-06 
 7.78840658e-03  2.08360202e-06 
 7.79340658e-03  2.08360251e-06 
 7.79840658e-03  2.08360302e-06 
 7.80340658e-03  2.08360355e-06 
 7.80840658e-03  2.08360410e-06 
 7.81340658e-03  2.08360466e-06 
 7.81840658e-03  2.08360525e-06 
 7.82340658e-03  2.08360585e-06 
 7.82840658e-03  2.08360647e-06 
 7.83340658e-03  2.08360711e-06 
 7.83840658e-03  2.08360777e-06 
 7.84340658e-03  2.08360844e-06 
 7.84840658e-03  2.08360914e-06 
 7.85340658e-03  2.08360985e-06 
 7.85840658e-03  2.08361058e-06 
 7.86340658e-03  2.08361132e-06 
 7.86840658e-03  2.08361209e-06 
 7.87340658e-03  2.08361287e-06 
 7.87840658e-03  2.08361367e-06 
 7.88340658e-03  2.08361448e-06 
 7.88840658e-03  2.08361532e-06 
 7.89340658e-03  2.08361617e-06 
 7.89840658e-03  2.08361703e-06 
 7.90340658e-03  2.08361792e-06 
 7.90840658e-03  2.08361882e-06 
 7.91340658e-03  2.08361974e-06 
 7.91840658e-03  2.08362067e-06 
 7.92340658e-03  2.08362162e-06 
 7.92840658e-03  2.08362259e-06 
 7.93340658e-03  2.08362357e-06 
 7.93840658e-03  2.08362457e-06 
 7.94340658e-03  2.08362559e-06 
 7.94840658e-03  2.08362662e-06 
 7.95340658e-03  2.08362766e-06 
 7.95840658e-03  2.08362873e-06 
 7.96340658e-03  2.08362981e-06 
 7.96840658e-03  2.08363090e-06 
 7.97340658e-03  2.08363201e-06 
 7.97840658e-03  2.08363314e-06 
 7.98340658e-03  2.08363428e-06 
 7.98840658e-03  2.08363543e-06 
 7.99340658e-03  2.08363660e-06 
 7.99840658e-03  2.08363779e-06 
 8.00340658e-03  2.08363899e-06 
 8.00840658e-03  2.08364021e-06 
 8.01340658e-03  2.08364144e-06 
 8.01840658e-03  2.08364269e-06 
 8.02340658e-03  2.08364395e-06 
 8.02840658e-03  2.08364522e-06 
 8.03340658e-03  2.08364651e-06 
 8.03840658e-03  2.08364782e-06 
 8.04340658e-03  2.08364913e-06 
 8.04840658e-03  2.08365047e-06 
 8.05340658e-03  2.08365181e-06 
 8.05840658e-03  2.08365317e-06 
 8.06340658e-03  2.08365455e-06 
 8.06840658e-03  2.08365594e-06 
 8.07340658e-03  2.08365734e-06 
 8.07840658e-03  2.08365876e-06 
 8.08340658e-03  2.08366019e-06 
 8.08840658e-03  2.08366163e-06 
 8.09340658e-03  2.08366309e-06 
 8.09840658e-03  2.08366456e-06 
 8.10340658e-03  2.08366604e-06 
 8.10840658e-03  2.08366754e-06 
 8.11340658e-03  2.08366905e-06 
 8.11840658e-03  2.08367058e-06 
 8.12340658e-03  2.08367211e-06 
 8.12840658e-03  2.08367366e-06 
 8.13340658e-03  2.08367522e-06 
 8.13840658e-03  2.08367680e-06 
 8.14340658e-03  2.08367839e-06 
 8.14840658e-03  2.08367999e-06 
 8.15340658e-03  2.08368160e-06 
 8.15840658e-03  2.08368323e-06 
 8.16340658e-03  2.08368487e-06 
 8.16840658e-03  2.08368652e-06 
 8.17340658e-03  2.08368818e-06 
 8.17840658e-03  2.08368985e-06 
 8.18340658e-03  2.08369154e-06 
 8.18840658e-03  2.08369324e-06 
 8.19340658e-03  2.08369495e-06 
 8.19840658e-03  2.08369668e-06 
 8.20340658e-03  2.08369841e-06 
 8.20840658e-03  2.08370016e-06 
 8.21340658e-03  2.08370192e-06 
 8.21840658e-03  2.08370369e-06 
 8.22340658e-03  2.08370547e-06 
 8.22840658e-03  2.08370726e-06 
 8.23340658e-03  2.08370907e-06 
 8.23840658e-03  2.08371088e-06 
 8.24340658e-03  2.08371271e-06 
 8.24840658e-03  2.08371455e-06 
 8.25340658e-03  2.08371640e-06 
 8.25840658e-03  2.08371826e-06 
 8.26340658e-03  2.08372013e-06 
 8.26840658e-03  2.08372201e-06 
 8.27340658e-03  2.08372391e-06 
 8.27840658e-03  2.08372581e-06 
 8.28340658e-03  2.08372773e-06 
 8.28840658e-03  2.08372965e-06 
 8.29340658e-03  2.08373159e-06 
 8.29840658e-03  2.08373354e-06 
 8.30340658e-03  2.08373549e-06 
 8.30840658e-03  2.08373746e-06 
 8.31340658e-03  2.08373944e-06 
 8.31840658e-03  2.08374143e-06 
 8.32340658e-03  2.08374343e-06 
 8.32840658e-03  2.08374544e-06 
 8.33340658e-03  2.08374745e-06 
 8.33840658e-03  2.08374948e-06 
 8.34340658e-03  2.08375152e-06 
 8.34840658e-03  2.08375357e-06 
 8.35340658e-03  2.08375563e-06 
 8.35840658e-03  2.08375770e-06 
 8.36340658e-03  2.08375978e-06 
 8.36840658e-03  2.08376186e-06 
 8.37340658e-03  2.08376396e-06 
 8.37840658e-03  2.08376607e-06 
 8.38340658e-03  2.08376819e-06 
 8.38840658e-03  2.08377031e-06 
 8.39340658e-03  2.08377245e-06 
 8.39840658e-03  2.08377459e-06 
 8.40340658e-03  2.08377675e-06 
 8.40840658e-03  2.08377891e-06 
 8.41340658e-03  2.08378108e-06 
 8.41840658e-03  2.08378326e-06 
 8.42340658e-03  2.08378545e-06 
 8.42840658e-03  2.08378765e-06 
 8.43340658e-03  2.08378986e-06 
 8.43840658e-03  2.08379208e-06 
 8.44340658e-03  2.08379430e-06 
 8.44840658e-03  2.08379654e-06 
 8.45340658e-03  2.08379878e-06 
 8.45840658e-03  2.08380103e-06 
 8.46340658e-03  2.08380329e-06 
 8.46840658e-03  2.08380556e-06 
 8.47340658e-03  2.08380784e-06 
 8.47840658e-03  2.08381012e-06 
 8.48340658e-03  2.08381242e-06 
 8.48840658e-03  2.08381472e-06 
 8.49340658e-03  2.08381703e-06 
 8.49840658e-03  2.08381935e-06 
 8.50340658e-03  2.08382168e-06 
 8.50840658e-03  2.08382401e-06 
 8.51340658e-03  2.08382636e-06 
 8.51840658e-03  2.08382871e-06 
 8.52340658e-03  2.08383106e-06 
 8.52840658e-03  2.08383343e-06 
 8.53340658e-03  2.08383581e-06 
 8.53840658e-03  2.08383819e-06 
 8.54340658e-03  2.08384058e-06 
 8.54840658e-03  2.08384298e-06 
 8.55340658e-03  2.08384538e-06 
 8.55840658e-03  2.08384779e-06 
 8.56340658e-03  2.08385021e-06 
 8.56840658e-03  2.08385264e-06 
 8.57340658e-03  2.08385508e-06 
 8.57840658e-03  2.08385752e-06 
 8.58340658e-03  2.08385997e-06 
 8.58840658e-03  2.08386243e-06 
 8.59340658e-03  2.08386489e-06 
 8.59840658e-03  2.08386736e-06 
 8.60340658e-03  2.08386984e-06 
 8.60840658e-03  2.08387233e-06 
 8.61340658e-03  2.08387482e-06 
 8.61840658e-03  2.08387732e-06 
 8.62340658e-03  2.08387982e-06 
 8.62840658e-03  2.08388234e-06 
 8.63340658e-03  2.08388486e-06 
 8.63840658e-03  2.08388738e-06 
 8.64340658e-03  2.08388992e-06 
 8.64840658e-03  2.08389246e-06 
 8.65340658e-03  2.08389500e-06 
 8.65840658e-03  2.08389756e-06 
 8.66340658e-03  2.08390012e-06 
 8.66840658e-03  2.08390268e-06 
 8.67340658e-03  2.08390526e-06 
 8.67840658e-03  2.08390784e-06 
 8.68340658e-03  2.08391042e-06 
 8.68840658e-03  2.08391301e-06 
 8.69340658e-03  2.08391561e-06 
 8.69840658e-03  2.08391822e-06 
 8.70340658e-03  2.08392083e-06 
 8.70840658e-03  2.08392344e-06 
 8.71340658e-03  2.08392607e-06 
 8.71840658e-03  2.08392870e-06 
 8.72340658e-03  2.08393133e-06 
 8.72840658e-03  2.08393397e-06 
 8.73340658e-03  2.08393662e-06 
 8.73840658e-03  2.08393927e-06 
 8.74340658e-03  2.08394193e-06 
 8.74840658e-03  2.08394459e-06 
 8.75340658e-03  2.08394727e-06 
 8.75840658e-03  2.08394994e-06 
 8.76340658e-03  2.08395262e-06 
 8.76840658e-03  2.08395531e-06 
 8.77340658e-03  2.08395800e-06 
 8.77840658e-03  2.08396070e-06 
 8.78340658e-03  2.08396340e-06 
 8.78840658e-03  2.08396611e-06 
 8.79340658e-03  2.08396883e-06 
 8.79840658e-03  2.08397155e-06 
 8.80340658e-03  2.08397427e-06 
 8.80840658e-03  2.08397700e-06 
 8.81340658e-03  2.08397974e-06 
 8.81840658e-03  2.08398248e-06 
 8.82340658e-03  2.08398523e-06 
 8.82840658e-03  2.08398798e-06 
 8.83340658e-03  2.08399074e-06 
 8.83840658e-03  2.08399350e-06 
 8.84340658e-03  2.08399627e-06 
 8.84840658e-03  2.08399904e-06 
 8.85340658e-03  2.08400181e-06 
 8.85840658e-03  2.08400460e-06 
 8.86340658e-03  2.08400738e-06 
 8.86840658e-03  2.08401017e-06 
 8.87340658e-03  2.08401297e-06 
 8.87840658e-03  2.08401577e-06 
 8.88340658e-03  2.08401858e-06 
 8.88840658e-03  2.08402139e-06 
 8.89340658e-03  2.08402420e-06 
 8.89840658e-03  2.08402702e-06 
 8.90340658e-03  2.08402985e-06 
 8.90840658e-03  2.08403268e-06 
 8.91340658e-03  2.08403551e-06 
 8.91840658e-03  2.08403835e-06 
 8.92340658e-03  2.08404119e-06 
 8.92840658e-03  2.08404404e-06 
 8.93340658e-03  2.08404689e-06 
 8.93840658e-03  2.08404974e-06 
 8.94340658e-03  2.08405260e-06 
 8.94840658e-03  2.08405547e-06 
 8.95340658e-03  2.08405834e-06 
 8.95840658e-03  2.08406121e-06 
 8.96340658e-03  2.08406409e-06 
 8.96840658e-03  2.08406697e-06 
 8.97340658e-03  2.08406985e-06 
 8.97840658e-03  2.08407274e-06 
 8.98340658e-03  2.08407563e-06 
 8.98840658e-03  2.08407853e-06 
 8.99340658e-03  2.08408143e-06 
 8.99840658e-03  2.08408434e-06 
 9.00340658e-03  2.08408725e-06 
 9.00840658e-03  2.08409016e-06 
 9.01340658e-03  2.08409308e-06 
 9.01840658e-03  2.08409600e-06 
 9.02340658e-03  2.08409892e-06 
 9.02840658e-03  2.08410185e-06 
 9.03340658e-03  2.08410478e-06 
 9.03840658e-03  2.08410772e-06 
 9.04340658e-03  2.08411066e-06 
 9.04840658e-03  2.08411360e-06 
 9.05340658e-03  2.08411655e-06 
 9.05840658e-03  2.08411950e-06 
 9.06340658e-03  2.08412245e-06 
 9.06840658e-03  2.08412541e-06 
 9.07340658e-03  2.08412837e-06 
 9.07840658e-03  2.08413133e-06 
 9.08340658e-03  2.08413430e-06 
 9.08840658e-03  2.08413727e-06 
 9.09340658e-03  2.08414025e-06 
 9.09840658e-03  2.08414322e-06 
 9.10340658e-03  2.08414620e-06 
 9.10840658e-03  2.08414919e-06 
 9.11340658e-03  2.08415218e-06 
 9.11840658e-03  2.08415517e-06 
 9.12340658e-03  2.08415816e-06 
 9.12840658e-03  2.08416116e-06 
 9.13340658e-03  2.08416416e-06 
 9.13840658e-03  2.08416716e-06 
 9.14340658e-03  2.08417017e-06 
 9.14840658e-03  2.08417318e-06 
 9.15340658e-03  2.08417619e-06 
 9.15840658e-03  2.08417920e-06 
 9.16340658e-03  2.08418222e-06 
 9.16840658e-03  2.08418524e-06 
 9.17340658e-03  2.08418827e-06 
 9.17840658e-03  2.08419130e-06 
 9.18340658e-03  2.08419433e-06 
 9.18840658e-03  2.08419736e-06 
 9.19340658e-03  2.08420039e-06 
 9.19840658e-03  2.08420343e-06 
 9.20340658e-03  2.08420647e-06 
 9.20840658e-03  2.08420952e-06 
 9.21340658e-03  2.08421256e-06 
 9.21840658e-03  2.08421561e-06 
 9.22340658e-03  2.08421867e-06 
 9.22840658e-03  2.08422172e-06 
 9.23340658e-03  2.08422478e-06 
 9.23840658e-03  2.08422784e-06 
 9.24340658e-03  2.08423090e-06 
 9.24840658e-03  2.08423396e-06 
 9.25340658e-03  2.08423703e-06 
 9.25840658e-03  2.08424010e-06 
 9.26340658e-03  2.08424317e-06 
 9.26840658e-03  2.08424625e-06 
 9.27340658e-03  2.08424933e-06 
 9.27840658e-03  2.08425241e-06 
 9.28340658e-03  2.08425549e-06 
 9.28840658e-03  2.08425857e-06 
 9.29340658e-03  2.08426166e-06 
 9.29840658e-03  2.08426475e-06 
 9.30340658e-03  2.08426784e-06 
 9.30840658e-03  2.08427093e-06 
 9.31340658e-03  2.08427403e-06 
 9.31840658e-03  2.08427713e-06 
 9.32340658e-03  2.08428023e-06 
 9.32840658e-03  2.08428333e-06 
 9.33340658e-03  2.08428643e-06 
 9.33840658e-03  2.08428954e-06 
 9.34340658e-03  2.08429265e-06 
 9.34840658e-03  2.08429576e-06 
 9.35340658e-03  2.08429887e-06 
 9.35840658e-03  2.08430198e-06 
 9.36340658e-03  2.08430510e-06 
 9.36840658e-03  2.08430822e-06 
 9.37340658e-03  2.08431134e-06 
 9.37840658e-03  2.08431446e-06 
 9.38340658e-03  2.08431759e-06 
 9.38840658e-03  2.08432071e-06 
 9.39340658e-03  2.08432384e-06 
 9.39840658e-03  2.08432697e-06 
 9.40340658e-03  2.08433010e-06 
 9.40840658e-03  2.08433323e-06 
 9.41340658e-03  2.08433637e-06 
 9.41840658e-03  2.08433951e-06 
 9.42340658e-03  2.08434265e-06 
 9.42840658e-03  2.08434579e-06 
 9.43340658e-03  2.08434893e-06 
 9.43840658e-03  2.08435207e-06 
 9.44340658e-03  2.08435522e-06 
 9.44840658e-03  2.08435836e-06 
 9.45340658e-03  2.08436151e-06 
 9.45840658e-03  2.08436466e-06 
 9.46340658e-03  2.08436781e-06 
 9.46840658e-03  2.08437097e-06 
 9.47340658e-03  2.08437412e-06 
 9.47840658e-03  2.08437728e-06 
 9.48340658e-03  2.08438044e-06 
 9.48840658e-03  2.08438360e-06 
 9.49340658e-03  2.08438676e-06 
 9.49840658e-03  2.08438992e-06 
 9.50340658e-03  2.08439308e-06 
 9.50840658e-03  2.08439625e-06 
 9.51340658e-03  2.08439942e-06 
 9.51840658e-03  2.08440258e-06 
 9.52340658e-03  2.08440575e-06 
 9.52840658e-03  2.08440892e-06 
 9.53340658e-03  2.08441209e-06 
 9.53840658e-03  2.08441527e-06 
 9.54340658e-03  2.08441844e-06 
 9.54840658e-03  2.08442162e-06 
 9.55340658e-03  2.08442479e-06 
 9.55840658e-03  2.08442797e-06 
 9.56340658e-03  2.08443115e-06 
 9.56840658e-03  2.08443433e-06 
 9.57340658e-03  2.08443751e-06 
 9.57840658e-03  2.08444070e-06 
 9.58340658e-03  2.08444388e-06 
 9.58840658e-03  2.08444707e-06 
 9.59340658e-03  2.08445025e-06 
 9.59840658e-03  2.08445344e-06 
 9.60340658e-03  2.08445663e-06 
 9.60840658e-03  2.08445982e-06 
 9.61340658e-03  2.08446301e-06 
 9.61840658e-03  2.08446620e-06 
 9.62340658e-03  2.08446939e-06 
 9.62840658e-03  2.08447259e-06 
 9.63340658e-03  2.08447578e-06 
 9.63840658e-03  2.08447897e-06 
 9.64340658e-03  2.08448217e-06 
 9.64840658e-03  2.08448537e-06 
 9.65340658e-03  2.08448857e-06 
 9.65840658e-03  2.08449177e-06 
 9.66340658e-03  2.08449497e-06 
 9.66840658e-03  2.08449817e-06 
 9.67340658e-03  2.08450137e-06 
 9.67840658e-03  2.08450457e-06 
 9.68340658e-03  2.08450777e-06 
 9.68840658e-03  2.08451098e-06 
 9.69340658e-03  2.08451418e-06 
 9.69840658e-03  2.08451739e-06 
 9.70340658e-03  2.08452059e-06 
 9.70840658e-03  2.08452380e-06 
 9.71340658e-03  2.08452701e-06 
 9.71840658e-03  2.08453022e-06 
 9.72340658e-03  2.08453343e-06 
 9.72840658e-03  2.08453664e-06 
 9.73340658e-03  2.08453985e-06 
 9.73840658e-03  2.08454306e-06 
 9.74340658e-03  2.08454627e-06 
 9.74840658e-03  2.08454948e-06 
 9.75340658e-03  2.08455269e-06 
 9.75840658e-03  2.08455591e-06 
 9.76340658e-03  2.08455912e-06 
 9.76840658e-03  2.08456234e-06 
 9.77340658e-03  2.08456555e-06 
 9.77840658e-03  2.08456877e-06 
 9.78340658e-03  2.08457198e-06 
 9.78840658e-03  2.08457520e-06 
 9.79340658e-03  2.08457842e-06 
 9.79840658e-03  2.08458164e-06 
 9.80340658e-03  2.08458485e-06 
 9.80840658e-03  2.08458807e-06 
 9.81340658e-03  2.08459129e-06 
 9.81840658e-03  2.08459451e-06 
 9.82340658e-03  2.08459773e-06 
 9.82840658e-03  2.08460095e-06 
 9.83340658e-03  2.08460417e-06 
 9.83840658e-03  2.08460739e-06 
 9.84340658e-03  2.08461062e-06 
 9.84840658e-03  2.08461384e-06 
 9.85340658e-03  2.08461706e-06 
 9.85840658e-03  2.08462028e-06 
 9.86340658e-03  2.08462350e-06 
 9.86840658e-03  2.08462673e-06 
 9.87340658e-03  2.08462995e-06 
 9.87840658e-03  2.08463317e-06 
 9.88340658e-03  2.08463640e-06 
 9.88840658e-03  2.08463962e-06 
 9.89340658e-03  2.08464285e-06 
 9.89840658e-03  2.08464607e-06 
 9.90340658e-03  2.08464930e-06 
 9.90840658e-03  2.08465252e-06 
 9.91340658e-03  2.08465575e-06 
 9.91840658e-03  2.08465897e-06 
 9.92340658e-03  2.08466220e-06 
 9.92840658e-03  2.08466542e-06 
 9.93340658e-03  2.08466865e-06 
 9.93840658e-03  2.08467188e-06 
 9.94340658e-03  2.08467510e-06 
 9.94840658e-03  2.08467833e-06 
 9.95340658e-03  2.08468156e-06 
 9.95840658e-03  2.08468478e-06 
 9.96340658e-03  2.08468801e-06 
 9.96840658e-03  2.08469124e-06 
 9.97340658e-03  2.08469446e-06 
 9.97840658e-03  2.08469769e-06 
 9.98340658e-03  2.08470092e-06 
 9.98840658e-03  2.08470414e-06 
 9.99340658e-03  2.08470737e-06 
 9.99840658e-03  2.08471060e-06 
 1.00034066e-02  2.08471382e-06 
 1.00084066e-02  2.08471705e-06 
 1.00134066e-02  2.08472028e-06 
 1.00184066e-02  2.08472350e-06 
 1.00234066e-02  2.08472673e-06 
 1.00284066e-02  2.08472996e-06 
 1.00334066e-02  2.08473318e-06 
 1.00384066e-02  2.08473641e-06 
 1.00434066e-02  2.08473964e-06 
 1.00484066e-02  2.08474286e-06 
 1.00534066e-02  2.08474609e-06 
 1.00584066e-02  2.08474932e-06 
 1.00634066e-02  2.08475254e-06 
 1.00684066e-02  2.08475577e-06 
 1.00734066e-02  2.08475899e-06 
 1.00784066e-02  2.08476222e-06 
 1.00834066e-02  2.08476544e-06 
 1.00884066e-02  2.08476867e-06 
 1.00934066e-02  2.08477189e-06 
 1.00984066e-02  2.08477512e-06 
 1.01034066e-02  2.08477834e-06 
 1.01084066e-02  2.08478157e-06 
 1.01134066e-02  2.08478479e-06 
 1.01184066e-02  2.08478802e-06 
 1.01234066e-02  2.08479124e-06 
 1.01284066e-02  2.08479446e-06 
 1.01334066e-02  2.08479769e-06 
 1.01384066e-02  2.08480091e-06 
 1.01434066e-02  2.08480413e-06 
 1.01484066e-02  2.08480736e-06 
 1.01534066e-02  2.08481058e-06 
 1.01584066e-02  2.08481380e-06 
 1.01634066e-02  2.08481702e-06 
 1.01684066e-02  2.08482024e-06 
 1.01734066e-02  2.08482346e-06 
 1.01784066e-02  2.08482669e-06 
 1.01834066e-02  2.08482991e-06 
 1.01884066e-02  2.08483313e-06 
 1.01934066e-02  2.08483635e-06 
 1.01984066e-02  2.08483956e-06 
 1.02034066e-02  2.08484278e-06 
 1.02084066e-02  2.08484600e-06 
 1.02134066e-02  2.08484922e-06 
 1.02184066e-02  2.08485244e-06 
 1.02234066e-02  2.08485566e-06 
 1.02284066e-02  2.08485887e-06 
 1.02334066e-02  2.08486209e-06 
 1.02384066e-02  2.08486531e-06 
 1.02434066e-02  2.08486852e-06 
 1.02484066e-02  2.08487174e-06 
 1.02534066e-02  2.08487495e-06 
 1.02584066e-02  2.08487817e-06 
 1.02634066e-02  2.08488138e-06 
 1.02684066e-02  2.08488459e-06 
 1.02734066e-02  2.08488781e-06 
 1.02784066e-02  2.08489102e-06 
 1.02834066e-02  2.08489423e-06 
 1.02884066e-02  2.08489744e-06 
 1.02934066e-02  2.08490065e-06 
 1.02984066e-02  2.08490386e-06 
 1.03034066e-02  2.08490707e-06 
 1.03084066e-02  2.08491028e-06 
 1.03134066e-02  2.08491349e-06 
 1.03184066e-02  2.08491670e-06 
 1.03234066e-02  2.08491991e-06 
 1.03284066e-02  2.08492312e-06 
 1.03334066e-02  2.08492632e-06 
 1.03384066e-02  2.08492953e-06 
 1.03434066e-02  2.08493273e-06 
 1.03484066e-02  2.08493594e-06 
 1.03534066e-02  2.08493914e-06 
 1.03584066e-02  2.08494235e-06 
 1.03634066e-02  2.08494555e-06 
 1.03684066e-02  2.08494875e-06 
 1.03734066e-02  2.08495196e-06 
 1.03784066e-02  2.08495516e-06 
 1.03834066e-02  2.08495836e-06 
 1.03884066e-02  2.08496156e-06 
 1.03934066e-02  2.08496476e-06 
 1.03984066e-02  2.08496796e-06 
 1.04034066e-02  2.08497115e-06 
 1.04084066e-02  2.08497435e-06 
 1.04134066e-02  2.08497755e-06 
 1.04184066e-02  2.08498075e-06 
 1.04234066e-02  2.08498394e-06 
 1.04284066e-02  2.08498714e-06 
 1.04334066e-02  2.08499033e-06 
 1.04384066e-02  2.08499352e-06 
 1.04434066e-02  2.08499672e-06 
 1.04484066e-02  2.08499991e-06 
 1.04534066e-02  2.08500310e-06 
 1.04584066e-02  2.08500629e-06 
 1.04634066e-02  2.08500948e-06 
 1.04684066e-02  2.08501267e-06 
 1.04734066e-02  2.08501586e-06 
 1.04784066e-02  2.08501905e-06 
 1.04834066e-02  2.08502224e-06 
 1.04884066e-02  2.08502542e-06 
 1.04934066e-02  2.08502861e-06 
 1.04984066e-02  2.08503179e-06 
 1.05000000e-02  2.08503281e-06 
