 5.00000000e-09  5.00000000e-06 
 5.14019886e-09  5.14019886e-06 
 5.42059659e-09  5.42059659e-06 
 5.98139205e-09  5.98139205e-06 
 6.77335439e-09  6.77335439e-06 
 8.02712986e-09  8.02712986e-06 
 1.05346808e-08  1.05346808e-05 
 1.55497827e-08  1.55497827e-05 
 2.55799864e-08  2.55799864e-05 
 4.56127031e-08  4.56127031e-05 
 5.94323017e-08  5.94323017e-05 
 7.41960843e-08  7.41960843e-05 
 8.34842797e-08  8.34842797e-05 
 9.41013552e-08  9.41013552e-05 
 1.06648297e-07  1.06648297e-04 
 1.20280253e-07  1.20280253e-04 
 1.39375642e-07  1.39375642e-04 
 1.59800289e-07  1.59800289e-04 
 1.89927995e-07  1.89927995e-04 
 2.32823585e-07  2.32823585e-04 
 2.92530324e-07  2.92530324e-04 
 3.54641918e-07  3.54641918e-04 
 4.62170983e-07  4.62170983e-04 
 5.00000000e-07  5.00000000e-04 
 5.10241323e-07  5.10241323e-04 
 5.30723968e-07  5.30723968e-04 
 5.62180792e-07  5.62180792e-04 
 6.25094441e-07  6.25094441e-04 
 6.60417770e-07  6.60417770e-04 
 6.90759021e-07  6.90759021e-04 
 7.22045461e-07  7.22045461e-04 
 7.36539402e-07  7.36539402e-04 
 7.44280915e-07  7.44280915e-04 
 7.49877242e-07  7.49877242e-04 
 7.54408762e-07  7.54408762e-04 
 7.59517964e-07  7.59517964e-04 
 7.68231654e-07  7.68231654e-04 
 7.85659035e-07  7.85659035e-04 
 8.15696218e-07  8.15696218e-04 
 8.55008591e-07  8.55008591e-04 
 9.17019827e-07  9.17019827e-04 
 9.76345763e-07  9.76345763e-04 
 1.00000000e-06  1.00000000e-03 
 1.00557721e-06  1.00557721e-03 
 1.01673162e-06  1.01673162e-03 
 1.03904045e-06  1.03904045e-03 
 1.06171111e-06  1.06171111e-03 
 1.08701997e-06  1.08701997e-03 
 1.12390253e-06  1.12390253e-03 
 1.18346488e-06  1.18346488e-03 
 1.28488214e-06  1.28488214e-03 
 1.39447671e-06  1.39447671e-03 
 1.50368544e-06  1.50368544e-03 
 1.69779992e-06  1.69779992e-03 
 2.08602886e-06  2.08602886e-03 
 2.77464039e-06  2.77464039e-03 
 3.50564987e-06  3.50564987e-03 
 4.37182040e-06  4.37182040e-03 
 5.00000000e-06  5.00000000e-03 
 5.12091824e-06  5.12091824e-03 
 5.36275473e-06  5.36275473e-03 
 5.84642771e-06  5.84642771e-03 
 6.81377366e-06  6.81377366e-03 
 8.74846555e-06  8.74846555e-03 
 1.26178494e-05  1.26178494e-02 
 1.76178494e-05  1.76178494e-02 
 2.26178494e-05  2.26178494e-02 
 2.76178494e-05  2.76178494e-02 
 3.26178494e-05  3.26178494e-02 
 3.76178494e-05  3.76178494e-02 
 4.26178494e-05  4.26178494e-02 
 4.76178494e-05  4.76178494e-02 
 5.26178494e-05  5.26178494e-02 
 5.76178494e-05  5.76178494e-02 
 6.26178494e-05  6.26178494e-02 
 6.76178494e-05  6.76178494e-02 
 7.26178494e-05  7.26178494e-02 
 7.76178494e-05  7.76178494e-02 
 8.26178494e-05  8.26178494e-02 
 8.76178494e-05  8.76178494e-02 
 9.26178494e-05  9.26178494e-02 
 9.76178494e-05  9.76178494e-02 
 1.02617849e-04  1.02617849e-01 
 1.07617849e-04  1.07617849e-01 
 1.12617849e-04  1.12617849e-01 
 1.17617849e-04  1.17617849e-01 
 1.22617849e-04  1.22617849e-01 
 1.27617849e-04  1.27617849e-01 
 1.32617849e-04  1.32617849e-01 
 1.37617849e-04  1.37617849e-01 
 1.42617849e-04  1.42617849e-01 
 1.47617849e-04  1.47617849e-01 
 1.52617849e-04  1.52617849e-01 
 1.57617849e-04  1.57617849e-01 
 1.62617849e-04  1.62617849e-01 
 1.67617849e-04  1.67617849e-01 
 1.72617849e-04  1.72617849e-01 
 1.77617849e-04  1.77617849e-01 
 1.82617849e-04  1.82617849e-01 
 1.87617849e-04  1.87617849e-01 
 1.92617849e-04  1.92617849e-01 
 1.97617849e-04  1.97617849e-01 
 2.02617849e-04  2.02617849e-01 
 2.07617849e-04  2.07617849e-01 
 2.12617849e-04  2.12617849e-01 
 2.17617849e-04  2.17617849e-01 
 2.22617849e-04  2.22617849e-01 
 2.27617849e-04  2.27617849e-01 
 2.32617849e-04  2.32617849e-01 
 2.37617849e-04  2.37617849e-01 
 2.42617849e-04  2.42617849e-01 
 2.47617849e-04  2.47617849e-01 
 2.52617849e-04  2.52617849e-01 
 2.57617849e-04  2.57617849e-01 
 2.62617849e-04  2.62617849e-01 
 2.67617849e-04  2.67617849e-01 
 2.72617849e-04  2.72617849e-01 
 2.77617849e-04  2.77617849e-01 
 2.82617849e-04  2.82617849e-01 
 2.87617849e-04  2.87617849e-01 
 2.92617849e-04  2.92617849e-01 
 2.97617849e-04  2.97617849e-01 
 3.02617849e-04  3.02617849e-01 
 3.07617849e-04  3.07617849e-01 
 3.12617849e-04  3.12617849e-01 
 3.17617849e-04  3.17617849e-01 
 3.22617849e-04  3.22617849e-01 
 3.27617849e-04  3.27617849e-01 
 3.32617849e-04  3.32617849e-01 
 3.37617849e-04  3.37617849e-01 
 3.42617849e-04  3.42617849e-01 
 3.47617849e-04  3.47617849e-01 
 3.52617849e-04  3.52617849e-01 
 3.57617849e-04  3.57617849e-01 
 3.62617849e-04  3.62617849e-01 
 3.67617849e-04  3.67617849e-01 
 3.72617849e-04  3.72617849e-01 
 3.77617849e-04  3.77617849e-01 
 3.82617849e-04  3.82617849e-01 
 3.87617849e-04  3.87617849e-01 
 3.92617849e-04  3.92617849e-01 
 3.97617849e-04  3.97617849e-01 
 4.02617849e-04  4.02617849e-01 
 4.07617849e-04  4.07617849e-01 
 4.12617849e-04  4.12617849e-01 
 4.17617849e-04  4.17617849e-01 
 4.22617849e-04  4.22617849e-01 
 4.27617849e-04  4.27617849e-01 
 4.32617849e-04  4.32617849e-01 
 4.37617849e-04  4.37617849e-01 
 4.42617849e-04  4.42617849e-01 
 4.47617849e-04  4.47617849e-01 
 4.52617849e-04  4.52617849e-01 
 4.57617849e-04  4.57617849e-01 
 4.62617849e-04  4.62617849e-01 
 4.67617849e-04  4.67617849e-01 
 4.72617849e-04  4.72617849e-01 
 4.77617849e-04  4.77617849e-01 
 4.82617849e-04  4.82617849e-01 
 4.87617849e-04  4.87617849e-01 
 4.92617849e-04  4.92617849e-01 
 4.97617849e-04  4.97617849e-01 
 5.02617849e-04  5.02617849e-01 
 5.07617849e-04  5.07617849e-01 
 5.12617849e-04  5.12617849e-01 
 5.17617849e-04  5.17617849e-01 
 5.22617849e-04  5.22617849e-01 
 5.27617849e-04  5.27617849e-01 
 5.32617849e-04  5.32617849e-01 
 5.37617849e-04  5.37617849e-01 
 5.42617849e-04  5.42617849e-01 
 5.47617849e-04  5.47617849e-01 
 5.52617849e-04  5.52617849e-01 
 5.57617849e-04  5.57617849e-01 
 5.62617849e-04  5.62617849e-01 
 5.67617849e-04  5.67617849e-01 
 5.72617849e-04  5.72617849e-01 
 5.77617849e-04  5.77617849e-01 
 5.82617849e-04  5.82617849e-01 
 5.87617849e-04  5.87617849e-01 
 5.92617849e-04  5.92617849e-01 
 5.97617849e-04  5.97617849e-01 
 6.02617849e-04  6.02617849e-01 
 6.07617849e-04  6.07617849e-01 
 6.12617849e-04  6.12617849e-01 
 6.17617849e-04  6.17617849e-01 
 6.22617849e-04  6.22617849e-01 
 6.27617849e-04  6.27617849e-01 
 6.32617849e-04  6.32617849e-01 
 6.37617849e-04  6.37617849e-01 
 6.42617849e-04  6.42617849e-01 
 6.47617849e-04  6.47617849e-01 
 6.52617849e-04  6.52617849e-01 
 6.57617849e-04  6.57617849e-01 
 6.62617849e-04  6.62617849e-01 
 6.67617849e-04  6.67617849e-01 
 6.72617849e-04  6.72617849e-01 
 6.77617849e-04  6.77617849e-01 
 6.82617849e-04  6.82617849e-01 
 6.87617849e-04  6.87617849e-01 
 6.92617849e-04  6.92617849e-01 
 6.97617849e-04  6.97617849e-01 
 7.02617849e-04  7.02617849e-01 
 7.07617849e-04  7.07617849e-01 
 7.12617849e-04  7.12617849e-01 
 7.17617849e-04  7.17617849e-01 
 7.22617849e-04  7.22617849e-01 
 7.27617849e-04  7.27617849e-01 
 7.32617849e-04  7.32617849e-01 
 7.37617849e-04  7.37617849e-01 
 7.42617849e-04  7.42617849e-01 
 7.47617849e-04  7.47617849e-01 
 7.52617849e-04  7.52617849e-01 
 7.57617849e-04  7.57617849e-01 
 7.62617849e-04  7.62617849e-01 
 7.67617849e-04  7.67617849e-01 
 7.72617849e-04  7.72617849e-01 
 7.77617849e-04  7.77617849e-01 
 7.82617849e-04  7.82617849e-01 
 7.87617849e-04  7.87617849e-01 
 7.92617849e-04  7.92617849e-01 
 7.97617849e-04  7.97617849e-01 
 8.02617849e-04  8.02617849e-01 
 8.07617849e-04  8.07617849e-01 
 8.12617849e-04  8.12617849e-01 
 8.17617849e-04  8.17617849e-01 
 8.22617849e-04  8.22617849e-01 
 8.27617849e-04  8.27617849e-01 
 8.32617849e-04  8.32617849e-01 
 8.37617849e-04  8.37617849e-01 
 8.42617849e-04  8.42617849e-01 
 8.47617849e-04  8.47617849e-01 
 8.52617849e-04  8.52617849e-01 
 8.57617849e-04  8.57617849e-01 
 8.62617849e-04  8.62617849e-01 
 8.67617849e-04  8.67617849e-01 
 8.72617849e-04  8.72617849e-01 
 8.77617849e-04  8.77617849e-01 
 8.82617849e-04  8.82617849e-01 
 8.87617849e-04  8.87617849e-01 
 8.92617849e-04  8.92617849e-01 
 8.97617849e-04  8.97617849e-01 
 9.02617849e-04  9.02617849e-01 
 9.07617849e-04  9.07617849e-01 
 9.12617849e-04  9.12617849e-01 
 9.17617849e-04  9.17617849e-01 
 9.22617849e-04  9.22617849e-01 
 9.27617849e-04  9.27617849e-01 
 9.32617849e-04  9.32617849e-01 
 9.37617849e-04  9.37617849e-01 
 9.42617849e-04  9.42617849e-01 
 9.47617849e-04  9.47617849e-01 
 9.52617849e-04  9.52617849e-01 
 9.57617849e-04  9.57617849e-01 
 9.62617849e-04  9.62617849e-01 
 9.67617849e-04  9.67617849e-01 
 9.72617849e-04  9.72617849e-01 
 9.77617849e-04  9.77617849e-01 
 9.82617849e-04  9.82617849e-01 
 9.87617849e-04  9.87617849e-01 
 9.92617849e-04  9.92617849e-01 
 9.97617849e-04  9.97617849e-01 
 1.00261785e-03  1.00261785e+00 
 1.00761785e-03  1.00761785e+00 
 1.01261785e-03  1.01261785e+00 
 1.01761785e-03  1.01761785e+00 
 1.02261785e-03  1.02261785e+00 
 1.02761785e-03  1.02761785e+00 
 1.03261785e-03  1.03261785e+00 
 1.03761785e-03  1.03761785e+00 
 1.04261785e-03  1.04261785e+00 
 1.04761785e-03  1.04761785e+00 
 1.05261785e-03  1.05261785e+00 
 1.05761785e-03  1.05761785e+00 
 1.06261785e-03  1.06261785e+00 
 1.06761785e-03  1.06761785e+00 
 1.07261785e-03  1.07261785e+00 
 1.07761785e-03  1.07761785e+00 
 1.08261785e-03  1.08261785e+00 
 1.08761785e-03  1.08761785e+00 
 1.09261785e-03  1.09261785e+00 
 1.09761785e-03  1.09761785e+00 
 1.10261785e-03  1.10261785e+00 
 1.10761785e-03  1.10761785e+00 
 1.11261785e-03  1.11261785e+00 
 1.11761785e-03  1.11761785e+00 
 1.12261785e-03  1.12261785e+00 
 1.12761785e-03  1.12761785e+00 
 1.13261785e-03  1.13261785e+00 
 1.13761785e-03  1.13761785e+00 
 1.14261785e-03  1.14261785e+00 
 1.14761785e-03  1.14761785e+00 
 1.15261785e-03  1.15261785e+00 
 1.15761785e-03  1.15761785e+00 
 1.16261785e-03  1.16261785e+00 
 1.16761785e-03  1.16761785e+00 
 1.17261785e-03  1.17261785e+00 
 1.17761785e-03  1.17761785e+00 
 1.18261785e-03  1.18261785e+00 
 1.18761785e-03  1.18761785e+00 
 1.19261785e-03  1.19261785e+00 
 1.19761785e-03  1.19761785e+00 
 1.20261785e-03  1.20261785e+00 
 1.20761785e-03  1.20761785e+00 
 1.21261785e-03  1.21261785e+00 
 1.21761785e-03  1.21761785e+00 
 1.22261785e-03  1.22261785e+00 
 1.22761785e-03  1.22761785e+00 
 1.23261785e-03  1.23261785e+00 
 1.23761785e-03  1.23761785e+00 
 1.24261785e-03  1.24261785e+00 
 1.24761785e-03  1.24761785e+00 
 1.25261785e-03  1.25261785e+00 
 1.25761785e-03  1.25761785e+00 
 1.26261785e-03  1.26261785e+00 
 1.26761785e-03  1.26761785e+00 
 1.27261785e-03  1.27261785e+00 
 1.27761785e-03  1.27761785e+00 
 1.28261785e-03  1.28261785e+00 
 1.28761785e-03  1.28761785e+00 
 1.29261785e-03  1.29261785e+00 
 1.29761785e-03  1.29761785e+00 
 1.30261785e-03  1.30261785e+00 
 1.30761785e-03  1.30761785e+00 
 1.31261785e-03  1.31261785e+00 
 1.31761785e-03  1.31761785e+00 
 1.32261785e-03  1.32261785e+00 
 1.32761785e-03  1.32761785e+00 
 1.33261785e-03  1.33261785e+00 
 1.33761785e-03  1.33761785e+00 
 1.34261785e-03  1.34261785e+00 
 1.34761785e-03  1.34761785e+00 
 1.35261785e-03  1.35261785e+00 
 1.35761785e-03  1.35761785e+00 
 1.36261785e-03  1.36261785e+00 
 1.36761785e-03  1.36761785e+00 
 1.37261785e-03  1.37261785e+00 
 1.37761785e-03  1.37761785e+00 
 1.38261785e-03  1.38261785e+00 
 1.38761785e-03  1.38761785e+00 
 1.39261785e-03  1.39261785e+00 
 1.39761785e-03  1.39761785e+00 
 1.40261785e-03  1.40261785e+00 
 1.40761785e-03  1.40761785e+00 
 1.41261785e-03  1.41261785e+00 
 1.41761785e-03  1.41761785e+00 
 1.42261785e-03  1.42261785e+00 
 1.42761785e-03  1.42761785e+00 
 1.43261785e-03  1.43261785e+00 
 1.43761785e-03  1.43761785e+00 
 1.44261785e-03  1.44261785e+00 
 1.44761785e-03  1.44761785e+00 
 1.45261785e-03  1.45261785e+00 
 1.45761785e-03  1.45761785e+00 
 1.46261785e-03  1.46261785e+00 
 1.46761785e-03  1.46761785e+00 
 1.47211556e-03  1.47211556e+00 
 1.47648539e-03  1.47648539e+00 
 1.48148539e-03  1.48148539e+00 
 1.48648539e-03  1.48648539e+00 
 1.49148539e-03  1.49148539e+00 
 1.49648539e-03  1.49648539e+00 
 1.50148539e-03  1.50148539e+00 
 1.50648539e-03  1.50648539e+00 
 1.51148539e-03  1.51148539e+00 
 1.51648539e-03  1.51648539e+00 
 1.52148539e-03  1.52148539e+00 
 1.52648539e-03  1.52648539e+00 
 1.53148539e-03  1.53148539e+00 
 1.53648539e-03  1.53648539e+00 
 1.54148539e-03  1.54148539e+00 
 1.54648539e-03  1.54648539e+00 
 1.55148539e-03  1.55148539e+00 
 1.55648539e-03  1.55648539e+00 
 1.56148539e-03  1.56148539e+00 
 1.56648539e-03  1.56648539e+00 
 1.57148539e-03  1.57148539e+00 
 1.57648539e-03  1.57648539e+00 
 1.58148539e-03  1.58148539e+00 
 1.58648539e-03  1.58648539e+00 
 1.59148539e-03  1.59148539e+00 
 1.59648539e-03  1.59648539e+00 
 1.60148539e-03  1.60148539e+00 
 1.60648539e-03  1.60648539e+00 
 1.61148539e-03  1.61148539e+00 
 1.61648539e-03  1.61648539e+00 
 1.62148539e-03  1.62148539e+00 
 1.62648539e-03  1.62648539e+00 
 1.63148539e-03  1.63148539e+00 
 1.63648539e-03  1.63648539e+00 
 1.64148539e-03  1.64148539e+00 
 1.64648539e-03  1.64648539e+00 
 1.65148539e-03  1.65148539e+00 
 1.65648539e-03  1.65648539e+00 
 1.66148539e-03  1.66148539e+00 
 1.66648539e-03  1.66648539e+00 
 1.67148539e-03  1.67148539e+00 
 1.67648539e-03  1.67648539e+00 
 1.68148539e-03  1.68148539e+00 
 1.68211039e-03  1.68211039e+00 
 1.68305847e-03  1.68305847e+00 
 1.68317061e-03  1.68317061e+00 
 1.68339491e-03  1.68339491e+00 
 1.68359417e-03  1.68359417e+00 
 1.68379949e-03  1.68379949e+00 
 1.68385082e-03  1.68385082e+00 
 1.68395347e-03  1.68395347e+00 
 1.68409511e-03  1.68409511e+00 
 1.68427887e-03  1.68427887e+00 
 1.68435604e-03  1.68435604e+00 
 1.68439205e-03  1.68439205e+00 
 1.68441601e-03  1.68441601e+00 
 1.68444035e-03  1.68444035e+00 
 1.68446618e-03  1.68446618e+00 
 1.68450105e-03  1.68450105e+00 
 1.68453677e-03  1.68453677e+00 
 1.68457740e-03  1.68457740e+00 
 1.68463611e-03  1.68463611e+00 
 1.68475353e-03  1.68475353e+00 
 1.68498836e-03  1.68498836e+00 
 1.68545801e-03  1.68545801e+00 
 1.68639733e-03  1.68639733e+00 
 1.68827597e-03  1.68827597e+00 
 1.69203325e-03  1.69203325e+00 
 1.69703325e-03  1.69703325e+00 
 1.70203325e-03  1.70203325e+00 
 1.70703325e-03  1.70703325e+00 
 1.71203325e-03  1.71203325e+00 
 1.71703325e-03  1.71703325e+00 
 1.72203325e-03  1.72203325e+00 
 1.72703325e-03  1.72703325e+00 
 1.73203325e-03  1.73203325e+00 
 1.73703325e-03  1.73703325e+00 
 1.74203325e-03  1.74203325e+00 
 1.74703325e-03  1.74703325e+00 
 1.75203325e-03  1.75203325e+00 
 1.75703325e-03  1.75703325e+00 
 1.76203325e-03  1.76203325e+00 
 1.76703325e-03  1.76703325e+00 
 1.77203325e-03  1.77203325e+00 
 1.77703325e-03  1.77703325e+00 
 1.78203325e-03  1.78203325e+00 
 1.78703325e-03  1.78703325e+00 
 1.79203325e-03  1.79203325e+00 
 1.79703325e-03  1.79703325e+00 
 1.80203325e-03  1.80203325e+00 
 1.80703325e-03  1.80703325e+00 
 1.81203325e-03  1.81203325e+00 
 1.81703325e-03  1.81703325e+00 
 1.82203325e-03  1.82203325e+00 
 1.82703325e-03  1.82703325e+00 
 1.83203325e-03  1.83203325e+00 
 1.83703325e-03  1.83703325e+00 
 1.84203325e-03  1.84203325e+00 
 1.84703325e-03  1.84703325e+00 
 1.85203325e-03  1.85203325e+00 
 1.85703325e-03  1.85703325e+00 
 1.86203325e-03  1.86203325e+00 
 1.86703325e-03  1.86703325e+00 
 1.87203325e-03  1.87203325e+00 
 1.87703325e-03  1.87703325e+00 
 1.88203325e-03  1.88203325e+00 
 1.88703325e-03  1.88703325e+00 
 1.89203325e-03  1.89203325e+00 
 1.89703325e-03  1.89703325e+00 
 1.90203325e-03  1.90203325e+00 
 1.90703325e-03  1.90703325e+00 
 1.91203325e-03  1.91203325e+00 
 1.91703325e-03  1.91703325e+00 
 1.92203325e-03  1.92203325e+00 
 1.92703325e-03  1.92703325e+00 
 1.93203325e-03  1.93203325e+00 
 1.93703325e-03  1.93703325e+00 
 1.94203325e-03  1.94203325e+00 
 1.94703325e-03  1.94703325e+00 
 1.95203325e-03  1.95203325e+00 
 1.95703325e-03  1.95703325e+00 
 1.96203325e-03  1.96203325e+00 
 1.96703325e-03  1.96703325e+00 
 1.97203325e-03  1.97203325e+00 
 1.97703325e-03  1.97703325e+00 
 1.98203325e-03  1.98203325e+00 
 1.98703325e-03  1.98703325e+00 
 1.99203325e-03  1.99203325e+00 
 1.99703325e-03  1.99703325e+00 
 2.00203325e-03  2.00203325e+00 
 2.00703325e-03  2.00703325e+00 
 2.01203325e-03  2.01203325e+00 
 2.01703325e-03  2.01703325e+00 
 2.02203325e-03  2.02203325e+00 
 2.02703325e-03  2.02703325e+00 
 2.03203325e-03  2.03203325e+00 
 2.03703325e-03  2.03703325e+00 
 2.04203325e-03  2.04203325e+00 
 2.04703325e-03  2.04703325e+00 
 2.05203325e-03  2.05203325e+00 
 2.05703325e-03  2.05703325e+00 
 2.06203325e-03  2.06203325e+00 
 2.06703325e-03  2.06703325e+00 
 2.07203325e-03  2.07203325e+00 
 2.07703325e-03  2.07703325e+00 
 2.08203325e-03  2.08203325e+00 
 2.08703325e-03  2.08703325e+00 
 2.09203325e-03  2.09203325e+00 
 2.09703325e-03  2.09703325e+00 
 2.10203325e-03  2.10203325e+00 
 2.10703325e-03  2.10703325e+00 
 2.11203325e-03  2.11203325e+00 
 2.11703325e-03  2.11703325e+00 
 2.12203325e-03  2.12203325e+00 
 2.12703325e-03  2.12703325e+00 
 2.13203325e-03  2.13203325e+00 
 2.13703325e-03  2.13703325e+00 
 2.14203325e-03  2.14203325e+00 
 2.14703325e-03  2.14703325e+00 
 2.15203325e-03  2.15203325e+00 
 2.15703325e-03  2.15703325e+00 
 2.16203325e-03  2.16203325e+00 
 2.16703325e-03  2.16703325e+00 
 2.17203325e-03  2.17203325e+00 
 2.17703325e-03  2.17703325e+00 
 2.18203325e-03  2.18203325e+00 
 2.18703325e-03  2.18703325e+00 
 2.19203325e-03  2.19203325e+00 
 2.19703325e-03  2.19703325e+00 
 2.20203325e-03  2.20203325e+00 
 2.20703325e-03  2.20703325e+00 
 2.21203325e-03  2.21203325e+00 
 2.21703325e-03  2.21703325e+00 
 2.22203325e-03  2.22203325e+00 
 2.22703325e-03  2.22703325e+00 
 2.23203325e-03  2.23203325e+00 
 2.23703325e-03  2.23703325e+00 
 2.24203325e-03  2.24203325e+00 
 2.24703325e-03  2.24703325e+00 
 2.25203325e-03  2.25203325e+00 
 2.25703325e-03  2.25703325e+00 
 2.26203325e-03  2.26203325e+00 
 2.26703325e-03  2.26703325e+00 
 2.27203325e-03  2.27203325e+00 
 2.27703325e-03  2.27703325e+00 
 2.28203325e-03  2.28203325e+00 
 2.28703325e-03  2.28703325e+00 
 2.29203325e-03  2.29203325e+00 
 2.29703325e-03  2.29703325e+00 
 2.30203325e-03  2.30203325e+00 
 2.30703325e-03  2.30703325e+00 
 2.31203325e-03  2.31203325e+00 
 2.31703325e-03  2.31703325e+00 
 2.32203325e-03  2.32203325e+00 
 2.32703325e-03  2.32703325e+00 
 2.33203325e-03  2.33203325e+00 
 2.33703325e-03  2.33703325e+00 
 2.34203325e-03  2.34203325e+00 
 2.34703325e-03  2.34703325e+00 
 2.35203325e-03  2.35203325e+00 
 2.35703325e-03  2.35703325e+00 
 2.36203325e-03  2.36203325e+00 
 2.36703325e-03  2.36703325e+00 
 2.37203325e-03  2.37203325e+00 
 2.37703325e-03  2.37703325e+00 
 2.38203325e-03  2.38203325e+00 
 2.38703325e-03  2.38703325e+00 
 2.39203325e-03  2.39203325e+00 
 2.39703325e-03  2.39703325e+00 
 2.40203325e-03  2.40203325e+00 
 2.40703325e-03  2.40703325e+00 
 2.41203325e-03  2.41203325e+00 
 2.41703325e-03  2.41703325e+00 
 2.42203325e-03  2.42203325e+00 
 2.42703325e-03  2.42703325e+00 
 2.43203325e-03  2.43203325e+00 
 2.43703325e-03  2.43703325e+00 
 2.44203325e-03  2.44203325e+00 
 2.44703325e-03  2.44703325e+00 
 2.45203325e-03  2.45203325e+00 
 2.45703325e-03  2.45703325e+00 
 2.46203325e-03  2.46203325e+00 
 2.46703325e-03  2.46703325e+00 
 2.47203325e-03  2.47203325e+00 
 2.47703325e-03  2.47703325e+00 
 2.48203325e-03  2.48203325e+00 
 2.48703325e-03  2.48703325e+00 
 2.49203325e-03  2.49203325e+00 
 2.49703325e-03  2.49703325e+00 
 2.50203325e-03  2.50203325e+00 
 2.50703325e-03  2.50703325e+00 
 2.51203325e-03  2.51203325e+00 
 2.51703325e-03  2.51703325e+00 
 2.52203325e-03  2.52203325e+00 
 2.52703325e-03  2.52703325e+00 
 2.53203325e-03  2.53203325e+00 
 2.53703325e-03  2.53703325e+00 
 2.54203325e-03  2.54203325e+00 
 2.54703325e-03  2.54703325e+00 
 2.55203325e-03  2.55203325e+00 
 2.55703325e-03  2.55703325e+00 
 2.56203325e-03  2.56203325e+00 
 2.56703325e-03  2.56703325e+00 
 2.57203325e-03  2.57203325e+00 
 2.57703325e-03  2.57703325e+00 
 2.58203325e-03  2.58203325e+00 
 2.58703325e-03  2.58703325e+00 
 2.59203325e-03  2.59203325e+00 
 2.59703325e-03  2.59703325e+00 
 2.60203325e-03  2.60203325e+00 
 2.60703325e-03  2.60703325e+00 
 2.61203325e-03  2.61203325e+00 
 2.61703325e-03  2.61703325e+00 
 2.62203325e-03  2.62203325e+00 
 2.62703325e-03  2.62703325e+00 
 2.63203325e-03  2.63203325e+00 
 2.63703325e-03  2.63703325e+00 
 2.64203325e-03  2.64203325e+00 
 2.64703325e-03  2.64703325e+00 
 2.65203325e-03  2.65203325e+00 
 2.65703325e-03  2.65703325e+00 
 2.66203325e-03  2.66203325e+00 
 2.66703325e-03  2.66703325e+00 
 2.67203325e-03  2.67203325e+00 
 2.67703325e-03  2.67703325e+00 
 2.68203325e-03  2.68203325e+00 
 2.68703325e-03  2.68703325e+00 
 2.69203325e-03  2.69203325e+00 
 2.69703325e-03  2.69703325e+00 
 2.70203325e-03  2.70203325e+00 
 2.70703325e-03  2.70703325e+00 
 2.71203325e-03  2.71203325e+00 
 2.71703325e-03  2.71703325e+00 
 2.72203325e-03  2.72203325e+00 
 2.72703325e-03  2.72703325e+00 
 2.73203325e-03  2.73203325e+00 
 2.73703325e-03  2.73703325e+00 
 2.74203325e-03  2.74203325e+00 
 2.74703325e-03  2.74703325e+00 
 2.75203325e-03  2.75203325e+00 
 2.75703325e-03  2.75703325e+00 
 2.76203325e-03  2.76203325e+00 
 2.76703325e-03  2.76703325e+00 
 2.77203325e-03  2.77203325e+00 
 2.77703325e-03  2.77703325e+00 
 2.78203325e-03  2.78203325e+00 
 2.78703325e-03  2.78703325e+00 
 2.79203325e-03  2.79203325e+00 
 2.79703325e-03  2.79703325e+00 
 2.80203325e-03  2.80203325e+00 
 2.80703325e-03  2.80703325e+00 
 2.81203325e-03  2.81203325e+00 
 2.81703325e-03  2.81703325e+00 
 2.82203325e-03  2.82203325e+00 
 2.82703325e-03  2.82703325e+00 
 2.83203325e-03  2.83203325e+00 
 2.83703325e-03  2.83703325e+00 
 2.84203325e-03  2.84203325e+00 
 2.84703325e-03  2.84703325e+00 
 2.85203325e-03  2.85203325e+00 
 2.85703325e-03  2.85703325e+00 
 2.86203325e-03  2.86203325e+00 
 2.86703325e-03  2.86703325e+00 
 2.87203325e-03  2.87203325e+00 
 2.87703325e-03  2.87703325e+00 
 2.88203325e-03  2.88203325e+00 
 2.88703325e-03  2.88703325e+00 
 2.89203325e-03  2.89203325e+00 
 2.89703325e-03  2.89703325e+00 
 2.90203325e-03  2.90203325e+00 
 2.90703325e-03  2.90703325e+00 
 2.91203325e-03  2.91203325e+00 
 2.91703325e-03  2.91703325e+00 
 2.92203325e-03  2.92203325e+00 
 2.92703325e-03  2.92703325e+00 
 2.93203325e-03  2.93203325e+00 
 2.93703325e-03  2.93703325e+00 
 2.94203325e-03  2.94203325e+00 
 2.94703325e-03  2.94703325e+00 
 2.95203325e-03  2.95203325e+00 
 2.95703325e-03  2.95703325e+00 
 2.96203325e-03  2.96203325e+00 
 2.96703325e-03  2.96703325e+00 
 2.97203325e-03  2.97203325e+00 
 2.97703325e-03  2.97703325e+00 
 2.98203325e-03  2.98203325e+00 
 2.98703325e-03  2.98703325e+00 
 2.99203325e-03  2.99203325e+00 
 2.99703325e-03  2.99703325e+00 
 3.00203325e-03  3.00203325e+00 
 3.00703325e-03  3.00703325e+00 
 3.01203325e-03  3.01203325e+00 
 3.01703325e-03  3.01703325e+00 
 3.02203325e-03  3.02203325e+00 
 3.02703325e-03  3.02703325e+00 
 3.03203325e-03  3.03203325e+00 
 3.03703325e-03  3.03703325e+00 
 3.04203325e-03  3.04203325e+00 
 3.04703325e-03  3.04703325e+00 
 3.05203325e-03  3.05203325e+00 
 3.05703325e-03  3.05703325e+00 
 3.06203325e-03  3.06203325e+00 
 3.06703325e-03  3.06703325e+00 
 3.07203325e-03  3.07203325e+00 
 3.07703325e-03  3.07703325e+00 
 3.08203325e-03  3.08203325e+00 
 3.08703325e-03  3.08703325e+00 
 3.09203325e-03  3.09203325e+00 
 3.09703325e-03  3.09703325e+00 
 3.10203325e-03  3.10203325e+00 
 3.10703325e-03  3.10703325e+00 
 3.11203325e-03  3.11203325e+00 
 3.11703325e-03  3.11703325e+00 
 3.12203325e-03  3.12203325e+00 
 3.12703325e-03  3.12703325e+00 
 3.13203325e-03  3.13203325e+00 
 3.13703325e-03  3.13703325e+00 
 3.14203325e-03  3.14203325e+00 
 3.14703325e-03  3.14703325e+00 
 3.15203325e-03  3.15203325e+00 
 3.15703325e-03  3.15703325e+00 
 3.16203325e-03  3.16203325e+00 
 3.16703325e-03  3.16703325e+00 
 3.17203325e-03  3.17203325e+00 
 3.17703325e-03  3.17703325e+00 
 3.18203325e-03  3.18203325e+00 
 3.18703325e-03  3.18703325e+00 
 3.19203325e-03  3.19203325e+00 
 3.19703325e-03  3.19703325e+00 
 3.20203325e-03  3.20203325e+00 
 3.20703325e-03  3.20703325e+00 
 3.21203325e-03  3.21203325e+00 
 3.21703325e-03  3.21703325e+00 
 3.22203325e-03  3.22203325e+00 
 3.22703325e-03  3.22703325e+00 
 3.23203325e-03  3.23203325e+00 
 3.23703325e-03  3.23703325e+00 
 3.24203325e-03  3.24203325e+00 
 3.24703325e-03  3.24703325e+00 
 3.25203325e-03  3.25203325e+00 
 3.25703325e-03  3.25703325e+00 
 3.26203325e-03  3.26203325e+00 
 3.26703325e-03  3.26703325e+00 
 3.27203325e-03  3.27203325e+00 
 3.27703325e-03  3.27703325e+00 
 3.28203325e-03  3.28203325e+00 
 3.28703325e-03  3.28703325e+00 
 3.29203325e-03  3.29203325e+00 
 3.29703325e-03  3.29703325e+00 
 3.30203325e-03  3.30203325e+00 
 3.30703325e-03  3.30703325e+00 
 3.31203325e-03  3.31203325e+00 
 3.31703325e-03  3.31703325e+00 
 3.32203325e-03  3.32203325e+00 
 3.32703325e-03  3.32703325e+00 
 3.33203325e-03  3.33203325e+00 
 3.33703325e-03  3.33703325e+00 
 3.34203325e-03  3.34203325e+00 
 3.34703325e-03  3.34703325e+00 
 3.35203325e-03  3.35203325e+00 
 3.35703325e-03  3.35703325e+00 
 3.36203325e-03  3.36203325e+00 
 3.36703325e-03  3.36703325e+00 
 3.37203325e-03  3.37203325e+00 
 3.37703325e-03  3.37703325e+00 
 3.38203325e-03  3.38203325e+00 
 3.38703325e-03  3.38703325e+00 
 3.39203325e-03  3.39203325e+00 
 3.39703325e-03  3.39703325e+00 
 3.40203325e-03  3.40203325e+00 
 3.40703325e-03  3.40703325e+00 
 3.41203325e-03  3.41203325e+00 
 3.41703325e-03  3.41703325e+00 
 3.42203325e-03  3.42203325e+00 
 3.42703325e-03  3.42703325e+00 
 3.43203325e-03  3.43203325e+00 
 3.43703325e-03  3.43703325e+00 
 3.44203325e-03  3.44203325e+00 
 3.44703325e-03  3.44703325e+00 
 3.45203325e-03  3.45203325e+00 
 3.45703325e-03  3.45703325e+00 
 3.46203325e-03  3.46203325e+00 
 3.46703325e-03  3.46703325e+00 
 3.47203325e-03  3.47203325e+00 
 3.47703325e-03  3.47703325e+00 
 3.48203325e-03  3.48203325e+00 
 3.48703325e-03  3.48703325e+00 
 3.49203325e-03  3.49203325e+00 
 3.49703325e-03  3.49703325e+00 
 3.50203325e-03  3.50203325e+00 
 3.50703325e-03  3.50703325e+00 
 3.51203325e-03  3.51203325e+00 
 3.51703325e-03  3.51703325e+00 
 3.52203325e-03  3.52203325e+00 
 3.52703325e-03  3.52703325e+00 
 3.53203325e-03  3.53203325e+00 
 3.53703325e-03  3.53703325e+00 
 3.54203325e-03  3.54203325e+00 
 3.54703325e-03  3.54703325e+00 
 3.55203325e-03  3.55203325e+00 
 3.55703325e-03  3.55703325e+00 
 3.56203325e-03  3.56203325e+00 
 3.56703325e-03  3.56703325e+00 
 3.57203325e-03  3.57203325e+00 
 3.57703325e-03  3.57703325e+00 
 3.58203325e-03  3.58203325e+00 
 3.58703325e-03  3.58703325e+00 
 3.59203325e-03  3.59203325e+00 
 3.59703325e-03  3.59703325e+00 
 3.60203325e-03  3.60203325e+00 
 3.60703325e-03  3.60703325e+00 
 3.61203325e-03  3.61203325e+00 
 3.61703325e-03  3.61703325e+00 
 3.62203325e-03  3.62203325e+00 
 3.62703325e-03  3.62703325e+00 
 3.63203325e-03  3.63203325e+00 
 3.63703325e-03  3.63703325e+00 
 3.64203325e-03  3.64203325e+00 
 3.64703325e-03  3.64703325e+00 
 3.65203325e-03  3.65203325e+00 
 3.65703325e-03  3.65703325e+00 
 3.66203325e-03  3.66203325e+00 
 3.66703325e-03  3.66703325e+00 
 3.67203325e-03  3.67203325e+00 
 3.67703325e-03  3.67703325e+00 
 3.68203325e-03  3.68203325e+00 
 3.68703325e-03  3.68703325e+00 
 3.69203325e-03  3.69203325e+00 
 3.69703325e-03  3.69703325e+00 
 3.70203325e-03  3.70203325e+00 
 3.70703325e-03  3.70703325e+00 
 3.71203325e-03  3.71203325e+00 
 3.71703325e-03  3.71703325e+00 
 3.72203325e-03  3.72203325e+00 
 3.72703325e-03  3.72703325e+00 
 3.73203325e-03  3.73203325e+00 
 3.73703325e-03  3.73703325e+00 
 3.74203325e-03  3.74203325e+00 
 3.74703325e-03  3.74703325e+00 
 3.75203325e-03  3.75203325e+00 
 3.75703325e-03  3.75703325e+00 
 3.76203325e-03  3.76203325e+00 
 3.76703325e-03  3.76703325e+00 
 3.77203325e-03  3.77203325e+00 
 3.77703325e-03  3.77703325e+00 
 3.78203325e-03  3.78203325e+00 
 3.78703325e-03  3.78703325e+00 
 3.79203325e-03  3.79203325e+00 
 3.79703325e-03  3.79703325e+00 
 3.80203325e-03  3.80203325e+00 
 3.80703325e-03  3.80703325e+00 
 3.81203325e-03  3.81203325e+00 
 3.81703325e-03  3.81703325e+00 
 3.82203325e-03  3.82203325e+00 
 3.82703325e-03  3.82703325e+00 
 3.83203325e-03  3.83203325e+00 
 3.83703325e-03  3.83703325e+00 
 3.84203325e-03  3.84203325e+00 
 3.84703325e-03  3.84703325e+00 
 3.85203325e-03  3.85203325e+00 
 3.85703325e-03  3.85703325e+00 
 3.86203325e-03  3.86203325e+00 
 3.86703325e-03  3.86703325e+00 
 3.87203325e-03  3.87203325e+00 
 3.87703325e-03  3.87703325e+00 
 3.88203325e-03  3.88203325e+00 
 3.88703325e-03  3.88703325e+00 
 3.89203325e-03  3.89203325e+00 
 3.89703325e-03  3.89703325e+00 
 3.90203325e-03  3.90203325e+00 
 3.90703325e-03  3.90703325e+00 
 3.91203325e-03  3.91203325e+00 
 3.91703325e-03  3.91703325e+00 
 3.92203325e-03  3.92203325e+00 
 3.92703325e-03  3.92703325e+00 
 3.93203325e-03  3.93203325e+00 
 3.93703325e-03  3.93703325e+00 
 3.94203325e-03  3.94203325e+00 
 3.94703325e-03  3.94703325e+00 
 3.95203325e-03  3.95203325e+00 
 3.95703325e-03  3.95703325e+00 
 3.96203325e-03  3.96203325e+00 
 3.96703325e-03  3.96703325e+00 
 3.97203325e-03  3.97203325e+00 
 3.97703325e-03  3.97703325e+00 
 3.98203325e-03  3.98203325e+00 
 3.98703325e-03  3.98703325e+00 
 3.99203325e-03  3.99203325e+00 
 3.99703325e-03  3.99703325e+00 
 4.00203325e-03  4.00203325e+00 
 4.00703325e-03  4.00703325e+00 
 4.01203325e-03  4.01203325e+00 
 4.01703325e-03  4.01703325e+00 
 4.02203325e-03  4.02203325e+00 
 4.02703325e-03  4.02703325e+00 
 4.03203325e-03  4.03203325e+00 
 4.03703325e-03  4.03703325e+00 
 4.04203325e-03  4.04203325e+00 
 4.04703325e-03  4.04703325e+00 
 4.05203325e-03  4.05203325e+00 
 4.05703325e-03  4.05703325e+00 
 4.06203325e-03  4.06203325e+00 
 4.06703325e-03  4.06703325e+00 
 4.07203325e-03  4.07203325e+00 
 4.07703325e-03  4.07703325e+00 
 4.08203325e-03  4.08203325e+00 
 4.08703325e-03  4.08703325e+00 
 4.09203325e-03  4.09203325e+00 
 4.09703325e-03  4.09703325e+00 
 4.10203325e-03  4.10203325e+00 
 4.10703325e-03  4.10703325e+00 
 4.11203325e-03  4.11203325e+00 
 4.11703325e-03  4.11703325e+00 
 4.12203325e-03  4.12203325e+00 
 4.12703325e-03  4.12703325e+00 
 4.13203325e-03  4.13203325e+00 
 4.13703325e-03  4.13703325e+00 
 4.14203325e-03  4.14203325e+00 
 4.14703325e-03  4.14703325e+00 
 4.15203325e-03  4.15203325e+00 
 4.15703325e-03  4.15703325e+00 
 4.16203325e-03  4.16203325e+00 
 4.16703325e-03  4.16703325e+00 
 4.17203325e-03  4.17203325e+00 
 4.17703325e-03  4.17703325e+00 
 4.18203325e-03  4.18203325e+00 
 4.18703325e-03  4.18703325e+00 
 4.19203325e-03  4.19203325e+00 
 4.19703325e-03  4.19703325e+00 
 4.20203325e-03  4.20203325e+00 
 4.20703325e-03  4.20703325e+00 
 4.21203325e-03  4.21203325e+00 
 4.21703325e-03  4.21703325e+00 
 4.22203325e-03  4.22203325e+00 
 4.22703325e-03  4.22703325e+00 
 4.23203325e-03  4.23203325e+00 
 4.23703325e-03  4.23703325e+00 
 4.24203325e-03  4.24203325e+00 
 4.24703325e-03  4.24703325e+00 
 4.25203325e-03  4.25203325e+00 
 4.25703325e-03  4.25703325e+00 
 4.26203325e-03  4.26203325e+00 
 4.26703325e-03  4.26703325e+00 
 4.27203325e-03  4.27203325e+00 
 4.27703325e-03  4.27703325e+00 
 4.28203325e-03  4.28203325e+00 
 4.28703325e-03  4.28703325e+00 
 4.29203325e-03  4.29203325e+00 
 4.29703325e-03  4.29703325e+00 
 4.30203325e-03  4.30203325e+00 
 4.30703325e-03  4.30703325e+00 
 4.31203325e-03  4.31203325e+00 
 4.31703325e-03  4.31703325e+00 
 4.32095487e-03  4.32095487e+00 
 4.32463253e-03  4.32463253e+00 
 4.32910572e-03  4.32910572e+00 
 4.33410572e-03  4.33410572e+00 
 4.33910572e-03  4.33910572e+00 
 4.34410572e-03  4.34410572e+00 
 4.34910572e-03  4.34910572e+00 
 4.35410572e-03  4.35410572e+00 
 4.35910572e-03  4.35910572e+00 
 4.36410572e-03  4.36410572e+00 
 4.36910572e-03  4.36910572e+00 
 4.37410572e-03  4.37410572e+00 
 4.37910572e-03  4.37910572e+00 
 4.38410572e-03  4.38410572e+00 
 4.38910572e-03  4.38910572e+00 
 4.39410572e-03  4.39410572e+00 
 4.39910572e-03  4.39910572e+00 
 4.40410572e-03  4.40410572e+00 
 4.40910572e-03  4.40910572e+00 
 4.41410572e-03  4.41410572e+00 
 4.41910572e-03  4.41910572e+00 
 4.42410572e-03  4.42410572e+00 
 4.42910572e-03  4.42910572e+00 
 4.43410572e-03  4.43410572e+00 
 4.43910572e-03  4.43910572e+00 
 4.44410572e-03  4.44410572e+00 
 4.44910572e-03  4.44910572e+00 
 4.45410572e-03  4.45410572e+00 
 4.45910572e-03  4.45910572e+00 
 4.46410572e-03  4.46410572e+00 
 4.46910572e-03  4.46910572e+00 
 4.47410572e-03  4.47410572e+00 
 4.47910572e-03  4.47910572e+00 
 4.48410572e-03  4.48410572e+00 
 4.48910572e-03  4.48910572e+00 
 4.49410572e-03  4.49410572e+00 
 4.49910572e-03  4.49910572e+00 
 4.50410572e-03  4.50410572e+00 
 4.50910572e-03  4.50910572e+00 
 4.51410572e-03  4.51410572e+00 
 4.51910572e-03  4.51910572e+00 
 4.52410572e-03  4.52410572e+00 
 4.52910572e-03  4.52910572e+00 
 4.53410572e-03  4.53410572e+00 
 4.53910572e-03  4.53910572e+00 
 4.54410572e-03  4.54410572e+00 
 4.54910572e-03  4.54910572e+00 
 4.55410572e-03  4.55410572e+00 
 4.55910572e-03  4.55910572e+00 
 4.56410572e-03  4.56410572e+00 
 4.56910572e-03  4.56910572e+00 
 4.57410572e-03  4.57410572e+00 
 4.57910572e-03  4.57910572e+00 
 4.58410572e-03  4.58410572e+00 
 4.58910572e-03  4.58910572e+00 
 4.59410572e-03  4.59410572e+00 
 4.59910572e-03  4.59910572e+00 
 4.60410572e-03  4.60410572e+00 
 4.60910572e-03  4.60910572e+00 
 4.60966771e-03  4.60966771e+00 
 4.61079168e-03  4.61079168e+00 
 4.61107267e-03  4.61107267e+00 
 4.61163466e-03  4.61163466e+00 
 4.61177516e-03  4.61177516e+00 
 4.61205615e-03  4.61205615e+00 
 4.61261814e-03  4.61261814e+00 
 4.61275863e-03  4.61275863e+00 
 4.61303963e-03  4.61303963e+00 
 4.61336132e-03  4.61336132e+00 
 4.61370024e-03  4.61370024e+00 
 4.61415775e-03  4.61415775e+00 
 4.61443002e-03  4.61443002e+00 
 4.61472597e-03  4.61472597e+00 
 4.61510214e-03  4.61510214e+00 
 4.61575443e-03  4.61575443e+00 
 4.61705899e-03  4.61705899e+00 
 4.61966813e-03  4.61966813e+00 
 4.62466813e-03  4.62466813e+00 
 4.62966813e-03  4.62966813e+00 
 4.63466813e-03  4.63466813e+00 
 4.63966813e-03  4.63966813e+00 
 4.64466813e-03  4.64466813e+00 
 4.64966813e-03  4.64966813e+00 
 4.65466813e-03  4.65466813e+00 
 4.65966813e-03  4.65966813e+00 
 4.66466813e-03  4.66466813e+00 
 4.66966813e-03  4.66966813e+00 
 4.67466813e-03  4.67466813e+00 
 4.67966813e-03  4.67966813e+00 
 4.68466813e-03  4.68466813e+00 
 4.68966813e-03  4.68966813e+00 
 4.69466813e-03  4.69466813e+00 
 4.69966813e-03  4.69966813e+00 
 4.70466813e-03  4.70466813e+00 
 4.70966813e-03  4.70966813e+00 
 4.71466813e-03  4.71466813e+00 
 4.71966813e-03  4.71966813e+00 
 4.72466813e-03  4.72466813e+00 
 4.72966813e-03  4.72966813e+00 
 4.73466813e-03  4.73466813e+00 
 4.73966813e-03  4.73966813e+00 
 4.74466813e-03  4.74466813e+00 
 4.74966813e-03  4.74966813e+00 
 4.75466813e-03  4.75466813e+00 
 4.75966813e-03  4.75966813e+00 
 4.76466813e-03  4.76466813e+00 
 4.76966813e-03  4.76966813e+00 
 4.77466813e-03  4.77466813e+00 
 4.77966813e-03  4.77966813e+00 
 4.78466813e-03  4.78466813e+00 
 4.78966813e-03  4.78966813e+00 
 4.79466813e-03  4.79466813e+00 
 4.79966813e-03  4.79966813e+00 
 4.80466813e-03  4.80466813e+00 
 4.80966813e-03  4.80966813e+00 
 4.81466813e-03  4.81466813e+00 
 4.81966813e-03  4.81966813e+00 
 4.82466813e-03  4.82466813e+00 
 4.82966813e-03  4.82966813e+00 
 4.83466813e-03  4.83466813e+00 
 4.83966813e-03  4.83966813e+00 
 4.84466813e-03  4.84466813e+00 
 4.84966813e-03  4.84966813e+00 
 4.85466813e-03  4.85466813e+00 
 4.85966813e-03  4.85966813e+00 
 4.86466813e-03  4.86466813e+00 
 4.86966813e-03  4.86966813e+00 
 4.87466813e-03  4.87466813e+00 
 4.87529313e-03  4.87529313e+00 
 4.87540320e-03  4.87540320e+00 
 4.87562334e-03  4.87562334e+00 
 4.87606361e-03  4.87606361e+00 
 4.87610644e-03  4.87610644e+00 
 4.87619210e-03  4.87619210e+00 
 4.87636342e-03  4.87636342e+00 
 4.87649702e-03  4.87649702e+00 
 4.87661330e-03  4.87661330e+00 
 4.87671432e-03  4.87671432e+00 
 4.87675831e-03  4.87675831e+00 
 4.87677620e-03  4.87677620e+00 
 4.87678334e-03  4.87678334e+00 
 4.87679349e-03  4.87679349e+00 
 4.87681211e-03  4.87681211e+00 
 4.87684553e-03  4.87684553e+00 
 4.87686341e-03  4.87686341e+00 
 4.87688094e-03  4.87688094e+00 
 4.87690884e-03  4.87690884e+00 
 4.87693525e-03  4.87693525e+00 
 4.87698805e-03  4.87698805e+00 
 4.87704385e-03  4.87704385e+00 
 4.87710366e-03  4.87710366e+00 
 4.87717763e-03  4.87717763e+00 
 4.87727650e-03  4.87727650e+00 
 4.87747425e-03  4.87747425e+00 
 4.87786973e-03  4.87786973e+00 
 4.87866071e-03  4.87866071e+00 
 4.88024267e-03  4.88024267e+00 
 4.88340658e-03  4.88340658e+00 
 4.88840658e-03  4.88840658e+00 
 4.89340658e-03  4.89340658e+00 
 4.89840658e-03  4.89840658e+00 
 4.90340658e-03  4.90340658e+00 
 4.90840658e-03  4.90840658e+00 
 4.91340658e-03  4.91340658e+00 
 4.91840658e-03  4.91840658e+00 
 4.92340658e-03  4.92340658e+00 
 4.92840658e-03  4.92840658e+00 
 4.93340658e-03  4.93340658e+00 
 4.93840658e-03  4.93840658e+00 
 4.94340658e-03  4.94340658e+00 
 4.94840658e-03  4.94840658e+00 
 4.95340658e-03  4.95340658e+00 
 4.95840658e-03  4.95840658e+00 
 4.96340658e-03  4.96340658e+00 
 4.96840658e-03  4.96840658e+00 
 4.97340658e-03  4.97340658e+00 
 4.97840658e-03  4.97840658e+00 
 4.98340658e-03  4.98340658e+00 
 4.98840658e-03  4.98840658e+00 
 4.99340658e-03  4.99340658e+00 
 4.99840658e-03  4.99840658e+00 
 5.00340658e-03  5.00340658e+00 
 5.00840658e-03  5.00840658e+00 
 5.01340658e-03  5.01340658e+00 
 5.01840658e-03  5.01840658e+00 
 5.02340658e-03  5.02340658e+00 
 5.02840658e-03  5.02840658e+00 
 5.03340658e-03  5.03340658e+00 
 5.03840658e-03  5.03840658e+00 
 5.04340658e-03  5.04340658e+00 
 5.04840658e-03  5.04840658e+00 
 5.05340658e-03  5.05340658e+00 
 5.05840658e-03  5.05840658e+00 
 5.06340658e-03  5.06340658e+00 
 5.06840658e-03  5.06840658e+00 
 5.07340658e-03  5.07340658e+00 
 5.07840658e-03  5.07840658e+00 
 5.08340658e-03  5.08340658e+00 
 5.08840658e-03  5.08840658e+00 
 5.09340658e-03  5.09340658e+00 
 5.09840658e-03  5.09840658e+00 
 5.10340658e-03  5.10340658e+00 
 5.10840658e-03  5.10840658e+00 
 5.11340658e-03  5.11340658e+00 
 5.11840658e-03  5.11840658e+00 
 5.12340658e-03  5.12340658e+00 
 5.12840658e-03  5.12840658e+00 
 5.13340658e-03  5.13340658e+00 
 5.13840658e-03  5.13840658e+00 
 5.14340658e-03  5.14340658e+00 
 5.14840658e-03  5.14840658e+00 
 5.15340658e-03  5.15340658e+00 
 5.15840658e-03  5.15840658e+00 
 5.16340658e-03  5.16340658e+00 
 5.16840658e-03  5.16840658e+00 
 5.17340658e-03  5.17340658e+00 
 5.17840658e-03  5.17840658e+00 
 5.18340658e-03  5.18340658e+00 
 5.18840658e-03  5.18840658e+00 
 5.19340658e-03  5.19340658e+00 
 5.19840658e-03  5.19840658e+00 
 5.20340658e-03  5.20340658e+00 
 5.20840658e-03  5.20840658e+00 
 5.21340658e-03  5.21340658e+00 
 5.21840658e-03  5.21840658e+00 
 5.22340658e-03  5.22340658e+00 
 5.22840658e-03  5.22840658e+00 
 5.23340658e-03  5.23340658e+00 
 5.23840658e-03  5.23840658e+00 
 5.24340658e-03  5.24340658e+00 
 5.24840658e-03  5.24840658e+00 
 5.25340658e-03  5.25340658e+00 
 5.25840658e-03  5.25840658e+00 
 5.26340658e-03  5.26340658e+00 
 5.26840658e-03  5.26840658e+00 
 5.27340658e-03  5.27340658e+00 
 5.27840658e-03  5.27840658e+00 
 5.28340658e-03  5.28340658e+00 
 5.28840658e-03  5.28840658e+00 
 5.29340658e-03  5.29340658e+00 
 5.29840658e-03  5.29840658e+00 
 5.30340658e-03  5.30340658e+00 
 5.30840658e-03  5.30840658e+00 
 5.31340658e-03  5.31340658e+00 
 5.31840658e-03  5.31840658e+00 
 5.32340658e-03  5.32340658e+00 
 5.32840658e-03  5.32840658e+00 
 5.33340658e-03  5.33340658e+00 
 5.33840658e-03  5.33840658e+00 
 5.34340658e-03  5.34340658e+00 
 5.34840658e-03  5.34840658e+00 
 5.35340658e-03  5.35340658e+00 
 5.35840658e-03  5.35840658e+00 
 5.36340658e-03  5.36340658e+00 
 5.36840658e-03  5.36840658e+00 
 5.37340658e-03  5.37340658e+00 
 5.37840658e-03  5.37840658e+00 
 5.38340658e-03  5.38340658e+00 
 5.38840658e-03  5.38840658e+00 
 5.39340658e-03  5.39340658e+00 
 5.39840658e-03  5.39840658e+00 
 5.40340658e-03  5.40340658e+00 
 5.40840658e-03  5.40840658e+00 
 5.41340658e-03  5.41340658e+00 
 5.41840658e-03  5.41840658e+00 
 5.42340658e-03  5.42340658e+00 
 5.42840658e-03  5.42840658e+00 
 5.43340658e-03  5.43340658e+00 
 5.43840658e-03  5.43840658e+00 
 5.44340658e-03  5.44340658e+00 
 5.44840658e-03  5.44840658e+00 
 5.45340658e-03  5.45340658e+00 
 5.45840658e-03  5.45840658e+00 
 5.46340658e-03  5.46340658e+00 
 5.46840658e-03  5.46840658e+00 
 5.47340658e-03  5.47340658e+00 
 5.47840658e-03  5.47840658e+00 
 5.48340658e-03  5.48340658e+00 
 5.48840658e-03  5.48840658e+00 
 5.49340658e-03  5.49340658e+00 
 5.49840658e-03  5.49840658e+00 
 5.50340658e-03  5.50340658e+00 
 5.50840658e-03  5.50840658e+00 
 5.51340658e-03  5.51340658e+00 
 5.51840658e-03  5.51840658e+00 
 5.52340658e-03  5.52340658e+00 
 5.52840658e-03  5.52840658e+00 
 5.53340658e-03  5.53340658e+00 
 5.53840658e-03  5.53840658e+00 
 5.54340658e-03  5.54340658e+00 
 5.54840658e-03  5.54840658e+00 
 5.55340658e-03  5.55340658e+00 
 5.55840658e-03  5.55840658e+00 
 5.56340658e-03  5.56340658e+00 
 5.56840658e-03  5.56840658e+00 
 5.57340658e-03  5.57340658e+00 
 5.57840658e-03  5.57840658e+00 
 5.58340658e-03  5.58340658e+00 
 5.58840658e-03  5.58840658e+00 
 5.59340658e-03  5.59340658e+00 
 5.59840658e-03  5.59840658e+00 
 5.60340658e-03  5.60340658e+00 
 5.60840658e-03  5.60840658e+00 
 5.61340658e-03  5.61340658e+00 
 5.61840658e-03  5.61840658e+00 
 5.62340658e-03  5.62340658e+00 
 5.62840658e-03  5.62840658e+00 
 5.63340658e-03  5.63340658e+00 
 5.63840658e-03  5.63840658e+00 
 5.64340658e-03  5.64340658e+00 
 5.64840658e-03  5.64840658e+00 
 5.65340658e-03  5.65340658e+00 
 5.65840658e-03  5.65840658e+00 
 5.66340658e-03  5.66340658e+00 
 5.66840658e-03  5.66840658e+00 
 5.67340658e-03  5.67340658e+00 
 5.67840658e-03  5.67840658e+00 
 5.68340658e-03  5.68340658e+00 
 5.68840658e-03  5.68840658e+00 
 5.69340658e-03  5.69340658e+00 
 5.69840658e-03  5.69840658e+00 
 5.70340658e-03  5.70340658e+00 
 5.70840658e-03  5.70840658e+00 
 5.71340658e-03  5.71340658e+00 
 5.71840658e-03  5.71840658e+00 
 5.72340658e-03  5.72340658e+00 
 5.72840658e-03  5.72840658e+00 
 5.73340658e-03  5.73340658e+00 
 5.73840658e-03  5.73840658e+00 
 5.74340658e-03  5.74340658e+00 
 5.74840658e-03  5.74840658e+00 
 5.75340658e-03  5.75340658e+00 
 5.75840658e-03  5.75840658e+00 
 5.76340658e-03  5.76340658e+00 
 5.76840658e-03  5.76840658e+00 
 5.77340658e-03  5.77340658e+00 
 5.77840658e-03  5.77840658e+00 
 5.78340658e-03  5.78340658e+00 
 5.78840658e-03  5.78840658e+00 
 5.79340658e-03  5.79340658e+00 
 5.79840658e-03  5.79840658e+00 
 5.80340658e-03  5.80340658e+00 
 5.80840658e-03  5.80840658e+00 
 5.81340658e-03  5.81340658e+00 
 5.81840658e-03  5.81840658e+00 
 5.82340658e-03  5.82340658e+00 
 5.82840658e-03  5.82840658e+00 
 5.83340658e-03  5.83340658e+00 
 5.83840658e-03  5.83840658e+00 
 5.84340658e-03  5.84340658e+00 
 5.84840658e-03  5.84840658e+00 
 5.85340658e-03  5.85340658e+00 
 5.85840658e-03  5.85840658e+00 
 5.86340658e-03  5.86340658e+00 
 5.86840658e-03  5.86840658e+00 
 5.87340658e-03  5.87340658e+00 
 5.87840658e-03  5.87840658e+00 
 5.88340658e-03  5.88340658e+00 
 5.88840658e-03  5.88840658e+00 
 5.89340658e-03  5.89340658e+00 
 5.89840658e-03  5.89840658e+00 
 5.90340658e-03  5.90340658e+00 
 5.90840658e-03  5.90840658e+00 
 5.91340658e-03  5.91340658e+00 
 5.91840658e-03  5.91840658e+00 
 5.92340658e-03  5.92340658e+00 
 5.92840658e-03  5.92840658e+00 
 5.93340658e-03  5.93340658e+00 
 5.93840658e-03  5.93840658e+00 
 5.94340658e-03  5.94340658e+00 
 5.94840658e-03  5.94840658e+00 
 5.95340658e-03  5.95340658e+00 
 5.95840658e-03  5.95840658e+00 
 5.96340658e-03  5.96340658e+00 
 5.96840658e-03  5.96840658e+00 
 5.97340658e-03  5.97340658e+00 
 5.97840658e-03  5.97840658e+00 
 5.98340658e-03  5.98340658e+00 
 5.98840658e-03  5.98840658e+00 
 5.99340658e-03  5.99340658e+00 
 5.99840658e-03  5.99840658e+00 
 6.00340658e-03  6.00340658e+00 
 6.00840658e-03  6.00840658e+00 
 6.01340658e-03  6.01340658e+00 
 6.01840658e-03  6.01840658e+00 
 6.02340658e-03  6.02340658e+00 
 6.02840658e-03  6.02840658e+00 
 6.03340658e-03  6.03340658e+00 
 6.03840658e-03  6.03840658e+00 
 6.04340658e-03  6.04340658e+00 
 6.04840658e-03  6.04840658e+00 
 6.05340658e-03  6.05340658e+00 
 6.05840658e-03  6.05840658e+00 
 6.06340658e-03  6.06340658e+00 
 6.06840658e-03  6.06840658e+00 
 6.07340658e-03  6.07340658e+00 
 6.07840658e-03  6.07840658e+00 
 6.08340658e-03  6.08340658e+00 
 6.08840658e-03  6.08840658e+00 
 6.09340658e-03  6.09340658e+00 
 6.09840658e-03  6.09840658e+00 
 6.10340658e-03  6.10340658e+00 
 6.10840658e-03  6.10840658e+00 
 6.11340658e-03  6.11340658e+00 
 6.11840658e-03  6.11840658e+00 
 6.12340658e-03  6.12340658e+00 
 6.12840658e-03  6.12840658e+00 
 6.13340658e-03  6.13340658e+00 
 6.13840658e-03  6.13840658e+00 
 6.14340658e-03  6.14340658e+00 
 6.14840658e-03  6.14840658e+00 
 6.15340658e-03  6.15340658e+00 
 6.15840658e-03  6.15840658e+00 
 6.16340658e-03  6.16340658e+00 
 6.16840658e-03  6.16840658e+00 
 6.17340658e-03  6.17340658e+00 
 6.17840658e-03  6.17840658e+00 
 6.18340658e-03  6.18340658e+00 
 6.18840658e-03  6.18840658e+00 
 6.19340658e-03  6.19340658e+00 
 6.19840658e-03  6.19840658e+00 
 6.20340658e-03  6.20340658e+00 
 6.20840658e-03  6.20840658e+00 
 6.21340658e-03  6.21340658e+00 
 6.21840658e-03  6.21840658e+00 
 6.22340658e-03  6.22340658e+00 
 6.22840658e-03  6.22840658e+00 
 6.23340658e-03  6.23340658e+00 
 6.23840658e-03  6.23840658e+00 
 6.24340658e-03  6.24340658e+00 
 6.24840658e-03  6.24840658e+00 
 6.25340658e-03  6.25340658e+00 
 6.25840658e-03  6.25840658e+00 
 6.26340658e-03  6.26340658e+00 
 6.26840658e-03  6.26840658e+00 
 6.27340658e-03  6.27340658e+00 
 6.27840658e-03  6.27840658e+00 
 6.28340658e-03  6.28340658e+00 
 6.28840658e-03  6.28840658e+00 
 6.29340658e-03  6.29340658e+00 
 6.29840658e-03  6.29840658e+00 
 6.30340658e-03  6.30340658e+00 
 6.30840658e-03  6.30840658e+00 
 6.31340658e-03  6.31340658e+00 
 6.31840658e-03  6.31840658e+00 
 6.32340658e-03  6.32340658e+00 
 6.32840658e-03  6.32840658e+00 
 6.33340658e-03  6.33340658e+00 
 6.33840658e-03  6.33840658e+00 
 6.34340658e-03  6.34340658e+00 
 6.34840658e-03  6.34840658e+00 
 6.35340658e-03  6.35340658e+00 
 6.35840658e-03  6.35840658e+00 
 6.36340658e-03  6.36340658e+00 
 6.36840658e-03  6.36840658e+00 
 6.37340658e-03  6.37340658e+00 
 6.37840658e-03  6.37840658e+00 
 6.38340658e-03  6.38340658e+00 
 6.38840658e-03  6.38840658e+00 
 6.39340658e-03  6.39340658e+00 
 6.39840658e-03  6.39840658e+00 
 6.40340658e-03  6.40340658e+00 
 6.40840658e-03  6.40840658e+00 
 6.41340658e-03  6.41340658e+00 
 6.41840658e-03  6.41840658e+00 
 6.42340658e-03  6.42340658e+00 
 6.42840658e-03  6.42840658e+00 
 6.43340658e-03  6.43340658e+00 
 6.43840658e-03  6.43840658e+00 
 6.44340658e-03  6.44340658e+00 
 6.44840658e-03  6.44840658e+00 
 6.45340658e-03  6.45340658e+00 
 6.45840658e-03  6.45840658e+00 
 6.46340658e-03  6.46340658e+00 
 6.46840658e-03  6.46840658e+00 
 6.47340658e-03  6.47340658e+00 
 6.47840658e-03  6.47840658e+00 
 6.48340658e-03  6.48340658e+00 
 6.48840658e-03  6.48840658e+00 
 6.49340658e-03  6.49340658e+00 
 6.49840658e-03  6.49840658e+00 
 6.50340658e-03  6.50340658e+00 
 6.50840658e-03  6.50840658e+00 
 6.51340658e-03  6.51340658e+00 
 6.51840658e-03  6.51840658e+00 
 6.52340658e-03  6.52340658e+00 
 6.52840658e-03  6.52840658e+00 
 6.53340658e-03  6.53340658e+00 
 6.53840658e-03  6.53840658e+00 
 6.54340658e-03  6.54340658e+00 
 6.54840658e-03  6.54840658e+00 
 6.55340658e-03  6.55340658e+00 
 6.55840658e-03  6.55840658e+00 
 6.56340658e-03  6.56340658e+00 
 6.56840658e-03  6.56840658e+00 
 6.57340658e-03  6.57340658e+00 
 6.57840658e-03  6.57840658e+00 
 6.58340658e-03  6.58340658e+00 
 6.58840658e-03  6.58840658e+00 
 6.59340658e-03  6.59340658e+00 
 6.59840658e-03  6.59840658e+00 
 6.60340658e-03  6.60340658e+00 
 6.60840658e-03  6.60840658e+00 
 6.61340658e-03  6.61340658e+00 
 6.61840658e-03  6.61840658e+00 
 6.62340658e-03  6.62340658e+00 
 6.62840658e-03  6.62840658e+00 
 6.63340658e-03  6.63340658e+00 
 6.63840658e-03  6.63840658e+00 
 6.64340658e-03  6.64340658e+00 
 6.64840658e-03  6.64840658e+00 
 6.65340658e-03  6.65340658e+00 
 6.65840658e-03  6.65840658e+00 
 6.66340658e-03  6.66340658e+00 
 6.66840658e-03  6.66840658e+00 
 6.67340658e-03  6.67340658e+00 
 6.67840658e-03  6.67840658e+00 
 6.68340658e-03  6.68340658e+00 
 6.68840658e-03  6.68840658e+00 
 6.69340658e-03  6.69340658e+00 
 6.69840658e-03  6.69840658e+00 
 6.70340658e-03  6.70340658e+00 
 6.70840658e-03  6.70840658e+00 
 6.71340658e-03  6.71340658e+00 
 6.71840658e-03  6.71840658e+00 
 6.72340658e-03  6.72340658e+00 
 6.72840658e-03  6.72840658e+00 
 6.73340658e-03  6.73340658e+00 
 6.73840658e-03  6.73840658e+00 
 6.74340658e-03  6.74340658e+00 
 6.74840658e-03  6.74840658e+00 
 6.75340658e-03  6.75340658e+00 
 6.75840658e-03  6.75840658e+00 
 6.76340658e-03  6.76340658e+00 
 6.76840658e-03  6.76840658e+00 
 6.77340658e-03  6.77340658e+00 
 6.77840658e-03  6.77840658e+00 
 6.78340658e-03  6.78340658e+00 
 6.78840658e-03  6.78840658e+00 
 6.79340658e-03  6.79340658e+00 
 6.79840658e-03  6.79840658e+00 
 6.80340658e-03  6.80340658e+00 
 6.80840658e-03  6.80840658e+00 
 6.81340658e-03  6.81340658e+00 
 6.81840658e-03  6.81840658e+00 
 6.82340658e-03  6.82340658e+00 
 6.82840658e-03  6.82840658e+00 
 6.83340658e-03  6.83340658e+00 
 6.83840658e-03  6.83840658e+00 
 6.84340658e-03  6.84340658e+00 
 6.84840658e-03  6.84840658e+00 
 6.85340658e-03  6.85340658e+00 
 6.85840658e-03  6.85840658e+00 
 6.86340658e-03  6.86340658e+00 
 6.86840658e-03  6.86840658e+00 
 6.87340658e-03  6.87340658e+00 
 6.87840658e-03  6.87840658e+00 
 6.88340658e-03  6.88340658e+00 
 6.88840658e-03  6.88840658e+00 
 6.89340658e-03  6.89340658e+00 
 6.89840658e-03  6.89840658e+00 
 6.90340658e-03  6.90340658e+00 
 6.90840658e-03  6.90840658e+00 
 6.91340658e-03  6.91340658e+00 
 6.91840658e-03  6.91840658e+00 
 6.92340658e-03  6.92340658e+00 
 6.92840658e-03  6.92840658e+00 
 6.93340658e-03  6.93340658e+00 
 6.93840658e-03  6.93840658e+00 
 6.94340658e-03  6.94340658e+00 
 6.94840658e-03  6.94840658e+00 
 6.95340658e-03  6.95340658e+00 
 6.95840658e-03  6.95840658e+00 
 6.96340658e-03  6.96340658e+00 
 6.96840658e-03  6.96840658e+00 
 6.97340658e-03  6.97340658e+00 
 6.97840658e-03  6.97840658e+00 
 6.98340658e-03  6.98340658e+00 
 6.98840658e-03  6.98840658e+00 
 6.99340658e-03  6.99340658e+00 
 6.99840658e-03  6.99840658e+00 
 7.00340658e-03  7.00340658e+00 
 7.00840658e-03  7.00840658e+00 
 7.01340658e-03  7.01340658e+00 
 7.01840658e-03  7.01840658e+00 
 7.02340658e-03  7.02340658e+00 
 7.02840658e-03  7.02840658e+00 
 7.03340658e-03  7.03340658e+00 
 7.03840658e-03  7.03840658e+00 
 7.04340658e-03  7.04340658e+00 
 7.04840658e-03  7.04840658e+00 
 7.05340658e-03  7.05340658e+00 
 7.05840658e-03  7.05840658e+00 
 7.06340658e-03  7.06340658e+00 
 7.06840658e-03  7.06840658e+00 
 7.07340658e-03  7.07340658e+00 
 7.07840658e-03  7.07840658e+00 
 7.08340658e-03  7.08340658e+00 
 7.08840658e-03  7.08840658e+00 
 7.09340658e-03  7.09340658e+00 
 7.09840658e-03  7.09840658e+00 
 7.10340658e-03  7.10340658e+00 
 7.10840658e-03  7.10840658e+00 
 7.11340658e-03  7.11340658e+00 
 7.11840658e-03  7.11840658e+00 
 7.12340658e-03  7.12340658e+00 
 7.12840658e-03  7.12840658e+00 
 7.13340658e-03  7.13340658e+00 
 7.13840658e-03  7.13840658e+00 
 7.14340658e-03  7.14340658e+00 
 7.14840658e-03  7.14840658e+00 
 7.15340658e-03  7.15340658e+00 
 7.15840658e-03  7.15840658e+00 
 7.16340658e-03  7.16340658e+00 
 7.16840658e-03  7.16840658e+00 
 7.17340658e-03  7.17340658e+00 
 7.17840658e-03  7.17840658e+00 
 7.18340658e-03  7.18340658e+00 
 7.18840658e-03  7.18840658e+00 
 7.19340658e-03  7.19340658e+00 
 7.19840658e-03  7.19840658e+00 
 7.20340658e-03  7.20340658e+00 
 7.20840658e-03  7.20840658e+00 
 7.21340658e-03  7.21340658e+00 
 7.21840658e-03  7.21840658e+00 
 7.22340658e-03  7.22340658e+00 
 7.22840658e-03  7.22840658e+00 
 7.23340658e-03  7.23340658e+00 
 7.23840658e-03  7.23840658e+00 
 7.24340658e-03  7.24340658e+00 
 7.24840658e-03  7.24840658e+00 
 7.25340658e-03  7.25340658e+00 
 7.25840658e-03  7.25840658e+00 
 7.26340658e-03  7.26340658e+00 
 7.26840658e-03  7.26840658e+00 
 7.27340658e-03  7.27340658e+00 
 7.27840658e-03  7.27840658e+00 
 7.28340658e-03  7.28340658e+00 
 7.28840658e-03  7.28840658e+00 
 7.29340658e-03  7.29340658e+00 
 7.29840658e-03  7.29840658e+00 
 7.30340658e-03  7.30340658e+00 
 7.30840658e-03  7.30840658e+00 
 7.31340658e-03  7.31340658e+00 
 7.31840658e-03  7.31840658e+00 
 7.32340658e-03  7.32340658e+00 
 7.32840658e-03  7.32840658e+00 
 7.33340658e-03  7.33340658e+00 
 7.33840658e-03  7.33840658e+00 
 7.34340658e-03  7.34340658e+00 
 7.34840658e-03  7.34840658e+00 
 7.35340658e-03  7.35340658e+00 
 7.35840658e-03  7.35840658e+00 
 7.36340658e-03  7.36340658e+00 
 7.36840658e-03  7.36840658e+00 
 7.37340658e-03  7.37340658e+00 
 7.37840658e-03  7.37840658e+00 
 7.38340658e-03  7.38340658e+00 
 7.38840658e-03  7.38840658e+00 
 7.39340658e-03  7.39340658e+00 
 7.39840658e-03  7.39840658e+00 
 7.40340658e-03  7.40340658e+00 
 7.40840658e-03  7.40840658e+00 
 7.41340658e-03  7.41340658e+00 
 7.41840658e-03  7.41840658e+00 
 7.42340658e-03  7.42340658e+00 
 7.42840658e-03  7.42840658e+00 
 7.43340658e-03  7.43340658e+00 
 7.43840658e-03  7.43840658e+00 
 7.44340658e-03  7.44340658e+00 
 7.44840658e-03  7.44840658e+00 
 7.45340658e-03  7.45340658e+00 
 7.45840658e-03  7.45840658e+00 
 7.46340658e-03  7.46340658e+00 
 7.46840658e-03  7.46840658e+00 
 7.47340658e-03  7.47340658e+00 
 7.47840658e-03  7.47840658e+00 
 7.48340658e-03  7.48340658e+00 
 7.48840658e-03  7.48840658e+00 
 7.49340658e-03  7.49340658e+00 
 7.49840658e-03  7.49840658e+00 
 7.50340658e-03  7.50340658e+00 
 7.50840658e-03  7.50840658e+00 
 7.51340658e-03  7.51340658e+00 
 7.51840658e-03  7.51840658e+00 
 7.52340658e-03  7.52340658e+00 
 7.52840658e-03  7.52840658e+00 
 7.53340658e-03  7.53340658e+00 
 7.53840658e-03  7.53840658e+00 
 7.54340658e-03  7.54340658e+00 
 7.54840658e-03  7.54840658e+00 
 7.55340658e-03  7.55340658e+00 
 7.55840658e-03  7.55840658e+00 
 7.56340658e-03  7.56340658e+00 
 7.56840658e-03  7.56840658e+00 
 7.57340658e-03  7.57340658e+00 
 7.57840658e-03  7.57840658e+00 
 7.58340658e-03  7.58340658e+00 
 7.58840658e-03  7.58840658e+00 
 7.59340658e-03  7.59340658e+00 
 7.59840658e-03  7.59840658e+00 
 7.60340658e-03  7.60340658e+00 
 7.60840658e-03  7.60840658e+00 
 7.61340658e-03  7.61340658e+00 
 7.61840658e-03  7.61840658e+00 
 7.62340658e-03  7.62340658e+00 
 7.62840658e-03  7.62840658e+00 
 7.63340658e-03  7.63340658e+00 
 7.63840658e-03  7.63840658e+00 
 7.64340658e-03  7.64340658e+00 
 7.64840658e-03  7.64840658e+00 
 7.65340658e-03  7.65340658e+00 
 7.65840658e-03  7.65840658e+00 
 7.66340658e-03  7.66340658e+00 
 7.66840658e-03  7.66840658e+00 
 7.67340658e-03  7.67340658e+00 
 7.67840658e-03  7.67840658e+00 
 7.68340658e-03  7.68340658e+00 
 7.68840658e-03  7.68840658e+00 
 7.69340658e-03  7.69340658e+00 
 7.69840658e-03  7.69840658e+00 
 7.70340658e-03  7.70340658e+00 
 7.70840658e-03  7.70840658e+00 
 7.71340658e-03  7.71340658e+00 
 7.71840658e-03  7.71840658e+00 
 7.72340658e-03  7.72340658e+00 
 7.72840658e-03  7.72840658e+00 
 7.73340658e-03  7.73340658e+00 
 7.73840658e-03  7.73840658e+00 
 7.74340658e-03  7.74340658e+00 
 7.74840658e-03  7.74840658e+00 
 7.75340658e-03  7.75340658e+00 
 7.75840658e-03  7.75840658e+00 
 7.76340658e-03  7.76340658e+00 
 7.76840658e-03  7.76840658e+00 
 7.77340658e-03  7.77340658e+00 
 7.77840658e-03  7.77840658e+00 
 7.78340658e-03  7.78340658e+00 
 7.78840658e-03  7.78840658e+00 
 7.79340658e-03  7.79340658e+00 
 7.79840658e-03  7.79840658e+00 
 7.80340658e-03  7.80340658e+00 
 7.80840658e-03  7.80840658e+00 
 7.81340658e-03  7.81340658e+00 
 7.81840658e-03  7.81840658e+00 
 7.82340658e-03  7.82340658e+00 
 7.82840658e-03  7.82840658e+00 
 7.83340658e-03  7.83340658e+00 
 7.83840658e-03  7.83840658e+00 
 7.84340658e-03  7.84340658e+00 
 7.84840658e-03  7.84840658e+00 
 7.85340658e-03  7.85340658e+00 
 7.85840658e-03  7.85840658e+00 
 7.86340658e-03  7.86340658e+00 
 7.86840658e-03  7.86840658e+00 
 7.87340658e-03  7.87340658e+00 
 7.87840658e-03  7.87840658e+00 
 7.88340658e-03  7.88340658e+00 
 7.88840658e-03  7.88840658e+00 
 7.89340658e-03  7.89340658e+00 
 7.89840658e-03  7.89840658e+00 
 7.90340658e-03  7.90340658e+00 
 7.90840658e-03  7.90840658e+00 
 7.91340658e-03  7.91340658e+00 
 7.91840658e-03  7.91840658e+00 
 7.92340658e-03  7.92340658e+00 
 7.92840658e-03  7.92840658e+00 
 7.93340658e-03  7.93340658e+00 
 7.93840658e-03  7.93840658e+00 
 7.94340658e-03  7.94340658e+00 
 7.94840658e-03  7.94840658e+00 
 7.95340658e-03  7.95340658e+00 
 7.95840658e-03  7.95840658e+00 
 7.96340658e-03  7.96340658e+00 
 7.96840658e-03  7.96840658e+00 
 7.97340658e-03  7.97340658e+00 
 7.97840658e-03  7.97840658e+00 
 7.98340658e-03  7.98340658e+00 
 7.98840658e-03  7.98840658e+00 
 7.99340658e-03  7.99340658e+00 
 7.99840658e-03  7.99840658e+00 
 8.00340658e-03  8.00340658e+00 
 8.00840658e-03  8.00840658e+00 
 8.01340658e-03  8.01340658e+00 
 8.01840658e-03  8.01840658e+00 
 8.02340658e-03  8.02340658e+00 
 8.02840658e-03  8.02840658e+00 
 8.03340658e-03  8.03340658e+00 
 8.03840658e-03  8.03840658e+00 
 8.04340658e-03  8.04340658e+00 
 8.04840658e-03  8.04840658e+00 
 8.05340658e-03  8.05340658e+00 
 8.05840658e-03  8.05840658e+00 
 8.06340658e-03  8.06340658e+00 
 8.06840658e-03  8.06840658e+00 
 8.07340658e-03  8.07340658e+00 
 8.07840658e-03  8.07840658e+00 
 8.08340658e-03  8.08340658e+00 
 8.08840658e-03  8.08840658e+00 
 8.09340658e-03  8.09340658e+00 
 8.09840658e-03  8.09840658e+00 
 8.10340658e-03  8.10340658e+00 
 8.10840658e-03  8.10840658e+00 
 8.11340658e-03  8.11340658e+00 
 8.11840658e-03  8.11840658e+00 
 8.12340658e-03  8.12340658e+00 
 8.12840658e-03  8.12840658e+00 
 8.13340658e-03  8.13340658e+00 
 8.13840658e-03  8.13840658e+00 
 8.14340658e-03  8.14340658e+00 
 8.14840658e-03  8.14840658e+00 
 8.15340658e-03  8.15340658e+00 
 8.15840658e-03  8.15840658e+00 
 8.16340658e-03  8.16340658e+00 
 8.16840658e-03  8.16840658e+00 
 8.17340658e-03  8.17340658e+00 
 8.17840658e-03  8.17840658e+00 
 8.18340658e-03  8.18340658e+00 
 8.18840658e-03  8.18840658e+00 
 8.19340658e-03  8.19340658e+00 
 8.19840658e-03  8.19840658e+00 
 8.20340658e-03  8.20340658e+00 
 8.20840658e-03  8.20840658e+00 
 8.21340658e-03  8.21340658e+00 
 8.21840658e-03  8.21840658e+00 
 8.22340658e-03  8.22340658e+00 
 8.22840658e-03  8.22840658e+00 
 8.23340658e-03  8.23340658e+00 
 8.23840658e-03  8.23840658e+00 
 8.24340658e-03  8.24340658e+00 
 8.24840658e-03  8.24840658e+00 
 8.25340658e-03  8.25340658e+00 
 8.25840658e-03  8.25840658e+00 
 8.26340658e-03  8.26340658e+00 
 8.26840658e-03  8.26840658e+00 
 8.27340658e-03  8.27340658e+00 
 8.27840658e-03  8.27840658e+00 
 8.28340658e-03  8.28340658e+00 
 8.28840658e-03  8.28840658e+00 
 8.29340658e-03  8.29340658e+00 
 8.29840658e-03  8.29840658e+00 
 8.30340658e-03  8.30340658e+00 
 8.30840658e-03  8.30840658e+00 
 8.31340658e-03  8.31340658e+00 
 8.31840658e-03  8.31840658e+00 
 8.32340658e-03  8.32340658e+00 
 8.32840658e-03  8.32840658e+00 
 8.33340658e-03  8.33340658e+00 
 8.33840658e-03  8.33840658e+00 
 8.34340658e-03  8.34340658e+00 
 8.34840658e-03  8.34840658e+00 
 8.35340658e-03  8.35340658e+00 
 8.35840658e-03  8.35840658e+00 
 8.36340658e-03  8.36340658e+00 
 8.36840658e-03  8.36840658e+00 
 8.37340658e-03  8.37340658e+00 
 8.37840658e-03  8.37840658e+00 
 8.38340658e-03  8.38340658e+00 
 8.38840658e-03  8.38840658e+00 
 8.39340658e-03  8.39340658e+00 
 8.39840658e-03  8.39840658e+00 
 8.40340658e-03  8.40340658e+00 
 8.40840658e-03  8.40840658e+00 
 8.41340658e-03  8.41340658e+00 
 8.41840658e-03  8.41840658e+00 
 8.42340658e-03  8.42340658e+00 
 8.42840658e-03  8.42840658e+00 
 8.43340658e-03  8.43340658e+00 
 8.43840658e-03  8.43840658e+00 
 8.44340658e-03  8.44340658e+00 
 8.44840658e-03  8.44840658e+00 
 8.45340658e-03  8.45340658e+00 
 8.45840658e-03  8.45840658e+00 
 8.46340658e-03  8.46340658e+00 
 8.46840658e-03  8.46840658e+00 
 8.47340658e-03  8.47340658e+00 
 8.47840658e-03  8.47840658e+00 
 8.48340658e-03  8.48340658e+00 
 8.48840658e-03  8.48840658e+00 
 8.49340658e-03  8.49340658e+00 
 8.49840658e-03  8.49840658e+00 
 8.50340658e-03  8.50340658e+00 
 8.50840658e-03  8.50840658e+00 
 8.51340658e-03  8.51340658e+00 
 8.51840658e-03  8.51840658e+00 
 8.52340658e-03  8.52340658e+00 
 8.52840658e-03  8.52840658e+00 
 8.53340658e-03  8.53340658e+00 
 8.53840658e-03  8.53840658e+00 
 8.54340658e-03  8.54340658e+00 
 8.54840658e-03  8.54840658e+00 
 8.55340658e-03  8.55340658e+00 
 8.55840658e-03  8.55840658e+00 
 8.56340658e-03  8.56340658e+00 
 8.56840658e-03  8.56840658e+00 
 8.57340658e-03  8.57340658e+00 
 8.57840658e-03  8.57840658e+00 
 8.58340658e-03  8.58340658e+00 
 8.58840658e-03  8.58840658e+00 
 8.59340658e-03  8.59340658e+00 
 8.59840658e-03  8.59840658e+00 
 8.60340658e-03  8.60340658e+00 
 8.60840658e-03  8.60840658e+00 
 8.61340658e-03  8.61340658e+00 
 8.61840658e-03  8.61840658e+00 
 8.62340658e-03  8.62340658e+00 
 8.62840658e-03  8.62840658e+00 
 8.63340658e-03  8.63340658e+00 
 8.63840658e-03  8.63840658e+00 
 8.64340658e-03  8.64340658e+00 
 8.64840658e-03  8.64840658e+00 
 8.65340658e-03  8.65340658e+00 
 8.65840658e-03  8.65840658e+00 
 8.66340658e-03  8.66340658e+00 
 8.66840658e-03  8.66840658e+00 
 8.67340658e-03  8.67340658e+00 
 8.67840658e-03  8.67840658e+00 
 8.68340658e-03  8.68340658e+00 
 8.68840658e-03  8.68840658e+00 
 8.69340658e-03  8.69340658e+00 
 8.69840658e-03  8.69840658e+00 
 8.70340658e-03  8.70340658e+00 
 8.70840658e-03  8.70840658e+00 
 8.71340658e-03  8.71340658e+00 
 8.71840658e-03  8.71840658e+00 
 8.72340658e-03  8.72340658e+00 
 8.72840658e-03  8.72840658e+00 
 8.73340658e-03  8.73340658e+00 
 8.73840658e-03  8.73840658e+00 
 8.74340658e-03  8.74340658e+00 
 8.74840658e-03  8.74840658e+00 
 8.75340658e-03  8.75340658e+00 
 8.75840658e-03  8.75840658e+00 
 8.76340658e-03  8.76340658e+00 
 8.76840658e-03  8.76840658e+00 
 8.77340658e-03  8.77340658e+00 
 8.77840658e-03  8.77840658e+00 
 8.78340658e-03  8.78340658e+00 
 8.78840658e-03  8.78840658e+00 
 8.79340658e-03  8.79340658e+00 
 8.79840658e-03  8.79840658e+00 
 8.80340658e-03  8.80340658e+00 
 8.80840658e-03  8.80840658e+00 
 8.81340658e-03  8.81340658e+00 
 8.81840658e-03  8.81840658e+00 
 8.82340658e-03  8.82340658e+00 
 8.82840658e-03  8.82840658e+00 
 8.83340658e-03  8.83340658e+00 
 8.83840658e-03  8.83840658e+00 
 8.84340658e-03  8.84340658e+00 
 8.84840658e-03  8.84840658e+00 
 8.85340658e-03  8.85340658e+00 
 8.85840658e-03  8.85840658e+00 
 8.86340658e-03  8.86340658e+00 
 8.86840658e-03  8.86840658e+00 
 8.87340658e-03  8.87340658e+00 
 8.87840658e-03  8.87840658e+00 
 8.88340658e-03  8.88340658e+00 
 8.88840658e-03  8.88840658e+00 
 8.89340658e-03  8.89340658e+00 
 8.89840658e-03  8.89840658e+00 
 8.90340658e-03  8.90340658e+00 
 8.90840658e-03  8.90840658e+00 
 8.91340658e-03  8.91340658e+00 
 8.91840658e-03  8.91840658e+00 
 8.92340658e-03  8.92340658e+00 
 8.92840658e-03  8.92840658e+00 
 8.93340658e-03  8.93340658e+00 
 8.93840658e-03  8.93840658e+00 
 8.94340658e-03  8.94340658e+00 
 8.94840658e-03  8.94840658e+00 
 8.95340658e-03  8.95340658e+00 
 8.95840658e-03  8.95840658e+00 
 8.96340658e-03  8.96340658e+00 
 8.96840658e-03  8.96840658e+00 
 8.97340658e-03  8.97340658e+00 
 8.97840658e-03  8.97840658e+00 
 8.98340658e-03  8.98340658e+00 
 8.98840658e-03  8.98840658e+00 
 8.99340658e-03  8.99340658e+00 
 8.99840658e-03  8.99840658e+00 
 9.00340658e-03  9.00340658e+00 
 9.00840658e-03  9.00840658e+00 
 9.01340658e-03  9.01340658e+00 
 9.01840658e-03  9.01840658e+00 
 9.02340658e-03  9.02340658e+00 
 9.02840658e-03  9.02840658e+00 
 9.03340658e-03  9.03340658e+00 
 9.03840658e-03  9.03840658e+00 
 9.04340658e-03  9.04340658e+00 
 9.04840658e-03  9.04840658e+00 
 9.05340658e-03  9.05340658e+00 
 9.05840658e-03  9.05840658e+00 
 9.06340658e-03  9.06340658e+00 
 9.06840658e-03  9.06840658e+00 
 9.07340658e-03  9.07340658e+00 
 9.07840658e-03  9.07840658e+00 
 9.08340658e-03  9.08340658e+00 
 9.08840658e-03  9.08840658e+00 
 9.09340658e-03  9.09340658e+00 
 9.09840658e-03  9.09840658e+00 
 9.10340658e-03  9.10340658e+00 
 9.10840658e-03  9.10840658e+00 
 9.11340658e-03  9.11340658e+00 
 9.11840658e-03  9.11840658e+00 
 9.12340658e-03  9.12340658e+00 
 9.12840658e-03  9.12840658e+00 
 9.13340658e-03  9.13340658e+00 
 9.13840658e-03  9.13840658e+00 
 9.14340658e-03  9.14340658e+00 
 9.14840658e-03  9.14840658e+00 
 9.15340658e-03  9.15340658e+00 
 9.15840658e-03  9.15840658e+00 
 9.16340658e-03  9.16340658e+00 
 9.16840658e-03  9.16840658e+00 
 9.17340658e-03  9.17340658e+00 
 9.17840658e-03  9.17840658e+00 
 9.18340658e-03  9.18340658e+00 
 9.18840658e-03  9.18840658e+00 
 9.19340658e-03  9.19340658e+00 
 9.19840658e-03  9.19840658e+00 
 9.20340658e-03  9.20340658e+00 
 9.20840658e-03  9.20840658e+00 
 9.21340658e-03  9.21340658e+00 
 9.21840658e-03  9.21840658e+00 
 9.22340658e-03  9.22340658e+00 
 9.22840658e-03  9.22840658e+00 
 9.23340658e-03  9.23340658e+00 
 9.23840658e-03  9.23840658e+00 
 9.24340658e-03  9.24340658e+00 
 9.24840658e-03  9.24840658e+00 
 9.25340658e-03  9.25340658e+00 
 9.25840658e-03  9.25840658e+00 
 9.26340658e-03  9.26340658e+00 
 9.26840658e-03  9.26840658e+00 
 9.27340658e-03  9.27340658e+00 
 9.27840658e-03  9.27840658e+00 
 9.28340658e-03  9.28340658e+00 
 9.28840658e-03  9.28840658e+00 
 9.29340658e-03  9.29340658e+00 
 9.29840658e-03  9.29840658e+00 
 9.30340658e-03  9.30340658e+00 
 9.30840658e-03  9.30840658e+00 
 9.31340658e-03  9.31340658e+00 
 9.31840658e-03  9.31840658e+00 
 9.32340658e-03  9.32340658e+00 
 9.32840658e-03  9.32840658e+00 
 9.33340658e-03  9.33340658e+00 
 9.33840658e-03  9.33840658e+00 
 9.34340658e-03  9.34340658e+00 
 9.34840658e-03  9.34840658e+00 
 9.35340658e-03  9.35340658e+00 
 9.35840658e-03  9.35840658e+00 
 9.36340658e-03  9.36340658e+00 
 9.36840658e-03  9.36840658e+00 
 9.37340658e-03  9.37340658e+00 
 9.37840658e-03  9.37840658e+00 
 9.38340658e-03  9.38340658e+00 
 9.38840658e-03  9.38840658e+00 
 9.39340658e-03  9.39340658e+00 
 9.39840658e-03  9.39840658e+00 
 9.40340658e-03  9.40340658e+00 
 9.40840658e-03  9.40840658e+00 
 9.41340658e-03  9.41340658e+00 
 9.41840658e-03  9.41840658e+00 
 9.42340658e-03  9.42340658e+00 
 9.42840658e-03  9.42840658e+00 
 9.43340658e-03  9.43340658e+00 
 9.43840658e-03  9.43840658e+00 
 9.44340658e-03  9.44340658e+00 
 9.44840658e-03  9.44840658e+00 
 9.45340658e-03  9.45340658e+00 
 9.45840658e-03  9.45840658e+00 
 9.46340658e-03  9.46340658e+00 
 9.46840658e-03  9.46840658e+00 
 9.47340658e-03  9.47340658e+00 
 9.47840658e-03  9.47840658e+00 
 9.48340658e-03  9.48340658e+00 
 9.48840658e-03  9.48840658e+00 
 9.49340658e-03  9.49340658e+00 
 9.49840658e-03  9.49840658e+00 
 9.50340658e-03  9.50340658e+00 
 9.50840658e-03  9.50840658e+00 
 9.51340658e-03  9.51340658e+00 
 9.51840658e-03  9.51840658e+00 
 9.52340658e-03  9.52340658e+00 
 9.52840658e-03  9.52840658e+00 
 9.53340658e-03  9.53340658e+00 
 9.53840658e-03  9.53840658e+00 
 9.54340658e-03  9.54340658e+00 
 9.54840658e-03  9.54840658e+00 
 9.55340658e-03  9.55340658e+00 
 9.55840658e-03  9.55840658e+00 
 9.56340658e-03  9.56340658e+00 
 9.56840658e-03  9.56840658e+00 
 9.57340658e-03  9.57340658e+00 
 9.57840658e-03  9.57840658e+00 
 9.58340658e-03  9.58340658e+00 
 9.58840658e-03  9.58840658e+00 
 9.59340658e-03  9.59340658e+00 
 9.59840658e-03  9.59840658e+00 
 9.60340658e-03  9.60340658e+00 
 9.60840658e-03  9.60840658e+00 
 9.61340658e-03  9.61340658e+00 
 9.61840658e-03  9.61840658e+00 
 9.62340658e-03  9.62340658e+00 
 9.62840658e-03  9.62840658e+00 
 9.63340658e-03  9.63340658e+00 
 9.63840658e-03  9.63840658e+00 
 9.64340658e-03  9.64340658e+00 
 9.64840658e-03  9.64840658e+00 
 9.65340658e-03  9.65340658e+00 
 9.65840658e-03  9.65840658e+00 
 9.66340658e-03  9.66340658e+00 
 9.66840658e-03  9.66840658e+00 
 9.67340658e-03  9.67340658e+00 
 9.67840658e-03  9.67840658e+00 
 9.68340658e-03  9.68340658e+00 
 9.68840658e-03  9.68840658e+00 
 9.69340658e-03  9.69340658e+00 
 9.69840658e-03  9.69840658e+00 
 9.70340658e-03  9.70340658e+00 
 9.70840658e-03  9.70840658e+00 
 9.71340658e-03  9.71340658e+00 
 9.71840658e-03  9.71840658e+00 
 9.72340658e-03  9.72340658e+00 
 9.72840658e-03  9.72840658e+00 
 9.73340658e-03  9.73340658e+00 
 9.73840658e-03  9.73840658e+00 
 9.74340658e-03  9.74340658e+00 
 9.74840658e-03  9.74840658e+00 
 9.75340658e-03  9.75340658e+00 
 9.75840658e-03  9.75840658e+00 
 9.76340658e-03  9.76340658e+00 
 9.76840658e-03  9.76840658e+00 
 9.77340658e-03  9.77340658e+00 
 9.77840658e-03  9.77840658e+00 
 9.78340658e-03  9.78340658e+00 
 9.78840658e-03  9.78840658e+00 
 9.79340658e-03  9.79340658e+00 
 9.79840658e-03  9.79840658e+00 
 9.80340658e-03  9.80340658e+00 
 9.80840658e-03  9.80840658e+00 
 9.81340658e-03  9.81340658e+00 
 9.81840658e-03  9.81840658e+00 
 9.82340658e-03  9.82340658e+00 
 9.82840658e-03  9.82840658e+00 
 9.83340658e-03  9.83340658e+00 
 9.83840658e-03  9.83840658e+00 
 9.84340658e-03  9.84340658e+00 
 9.84840658e-03  9.84840658e+00 
 9.85340658e-03  9.85340658e+00 
 9.85840658e-03  9.85840658e+00 
 9.86340658e-03  9.86340658e+00 
 9.86840658e-03  9.86840658e+00 
 9.87340658e-03  9.87340658e+00 
 9.87840658e-03  9.87840658e+00 
 9.88340658e-03  9.88340658e+00 
 9.88840658e-03  9.88840658e+00 
 9.89340658e-03  9.89340658e+00 
 9.89840658e-03  9.89840658e+00 
 9.90340658e-03  9.90340658e+00 
 9.90840658e-03  9.90840658e+00 
 9.91340658e-03  9.91340658e+00 
 9.91840658e-03  9.91840658e+00 
 9.92340658e-03  9.92340658e+00 
 9.92840658e-03  9.92840658e+00 
 9.93340658e-03  9.93340658e+00 
 9.93840658e-03  9.93840658e+00 
 9.94340658e-03  9.94340658e+00 
 9.94840658e-03  9.94840658e+00 
 9.95340658e-03  9.95340658e+00 
 9.95840658e-03  9.95840658e+00 
 9.96340658e-03  9.96340658e+00 
 9.96840658e-03  9.96840658e+00 
 9.97340658e-03  9.97340658e+00 
 9.97840658e-03  9.97840658e+00 
 9.98340658e-03  9.98340658e+00 
 9.98840658e-03  9.98840658e+00 
 9.99340658e-03  9.99340658e+00 
 9.99840658e-03  9.99840658e+00 
 1.00034066e-02  1.00034066e+01 
 1.00084066e-02  1.00084066e+01 
 1.00134066e-02  1.00134066e+01 
 1.00184066e-02  1.00184066e+01 
 1.00234066e-02  1.00234066e+01 
 1.00284066e-02  1.00284066e+01 
 1.00334066e-02  1.00334066e+01 
 1.00384066e-02  1.00384066e+01 
 1.00434066e-02  1.00434066e+01 
 1.00484066e-02  1.00484066e+01 
 1.00534066e-02  1.00534066e+01 
 1.00584066e-02  1.00584066e+01 
 1.00634066e-02  1.00634066e+01 
 1.00684066e-02  1.00684066e+01 
 1.00734066e-02  1.00734066e+01 
 1.00784066e-02  1.00784066e+01 
 1.00834066e-02  1.00834066e+01 
 1.00884066e-02  1.00884066e+01 
 1.00934066e-02  1.00934066e+01 
 1.00984066e-02  1.00984066e+01 
 1.01034066e-02  1.01034066e+01 
 1.01084066e-02  1.01084066e+01 
 1.01134066e-02  1.01134066e+01 
 1.01184066e-02  1.01184066e+01 
 1.01234066e-02  1.01234066e+01 
 1.01284066e-02  1.01284066e+01 
 1.01334066e-02  1.01334066e+01 
 1.01384066e-02  1.01384066e+01 
 1.01434066e-02  1.01434066e+01 
 1.01484066e-02  1.01484066e+01 
 1.01534066e-02  1.01534066e+01 
 1.01584066e-02  1.01584066e+01 
 1.01634066e-02  1.01634066e+01 
 1.01684066e-02  1.01684066e+01 
 1.01734066e-02  1.01734066e+01 
 1.01784066e-02  1.01784066e+01 
 1.01834066e-02  1.01834066e+01 
 1.01884066e-02  1.01884066e+01 
 1.01934066e-02  1.01934066e+01 
 1.01984066e-02  1.01984066e+01 
 1.02034066e-02  1.02034066e+01 
 1.02084066e-02  1.02084066e+01 
 1.02134066e-02  1.02134066e+01 
 1.02184066e-02  1.02184066e+01 
 1.02234066e-02  1.02234066e+01 
 1.02284066e-02  1.02284066e+01 
 1.02334066e-02  1.02334066e+01 
 1.02384066e-02  1.02384066e+01 
 1.02434066e-02  1.02434066e+01 
 1.02484066e-02  1.02484066e+01 
 1.02534066e-02  1.02534066e+01 
 1.02584066e-02  1.02584066e+01 
 1.02634066e-02  1.02634066e+01 
 1.02684066e-02  1.02684066e+01 
 1.02734066e-02  1.02734066e+01 
 1.02784066e-02  1.02784066e+01 
 1.02834066e-02  1.02834066e+01 
 1.02884066e-02  1.02884066e+01 
 1.02934066e-02  1.02934066e+01 
 1.02984066e-02  1.02984066e+01 
 1.03034066e-02  1.03034066e+01 
 1.03084066e-02  1.03084066e+01 
 1.03134066e-02  1.03134066e+01 
 1.03184066e-02  1.03184066e+01 
 1.03234066e-02  1.03234066e+01 
 1.03284066e-02  1.03284066e+01 
 1.03334066e-02  1.03334066e+01 
 1.03384066e-02  1.03384066e+01 
 1.03434066e-02  1.03434066e+01 
 1.03484066e-02  1.03484066e+01 
 1.03534066e-02  1.03534066e+01 
 1.03584066e-02  1.03584066e+01 
 1.03634066e-02  1.03634066e+01 
 1.03684066e-02  1.03684066e+01 
 1.03734066e-02  1.03734066e+01 
 1.03784066e-02  1.03784066e+01 
 1.03834066e-02  1.03834066e+01 
 1.03884066e-02  1.03884066e+01 
 1.03934066e-02  1.03934066e+01 
 1.03984066e-02  1.03984066e+01 
 1.04034066e-02  1.04034066e+01 
 1.04084066e-02  1.04084066e+01 
 1.04134066e-02  1.04134066e+01 
 1.04184066e-02  1.04184066e+01 
 1.04234066e-02  1.04234066e+01 
 1.04284066e-02  1.04284066e+01 
 1.04334066e-02  1.04334066e+01 
 1.04384066e-02  1.04384066e+01 
 1.04434066e-02  1.04434066e+01 
 1.04484066e-02  1.04484066e+01 
 1.04534066e-02  1.04534066e+01 
 1.04584066e-02  1.04584066e+01 
 1.04634066e-02  1.04634066e+01 
 1.04684066e-02  1.04684066e+01 
 1.04734066e-02  1.04734066e+01 
 1.04784066e-02  1.04784066e+01 
 1.04834066e-02  1.04834066e+01 
 1.04884066e-02  1.04884066e+01 
 1.04934066e-02  1.04934066e+01 
 1.04984066e-02  1.04984066e+01 
 1.05000000e-02  1.05000000e+01 
