 5.00000000e-09  2.47398603e-09 
 5.14019886e-09  2.49758087e-09 
 5.42059659e-09  2.53778880e-09 
 5.98139205e-09  2.60461728e-09 
 6.77335439e-09  2.68003799e-09 
 8.02712986e-09  2.77489183e-09 
 1.05346808e-08  2.92574865e-09 
 1.55497827e-08  3.18148769e-09 
 2.55799864e-08  3.69659817e-09 
 4.56127031e-08  4.95393479e-09 
 5.94323017e-08  5.88840421e-09 
 7.41960843e-08  6.83683147e-09 
 8.34842797e-08  7.33311468e-09 
 9.41013552e-08  7.67819353e-09 
 1.06648297e-07  7.68207037e-09 
 1.20280253e-07  7.30158839e-09 
 1.39375642e-07  6.56052887e-09 
 1.59800289e-07  5.89495099e-09 
 1.89927995e-07  5.36143877e-09 
 2.32823585e-07  5.16039260e-09 
 2.92530324e-07  5.24164830e-09 
 3.54641918e-07  5.40817324e-09 
 4.62170983e-07  5.63687935e-09 
 5.00000000e-07  5.66559673e-09 
 5.10241323e-07  5.66380923e-09 
 5.30723968e-07  5.64923702e-09 
 5.62180792e-07  5.63841110e-09 
 6.25094441e-07  5.68899143e-09 
 6.60417770e-07  5.73046117e-09 
 6.90759021e-07  5.76552349e-09 
 7.22045461e-07  5.80024394e-09 
 7.36539402e-07  5.81592560e-09 
 7.44280915e-07  5.82421591e-09 
 7.49877242e-07  5.83017631e-09 
 7.54408762e-07  5.83498319e-09 
 7.59517964e-07  5.84038171e-09 
 7.68231654e-07  5.84953500e-09 
 7.85659035e-07  5.86762088e-09 
 8.15696218e-07  5.89793390e-09 
 8.55008591e-07  5.93477491e-09 
 9.17019827e-07  5.96497643e-09 
 9.76345763e-07  5.89020103e-09 
 1.00000000e-06  5.85190491e-09 
 1.00557721e-06  5.84604247e-09 
 1.01673162e-06  5.84147985e-09 
 1.03904045e-06  5.85354590e-09 
 1.06171111e-06  5.87886072e-09 
 1.08701997e-06  5.91253876e-09 
 1.12390253e-06  5.96560447e-09 
 1.18346488e-06  6.05611567e-09 
 1.28488214e-06  6.21155446e-09 
 1.39447671e-06  6.36376564e-09 
 1.50368544e-06  6.49662235e-09 
 1.69779992e-06  6.70290290e-09 
 2.08602886e-06  7.05048545e-09 
 2.77464039e-06  7.58004143e-09 
 3.50564987e-06  8.08459139e-09 
 4.37182040e-06  8.64172977e-09 
 5.00000000e-06  9.02641102e-09 
 5.12091824e-06  9.09853479e-09 
 5.36275473e-06  9.24196386e-09 
 5.84642771e-06  9.52544373e-09 
 6.81377366e-06  1.00819536e-08 
 8.74846555e-06  1.11708031e-08 
 1.26178494e-05  1.33162317e-08 
 1.76178494e-05  1.60893582e-08 
 2.26178494e-05  1.88919228e-08 
 2.76178494e-05  2.17342033e-08 
 3.26178494e-05  2.46200643e-08 
 3.76178494e-05  2.75482289e-08 
 4.26178494e-05  3.05181619e-08 
 4.76178494e-05  3.35291302e-08 
 5.26178494e-05  3.65815366e-08 
 5.76178494e-05  3.96757963e-08 
 6.26178494e-05  4.28123281e-08 
 6.76178494e-05  4.59914590e-08 
 7.26178494e-05  4.92122603e-08 
 7.76178494e-05  5.24760989e-08 
 8.26178494e-05  5.57833747e-08 
 8.76178494e-05  5.91338936e-08 
 9.26178494e-05  6.25276560e-08 
 9.76178494e-05  6.59647146e-08 
 1.02617849e-04  6.94451217e-08 
 1.07617849e-04  7.29689135e-08 
 1.12617849e-04  7.65361119e-08 
 1.17617849e-04  8.01467289e-08 
 1.22617849e-04  8.38007691e-08 
 1.27617849e-04  8.74982311e-08 
 1.32617849e-04  9.12391088e-08 
 1.37617849e-04  9.50233918e-08 
 1.42617849e-04  9.88510659e-08 
 1.47617849e-04  1.02722114e-07 
 1.52617849e-04  1.06636516e-07 
 1.57617849e-04  1.10594248e-07 
 1.62617849e-04  1.14595287e-07 
 1.67617849e-04  1.18639604e-07 
 1.72617849e-04  1.22727171e-07 
 1.77617849e-04  1.26857956e-07 
 1.82617849e-04  1.31031926e-07 
 1.87617849e-04  1.35249045e-07 
 1.92617849e-04  1.39509278e-07 
 1.97617849e-04  1.43812585e-07 
 2.02617849e-04  1.48158926e-07 
 2.07617849e-04  1.52548258e-07 
 2.12617849e-04  1.56980536e-07 
 2.17617849e-04  1.61455715e-07 
 2.22617849e-04  1.65973745e-07 
 2.27617849e-04  1.70534574e-07 
 2.32617849e-04  1.75138150e-07 
 2.37617849e-04  1.79784415e-07 
 2.42617849e-04  1.84473311e-07 
 2.47617849e-04  1.89204776e-07 
 2.52617849e-04  1.93978742e-07 
 2.57617849e-04  1.98795143e-07 
 2.62617849e-04  2.03653903e-07 
 2.67617849e-04  2.08554948e-07 
 2.72617849e-04  2.13498194e-07 
 2.77617849e-04  2.18483557e-07 
 2.82617849e-04  2.23510945e-07 
 2.87617849e-04  2.28580263e-07 
 2.92617849e-04  2.33691408e-07 
 2.97617849e-04  2.38844272e-07 
 3.02617849e-04  2.44038742e-07 
 3.07617849e-04  2.49274697e-07 
 3.12617849e-04  2.54552010e-07 
 3.17617849e-04  2.59870546e-07 
 3.22617849e-04  2.65230162e-07 
 3.27617849e-04  2.70630709e-07 
 3.32617849e-04  2.76072027e-07 
 3.37617849e-04  2.81553951e-07 
 3.42617849e-04  2.87076305e-07 
 3.47617849e-04  2.92638905e-07 
 3.52617849e-04  2.98241559e-07 
 3.57617849e-04  3.03884065e-07 
 3.62617849e-04  3.09566212e-07 
 3.67617849e-04  3.15287782e-07 
 3.72617849e-04  3.21048547e-07 
 3.77617849e-04  3.26848272e-07 
 3.82617849e-04  3.32686713e-07 
 3.87617849e-04  3.38563620e-07 
 3.92617849e-04  3.44478736e-07 
 3.97617849e-04  3.50431798e-07 
 4.02617849e-04  3.56422541e-07 
 4.07617849e-04  3.62450693e-07 
 4.12617849e-04  3.68515982e-07 
 4.17617849e-04  3.74618134e-07 
 4.22617849e-04  3.80756878e-07 
 4.27617849e-04  3.86931942e-07 
 4.32617849e-04  3.93143063e-07 
 4.37617849e-04  3.99389982e-07 
 4.42617849e-04  4.05672450e-07 
 4.47617849e-04  4.11990231e-07 
 4.52617849e-04  4.18343103e-07 
 4.57617849e-04  4.24730859e-07 
 4.62617849e-04  4.31153316e-07 
 4.67617849e-04  4.37610313e-07 
 4.72617849e-04  4.44101714e-07 
 4.77617849e-04  4.50627416e-07 
 4.82617849e-04  4.57187348e-07 
 4.87617849e-04  4.63781478e-07 
 4.92617849e-04  4.70409812e-07 
 4.97617849e-04  4.77072404e-07 
 5.02617849e-04  4.83769356e-07 
 5.07617849e-04  4.90500820e-07 
 5.12617849e-04  4.97267008e-07 
 5.17617849e-04  5.04068191e-07 
 5.22617849e-04  5.10904705e-07 
 5.27617849e-04  5.17776955e-07 
 5.32617849e-04  5.24685419e-07 
 5.37617849e-04  5.31630655e-07 
 5.42617849e-04  5.38613305e-07 
 5.47617849e-04  5.45634098e-07 
 5.52617849e-04  5.52693861e-07 
 5.57617849e-04  5.59793522e-07 
 5.62617849e-04  5.66934116e-07 
 5.67617849e-04  5.74116800e-07 
 5.72617849e-04  5.81342853e-07 
 5.77617849e-04  5.88613692e-07 
 5.82617849e-04  5.95930883e-07 
 5.87617849e-04  6.03296149e-07 
 5.92617849e-04  6.10711392e-07 
 5.97617849e-04  6.18178698e-07 
 6.02617849e-04  6.25700367e-07 
 6.07617849e-04  6.33278921e-07 
 6.12617849e-04  6.40917135e-07 
 6.17617849e-04  6.48618057e-07 
 6.22617849e-04  6.56385037e-07 
 6.27617849e-04  6.64221758e-07 
 6.32617849e-04  6.72132268e-07 
 6.37617849e-04  6.80121023e-07 
 6.42617849e-04  6.88192923e-07 
 6.47617849e-04  6.96353366e-07 
 6.52617849e-04  7.04608297e-07 
 6.57617849e-04  7.12964266e-07 
 6.62617849e-04  7.21428496e-07 
 6.67617849e-04  7.30008955e-07 
 6.72617849e-04  7.38714436e-07 
 6.77617849e-04  7.47554646e-07 
 6.82617849e-04  7.56540311e-07 
 6.87617849e-04  7.65683280e-07 
 6.92617849e-04  7.74996658e-07 
 6.97617849e-04  7.84494937e-07 
 7.02617849e-04  7.94194153e-07 
 7.07617849e-04  8.04112057e-07 
 7.12617849e-04  8.14268305e-07 
 7.17617849e-04  8.24684674e-07 
 7.22617849e-04  8.35385292e-07 
 7.27617849e-04  8.46396908e-07 
 7.32617849e-04  8.57749181e-07 
 7.37617849e-04  8.69475006e-07 
 7.42617849e-04  8.81610880e-07 
 7.47617849e-04  8.94197305e-07 
 7.52617849e-04  9.07279237e-07 
 7.57617849e-04  9.20906589e-07 
 7.62617849e-04  9.35134789e-07 
 7.67617849e-04  9.50025398e-07 
 7.72617849e-04  9.65646802e-07 
 7.77617849e-04  9.82074984e-07 
 7.82617849e-04  9.99394378e-07 
 7.87617849e-04  1.01769882e-06 
 7.92617849e-04  1.03709261e-06 
 7.97617849e-04  1.05769171e-06 
 8.02617849e-04  1.07962501e-06 
 8.07617849e-04  1.10303586e-06 
 8.12617849e-04  1.12808364e-06 
 8.17617849e-04  1.15494561e-06 
 8.22617849e-04  1.18381892e-06 
 8.27617849e-04  1.21492285e-06 
 8.32617849e-04  1.24850133e-06 
 8.37617849e-04  1.28482571e-06 
 8.42617849e-04  1.32419788e-06 
 8.47617849e-04  1.36695373e-06 
 8.52617849e-04  1.41346699e-06 
 8.57617849e-04  1.46415352e-06 
 8.62617849e-04  1.51947613e-06 
 8.67617849e-04  1.57994985e-06 
 8.72617849e-04  1.64614797e-06 
 8.77617849e-04  1.71870861e-06 
 8.82617849e-04  1.79834215e-06 
 8.87617849e-04  1.88583957e-06 
 8.92617849e-04  1.98208164e-06 
 8.97617849e-04  2.08804931e-06 
 9.02617849e-04  2.20483536e-06 
 9.07617849e-04  2.33365734e-06 
 9.12617849e-04  2.47587232e-06 
 9.17617849e-04  2.63299357e-06 
 9.22617849e-04  2.80671006e-06 
 9.27617849e-04  2.99890840e-06 
 9.32617849e-04  3.21169593e-06 
 9.37617849e-04  3.44742485e-06 
 9.42617849e-04  3.70872212e-06 
 9.47617849e-04  3.99853269e-06 
 9.52617849e-04  4.32017340e-06 
 9.57617849e-04  4.67735780e-06 
 9.62617849e-04  5.07423693e-06 
 9.67617849e-04  5.51544633e-06 
 9.72617849e-04  6.00616721e-06 
 9.77617849e-04  6.55220241e-06 
 9.82617849e-04  7.16006268e-06 
 9.87617849e-04  7.83706232e-06 
 9.92617849e-04  8.59142550e-06 
 9.97617849e-04  9.43240215e-06 
 1.00261785e-03  1.03703861e-05 
 1.00761785e-03  1.14170108e-05 
 1.01261785e-03  1.25851561e-05 
 1.01761785e-03  1.38886964e-05 
 1.02261785e-03  1.53415550e-05 
 1.02761785e-03  1.69550137e-05 
 1.03261785e-03  1.87308754e-05 
 1.03761785e-03  2.06453561e-05 
 1.04261785e-03  2.26125504e-05 
 1.04761785e-03  2.44314405e-05 
 1.05261785e-03  2.58905738e-05 
 1.05761785e-03  2.69067304e-05 
 1.06261785e-03  2.75768082e-05 
 1.06761785e-03  2.80287716e-05 
 1.07261785e-03  2.83661324e-05 
 1.07761785e-03  2.86559095e-05 
 1.08261785e-03  2.89354256e-05 
 1.08761785e-03  2.92229722e-05 
 1.09261785e-03  2.95268910e-05 
 1.09761785e-03  2.98513395e-05 
 1.10261785e-03  3.01992442e-05 
 1.10761785e-03  3.05735728e-05 
 1.11261785e-03  3.09777718e-05 
 1.11761785e-03  3.14158849e-05 
 1.12261785e-03  3.18926106e-05 
 1.12761785e-03  3.24133878e-05 
 1.13261785e-03  3.29845262e-05 
 1.13761785e-03  3.36133786e-05 
 1.14261785e-03  3.43085542e-05 
 1.14761785e-03  3.50801803e-05 
 1.15261785e-03  3.59402234e-05 
 1.15761785e-03  3.69028855e-05 
 1.16261785e-03  3.79850969e-05 
 1.16761785e-03  3.92071301e-05 
 1.17261785e-03  4.05933696e-05 
 1.17761785e-03  4.21732816e-05 
 1.18261785e-03  4.39826399e-05 
 1.18761785e-03  4.60650837e-05 
 1.19261785e-03  4.84741077e-05 
 1.19761785e-03  5.12756136e-05 
 1.20261785e-03  5.45512011e-05 
 1.20761785e-03  5.84024298e-05 
 1.21261785e-03  6.29563685e-05 
 1.21761785e-03  6.83728555e-05 
 1.22261785e-03  7.48540446e-05 
 1.22761785e-03  8.26570217e-05 
 1.23261785e-03  9.21105630e-05 
 1.23761785e-03  1.03637510e-04 
 1.24261785e-03  1.17784796e-04 
 1.24761785e-03  1.35263966e-04 
 1.25261785e-03  1.57006132e-04 
 1.25761785e-03  1.84236952e-04 
 1.26261785e-03  2.18579495e-04 
 1.26761785e-03  2.62196237e-04 
 1.27261785e-03  3.17986292e-04 
 1.27761785e-03  3.89861089e-04 
 1.28261785e-03  4.83132024e-04 
 1.28761785e-03  6.05058408e-04 
 1.29261785e-03  7.65624616e-04 
 1.29761785e-03  9.78642563e-04 
 1.30261785e-03  1.26330854e-03 
 1.30761785e-03  1.64637652e-03 
 1.31261785e-03  2.16513057e-03 
 1.31761785e-03  2.87132249e-03 
 1.32261785e-03  3.83615537e-03 
 1.32761785e-03  5.15620681e-03 
 1.33261785e-03  6.95989402e-03 
 1.33761785e-03  9.41373662e-03 
 1.34261785e-03  1.27273940e-02 
 1.34761785e-03  1.71563953e-02 
 1.35261785e-03  2.30017494e-02 
 1.35761785e-03  3.06061907e-02 
 1.36261785e-03  4.03474847e-02 
 1.36761785e-03  5.26297301e-02 
 1.37261785e-03  6.78736924e-02 
 1.37761785e-03  8.65067947e-02 
 1.38261785e-03  1.08952334e-01 
 1.38761785e-03  1.35615354e-01 
 1.39261785e-03  1.66857651e-01 
 1.39761785e-03  2.02942158e-01 
 1.40261785e-03  2.43907037e-01 
 1.40761785e-03  2.89397361e-01 
 1.41261785e-03  3.38609959e-01 
 1.41761785e-03  3.90574050e-01 
 1.42261785e-03  4.44425159e-01 
 1.42761785e-03  4.99498241e-01 
 1.43261785e-03  5.55352100e-01 
 1.43761785e-03  6.11671529e-01 
 1.44261785e-03  6.68236643e-01 
 1.44761785e-03  7.24879534e-01 
 1.45261785e-03  7.81455371e-01 
 1.45761785e-03  8.37823535e-01 
 1.46261785e-03  8.93833997e-01 
 1.46761785e-03  9.49314726e-01 
 1.47211556e-03  9.98603830e-01 
 1.47648539e-03  1.04573833e+00 
 1.48148539e-03  1.09841490e+00 
 1.48648539e-03  1.14924576e+00 
 1.49148539e-03  1.19759386e+00 
 1.49648539e-03  1.24281134e+00 
 1.50148539e-03  1.28435986e+00 
 1.50648539e-03  1.32190600e+00 
 1.51148539e-03  1.35534351e+00 
 1.51648539e-03  1.38475916e+00 
 1.52148539e-03  1.41039384e+00 
 1.52648539e-03  1.43259125e+00 
 1.53148539e-03  1.45175032e+00 
 1.53648539e-03  1.46828622e+00 
 1.54148539e-03  1.48260179e+00 
 1.54648539e-03  1.49506898e+00 
 1.55148539e-03  1.50601874e+00 
 1.55648539e-03  1.51573728e+00 
 1.56148539e-03  1.52446659e+00 
 1.56648539e-03  1.53240769e+00 
 1.57148539e-03  1.53972513e+00 
 1.57648539e-03  1.54655204e+00 
 1.58148539e-03  1.55299507e+00 
 1.58648539e-03  1.55913899e+00 
 1.59148539e-03  1.56505068e+00 
 1.59648539e-03  1.57078264e+00 
 1.60148539e-03  1.57637583e+00 
 1.60648539e-03  1.58186211e+00 
 1.61148539e-03  1.58726612e+00 
 1.61648539e-03  1.59260687e+00 
 1.62148539e-03  1.59789900e+00 
 1.62648539e-03  1.60315369e+00 
 1.63148539e-03  1.60837953e+00 
 1.63648539e-03  1.61358304e+00 
 1.64148539e-03  1.61876920e+00 
 1.64648539e-03  1.62394178e+00 
 1.65148539e-03  1.62910366e+00 
 1.65648539e-03  1.63425700e+00 
 1.66148539e-03  1.63940344e+00 
 1.66648539e-03  1.64454423e+00 
 1.67148539e-03  1.64968029e+00 
 1.67648539e-03  1.65481236e+00 
 1.68148539e-03  1.65994095e+00 
 1.68211039e-03  1.66058176e+00 
 1.68305847e-03  1.66155375e+00 
 1.68317061e-03  1.66166872e+00 
 1.68339491e-03  1.66189865e+00 
 1.68359417e-03  1.66210293e+00 
 1.68379949e-03  1.66231340e+00 
 1.68385082e-03  1.66236601e+00 
 1.68395347e-03  1.66247124e+00 
 1.68409511e-03  1.66261643e+00 
 1.68427887e-03  1.66280477e+00 
 1.68435604e-03  1.66288370e+00 
 1.68439205e-03  1.66292058e+00 
 1.68441601e-03  1.66294513e+00 
 1.68444035e-03  1.66297008e+00 
 1.68446618e-03  1.66299656e+00 
 1.68450105e-03  1.66303231e+00 
 1.68453677e-03  1.66306893e+00 
 1.68457740e-03  1.66311059e+00 
 1.68463611e-03  1.66317078e+00 
 1.68475353e-03  1.66329116e+00 
 1.68498836e-03  1.66353192e+00 
 1.68545801e-03  1.66401340e+00 
 1.68639733e-03  1.66497630e+00 
 1.68827597e-03  1.66690178e+00 
 1.69203325e-03  1.67075156e+00 
 1.69703325e-03  1.67587240e+00 
 1.70203325e-03  1.68099082e+00 
 1.70703325e-03  1.68610700e+00 
 1.71203325e-03  1.69122108e+00 
 1.71703325e-03  1.69633318e+00 
 1.72203325e-03  1.70144341e+00 
 1.72703325e-03  1.70655185e+00 
 1.73203325e-03  1.71165855e+00 
 1.73703325e-03  1.71676359e+00 
 1.74203325e-03  1.72186702e+00 
 1.74703325e-03  1.72696888e+00 
 1.75203325e-03  1.73206921e+00 
 1.75703325e-03  1.73716806e+00 
 1.76203325e-03  1.74226546e+00 
 1.76703325e-03  1.74736144e+00 
 1.77203325e-03  1.75245603e+00 
 1.77703325e-03  1.75754927e+00 
 1.78203325e-03  1.76264118e+00 
 1.78703325e-03  1.76773179e+00 
 1.79203325e-03  1.77282113e+00 
 1.79703325e-03  1.77790923e+00 
 1.80203325e-03  1.78299611e+00 
 1.80703325e-03  1.78808179e+00 
 1.81203325e-03  1.79316631e+00 
 1.81703325e-03  1.79824967e+00 
 1.82203325e-03  1.80333191e+00 
 1.82703325e-03  1.80841305e+00 
 1.83203325e-03  1.81349310e+00 
 1.83703325e-03  1.81857209e+00 
 1.84203325e-03  1.82365005e+00 
 1.84703325e-03  1.82872698e+00 
 1.85203325e-03  1.83380290e+00 
 1.85703325e-03  1.83887785e+00 
 1.86203325e-03  1.84395183e+00 
 1.86703325e-03  1.84902487e+00 
 1.87203325e-03  1.85409697e+00 
 1.87703325e-03  1.85916817e+00 
 1.88203325e-03  1.86423847e+00 
 1.88703325e-03  1.86930789e+00 
 1.89203325e-03  1.87437645e+00 
 1.89703325e-03  1.87944417e+00 
 1.90203325e-03  1.88451105e+00 
 1.90703325e-03  1.88957712e+00 
 1.91203325e-03  1.89464239e+00 
 1.91703325e-03  1.89970688e+00 
 1.92203325e-03  1.90477060e+00 
 1.92703325e-03  1.90983357e+00 
 1.93203325e-03  1.91489579e+00 
 1.93703325e-03  1.91995730e+00 
 1.94203325e-03  1.92501810e+00 
 1.94703325e-03  1.93007820e+00 
 1.95203325e-03  1.93513763e+00 
 1.95703325e-03  1.94019640e+00 
 1.96203325e-03  1.94525452e+00 
 1.96703325e-03  1.95031202e+00 
 1.97203325e-03  1.95536890e+00 
 1.97703325e-03  1.96042519e+00 
 1.98203325e-03  1.96548090e+00 
 1.98703325e-03  1.97053605e+00 
 1.99203325e-03  1.97559065e+00 
 1.99703325e-03  1.98064472e+00 
 2.00203325e-03  1.98569828e+00 
 2.00703325e-03  1.99075134e+00 
 2.01203325e-03  1.99580391e+00 
 2.01703325e-03  2.00085600e+00 
 2.02203325e-03  2.00590762e+00 
 2.02703325e-03  2.01095879e+00 
 2.03203325e-03  2.01600950e+00 
 2.03703325e-03  2.02105976e+00 
 2.04203325e-03  2.02610958e+00 
 2.04703325e-03  2.03115897e+00 
 2.05203325e-03  2.03620792e+00 
 2.05703325e-03  2.04125643e+00 
 2.06203325e-03  2.04630452e+00 
 2.06703325e-03  2.05135218e+00 
 2.07203325e-03  2.05639941e+00 
 2.07703325e-03  2.06144622e+00 
 2.08203325e-03  2.06649261e+00 
 2.08703325e-03  2.07153857e+00 
 2.09203325e-03  2.07658412e+00 
 2.09703325e-03  2.08162925e+00 
 2.10203325e-03  2.08667397e+00 
 2.10703325e-03  2.09171827e+00 
 2.11203325e-03  2.09676217e+00 
 2.11703325e-03  2.10180566e+00 
 2.12203325e-03  2.10684875e+00 
 2.12703325e-03  2.11189144e+00 
 2.13203325e-03  2.11693373e+00 
 2.13703325e-03  2.12197563e+00 
 2.14203325e-03  2.12701714e+00 
 2.14703325e-03  2.13205826e+00 
 2.15203325e-03  2.13709900e+00 
 2.15703325e-03  2.14213936e+00 
 2.16203325e-03  2.14717934e+00 
 2.16703325e-03  2.15221896e+00 
 2.17203325e-03  2.15725820e+00 
 2.17703325e-03  2.16229709e+00 
 2.18203325e-03  2.16733561e+00 
 2.18703325e-03  2.17237378e+00 
 2.19203325e-03  2.17741159e+00 
 2.19703325e-03  2.18244906e+00 
 2.20203325e-03  2.18748618e+00 
 2.20703325e-03  2.19252297e+00 
 2.21203325e-03  2.19755942e+00 
 2.21703325e-03  2.20259553e+00 
 2.22203325e-03  2.20763132e+00 
 2.22703325e-03  2.21266678e+00 
 2.23203325e-03  2.21770192e+00 
 2.23703325e-03  2.22273675e+00 
 2.24203325e-03  2.22777126e+00 
 2.24703325e-03  2.23280546e+00 
 2.25203325e-03  2.23783936e+00 
 2.25703325e-03  2.24287295e+00 
 2.26203325e-03  2.24790625e+00 
 2.26703325e-03  2.25293925e+00 
 2.27203325e-03  2.25797196e+00 
 2.27703325e-03  2.26300438e+00 
 2.28203325e-03  2.26803651e+00 
 2.28703325e-03  2.27306836e+00 
 2.29203325e-03  2.27809994e+00 
 2.29703325e-03  2.28313124e+00 
 2.30203325e-03  2.28816226e+00 
 2.30703325e-03  2.29319302e+00 
 2.31203325e-03  2.29822351e+00 
 2.31703325e-03  2.30325374e+00 
 2.32203325e-03  2.30828371e+00 
 2.32703325e-03  2.31331342e+00 
 2.33203325e-03  2.31834288e+00 
 2.33703325e-03  2.32337209e+00 
 2.34203325e-03  2.32840105e+00 
 2.34703325e-03  2.33342976e+00 
 2.35203325e-03  2.33845823e+00 
 2.35703325e-03  2.34348646e+00 
 2.36203325e-03  2.34851445e+00 
 2.36703325e-03  2.35354221e+00 
 2.37203325e-03  2.35856974e+00 
 2.37703325e-03  2.36359704e+00 
 2.38203325e-03  2.36862411e+00 
 2.38703325e-03  2.37365095e+00 
 2.39203325e-03  2.37867757e+00 
 2.39703325e-03  2.38370398e+00 
 2.40203325e-03  2.38873016e+00 
 2.40703325e-03  2.39375613e+00 
 2.41203325e-03  2.39878189e+00 
 2.41703325e-03  2.40380744e+00 
 2.42203325e-03  2.40883278e+00 
 2.42703325e-03  2.41385791e+00 
 2.43203325e-03  2.41888284e+00 
 2.43703325e-03  2.42390757e+00 
 2.44203325e-03  2.42893210e+00 
 2.44703325e-03  2.43395643e+00 
 2.45203325e-03  2.43898057e+00 
 2.45703325e-03  2.44400451e+00 
 2.46203325e-03  2.44902826e+00 
 2.46703325e-03  2.45405182e+00 
 2.47203325e-03  2.45907519e+00 
 2.47703325e-03  2.46409838e+00 
 2.48203325e-03  2.46912139e+00 
 2.48703325e-03  2.47414421e+00 
 2.49203325e-03  2.47916685e+00 
 2.49703325e-03  2.48418932e+00 
 2.50203325e-03  2.48921161e+00 
 2.50703325e-03  2.49423372e+00 
 2.51203325e-03  2.49925566e+00 
 2.51703325e-03  2.50427743e+00 
 2.52203325e-03  2.50929903e+00 
 2.52703325e-03  2.51432047e+00 
 2.53203325e-03  2.51934173e+00 
 2.53703325e-03  2.52436284e+00 
 2.54203325e-03  2.52938378e+00 
 2.54703325e-03  2.53440455e+00 
 2.55203325e-03  2.53942517e+00 
 2.55703325e-03  2.54444563e+00 
 2.56203325e-03  2.54946594e+00 
 2.56703325e-03  2.55448609e+00 
 2.57203325e-03  2.55950608e+00 
 2.57703325e-03  2.56452593e+00 
 2.58203325e-03  2.56954562e+00 
 2.58703325e-03  2.57456516e+00 
 2.59203325e-03  2.57958456e+00 
 2.59703325e-03  2.58460381e+00 
 2.60203325e-03  2.58962292e+00 
 2.60703325e-03  2.59464188e+00 
 2.61203325e-03  2.59966070e+00 
 2.61703325e-03  2.60467937e+00 
 2.62203325e-03  2.60969791e+00 
 2.62703325e-03  2.61471631e+00 
 2.63203325e-03  2.61973457e+00 
 2.63703325e-03  2.62475270e+00 
 2.64203325e-03  2.62977069e+00 
 2.64703325e-03  2.63478855e+00 
 2.65203325e-03  2.63980628e+00 
 2.65703325e-03  2.64482388e+00 
 2.66203325e-03  2.64984134e+00 
 2.66703325e-03  2.65485868e+00 
 2.67203325e-03  2.65987589e+00 
 2.67703325e-03  2.66489297e+00 
 2.68203325e-03  2.66990993e+00 
 2.68703325e-03  2.67492677e+00 
 2.69203325e-03  2.67994348e+00 
 2.69703325e-03  2.68496007e+00 
 2.70203325e-03  2.68997654e+00 
 2.70703325e-03  2.69499289e+00 
 2.71203325e-03  2.70000912e+00 
 2.71703325e-03  2.70502524e+00 
 2.72203325e-03  2.71004123e+00 
 2.72703325e-03  2.71505711e+00 
 2.73203325e-03  2.72007288e+00 
 2.73703325e-03  2.72508854e+00 
 2.74203325e-03  2.73010408e+00 
 2.74703325e-03  2.73511951e+00 
 2.75203325e-03  2.74013482e+00 
 2.75703325e-03  2.74515003e+00 
 2.76203325e-03  2.75016513e+00 
 2.76703325e-03  2.75518013e+00 
 2.77203325e-03  2.76019501e+00 
 2.77703325e-03  2.76520979e+00 
 2.78203325e-03  2.77022447e+00 
 2.78703325e-03  2.77523904e+00 
 2.79203325e-03  2.78025350e+00 
 2.79703325e-03  2.78526787e+00 
 2.80203325e-03  2.79028213e+00 
 2.80703325e-03  2.79529629e+00 
 2.81203325e-03  2.80031036e+00 
 2.81703325e-03  2.80532432e+00 
 2.82203325e-03  2.81033818e+00 
 2.82703325e-03  2.81535195e+00 
 2.83203325e-03  2.82036562e+00 
 2.83703325e-03  2.82537920e+00 
 2.84203325e-03  2.83039268e+00 
 2.84703325e-03  2.83540606e+00 
 2.85203325e-03  2.84041935e+00 
 2.85703325e-03  2.84543255e+00 
 2.86203325e-03  2.85044566e+00 
 2.86703325e-03  2.85545867e+00 
 2.87203325e-03  2.86047160e+00 
 2.87703325e-03  2.86548443e+00 
 2.88203325e-03  2.87049718e+00 
 2.88703325e-03  2.87550983e+00 
 2.89203325e-03  2.88052240e+00 
 2.89703325e-03  2.88553488e+00 
 2.90203325e-03  2.89054728e+00 
 2.90703325e-03  2.89555959e+00 
 2.91203325e-03  2.90057181e+00 
 2.91703325e-03  2.90558395e+00 
 2.92203325e-03  2.91059601e+00 
 2.92703325e-03  2.91560798e+00 
 2.93203325e-03  2.92061987e+00 
 2.93703325e-03  2.92563168e+00 
 2.94203325e-03  2.93064341e+00 
 2.94703325e-03  2.93565505e+00 
 2.95203325e-03  2.94066662e+00 
 2.95703325e-03  2.94567811e+00 
 2.96203325e-03  2.95068952e+00 
 2.96703325e-03  2.95570085e+00 
 2.97203325e-03  2.96071210e+00 
 2.97703325e-03  2.96572328e+00 
 2.98203325e-03  2.97073437e+00 
 2.98703325e-03  2.97574540e+00 
 2.99203325e-03  2.98075635e+00 
 2.99703325e-03  2.98576722e+00 
 3.00203325e-03  2.99077802e+00 
 3.00703325e-03  2.99578874e+00 
 3.01203325e-03  3.00079940e+00 
 3.01703325e-03  3.00580998e+00 
 3.02203325e-03  3.01082048e+00 
 3.02703325e-03  3.01583092e+00 
 3.03203325e-03  3.02084128e+00 
 3.03703325e-03  3.02585158e+00 
 3.04203325e-03  3.03086180e+00 
 3.04703325e-03  3.03587196e+00 
 3.05203325e-03  3.04088205e+00 
 3.05703325e-03  3.04589206e+00 
 3.06203325e-03  3.05090201e+00 
 3.06703325e-03  3.05591190e+00 
 3.07203325e-03  3.06092171e+00 
 3.07703325e-03  3.06593146e+00 
 3.08203325e-03  3.07094114e+00 
 3.08703325e-03  3.07595076e+00 
 3.09203325e-03  3.08096031e+00 
 3.09703325e-03  3.08596980e+00 
 3.10203325e-03  3.09097922e+00 
 3.10703325e-03  3.09598858e+00 
 3.11203325e-03  3.10099787e+00 
 3.11703325e-03  3.10600711e+00 
 3.12203325e-03  3.11101628e+00 
 3.12703325e-03  3.11602539e+00 
 3.13203325e-03  3.12103443e+00 
 3.13703325e-03  3.12604342e+00 
 3.14203325e-03  3.13105234e+00 
 3.14703325e-03  3.13606121e+00 
 3.15203325e-03  3.14107001e+00 
 3.15703325e-03  3.14607875e+00 
 3.16203325e-03  3.15108744e+00 
 3.16703325e-03  3.15609607e+00 
 3.17203325e-03  3.16110464e+00 
 3.17703325e-03  3.16611315e+00 
 3.18203325e-03  3.17112160e+00 
 3.18703325e-03  3.17612999e+00 
 3.19203325e-03  3.18113833e+00 
 3.19703325e-03  3.18614662e+00 
 3.20203325e-03  3.19115484e+00 
 3.20703325e-03  3.19616301e+00 
 3.21203325e-03  3.20117113e+00 
 3.21703325e-03  3.20617919e+00 
 3.22203325e-03  3.21118720e+00 
 3.22703325e-03  3.21619515e+00 
 3.23203325e-03  3.22120304e+00 
 3.23703325e-03  3.22621089e+00 
 3.24203325e-03  3.23121868e+00 
 3.24703325e-03  3.23622642e+00 
 3.25203325e-03  3.24123410e+00 
 3.25703325e-03  3.24624174e+00 
 3.26203325e-03  3.25124932e+00 
 3.26703325e-03  3.25625685e+00 
 3.27203325e-03  3.26126433e+00 
 3.27703325e-03  3.26627176e+00 
 3.28203325e-03  3.27127914e+00 
 3.28703325e-03  3.27628646e+00 
 3.29203325e-03  3.28129374e+00 
 3.29703325e-03  3.28630097e+00 
 3.30203325e-03  3.29130815e+00 
 3.30703325e-03  3.29631528e+00 
 3.31203325e-03  3.30132236e+00 
 3.31703325e-03  3.30632939e+00 
 3.32203325e-03  3.31133638e+00 
 3.32703325e-03  3.31634332e+00 
 3.33203325e-03  3.32135021e+00 
 3.33703325e-03  3.32635705e+00 
 3.34203325e-03  3.33136385e+00 
 3.34703325e-03  3.33637060e+00 
 3.35203325e-03  3.34137730e+00 
 3.35703325e-03  3.34638396e+00 
 3.36203325e-03  3.35139057e+00 
 3.36703325e-03  3.35639714e+00 
 3.37203325e-03  3.36140366e+00 
 3.37703325e-03  3.36641014e+00 
 3.38203325e-03  3.37141657e+00 
 3.38703325e-03  3.37642296e+00 
 3.39203325e-03  3.38142930e+00 
 3.39703325e-03  3.38643560e+00 
 3.40203325e-03  3.39144186e+00 
 3.40703325e-03  3.39644807e+00 
 3.41203325e-03  3.40145424e+00 
 3.41703325e-03  3.40646037e+00 
 3.42203325e-03  3.41146645e+00 
 3.42703325e-03  3.41647250e+00 
 3.43203325e-03  3.42147850e+00 
 3.43703325e-03  3.42648446e+00 
 3.44203325e-03  3.43149037e+00 
 3.44703325e-03  3.43649625e+00 
 3.45203325e-03  3.44150209e+00 
 3.45703325e-03  3.44650788e+00 
 3.46203325e-03  3.45151364e+00 
 3.46703325e-03  3.45651935e+00 
 3.47203325e-03  3.46152503e+00 
 3.47703325e-03  3.46653066e+00 
 3.48203325e-03  3.47153626e+00 
 3.48703325e-03  3.47654181e+00 
 3.49203325e-03  3.48154733e+00 
 3.49703325e-03  3.48655281e+00 
 3.50203325e-03  3.49155825e+00 
 3.50703325e-03  3.49656365e+00 
 3.51203325e-03  3.50156901e+00 
 3.51703325e-03  3.50657433e+00 
 3.52203325e-03  3.51157962e+00 
 3.52703325e-03  3.51658487e+00 
 3.53203325e-03  3.52159008e+00 
 3.53703325e-03  3.52659526e+00 
 3.54203325e-03  3.53160040e+00 
 3.54703325e-03  3.53660550e+00 
 3.55203325e-03  3.54161056e+00 
 3.55703325e-03  3.54661559e+00 
 3.56203325e-03  3.55162058e+00 
 3.56703325e-03  3.55662554e+00 
 3.57203325e-03  3.56163046e+00 
 3.57703325e-03  3.56663535e+00 
 3.58203325e-03  3.57164020e+00 
 3.58703325e-03  3.57664502e+00 
 3.59203325e-03  3.58164980e+00 
 3.59703325e-03  3.58665454e+00 
 3.60203325e-03  3.59165925e+00 
 3.60703325e-03  3.59666393e+00 
 3.61203325e-03  3.60166857e+00 
 3.61703325e-03  3.60667318e+00 
 3.62203325e-03  3.61167776e+00 
 3.62703325e-03  3.61668230e+00 
 3.63203325e-03  3.62168681e+00 
 3.63703325e-03  3.62669129e+00 
 3.64203325e-03  3.63169573e+00 
 3.64703325e-03  3.63670014e+00 
 3.65203325e-03  3.64170452e+00 
 3.65703325e-03  3.64670886e+00 
 3.66203325e-03  3.65171317e+00 
 3.66703325e-03  3.65671745e+00 
 3.67203325e-03  3.66172170e+00 
 3.67703325e-03  3.66672592e+00 
 3.68203325e-03  3.67173010e+00 
 3.68703325e-03  3.67673426e+00 
 3.69203325e-03  3.68173838e+00 
 3.69703325e-03  3.68674247e+00 
 3.70203325e-03  3.69174653e+00 
 3.70703325e-03  3.69675056e+00 
 3.71203325e-03  3.70175456e+00 
 3.71703325e-03  3.70675853e+00 
 3.72203325e-03  3.71176247e+00 
 3.72703325e-03  3.71676638e+00 
 3.73203325e-03  3.72177025e+00 
 3.73703325e-03  3.72677410e+00 
 3.74203325e-03  3.73177792e+00 
 3.74703325e-03  3.73678171e+00 
 3.75203325e-03  3.74178547e+00 
 3.75703325e-03  3.74678920e+00 
 3.76203325e-03  3.75179259e+00 
 3.76703325e-03  3.75678021e+00 
 3.77203325e-03  3.76174989e+00 
 3.77703325e-03  3.76670835e+00 
 3.78203325e-03  3.77166064e+00 
 3.78703325e-03  3.77661006e+00 
 3.79203325e-03  3.78155833e+00 
 3.79703325e-03  3.78650626e+00 
 3.80203325e-03  3.79145413e+00 
 3.80703325e-03  3.79640204e+00 
 3.81203325e-03  3.80135003e+00 
 3.81703325e-03  3.80629807e+00 
 3.82203325e-03  3.81124619e+00 
 3.82703325e-03  3.81619436e+00 
 3.83203325e-03  3.82114261e+00 
 3.83703325e-03  3.82609093e+00 
 3.84203325e-03  3.83103931e+00 
 3.84703325e-03  3.83598778e+00 
 3.85203325e-03  3.84093632e+00 
 3.85703325e-03  3.84588494e+00 
 3.86203325e-03  3.85083365e+00 
 3.86703325e-03  3.85578243e+00 
 3.87203325e-03  3.86073130e+00 
 3.87703325e-03  3.86568026e+00 
 3.88203325e-03  3.87062930e+00 
 3.88703325e-03  3.87557843e+00 
 3.89203325e-03  3.88052765e+00 
 3.89703325e-03  3.88547695e+00 
 3.90203325e-03  3.89042635e+00 
 3.90703325e-03  3.89537584e+00 
 3.91203325e-03  3.90032542e+00 
 3.91703325e-03  3.90527509e+00 
 3.92203325e-03  3.91022486e+00 
 3.92703325e-03  3.91517472e+00 
 3.93203325e-03  3.92012467e+00 
 3.93703325e-03  3.92507472e+00 
 3.94203325e-03  3.93002486e+00 
 3.94703325e-03  3.93497510e+00 
 3.95203325e-03  3.93992544e+00 
 3.95703325e-03  3.94487587e+00 
 3.96203325e-03  3.94982640e+00 
 3.96703325e-03  3.95477703e+00 
 3.97203325e-03  3.95972776e+00 
 3.97703325e-03  3.96467859e+00 
 3.98203325e-03  3.96962951e+00 
 3.98703325e-03  3.97458054e+00 
 3.99203325e-03  3.97953167e+00 
 3.99703325e-03  3.98448289e+00 
 4.00203325e-03  3.98943422e+00 
 4.00703325e-03  3.99438565e+00 
 4.01203325e-03  3.99933719e+00 
 4.01703325e-03  4.00428882e+00 
 4.02203325e-03  4.00924056e+00 
 4.02703325e-03  4.01419240e+00 
 4.03203325e-03  4.01914434e+00 
 4.03703325e-03  4.02409639e+00 
 4.04203325e-03  4.02904854e+00 
 4.04703325e-03  4.03400080e+00 
 4.05203325e-03  4.03895316e+00 
 4.05703325e-03  4.04390563e+00 
 4.06203325e-03  4.04885820e+00 
 4.06703325e-03  4.05381088e+00 
 4.07203325e-03  4.05876367e+00 
 4.07703325e-03  4.06371656e+00 
 4.08203325e-03  4.06866956e+00 
 4.08703325e-03  4.07362267e+00 
 4.09203325e-03  4.07857588e+00 
 4.09703325e-03  4.08352920e+00 
 4.10203325e-03  4.08848263e+00 
 4.10703325e-03  4.09343617e+00 
 4.11203325e-03  4.09838982e+00 
 4.11703325e-03  4.10334357e+00 
 4.12203325e-03  4.10829744e+00 
 4.12703325e-03  4.11325142e+00 
 4.13203325e-03  4.11820550e+00 
 4.13703325e-03  4.12315970e+00 
 4.14203325e-03  4.12811400e+00 
 4.14703325e-03  4.13306842e+00 
 4.15203325e-03  4.13802295e+00 
 4.15703325e-03  4.14297759e+00 
 4.16203325e-03  4.14793234e+00 
 4.16703325e-03  4.15288721e+00 
 4.17203325e-03  4.15784219e+00 
 4.17703325e-03  4.16279728e+00 
 4.18203325e-03  4.16775249e+00 
 4.18703325e-03  4.17270781e+00 
 4.19203325e-03  4.17766324e+00 
 4.19703325e-03  4.18261880e+00 
 4.20203325e-03  4.18757447e+00 
 4.20703325e-03  4.19253027e+00 
 4.21203325e-03  4.19748619e+00 
 4.21703325e-03  4.20244224e+00 
 4.22203325e-03  4.20739843e+00 
 4.22703325e-03  4.21235476e+00 
 4.23203325e-03  4.21731125e+00 
 4.23703325e-03  4.22226791e+00 
 4.24203325e-03  4.22722474e+00 
 4.24703325e-03  4.23218176e+00 
 4.25203325e-03  4.23713898e+00 
 4.25703325e-03  4.24209639e+00 
 4.26203325e-03  4.24705401e+00 
 4.26703325e-03  4.25201181e+00 
 4.27203325e-03  4.25696976e+00 
 4.27703325e-03  4.26192783e+00 
 4.28203325e-03  4.26688597e+00 
 4.28703325e-03  4.27184412e+00 
 4.29203325e-03  4.27680220e+00 
 4.29703325e-03  4.28176009e+00 
 4.30203325e-03  4.28671757e+00 
 4.30703325e-03  4.29167413e+00 
 4.31203325e-03  4.29661904e+00 
 4.31703325e-03  4.30109417e+00 
 4.32095487e-03  4.30420395e+00 
 4.32463253e-03  4.30677110e+00 
 4.32910572e-03  4.30936553e+00 
 4.33410572e-03  4.31137753e+00 
 4.33910572e-03  4.31205280e+00 
 4.34410572e-03  4.31074647e+00 
 4.34910572e-03  4.30737222e+00 
 4.35410572e-03  4.30303563e+00 
 4.35910572e-03  4.29836460e+00 
 4.36410572e-03  4.29358523e+00 
 4.36910572e-03  4.28877419e+00 
 4.37410572e-03  4.28395720e+00 
 4.37910572e-03  4.27914288e+00 
 4.38410572e-03  4.27433413e+00 
 4.38910572e-03  4.26953212e+00 
 4.39410572e-03  4.26474012e+00 
 4.39910572e-03  4.25999909e+00 
 4.40410572e-03  4.25599933e+00 
 4.40910572e-03  4.25633267e+00 
 4.41410572e-03  4.26284634e+00 
 4.41910572e-03  4.27334016e+00 
 4.42410572e-03  4.28456943e+00 
 4.42910572e-03  4.29406046e+00 
 4.43410572e-03  4.30056501e+00 
 4.43910572e-03  4.30393750e+00 
 4.44410572e-03  4.30481438e+00 
 4.44910572e-03  4.30413174e+00 
 4.45410572e-03  4.30274699e+00 
 4.45910572e-03  4.30135366e+00 
 4.46410572e-03  4.30051955e+00 
 4.46910572e-03  4.30065610e+00 
 4.47410572e-03  4.30191090e+00 
 4.47910572e-03  4.30410491e+00 
 4.48410572e-03  4.30683351e+00 
 4.48910572e-03  4.30964315e+00 
 4.49410572e-03  4.31218410e+00 
 4.49910572e-03  4.31428159e+00 
 4.50410572e-03  4.31592684e+00 
 4.50910572e-03  4.31722342e+00 
 4.51410572e-03  4.31832508e+00 
 4.51910572e-03  4.31938511e+00 
 4.52410572e-03  4.32052243e+00 
 4.52910572e-03  4.32180398e+00 
 4.53410572e-03  4.32324232e+00 
 4.53910572e-03  4.32480643e+00 
 4.54410572e-03  4.32644118e+00 
 4.54910572e-03  4.32808823e+00 
 4.55410572e-03  4.32970230e+00 
 4.55910572e-03  4.33125906e+00 
 4.56410572e-03  4.33275521e+00 
 4.56910572e-03  4.33420295e+00 
 4.57410572e-03  4.33562227e+00 
 4.57910572e-03  4.33703362e+00 
 4.58410572e-03  4.33845265e+00 
 4.58910572e-03  4.33988766e+00 
 4.59410572e-03  4.34133963e+00 
 4.59910572e-03  4.34280411e+00 
 4.60410572e-03  4.34427395e+00 
 4.60910572e-03  4.34574195e+00 
 4.60966771e-03  4.34590672e+00 
 4.61079168e-03  4.34623596e+00 
 4.61107267e-03  4.34631819e+00 
 4.61163466e-03  4.34648255e+00 
 4.61177516e-03  4.34652362e+00 
 4.61205615e-03  4.34660574e+00 
 4.61261814e-03  4.34676987e+00 
 4.61275863e-03  4.34681087e+00 
 4.61303963e-03  4.34689286e+00 
 4.61336132e-03  4.34698669e+00 
 4.61370024e-03  4.34708550e+00 
 4.61415775e-03  4.34721882e+00 
 4.61443002e-03  4.34729812e+00 
 4.61472597e-03  4.34738427e+00 
 4.61510214e-03  4.34749373e+00 
 4.61575443e-03  4.34768335e+00 
 4.61705899e-03  4.34806196e+00 
 4.61966813e-03  4.34881673e+00 
 4.62466813e-03  4.35025520e+00 
 4.62966813e-03  4.35168570e+00 
 4.63466813e-03  4.35311108e+00 
 4.63966813e-03  4.35453380e+00 
 4.64466813e-03  4.35595543e+00 
 4.64966813e-03  4.35737654e+00 
 4.65466813e-03  4.35879684e+00 
 4.65966813e-03  4.36021555e+00 
 4.66466813e-03  4.36163171e+00 
 4.66966813e-03  4.36304452e+00 
 4.67466813e-03  4.36445348e+00 
 4.67966813e-03  4.36585845e+00 
 4.68466813e-03  4.36725955e+00 
 4.68966813e-03  4.36865709e+00 
 4.69466813e-03  4.37005140e+00 
 4.69966813e-03  4.37144275e+00 
 4.70466813e-03  4.37283132e+00 
 4.70966813e-03  4.37421714e+00 
 4.71466813e-03  4.37560016e+00 
 4.71966813e-03  4.37698029e+00 
 4.72466813e-03  4.37835741e+00 
 4.72966813e-03  4.37973144e+00 
 4.73466813e-03  4.38110234e+00 
 4.73966813e-03  4.38247010e+00 
 4.74466813e-03  4.38383474e+00 
 4.74966813e-03  4.38519632e+00 
 4.75466813e-03  4.38655487e+00 
 4.75966813e-03  4.38791041e+00 
 4.76466813e-03  4.38926298e+00 
 4.76966813e-03  4.39061256e+00 
 4.77466813e-03  4.39195915e+00 
 4.77966813e-03  4.39330273e+00 
 4.78466813e-03  4.39464326e+00 
 4.78966813e-03  4.39598074e+00 
 4.79466813e-03  4.39731512e+00 
 4.79966813e-03  4.39864636e+00 
 4.80466813e-03  4.39997441e+00 
 4.80966813e-03  4.40129916e+00 
 4.81466813e-03  4.40262049e+00 
 4.81966813e-03  4.40393819e+00 
 4.82466813e-03  4.40525200e+00 
 4.82966813e-03  4.40656169e+00 
 4.83466813e-03  4.40786704e+00 
 4.83966813e-03  4.40916801e+00 
 4.84466813e-03  4.41046470e+00 
 4.84966813e-03  4.41175735e+00 
 4.85466813e-03  4.41304629e+00 
 4.85966813e-03  4.41433193e+00 
 4.86466813e-03  4.41561473e+00 
 4.86966813e-03  4.41689523e+00 
 4.87466813e-03  4.41817393e+00 
 4.87529313e-03  4.41833343e+00 
 4.87540320e-03  4.41836150e+00 
 4.87562334e-03  4.41841757e+00 
 4.87606361e-03  4.41852839e+00 
 4.87610644e-03  4.41853904e+00 
 4.87619210e-03  4.41856022e+00 
 4.87636342e-03  4.41860155e+00 
 4.87649702e-03  4.41863187e+00 
 4.87661330e-03  4.41865496e+00 
 4.87671432e-03  4.41866693e+00 
 4.87675831e-03  4.41866922e+00 
 4.87677620e-03  4.41867071e+00 
 4.87678334e-03  4.41867146e+00 
 4.87679349e-03  4.41867274e+00 
 4.87681211e-03  4.41867586e+00 
 4.87684553e-03  4.41868329e+00 
 4.87686341e-03  4.41868785e+00 
 4.87688094e-03  4.41869259e+00 
 4.87690884e-03  4.41870055e+00 
 4.87693525e-03  4.41870844e+00 
 4.87698805e-03  4.41872471e+00 
 4.87704385e-03  4.41874223e+00 
 4.87710366e-03  4.41876113e+00 
 4.87717763e-03  4.41878456e+00 
 4.87727650e-03  4.41881591e+00 
 4.87747425e-03  4.41887869e+00 
 4.87786973e-03  4.41900450e+00 
 4.87866071e-03  4.41925630e+00 
 4.88024267e-03  4.41975642e+00 
 4.88340658e-03  4.42072347e+00 
 4.88840658e-03  4.42213550e+00 
 4.89340658e-03  4.42341704e+00 
 4.89840658e-03  4.42460843e+00 
 4.90340658e-03  4.42576000e+00 
 4.90840658e-03  4.42691578e+00 
 4.91340658e-03  4.42810408e+00 
 4.91840658e-03  4.42933501e+00 
 4.92340658e-03  4.43060341e+00 
 4.92840658e-03  4.43189490e+00 
 4.93340658e-03  4.43319262e+00 
 4.93840658e-03  4.43448252e+00 
 4.94340658e-03  4.43575633e+00 
 4.94840658e-03  4.43701195e+00 
 4.95340658e-03  4.43825208e+00 
 4.95840658e-03  4.43948202e+00 
 4.96340658e-03  4.44070738e+00 
 4.96840658e-03  4.44193255e+00 
 4.97340658e-03  4.44315985e+00 
 4.97840658e-03  4.44438960e+00 
 4.98340658e-03  4.44562061e+00 
 4.98840658e-03  4.44685101e+00 
 4.99340658e-03  4.44807895e+00 
 4.99840658e-03  4.44930310e+00 
 5.00340658e-03  4.45052283e+00 
 5.00840658e-03  4.45173819e+00 
 5.01340658e-03  4.45294966e+00 
 5.01840658e-03  4.45415791e+00 
 5.02340658e-03  4.45536354e+00 
 5.02840658e-03  4.45656696e+00 
 5.03340658e-03  4.45776833e+00 
 5.03840658e-03  4.45896760e+00 
 5.04340658e-03  4.46016459e+00 
 5.04840658e-03  4.46135908e+00 
 5.05340658e-03  4.46255088e+00 
 5.05840658e-03  4.46373990e+00 
 5.06340658e-03  4.46492609e+00 
 5.06840658e-03  4.46610950e+00 
 5.07340658e-03  4.46729020e+00 
 5.07840658e-03  4.46846827e+00 
 5.08340658e-03  4.46964378e+00 
 5.08840658e-03  4.47081676e+00 
 5.09340658e-03  4.47198723e+00 
 5.09840658e-03  4.47315518e+00 
 5.10340658e-03  4.47432058e+00 
 5.10840658e-03  4.47548343e+00 
 5.11340658e-03  4.47664370e+00 
 5.11840658e-03  4.47780139e+00 
 5.12340658e-03  4.47895651e+00 
 5.12840658e-03  4.48010907e+00 
 5.13340658e-03  4.48125909e+00 
 5.13840658e-03  4.48240658e+00 
 5.14340658e-03  4.48355154e+00 
 5.14840658e-03  4.48469400e+00 
 5.15340658e-03  4.48583394e+00 
 5.15840658e-03  4.48697138e+00 
 5.16340658e-03  4.48810632e+00 
 5.16840658e-03  4.48923876e+00 
 5.17340658e-03  4.49036871e+00 
 5.17840658e-03  4.49149616e+00 
 5.18340658e-03  4.49262113e+00 
 5.18840658e-03  4.49374363e+00 
 5.19340658e-03  4.49486365e+00 
 5.19840658e-03  4.49598120e+00 
 5.20340658e-03  4.49709630e+00 
 5.20840658e-03  4.49820894e+00 
 5.21340658e-03  4.49931914e+00 
 5.21840658e-03  4.50042689e+00 
 5.22340658e-03  4.50153220e+00 
 5.22840658e-03  4.50263508e+00 
 5.23340658e-03  4.50373553e+00 
 5.23840658e-03  4.50483356e+00 
 5.24340658e-03  4.50592917e+00 
 5.24840658e-03  4.50702237e+00 
 5.25340658e-03  4.50811316e+00 
 5.25840658e-03  4.50920155e+00 
 5.26340658e-03  4.51028754e+00 
 5.26840658e-03  4.51137115e+00 
 5.27340658e-03  4.51245237e+00 
 5.27840658e-03  4.51353121e+00 
 5.28340658e-03  4.51460767e+00 
 5.28840658e-03  4.51568177e+00 
 5.29340658e-03  4.51675350e+00 
 5.29840658e-03  4.51782287e+00 
 5.30340658e-03  4.51888989e+00 
 5.30840658e-03  4.51995456e+00 
 5.31340658e-03  4.52101688e+00 
 5.31840658e-03  4.52207687e+00 
 5.32340658e-03  4.52313452e+00 
 5.32840658e-03  4.52418985e+00 
 5.33340658e-03  4.52524285e+00 
 5.33840658e-03  4.52629353e+00 
 5.34340658e-03  4.52734191e+00 
 5.34840658e-03  4.52838797e+00 
 5.35340658e-03  4.52943173e+00 
 5.35840658e-03  4.53047320e+00 
 5.36340658e-03  4.53151237e+00 
 5.36840658e-03  4.53254925e+00 
 5.37340658e-03  4.53358385e+00 
 5.37840658e-03  4.53461618e+00 
 5.38340658e-03  4.53564623e+00 
 5.38840658e-03  4.53667402e+00 
 5.39340658e-03  4.53769954e+00 
 5.39840658e-03  4.53872281e+00 
 5.40340658e-03  4.53974382e+00 
 5.40840658e-03  4.54076259e+00 
 5.41340658e-03  4.54177911e+00 
 5.41840658e-03  4.54279340e+00 
 5.42340658e-03  4.54380545e+00 
 5.42840658e-03  4.54481528e+00 
 5.43340658e-03  4.54582288e+00 
 5.43840658e-03  4.54682827e+00 
 5.44340658e-03  4.54783144e+00 
 5.44840658e-03  4.54883241e+00 
 5.45340658e-03  4.54983117e+00 
 5.45840658e-03  4.55082773e+00 
 5.46340658e-03  4.55182211e+00 
 5.46840658e-03  4.55281429e+00 
 5.47340658e-03  4.55380429e+00 
 5.47840658e-03  4.55479211e+00 
 5.48340658e-03  4.55577775e+00 
 5.48840658e-03  4.55676123e+00 
 5.49340658e-03  4.55774254e+00 
 5.49840658e-03  4.55872170e+00 
 5.50340658e-03  4.55969869e+00 
 5.50840658e-03  4.56067354e+00 
 5.51340658e-03  4.56164624e+00 
 5.51840658e-03  4.56261681e+00 
 5.52340658e-03  4.56358523e+00 
 5.52840658e-03  4.56455153e+00 
 5.53340658e-03  4.56551569e+00 
 5.53840658e-03  4.56647774e+00 
 5.54340658e-03  4.56743767e+00 
 5.54840658e-03  4.56839548e+00 
 5.55340658e-03  4.56935119e+00 
 5.55840658e-03  4.57030480e+00 
 5.56340658e-03  4.57125631e+00 
 5.56840658e-03  4.57220572e+00 
 5.57340658e-03  4.57315304e+00 
 5.57840658e-03  4.57409828e+00 
 5.58340658e-03  4.57504144e+00 
 5.58840658e-03  4.57598253e+00 
 5.59340658e-03  4.57692154e+00 
 5.59840658e-03  4.57785849e+00 
 5.60340658e-03  4.57879337e+00 
 5.60840658e-03  4.57972620e+00 
 5.61340658e-03  4.58065697e+00 
 5.61840658e-03  4.58158570e+00 
 5.62340658e-03  4.58251238e+00 
 5.62840658e-03  4.58343703e+00 
 5.63340658e-03  4.58435964e+00 
 5.63840658e-03  4.58528022e+00 
 5.64340658e-03  4.58619877e+00 
 5.64840658e-03  4.58711531e+00 
 5.65340658e-03  4.58802982e+00 
 5.65840658e-03  4.58894233e+00 
 5.66340658e-03  4.58985282e+00 
 5.66840658e-03  4.59076132e+00 
 5.67340658e-03  4.59166781e+00 
 5.67840658e-03  4.59257231e+00 
 5.68340658e-03  4.59347482e+00 
 5.68840658e-03  4.59437535e+00 
 5.69340658e-03  4.59527389e+00 
 5.69840658e-03  4.59617046e+00 
 5.70340658e-03  4.59706505e+00 
 5.70840658e-03  4.59795768e+00 
 5.71340658e-03  4.59884834e+00 
 5.71840658e-03  4.59973704e+00 
 5.72340658e-03  4.60062379e+00 
 5.72840658e-03  4.60150858e+00 
 5.73340658e-03  4.60239143e+00 
 5.73840658e-03  4.60327234e+00 
 5.74340658e-03  4.60415131e+00 
 5.74840658e-03  4.60502835e+00 
 5.75340658e-03  4.60590345e+00 
 5.75840658e-03  4.60677663e+00 
 5.76340658e-03  4.60764789e+00 
 5.76840658e-03  4.60851724e+00 
 5.77340658e-03  4.60938467e+00 
 5.77840658e-03  4.61025019e+00 
 5.78340658e-03  4.61111381e+00 
 5.78840658e-03  4.61197553e+00 
 5.79340658e-03  4.61283535e+00 
 5.79840658e-03  4.61369329e+00 
 5.80340658e-03  4.61454933e+00 
 5.80840658e-03  4.61540350e+00 
 5.81340658e-03  4.61625578e+00 
 5.81840658e-03  4.61710619e+00 
 5.82340658e-03  4.61795473e+00 
 5.82840658e-03  4.61880140e+00 
 5.83340658e-03  4.61964621e+00 
 5.83840658e-03  4.62048916e+00 
 5.84340658e-03  4.62133026e+00 
 5.84840658e-03  4.62216951e+00 
 5.85340658e-03  4.62300691e+00 
 5.85840658e-03  4.62384247e+00 
 5.86340658e-03  4.62467619e+00 
 5.86840658e-03  4.62550808e+00 
 5.87340658e-03  4.62633814e+00 
 5.87840658e-03  4.62716637e+00 
 5.88340658e-03  4.62799278e+00 
 5.88840658e-03  4.62881737e+00 
 5.89340658e-03  4.62964016e+00 
 5.89840658e-03  4.63046113e+00 
 5.90340658e-03  4.63128029e+00 
 5.90840658e-03  4.63209766e+00 
 5.91340658e-03  4.63291322e+00 
 5.91840658e-03  4.63372700e+00 
 5.92340658e-03  4.63453898e+00 
 5.92840658e-03  4.63534918e+00 
 5.93340658e-03  4.63615759e+00 
 5.93840658e-03  4.63696423e+00 
 5.94340658e-03  4.63776910e+00 
 5.94840658e-03  4.63857219e+00 
 5.95340658e-03  4.63937352e+00 
 5.95840658e-03  4.64017309e+00 
 5.96340658e-03  4.64097089e+00 
 5.96840658e-03  4.64176695e+00 
 5.97340658e-03  4.64256125e+00 
 5.97840658e-03  4.64335381e+00 
 5.98340658e-03  4.64414462e+00 
 5.98840658e-03  4.64493370e+00 
 5.99340658e-03  4.64572104e+00 
 5.99840658e-03  4.64650665e+00 
 6.00340658e-03  4.64729053e+00 
 6.00840658e-03  4.64807269e+00 
 6.01340658e-03  4.64885313e+00 
 6.01840658e-03  4.64963185e+00 
 6.02340658e-03  4.65040886e+00 
 6.02840658e-03  4.65118417e+00 
 6.03340658e-03  4.65195776e+00 
 6.03840658e-03  4.65272966e+00 
 6.04340658e-03  4.65349986e+00 
 6.04840658e-03  4.65426837e+00 
 6.05340658e-03  4.65503519e+00 
 6.05840658e-03  4.65580032e+00 
 6.06340658e-03  4.65656377e+00 
 6.06840658e-03  4.65732554e+00 
 6.07340658e-03  4.65808563e+00 
 6.07840658e-03  4.65884406e+00 
 6.08340658e-03  4.65960082e+00 
 6.08840658e-03  4.66035591e+00 
 6.09340658e-03  4.66110935e+00 
 6.09840658e-03  4.66186113e+00 
 6.10340658e-03  4.66261125e+00 
 6.10840658e-03  4.66335973e+00 
 6.11340658e-03  4.66410656e+00 
 6.11840658e-03  4.66485175e+00 
 6.12340658e-03  4.66559531e+00 
 6.12840658e-03  4.66633722e+00 
 6.13340658e-03  4.66707751e+00 
 6.13840658e-03  4.66781617e+00 
 6.14340658e-03  4.66855321e+00 
 6.14840658e-03  4.66928863e+00 
 6.15340658e-03  4.67002243e+00 
 6.15840658e-03  4.67075461e+00 
 6.16340658e-03  4.67148519e+00 
 6.16840658e-03  4.67221416e+00 
 6.17340658e-03  4.67294153e+00 
 6.17840658e-03  4.67366731e+00 
 6.18340658e-03  4.67439148e+00 
 6.18840658e-03  4.67511407e+00 
 6.19340658e-03  4.67583507e+00 
 6.19840658e-03  4.67655448e+00 
 6.20340658e-03  4.67727231e+00 
 6.20840658e-03  4.67798857e+00 
 6.21340658e-03  4.67870325e+00 
 6.21840658e-03  4.67941636e+00 
 6.22340658e-03  4.68012790e+00 
 6.22840658e-03  4.68083788e+00 
 6.23340658e-03  4.68154630e+00 
 6.23840658e-03  4.68225316e+00 
 6.24340658e-03  4.68295847e+00 
 6.24840658e-03  4.68366223e+00 
 6.25340658e-03  4.68436444e+00 
 6.25840658e-03  4.68506511e+00 
 6.26340658e-03  4.68576425e+00 
 6.26840658e-03  4.68646184e+00 
 6.27340658e-03  4.68715790e+00 
 6.27840658e-03  4.68785243e+00 
 6.28340658e-03  4.68854544e+00 
 6.28840658e-03  4.68923693e+00 
 6.29340658e-03  4.68992689e+00 
 6.29840658e-03  4.69061534e+00 
 6.30340658e-03  4.69130228e+00 
 6.30840658e-03  4.69198770e+00 
 6.31340658e-03  4.69267162e+00 
 6.31840658e-03  4.69335404e+00 
 6.32340658e-03  4.69403496e+00 
 6.32840658e-03  4.69471439e+00 
 6.33340658e-03  4.69539232e+00 
 6.33840658e-03  4.69606876e+00 
 6.34340658e-03  4.69674372e+00 
 6.34840658e-03  4.69741719e+00 
 6.35340658e-03  4.69808918e+00 
 6.35840658e-03  4.69875970e+00 
 6.36340658e-03  4.69942875e+00 
 6.36840658e-03  4.70009632e+00 
 6.37340658e-03  4.70076243e+00 
 6.37840658e-03  4.70142708e+00 
 6.38340658e-03  4.70209027e+00 
 6.38840658e-03  4.70275200e+00 
 6.39340658e-03  4.70341227e+00 
 6.39840658e-03  4.70407110e+00 
 6.40340658e-03  4.70472848e+00 
 6.40840658e-03  4.70538441e+00 
 6.41340658e-03  4.70603891e+00 
 6.41840658e-03  4.70669196e+00 
 6.42340658e-03  4.70734359e+00 
 6.42840658e-03  4.70799378e+00 
 6.43340658e-03  4.70864254e+00 
 6.43840658e-03  4.70928988e+00 
 6.44340658e-03  4.70993580e+00 
 6.44840658e-03  4.71058030e+00 
 6.45340658e-03  4.71122338e+00 
 6.45840658e-03  4.71186506e+00 
 6.46340658e-03  4.71250532e+00 
 6.46840658e-03  4.71314418e+00 
 6.47340658e-03  4.71378163e+00 
 6.47840658e-03  4.71441769e+00 
 6.48340658e-03  4.71505234e+00 
 6.48840658e-03  4.71568561e+00 
 6.49340658e-03  4.71631748e+00 
 6.49840658e-03  4.71694797e+00 
 6.50340658e-03  4.71757707e+00 
 6.50840658e-03  4.71820479e+00 
 6.51340658e-03  4.71883113e+00 
 6.51840658e-03  4.71945610e+00 
 6.52340658e-03  4.72007970e+00 
 6.52840658e-03  4.72070192e+00 
 6.53340658e-03  4.72132278e+00 
 6.53840658e-03  4.72194228e+00 
 6.54340658e-03  4.72256042e+00 
 6.54840658e-03  4.72317720e+00 
 6.55340658e-03  4.72379263e+00 
 6.55840658e-03  4.72440670e+00 
 6.56340658e-03  4.72501943e+00 
 6.56840658e-03  4.72563081e+00 
 6.57340658e-03  4.72624085e+00 
 6.57840658e-03  4.72684955e+00 
 6.58340658e-03  4.72745692e+00 
 6.58840658e-03  4.72806295e+00 
 6.59340658e-03  4.72866765e+00 
 6.59840658e-03  4.72927103e+00 
 6.60340658e-03  4.72987308e+00 
 6.60840658e-03  4.73047381e+00 
 6.61340658e-03  4.73107322e+00 
 6.61840658e-03  4.73167131e+00 
 6.62340658e-03  4.73226809e+00 
 6.62840658e-03  4.73286357e+00 
 6.63340658e-03  4.73345773e+00 
 6.63840658e-03  4.73405059e+00 
 6.64340658e-03  4.73464215e+00 
 6.64840658e-03  4.73523242e+00 
 6.65340658e-03  4.73582138e+00 
 6.65840658e-03  4.73640906e+00 
 6.66340658e-03  4.73699544e+00 
 6.66840658e-03  4.73758054e+00 
 6.67340658e-03  4.73816436e+00 
 6.67840658e-03  4.73874689e+00 
 6.68340658e-03  4.73932814e+00 
 6.68840658e-03  4.73990812e+00 
 6.69340658e-03  4.74048683e+00 
 6.69840658e-03  4.74106427e+00 
 6.70340658e-03  4.74164044e+00 
 6.70840658e-03  4.74221535e+00 
 6.71340658e-03  4.74278899e+00 
 6.71840658e-03  4.74336138e+00 
 6.72340658e-03  4.74393251e+00 
 6.72840658e-03  4.74450239e+00 
 6.73340658e-03  4.74507101e+00 
 6.73840658e-03  4.74563839e+00 
 6.74340658e-03  4.74620453e+00 
 6.74840658e-03  4.74676942e+00 
 6.75340658e-03  4.74733308e+00 
 6.75840658e-03  4.74789549e+00 
 6.76340658e-03  4.74845668e+00 
 6.76840658e-03  4.74901663e+00 
 6.77340658e-03  4.74957536e+00 
 6.77840658e-03  4.75013286e+00 
 6.78340658e-03  4.75068913e+00 
 6.78840658e-03  4.75124419e+00 
 6.79340658e-03  4.75179803e+00 
 6.79840658e-03  4.75235065e+00 
 6.80340658e-03  4.75290206e+00 
 6.80840658e-03  4.75345227e+00 
 6.81340658e-03  4.75400126e+00 
 6.81840658e-03  4.75454905e+00 
 6.82340658e-03  4.75509565e+00 
 6.82840658e-03  4.75564104e+00 
 6.83340658e-03  4.75618523e+00 
 6.83840658e-03  4.75672824e+00 
 6.84340658e-03  4.75727005e+00 
 6.84840658e-03  4.75781067e+00 
 6.85340658e-03  4.75835011e+00 
 6.85840658e-03  4.75888837e+00 
 6.86340658e-03  4.75942544e+00 
 6.86840658e-03  4.75996134e+00 
 6.87340658e-03  4.76049606e+00 
 6.87840658e-03  4.76102961e+00 
 6.88340658e-03  4.76156199e+00 
 6.88840658e-03  4.76209321e+00 
 6.89340658e-03  4.76262325e+00 
 6.89840658e-03  4.76315214e+00 
 6.90340658e-03  4.76367987e+00 
 6.90840658e-03  4.76420644e+00 
 6.91340658e-03  4.76473185e+00 
 6.91840658e-03  4.76525612e+00 
 6.92340658e-03  4.76577923e+00 
 6.92840658e-03  4.76630120e+00 
 6.93340658e-03  4.76682202e+00 
 6.93840658e-03  4.76734170e+00 
 6.94340658e-03  4.76786025e+00 
 6.94840658e-03  4.76837765e+00 
 6.95340658e-03  4.76889392e+00 
 6.95840658e-03  4.76940906e+00 
 6.96340658e-03  4.76992308e+00 
 6.96840658e-03  4.77043596e+00 
 6.97340658e-03  4.77094772e+00 
 6.97840658e-03  4.77145836e+00 
 6.98340658e-03  4.77196788e+00 
 6.98840658e-03  4.77247628e+00 
 6.99340658e-03  4.77298357e+00 
 6.99840658e-03  4.77348975e+00 
 7.00340658e-03  4.77399482e+00 
 7.00840658e-03  4.77449878e+00 
 7.01340658e-03  4.77500163e+00 
 7.01840658e-03  4.77550339e+00 
 7.02340658e-03  4.77600405e+00 
 7.02840658e-03  4.77650360e+00 
 7.03340658e-03  4.77700207e+00 
 7.03840658e-03  4.77749944e+00 
 7.04340658e-03  4.77799572e+00 
 7.04840658e-03  4.77849092e+00 
 7.05340658e-03  4.77898503e+00 
 7.05840658e-03  4.77947805e+00 
 7.06340658e-03  4.77997000e+00 
 7.06840658e-03  4.78046087e+00 
 7.07340658e-03  4.78095066e+00 
 7.07840658e-03  4.78143938e+00 
 7.08340658e-03  4.78192703e+00 
 7.08840658e-03  4.78241362e+00 
 7.09340658e-03  4.78289913e+00 
 7.09840658e-03  4.78338359e+00 
 7.10340658e-03  4.78386698e+00 
 7.10840658e-03  4.78434931e+00 
 7.11340658e-03  4.78483059e+00 
 7.11840658e-03  4.78531081e+00 
 7.12340658e-03  4.78578998e+00 
 7.12840658e-03  4.78626810e+00 
 7.13340658e-03  4.78674517e+00 
 7.13840658e-03  4.78722120e+00 
 7.14340658e-03  4.78769619e+00 
 7.14840658e-03  4.78817014e+00 
 7.15340658e-03  4.78864304e+00 
 7.15840658e-03  4.78911492e+00 
 7.16340658e-03  4.78958576e+00 
 7.16840658e-03  4.79005556e+00 
 7.17340658e-03  4.79052434e+00 
 7.17840658e-03  4.79099210e+00 
 7.18340658e-03  4.79145883e+00 
 7.18840658e-03  4.79192453e+00 
 7.19340658e-03  4.79238922e+00 
 7.19840658e-03  4.79285289e+00 
 7.20340658e-03  4.79331555e+00 
 7.20840658e-03  4.79377719e+00 
 7.21340658e-03  4.79423782e+00 
 7.21840658e-03  4.79469744e+00 
 7.22340658e-03  4.79515606e+00 
 7.22840658e-03  4.79561367e+00 
 7.23340658e-03  4.79607028e+00 
 7.23840658e-03  4.79652589e+00 
 7.24340658e-03  4.79698051e+00 
 7.24840658e-03  4.79743413e+00 
 7.25340658e-03  4.79788675e+00 
 7.25840658e-03  4.79833839e+00 
 7.26340658e-03  4.79878904e+00 
 7.26840658e-03  4.79923870e+00 
 7.27340658e-03  4.79968737e+00 
 7.27840658e-03  4.80013507e+00 
 7.28340658e-03  4.80058178e+00 
 7.28840658e-03  4.80102752e+00 
 7.29340658e-03  4.80147228e+00 
 7.29840658e-03  4.80191607e+00 
 7.30340658e-03  4.80235889e+00 
 7.30840658e-03  4.80280074e+00 
 7.31340658e-03  4.80324162e+00 
 7.31840658e-03  4.80368154e+00 
 7.32340658e-03  4.80412049e+00 
 7.32840658e-03  4.80455849e+00 
 7.33340658e-03  4.80499552e+00 
 7.33840658e-03  4.80543160e+00 
 7.34340658e-03  4.80586673e+00 
 7.34840658e-03  4.80630090e+00 
 7.35340658e-03  4.80673413e+00 
 7.35840658e-03  4.80716640e+00 
 7.36340658e-03  4.80759773e+00 
 7.36840658e-03  4.80802812e+00 
 7.37340658e-03  4.80845757e+00 
 7.37840658e-03  4.80888607e+00 
 7.38340658e-03  4.80931364e+00 
 7.38840658e-03  4.80974028e+00 
 7.39340658e-03  4.81016598e+00 
 7.39840658e-03  4.81059075e+00 
 7.40340658e-03  4.81101459e+00 
 7.40840658e-03  4.81143750e+00 
 7.41340658e-03  4.81185949e+00 
 7.41840658e-03  4.81228056e+00 
 7.42340658e-03  4.81270070e+00 
 7.42840658e-03  4.81311993e+00 
 7.43340658e-03  4.81353824e+00 
 7.43840658e-03  4.81395564e+00 
 7.44340658e-03  4.81437212e+00 
 7.44840658e-03  4.81478769e+00 
 7.45340658e-03  4.81520235e+00 
 7.45840658e-03  4.81561611e+00 
 7.46340658e-03  4.81602896e+00 
 7.46840658e-03  4.81644091e+00 
 7.47340658e-03  4.81685196e+00 
 7.47840658e-03  4.81726211e+00 
 7.48340658e-03  4.81767137e+00 
 7.48840658e-03  4.81807973e+00 
 7.49340658e-03  4.81848719e+00 
 7.49840658e-03  4.81889377e+00 
 7.50340658e-03  4.81929946e+00 
 7.50840658e-03  4.81970426e+00 
 7.51340658e-03  4.82010818e+00 
 7.51840658e-03  4.82051121e+00 
 7.52340658e-03  4.82091336e+00 
 7.52840658e-03  4.82131464e+00 
 7.53340658e-03  4.82171503e+00 
 7.53840658e-03  4.82211456e+00 
 7.54340658e-03  4.82251320e+00 
 7.54840658e-03  4.82291098e+00 
 7.55340658e-03  4.82330789e+00 
 7.55840658e-03  4.82370393e+00 
 7.56340658e-03  4.82409911e+00 
 7.56840658e-03  4.82449342e+00 
 7.57340658e-03  4.82488687e+00 
 7.57840658e-03  4.82527947e+00 
 7.58340658e-03  4.82567120e+00 
 7.58840658e-03  4.82606208e+00 
 7.59340658e-03  4.82645210e+00 
 7.59840658e-03  4.82684128e+00 
 7.60340658e-03  4.82722960e+00 
 7.60840658e-03  4.82761707e+00 
 7.61340658e-03  4.82800370e+00 
 7.61840658e-03  4.82838948e+00 
 7.62340658e-03  4.82877443e+00 
 7.62840658e-03  4.82915853e+00 
 7.63340658e-03  4.82954179e+00 
 7.63840658e-03  4.82992421e+00 
 7.64340658e-03  4.83030580e+00 
 7.64840658e-03  4.83068656e+00 
 7.65340658e-03  4.83106648e+00 
 7.65840658e-03  4.83144558e+00 
 7.66340658e-03  4.83182385e+00 
 7.66840658e-03  4.83220129e+00 
 7.67340658e-03  4.83257791e+00 
 7.67840658e-03  4.83295370e+00 
 7.68340658e-03  4.83332868e+00 
 7.68840658e-03  4.83370284e+00 
 7.69340658e-03  4.83407618e+00 
 7.69840658e-03  4.83444870e+00 
 7.70340658e-03  4.83482041e+00 
 7.70840658e-03  4.83519131e+00 
 7.71340658e-03  4.83556140e+00 
 7.71840658e-03  4.83593069e+00 
 7.72340658e-03  4.83629916e+00 
 7.72840658e-03  4.83666684e+00 
 7.73340658e-03  4.83703371e+00 
 7.73840658e-03  4.83739978e+00 
 7.74340658e-03  4.83776505e+00 
 7.74840658e-03  4.83812953e+00 
 7.75340658e-03  4.83849320e+00 
 7.75840658e-03  4.83885609e+00 
 7.76340658e-03  4.83921818e+00 
 7.76840658e-03  4.83957949e+00 
 7.77340658e-03  4.83994000e+00 
 7.77840658e-03  4.84029973e+00 
 7.78340658e-03  4.84065868e+00 
 7.78840658e-03  4.84101684e+00 
 7.79340658e-03  4.84137422e+00 
 7.79840658e-03  4.84173082e+00 
 7.80340658e-03  4.84208665e+00 
 7.80840658e-03  4.84244169e+00 
 7.81340658e-03  4.84279597e+00 
 7.81840658e-03  4.84314947e+00 
 7.82340658e-03  4.84350220e+00 
 7.82840658e-03  4.84385416e+00 
 7.83340658e-03  4.84420535e+00 
 7.83840658e-03  4.84455578e+00 
 7.84340658e-03  4.84490544e+00 
 7.84840658e-03  4.84525434e+00 
 7.85340658e-03  4.84560248e+00 
 7.85840658e-03  4.84594986e+00 
 7.86340658e-03  4.84629649e+00 
 7.86840658e-03  4.84664235e+00 
 7.87340658e-03  4.84698747e+00 
 7.87840658e-03  4.84733183e+00 
 7.88340658e-03  4.84767544e+00 
 7.88840658e-03  4.84801831e+00 
 7.89340658e-03  4.84836042e+00 
 7.89840658e-03  4.84870179e+00 
 7.90340658e-03  4.84904242e+00 
 7.90840658e-03  4.84938230e+00 
 7.91340658e-03  4.84972144e+00 
 7.91840658e-03  4.85005985e+00 
 7.92340658e-03  4.85039752e+00 
 7.92840658e-03  4.85073445e+00 
 7.93340658e-03  4.85107064e+00 
 7.93840658e-03  4.85140611e+00 
 7.94340658e-03  4.85174084e+00 
 7.94840658e-03  4.85207485e+00 
 7.95340658e-03  4.85240812e+00 
 7.95840658e-03  4.85274068e+00 
 7.96340658e-03  4.85307250e+00 
 7.96840658e-03  4.85340361e+00 
 7.97340658e-03  4.85373399e+00 
 7.97840658e-03  4.85406366e+00 
 7.98340658e-03  4.85439260e+00 
 7.98840658e-03  4.85472083e+00 
 7.99340658e-03  4.85504835e+00 
 7.99840658e-03  4.85537515e+00 
 8.00340658e-03  4.85570124e+00 
 8.00840658e-03  4.85602662e+00 
 8.01340658e-03  4.85635129e+00 
 8.01840658e-03  4.85667526e+00 
 8.02340658e-03  4.85699852e+00 
 8.02840658e-03  4.85732108e+00 
 8.03340658e-03  4.85764293e+00 
 8.03840658e-03  4.85796408e+00 
 8.04340658e-03  4.85828454e+00 
 8.04840658e-03  4.85860430e+00 
 8.05340658e-03  4.85892336e+00 
 8.05840658e-03  4.85924173e+00 
 8.06340658e-03  4.85955940e+00 
 8.06840658e-03  4.85987639e+00 
 8.07340658e-03  4.86019268e+00 
 8.07840658e-03  4.86050829e+00 
 8.08340658e-03  4.86082321e+00 
 8.08840658e-03  4.86113744e+00 
 8.09340658e-03  4.86145099e+00 
 8.09840658e-03  4.86176386e+00 
 8.10340658e-03  4.86207605e+00 
 8.10840658e-03  4.86238756e+00 
 8.11340658e-03  4.86269839e+00 
 8.11840658e-03  4.86300855e+00 
 8.12340658e-03  4.86331803e+00 
 8.12840658e-03  4.86362684e+00 
 8.13340658e-03  4.86393498e+00 
 8.13840658e-03  4.86424245e+00 
 8.14340658e-03  4.86454925e+00 
 8.14840658e-03  4.86485538e+00 
 8.15340658e-03  4.86516084e+00 
 8.15840658e-03  4.86546565e+00 
 8.16340658e-03  4.86576979e+00 
 8.16840658e-03  4.86607327e+00 
 8.17340658e-03  4.86637609e+00 
 8.17840658e-03  4.86667825e+00 
 8.18340658e-03  4.86697975e+00 
 8.18840658e-03  4.86728060e+00 
 8.19340658e-03  4.86758080e+00 
 8.19840658e-03  4.86788034e+00 
 8.20340658e-03  4.86817924e+00 
 8.20840658e-03  4.86847748e+00 
 8.21340658e-03  4.86877508e+00 
 8.21840658e-03  4.86907202e+00 
 8.22340658e-03  4.86936833e+00 
 8.22840658e-03  4.86966399e+00 
 8.23340658e-03  4.86995901e+00 
 8.23840658e-03  4.87025339e+00 
 8.24340658e-03  4.87054713e+00 
 8.24840658e-03  4.87084023e+00 
 8.25340658e-03  4.87113269e+00 
 8.25840658e-03  4.87142452e+00 
 8.26340658e-03  4.87171572e+00 
 8.26840658e-03  4.87200628e+00 
 8.27340658e-03  4.87229621e+00 
 8.27840658e-03  4.87258552e+00 
 8.28340658e-03  4.87287419e+00 
 8.28840658e-03  4.87316224e+00 
 8.29340658e-03  4.87344967e+00 
 8.29840658e-03  4.87373647e+00 
 8.30340658e-03  4.87402265e+00 
 8.30840658e-03  4.87430820e+00 
 8.31340658e-03  4.87459314e+00 
 8.31840658e-03  4.87487746e+00 
 8.32340658e-03  4.87516116e+00 
 8.32840658e-03  4.87544425e+00 
 8.33340658e-03  4.87572672e+00 
 8.33840658e-03  4.87600858e+00 
 8.34340658e-03  4.87628983e+00 
 8.34840658e-03  4.87657047e+00 
 8.35340658e-03  4.87685050e+00 
 8.35840658e-03  4.87712992e+00 
 8.36340658e-03  4.87740874e+00 
 8.36840658e-03  4.87768695e+00 
 8.37340658e-03  4.87796456e+00 
 8.37840658e-03  4.87824157e+00 
 8.38340658e-03  4.87851798e+00 
 8.38840658e-03  4.87879379e+00 
 8.39340658e-03  4.87906900e+00 
 8.39840658e-03  4.87934361e+00 
 8.40340658e-03  4.87961763e+00 
 8.40840658e-03  4.87989106e+00 
 8.41340658e-03  4.88016389e+00 
 8.41840658e-03  4.88043613e+00 
 8.42340658e-03  4.88070778e+00 
 8.42840658e-03  4.88097885e+00 
 8.43340658e-03  4.88124932e+00 
 8.43840658e-03  4.88151921e+00 
 8.44340658e-03  4.88178852e+00 
 8.44840658e-03  4.88205724e+00 
 8.45340658e-03  4.88232538e+00 
 8.45840658e-03  4.88259294e+00 
 8.46340658e-03  4.88285992e+00 
 8.46840658e-03  4.88312632e+00 
 8.47340658e-03  4.88339215e+00 
 8.47840658e-03  4.88365740e+00 
 8.48340658e-03  4.88392208e+00 
 8.48840658e-03  4.88418618e+00 
 8.49340658e-03  4.88444971e+00 
 8.49840658e-03  4.88471267e+00 
 8.50340658e-03  4.88497507e+00 
 8.50840658e-03  4.88523689e+00 
 8.51340658e-03  4.88549815e+00 
 8.51840658e-03  4.88575884e+00 
 8.52340658e-03  4.88601897e+00 
 8.52840658e-03  4.88627854e+00 
 8.53340658e-03  4.88653754e+00 
 8.53840658e-03  4.88679599e+00 
 8.54340658e-03  4.88705387e+00 
 8.54840658e-03  4.88731120e+00 
 8.55340658e-03  4.88756797e+00 
 8.55840658e-03  4.88782419e+00 
 8.56340658e-03  4.88807985e+00 
 8.56840658e-03  4.88833496e+00 
 8.57340658e-03  4.88858952e+00 
 8.57840658e-03  4.88884353e+00 
 8.58340658e-03  4.88909699e+00 
 8.58840658e-03  4.88934990e+00 
 8.59340658e-03  4.88960227e+00 
 8.59840658e-03  4.88985409e+00 
 8.60340658e-03  4.89010536e+00 
 8.60840658e-03  4.89035610e+00 
 8.61340658e-03  4.89060629e+00 
 8.61840658e-03  4.89085594e+00 
 8.62340658e-03  4.89110505e+00 
 8.62840658e-03  4.89135363e+00 
 8.63340658e-03  4.89160167e+00 
 8.63840658e-03  4.89184917e+00 
 8.64340658e-03  4.89209614e+00 
 8.64840658e-03  4.89234257e+00 
 8.65340658e-03  4.89258847e+00 
 8.65840658e-03  4.89283385e+00 
 8.66340658e-03  4.89307869e+00 
 8.66840658e-03  4.89332300e+00 
 8.67340658e-03  4.89356679e+00 
 8.67840658e-03  4.89381005e+00 
 8.68340658e-03  4.89405279e+00 
 8.68840658e-03  4.89429500e+00 
 8.69340658e-03  4.89453669e+00 
 8.69840658e-03  4.89477786e+00 
 8.70340658e-03  4.89501851e+00 
 8.70840658e-03  4.89525864e+00 
 8.71340658e-03  4.89549825e+00 
 8.71840658e-03  4.89573735e+00 
 8.72340658e-03  4.89597593e+00 
 8.72840658e-03  4.89621399e+00 
 8.73340658e-03  4.89645154e+00 
 8.73840658e-03  4.89668859e+00 
 8.74340658e-03  4.89692512e+00 
 8.74840658e-03  4.89716114e+00 
 8.75340658e-03  4.89739665e+00 
 8.75840658e-03  4.89763165e+00 
 8.76340658e-03  4.89786615e+00 
 8.76840658e-03  4.89810014e+00 
 8.77340658e-03  4.89833363e+00 
 8.77840658e-03  4.89856662e+00 
 8.78340658e-03  4.89879911e+00 
 8.78840658e-03  4.89903109e+00 
 8.79340658e-03  4.89926258e+00 
 8.79840658e-03  4.89949356e+00 
 8.80340658e-03  4.89972405e+00 
 8.80840658e-03  4.89995405e+00 
 8.81340658e-03  4.90018354e+00 
 8.81840658e-03  4.90041255e+00 
 8.82340658e-03  4.90064106e+00 
 8.82840658e-03  4.90086908e+00 
 8.83340658e-03  4.90109661e+00 
 8.83840658e-03  4.90132365e+00 
 8.84340658e-03  4.90155021e+00 
 8.84840658e-03  4.90177627e+00 
 8.85340658e-03  4.90200185e+00 
 8.85840658e-03  4.90222695e+00 
 8.86340658e-03  4.90245156e+00 
 8.86840658e-03  4.90267568e+00 
 8.87340658e-03  4.90289933e+00 
 8.87840658e-03  4.90312250e+00 
 8.88340658e-03  4.90334518e+00 
 8.88840658e-03  4.90356739e+00 
 8.89340658e-03  4.90378912e+00 
 8.89840658e-03  4.90401037e+00 
 8.90340658e-03  4.90423115e+00 
 8.90840658e-03  4.90445146e+00 
 8.91340658e-03  4.90467129e+00 
 8.91840658e-03  4.90489065e+00 
 8.92340658e-03  4.90510954e+00 
 8.92840658e-03  4.90532796e+00 
 8.93340658e-03  4.90554591e+00 
 8.93840658e-03  4.90576339e+00 
 8.94340658e-03  4.90598041e+00 
 8.94840658e-03  4.90619696e+00 
 8.95340658e-03  4.90641304e+00 
 8.95840658e-03  4.90662867e+00 
 8.96340658e-03  4.90684383e+00 
 8.96840658e-03  4.90705852e+00 
 8.97340658e-03  4.90727276e+00 
 8.97840658e-03  4.90748654e+00 
 8.98340658e-03  4.90769986e+00 
 8.98840658e-03  4.90791273e+00 
 8.99340658e-03  4.90812513e+00 
 8.99840658e-03  4.90833708e+00 
 9.00340658e-03  4.90854858e+00 
 9.00840658e-03  4.90875963e+00 
 9.01340658e-03  4.90897022e+00 
 9.01840658e-03  4.90918036e+00 
 9.02340658e-03  4.90939005e+00 
 9.02840658e-03  4.90959930e+00 
 9.03340658e-03  4.90980809e+00 
 9.03840658e-03  4.91001644e+00 
 9.04340658e-03  4.91022434e+00 
 9.04840658e-03  4.91043180e+00 
 9.05340658e-03  4.91063881e+00 
 9.05840658e-03  4.91084538e+00 
 9.06340658e-03  4.91105151e+00 
 9.06840658e-03  4.91125720e+00 
 9.07340658e-03  4.91146245e+00 
 9.07840658e-03  4.91166725e+00 
 9.08340658e-03  4.91187163e+00 
 9.08840658e-03  4.91207556e+00 
 9.09340658e-03  4.91227906e+00 
 9.09840658e-03  4.91248212e+00 
 9.10340658e-03  4.91268475e+00 
 9.10840658e-03  4.91288695e+00 
 9.11340658e-03  4.91308871e+00 
 9.11840658e-03  4.91329004e+00 
 9.12340658e-03  4.91349095e+00 
 9.12840658e-03  4.91369142e+00 
 9.13340658e-03  4.91389147e+00 
 9.13840658e-03  4.91409109e+00 
 9.14340658e-03  4.91429028e+00 
 9.14840658e-03  4.91448905e+00 
 9.15340658e-03  4.91468739e+00 
 9.15840658e-03  4.91488531e+00 
 9.16340658e-03  4.91508281e+00 
 9.16840658e-03  4.91527989e+00 
 9.17340658e-03  4.91547654e+00 
 9.17840658e-03  4.91567278e+00 
 9.18340658e-03  4.91586860e+00 
 9.18840658e-03  4.91606400e+00 
 9.19340658e-03  4.91625899e+00 
 9.19840658e-03  4.91645356e+00 
 9.20340658e-03  4.91664771e+00 
 9.20840658e-03  4.91684145e+00 
 9.21340658e-03  4.91703478e+00 
 9.21840658e-03  4.91722770e+00 
 9.22340658e-03  4.91742020e+00 
 9.22840658e-03  4.91761230e+00 
 9.23340658e-03  4.91780399e+00 
 9.23840658e-03  4.91799527e+00 
 9.24340658e-03  4.91818614e+00 
 9.24840658e-03  4.91837661e+00 
 9.25340658e-03  4.91856667e+00 
 9.25840658e-03  4.91875632e+00 
 9.26340658e-03  4.91894558e+00 
 9.26840658e-03  4.91913443e+00 
 9.27340658e-03  4.91932288e+00 
 9.27840658e-03  4.91951093e+00 
 9.28340658e-03  4.91969858e+00 
 9.28840658e-03  4.91988583e+00 
 9.29340658e-03  4.92007268e+00 
 9.29840658e-03  4.92025914e+00 
 9.30340658e-03  4.92044520e+00 
 9.30840658e-03  4.92063086e+00 
 9.31340658e-03  4.92081613e+00 
 9.31840658e-03  4.92100101e+00 
 9.32340658e-03  4.92118549e+00 
 9.32840658e-03  4.92136959e+00 
 9.33340658e-03  4.92155329e+00 
 9.33840658e-03  4.92173660e+00 
 9.34340658e-03  4.92191953e+00 
 9.34840658e-03  4.92210206e+00 
 9.35340658e-03  4.92228421e+00 
 9.35840658e-03  4.92246598e+00 
 9.36340658e-03  4.92264735e+00 
 9.36840658e-03  4.92282835e+00 
 9.37340658e-03  4.92300896e+00 
 9.37840658e-03  4.92318919e+00 
 9.38340658e-03  4.92336903e+00 
 9.38840658e-03  4.92354850e+00 
 9.39340658e-03  4.92372758e+00 
 9.39840658e-03  4.92390629e+00 
 9.40340658e-03  4.92408462e+00 
 9.40840658e-03  4.92426257e+00 
 9.41340658e-03  4.92444014e+00 
 9.41840658e-03  4.92461734e+00 
 9.42340658e-03  4.92479416e+00 
 9.42840658e-03  4.92497061e+00 
 9.43340658e-03  4.92514669e+00 
 9.43840658e-03  4.92532240e+00 
 9.44340658e-03  4.92549773e+00 
 9.44840658e-03  4.92567269e+00 
 9.45340658e-03  4.92584729e+00 
 9.45840658e-03  4.92602151e+00 
 9.46340658e-03  4.92619537e+00 
 9.46840658e-03  4.92636886e+00 
 9.47340658e-03  4.92654198e+00 
 9.47840658e-03  4.92671474e+00 
 9.48340658e-03  4.92688713e+00 
 9.48840658e-03  4.92705916e+00 
 9.49340658e-03  4.92723083e+00 
 9.49840658e-03  4.92740214e+00 
 9.50340658e-03  4.92757308e+00 
 9.50840658e-03  4.92774367e+00 
 9.51340658e-03  4.92791389e+00 
 9.51840658e-03  4.92808376e+00 
 9.52340658e-03  4.92825327e+00 
 9.52840658e-03  4.92842242e+00 
 9.53340658e-03  4.92859121e+00 
 9.53840658e-03  4.92875965e+00 
 9.54340658e-03  4.92892774e+00 
 9.54840658e-03  4.92909547e+00 
 9.55340658e-03  4.92926285e+00 
 9.55840658e-03  4.92942988e+00 
 9.56340658e-03  4.92959655e+00 
 9.56840658e-03  4.92976288e+00 
 9.57340658e-03  4.92992885e+00 
 9.57840658e-03  4.93009448e+00 
 9.58340658e-03  4.93025976e+00 
 9.58840658e-03  4.93042469e+00 
 9.59340658e-03  4.93058928e+00 
 9.59840658e-03  4.93075352e+00 
 9.60340658e-03  4.93091741e+00 
 9.60840658e-03  4.93108096e+00 
 9.61340658e-03  4.93124417e+00 
 9.61840658e-03  4.93140704e+00 
 9.62340658e-03  4.93156956e+00 
 9.62840658e-03  4.93173174e+00 
 9.63340658e-03  4.93189359e+00 
 9.63840658e-03  4.93205509e+00 
 9.64340658e-03  4.93221626e+00 
 9.64840658e-03  4.93237709e+00 
 9.65340658e-03  4.93253758e+00 
 9.65840658e-03  4.93269774e+00 
 9.66340658e-03  4.93285756e+00 
 9.66840658e-03  4.93301704e+00 
 9.67340658e-03  4.93317620e+00 
 9.67840658e-03  4.93333502e+00 
 9.68340658e-03  4.93349350e+00 
 9.68840658e-03  4.93365166e+00 
 9.69340658e-03  4.93380949e+00 
 9.69840658e-03  4.93396698e+00 
 9.70340658e-03  4.93412415e+00 
 9.70840658e-03  4.93428099e+00 
 9.71340658e-03  4.93443750e+00 
 9.71840658e-03  4.93459368e+00 
 9.72340658e-03  4.93474954e+00 
 9.72840658e-03  4.93490508e+00 
 9.73340658e-03  4.93506029e+00 
 9.73840658e-03  4.93521517e+00 
 9.74340658e-03  4.93536973e+00 
 9.74840658e-03  4.93552397e+00 
 9.75340658e-03  4.93567789e+00 
 9.75840658e-03  4.93583149e+00 
 9.76340658e-03  4.93598477e+00 
 9.76840658e-03  4.93613773e+00 
 9.77340658e-03  4.93629037e+00 
 9.77840658e-03  4.93644270e+00 
 9.78340658e-03  4.93659470e+00 
 9.78840658e-03  4.93674639e+00 
 9.79340658e-03  4.93689777e+00 
 9.79840658e-03  4.93704883e+00 
 9.80340658e-03  4.93719958e+00 
 9.80840658e-03  4.93735001e+00 
 9.81340658e-03  4.93750013e+00 
 9.81840658e-03  4.93764994e+00 
 9.82340658e-03  4.93779944e+00 
 9.82840658e-03  4.93794863e+00 
 9.83340658e-03  4.93809751e+00 
 9.83840658e-03  4.93824608e+00 
 9.84340658e-03  4.93839434e+00 
 9.84840658e-03  4.93854230e+00 
 9.85340658e-03  4.93868994e+00 
 9.85840658e-03  4.93883729e+00 
 9.86340658e-03  4.93898432e+00 
 9.86840658e-03  4.93913106e+00 
 9.87340658e-03  4.93927749e+00 
 9.87840658e-03  4.93942361e+00 
 9.88340658e-03  4.93956944e+00 
 9.88840658e-03  4.93971496e+00 
 9.89340658e-03  4.93986018e+00 
 9.89840658e-03  4.94000510e+00 
 9.90340658e-03  4.94014973e+00 
 9.90840658e-03  4.94029405e+00 
 9.91340658e-03  4.94043807e+00 
 9.91840658e-03  4.94058180e+00 
 9.92340658e-03  4.94072524e+00 
 9.92840658e-03  4.94086837e+00 
 9.93340658e-03  4.94101121e+00 
 9.93840658e-03  4.94115376e+00 
 9.94340658e-03  4.94129601e+00 
 9.94840658e-03  4.94143797e+00 
 9.95340658e-03  4.94157964e+00 
 9.95840658e-03  4.94172101e+00 
 9.96340658e-03  4.94186210e+00 
 9.96840658e-03  4.94200289e+00 
 9.97340658e-03  4.94214340e+00 
 9.97840658e-03  4.94228362e+00 
 9.98340658e-03  4.94242354e+00 
 9.98840658e-03  4.94256318e+00 
 9.99340658e-03  4.94270254e+00 
 9.99840658e-03  4.94284160e+00 
 1.00034066e-02  4.94298039e+00 
 1.00084066e-02  4.94311888e+00 
 1.00134066e-02  4.94325710e+00 
 1.00184066e-02  4.94339503e+00 
 1.00234066e-02  4.94353267e+00 
 1.00284066e-02  4.94367004e+00 
 1.00334066e-02  4.94380712e+00 
 1.00384066e-02  4.94394393e+00 
 1.00434066e-02  4.94408045e+00 
 1.00484066e-02  4.94421669e+00 
 1.00534066e-02  4.94435266e+00 
 1.00584066e-02  4.94448834e+00 
 1.00634066e-02  4.94462375e+00 
 1.00684066e-02  4.94475889e+00 
 1.00734066e-02  4.94489374e+00 
 1.00784066e-02  4.94502832e+00 
 1.00834066e-02  4.94516263e+00 
 1.00884066e-02  4.94529666e+00 
 1.00934066e-02  4.94543042e+00 
 1.00984066e-02  4.94556391e+00 
 1.01034066e-02  4.94569712e+00 
 1.01084066e-02  4.94583007e+00 
 1.01134066e-02  4.94596274e+00 
 1.01184066e-02  4.94609514e+00 
 1.01234066e-02  4.94622727e+00 
 1.01284066e-02  4.94635914e+00 
 1.01334066e-02  4.94649073e+00 
 1.01384066e-02  4.94662206e+00 
 1.01434066e-02  4.94675312e+00 
 1.01484066e-02  4.94688392e+00 
 1.01534066e-02  4.94701445e+00 
 1.01584066e-02  4.94714471e+00 
 1.01634066e-02  4.94727471e+00 
 1.01684066e-02  4.94740445e+00 
 1.01734066e-02  4.94753393e+00 
 1.01784066e-02  4.94766314e+00 
 1.01834066e-02  4.94779209e+00 
 1.01884066e-02  4.94792078e+00 
 1.01934066e-02  4.94804920e+00 
 1.01984066e-02  4.94817737e+00 
 1.02034066e-02  4.94830528e+00 
 1.02084066e-02  4.94843293e+00 
 1.02134066e-02  4.94856033e+00 
 1.02184066e-02  4.94868746e+00 
 1.02234066e-02  4.94881434e+00 
 1.02284066e-02  4.94894096e+00 
 1.02334066e-02  4.94906733e+00 
 1.02384066e-02  4.94919344e+00 
 1.02434066e-02  4.94931930e+00 
 1.02484066e-02  4.94944491e+00 
 1.02534066e-02  4.94957026e+00 
 1.02584066e-02  4.94969536e+00 
 1.02634066e-02  4.94982021e+00 
 1.02684066e-02  4.94994480e+00 
 1.02734066e-02  4.95006915e+00 
 1.02784066e-02  4.95019325e+00 
 1.02834066e-02  4.95031709e+00 
 1.02884066e-02  4.95044069e+00 
 1.02934066e-02  4.95056404e+00 
 1.02984066e-02  4.95068715e+00 
 1.03034066e-02  4.95081000e+00 
 1.03084066e-02  4.95093261e+00 
 1.03134066e-02  4.95105498e+00 
 1.03184066e-02  4.95117710e+00 
 1.03234066e-02  4.95129897e+00 
 1.03284066e-02  4.95142060e+00 
 1.03334066e-02  4.95154199e+00 
 1.03384066e-02  4.95166314e+00 
 1.03434066e-02  4.95178404e+00 
 1.03484066e-02  4.95190470e+00 
 1.03534066e-02  4.95202512e+00 
 1.03584066e-02  4.95214530e+00 
 1.03634066e-02  4.95226525e+00 
 1.03684066e-02  4.95238495e+00 
 1.03734066e-02  4.95250441e+00 
 1.03784066e-02  4.95262364e+00 
 1.03834066e-02  4.95274263e+00 
 1.03884066e-02  4.95286138e+00 
 1.03934066e-02  4.95297990e+00 
 1.03984066e-02  4.95309818e+00 
 1.04034066e-02  4.95321622e+00 
 1.04084066e-02  4.95333403e+00 
 1.04134066e-02  4.95345161e+00 
 1.04184066e-02  4.95356896e+00 
 1.04234066e-02  4.95368607e+00 
 1.04284066e-02  4.95380295e+00 
 1.04334066e-02  4.95391960e+00 
 1.04384066e-02  4.95403602e+00 
 1.04434066e-02  4.95415220e+00 
 1.04484066e-02  4.95426816e+00 
 1.04534066e-02  4.95438389e+00 
 1.04584066e-02  4.95449939e+00 
 1.04634066e-02  4.95461466e+00 
 1.04684066e-02  4.95472971e+00 
 1.04734066e-02  4.95484452e+00 
 1.04784066e-02  4.95495912e+00 
 1.04834066e-02  4.95507348e+00 
 1.04884066e-02  4.95518762e+00 
 1.04934066e-02  4.95530154e+00 
 1.04984066e-02  4.95541523e+00 
 1.05000000e-02  4.95545142e+00 
