 0.00000000e+00  5.86638645e+00 
 5.00000000e-07  5.86638620e+00 
 1.00000000e-06  5.86638571e+00 
 2.00000000e-06  5.86638414e+00 
 4.00000000e-06  5.86637827e+00 
 8.00000000e-06  5.86635580e+00 
 1.60000000e-05  5.86627173e+00 
 3.20000000e-05  5.86597444e+00 
 6.40000000e-05  5.86502009e+00 
 1.14000000e-04  5.86297936e+00 
 1.64000000e-04  5.86059431e+00 
 2.14000000e-04  5.85806283e+00 
 2.64000000e-04  5.85547876e+00 
 3.14000000e-04  5.85287787e+00 
 3.64000000e-04  5.85027008e+00 
 4.14000000e-04  5.84765616e+00 
 4.64000000e-04  5.84503465e+00 
 5.14000000e-04  5.84240413e+00 
 5.64000000e-04  5.83976371e+00 
 6.14000000e-04  5.83711283e+00 
 6.64000000e-04  5.83445119e+00 
 7.14000000e-04  5.83177855e+00 
 7.64000000e-04  5.82909470e+00 
 8.14000000e-04  5.82639945e+00 
 8.64000000e-04  5.82369258e+00 
 9.14000000e-04  5.82097388e+00 
 9.64000000e-04  5.81824312e+00 
 1.01400000e-03  5.81550006e+00 
 1.06400000e-03  5.81274445e+00 
 1.11400000e-03  5.80997605e+00 
 1.16400000e-03  5.80719458e+00 
 1.21400000e-03  5.80439976e+00 
 1.26400000e-03  5.80159132e+00 
 1.31400000e-03  5.79876896e+00 
 1.36400000e-03  5.79593235e+00 
 1.41400000e-03  5.79308120e+00 
 1.46400000e-03  5.79021515e+00 
 1.51400000e-03  5.78733386e+00 
 1.56400000e-03  5.78443696e+00 
 1.61400000e-03  5.78152408e+00 
 1.66400000e-03  5.77859483e+00 
 1.71400000e-03  5.77564879e+00 
 1.76400000e-03  5.77268553e+00 
 1.81400000e-03  5.76970460e+00 
 1.86400000e-03  5.76670554e+00 
 1.91400000e-03  5.76368786e+00 
 1.96400000e-03  5.76065104e+00 
 2.01400000e-03  5.75759454e+00 
 2.06400000e-03  5.75451782e+00 
 2.11400000e-03  5.75142027e+00 
 2.16400000e-03  5.74830129e+00 
 2.21400000e-03  5.74516023e+00 
 2.26400000e-03  5.74199640e+00 
 2.31400000e-03  5.73880911e+00 
 2.36400000e-03  5.73559760e+00 
 2.41400000e-03  5.73236108e+00 
 2.46400000e-03  5.72909873e+00 
 2.51400000e-03  5.72580967e+00 
 2.56400000e-03  5.72249300e+00 
 2.61400000e-03  5.71914773e+00 
 2.66400000e-03  5.71577286e+00 
 2.71400000e-03  5.71236729e+00 
 2.76400000e-03  5.70892990e+00 
 2.81400000e-03  5.70545948e+00 
 2.86400000e-03  5.70195474e+00 
 2.91400000e-03  5.69841434e+00 
 2.96400000e-03  5.69483684e+00 
 3.01400000e-03  5.69122072e+00 
 3.06400000e-03  5.68756436e+00 
 3.11400000e-03  5.68386603e+00 
 3.16400000e-03  5.68012392e+00 
 3.21400000e-03  5.67633606e+00 
 3.26400000e-03  5.67250037e+00 
 3.31400000e-03  5.66861461e+00 
 3.36400000e-03  5.66467643e+00 
 3.41400000e-03  5.66068325e+00 
 3.46400000e-03  5.65663235e+00 
 3.51400000e-03  5.65252079e+00 
 3.56400000e-03  5.64834543e+00 
 3.61400000e-03  5.64410286e+00 
 3.66400000e-03  5.63978943e+00 
 3.71400000e-03  5.63540119e+00 
 3.76400000e-03  5.63093387e+00 
 3.81400000e-03  5.62638285e+00 
 3.86400000e-03  5.62174312e+00 
 3.91400000e-03  5.61700923e+00 
 3.96400000e-03  5.61217526e+00 
 4.01400000e-03  5.60723476e+00 
 4.06400000e-03  5.60218068e+00 
 4.11400000e-03  5.59700530e+00 
 4.16400000e-03  5.59170019e+00 
 4.21400000e-03  5.58625607e+00 
 4.26400000e-03  5.58066272e+00 
 4.31400000e-03  5.57490892e+00 
 4.36400000e-03  5.56898224e+00 
 4.41400000e-03  5.56286895e+00 
 4.46400000e-03  5.55655380e+00 
 4.51400000e-03  5.55001989e+00 
 4.56400000e-03  5.54324840e+00 
 4.61400000e-03  5.53621834e+00 
 4.66400000e-03  5.52890630e+00 
 4.71400000e-03  5.52128609e+00 
 4.76400000e-03  5.51332841e+00 
 4.81400000e-03  5.50500044e+00 
 4.86400000e-03  5.49626537e+00 
 4.91400000e-03  5.48708197e+00 
 4.96400000e-03  5.47740404e+00 
 5.01400000e-03  5.46717990e+00 
 5.06400000e-03  5.45635184e+00 
 5.11400000e-03  5.44485563e+00 
 5.16400000e-03  5.43262012e+00 
 5.21400000e-03  5.41956688e+00 
 5.26400000e-03  5.40561015e+00 
 5.31400000e-03  5.39065699e+00 
 5.36400000e-03  5.37460781e+00 
 5.41400000e-03  5.35735730e+00 
 5.46400000e-03  5.33879591e+00 
 5.51400000e-03  5.31881170e+00 
 5.56400000e-03  5.29729272e+00 
 5.61400000e-03  5.27412956e+00 
 5.66400000e-03  5.24921806e+00 
 5.71400000e-03  5.22246183e+00 
 5.76400000e-03  5.19377432e+00 
 5.81400000e-03  5.16308027e+00 
 5.86400000e-03  5.13031641e+00 
 5.91400000e-03  5.09543133e+00 
 5.96400000e-03  5.05838484e+00 
 6.01400000e-03  5.01914651e+00 
 6.06400000e-03  4.97769417e+00 
 6.11400000e-03  4.98778408e+00 
 6.16012862e-03  5.00479066e+00 
 6.21012862e-03  5.00346092e+00 
 6.26012862e-03  5.00062848e+00 
 6.31012862e-03  5.00074217e+00 
 6.36012862e-03  5.00104683e+00 
 6.41012862e-03  5.00103263e+00 
 6.46012862e-03  5.00098919e+00 
 6.51012862e-03  5.00099325e+00 
 6.56012862e-03  5.00099910e+00 
 6.61012862e-03  5.00099956e+00 
 6.66012862e-03  5.00099986e+00 
 6.71012862e-03  5.00100063e+00 
 6.76012862e-03  5.00100131e+00 
 6.81012862e-03  5.00100188e+00 
 6.86012862e-03  5.00100240e+00 
 6.91012862e-03  5.00100288e+00 
 6.96012862e-03  5.00100331e+00 
 7.01012862e-03  5.00100370e+00 
 7.06012862e-03  5.00100405e+00 
 7.11012862e-03  5.00100436e+00 
 7.16012862e-03  5.00100465e+00 
 7.21012862e-03  5.00100490e+00 
 7.26012862e-03  5.00100513e+00 
 7.31012862e-03  5.00100533e+00 
 7.36012862e-03  5.00100551e+00 
 7.41012862e-03  5.00100567e+00 
 7.46012862e-03  5.00100580e+00 
 7.51012862e-03  5.00100592e+00 
 7.56012862e-03  5.00100602e+00 
 7.61012862e-03  5.00100611e+00 
 7.66012862e-03  5.00100618e+00 
 7.71012862e-03  5.00100623e+00 
 7.76012862e-03  5.00100628e+00 
 7.81012862e-03  5.00100631e+00 
 7.86012862e-03  5.00100632e+00 
 7.91012862e-03  5.00100633e+00 
 7.96012862e-03  5.00100633e+00 
 8.01012862e-03  5.00100631e+00 
 8.06012862e-03  5.00100629e+00 
 8.11012862e-03  5.00100626e+00 
 8.16012862e-03  5.00100622e+00 
 8.21012862e-03  5.00100617e+00 
 8.26012862e-03  5.00100611e+00 
 8.31012862e-03  5.00100605e+00 
 8.36012862e-03  5.00100598e+00 
 8.41012862e-03  5.00100590e+00 
 8.46012862e-03  5.00100582e+00 
 8.51012862e-03  5.00100573e+00 
 8.56012862e-03  5.00100564e+00 
 8.61012862e-03  5.00100554e+00 
 8.66012862e-03  5.00100544e+00 
 8.71012862e-03  5.00100533e+00 
 8.76012862e-03  5.00100522e+00 
 8.81012862e-03  5.00100511e+00 
 8.86012862e-03  5.00100499e+00 
 8.91012862e-03  5.00100486e+00 
 8.96012862e-03  5.00100473e+00 
 9.01012862e-03  5.00100460e+00 
 9.06012862e-03  5.00100447e+00 
 9.11012862e-03  5.00100433e+00 
 9.16012862e-03  5.00100419e+00 
 9.21012862e-03  5.00100405e+00 
 9.26012862e-03  5.00100390e+00 
 9.31012862e-03  5.00100375e+00 
 9.36012862e-03  5.00100360e+00 
 9.41012862e-03  5.00100345e+00 
 9.46012862e-03  5.00100329e+00 
 9.51012862e-03  5.00100313e+00 
 9.56012862e-03  5.00100297e+00 
 9.61012862e-03  5.00100281e+00 
 9.66012862e-03  5.00100264e+00 
 9.71012862e-03  5.00100248e+00 
 9.76012862e-03  5.00100231e+00 
 9.81012862e-03  5.00100214e+00 
 9.86012862e-03  5.00100197e+00 
 9.91012862e-03  5.00100179e+00 
 9.96012862e-03  5.00100162e+00 
 1.00101286e-02  5.00100144e+00 
 1.00601286e-02  5.00100127e+00 
 1.01101286e-02  5.00100109e+00 
 1.01601286e-02  5.00100091e+00 
 1.02101286e-02  5.00100073e+00 
 1.02601286e-02  5.00100054e+00 
 1.03101286e-02  5.00100036e+00 
 1.03601286e-02  5.00100018e+00 
 1.04101286e-02  5.00099999e+00 
 1.04601286e-02  5.00099980e+00 
 1.05101286e-02  5.00099962e+00 
 1.05601286e-02  5.00099943e+00 
 1.06101286e-02  5.00099924e+00 
 1.06601286e-02  5.00099905e+00 
 1.07101286e-02  5.00099886e+00 
 1.07601286e-02  5.00099867e+00 
 1.08101286e-02  5.00099848e+00 
 1.08601286e-02  5.00099828e+00 
 1.09101286e-02  5.00099809e+00 
 1.09601286e-02  5.00099790e+00 
 1.10101286e-02  5.00099770e+00 
 1.10601286e-02  5.00099751e+00 
 1.11101286e-02  5.00099731e+00 
 1.11601286e-02  5.00099712e+00 
 1.12101286e-02  5.00099692e+00 
 1.12601286e-02  5.00099672e+00 
 1.13101286e-02  5.00099653e+00 
 1.13601286e-02  5.00099633e+00 
 1.14101286e-02  5.00099613e+00 
 1.14601286e-02  5.00099593e+00 
 1.15101286e-02  5.00099573e+00 
 1.15601286e-02  5.00099553e+00 
 1.16101286e-02  5.00099533e+00 
 1.16601286e-02  5.00099514e+00 
 1.17101286e-02  5.00099494e+00 
 1.17601286e-02  5.00099474e+00 
 1.18101286e-02  5.00099453e+00 
 1.18601286e-02  5.00099433e+00 
 1.19101286e-02  5.00099413e+00 
 1.19601286e-02  5.00099393e+00 
 1.20101286e-02  5.00099373e+00 
 1.20601286e-02  5.00099353e+00 
 1.21101286e-02  5.00099333e+00 
 1.21601286e-02  5.00099313e+00 
 1.22101286e-02  5.00099293e+00 
 1.22601286e-02  5.00099272e+00 
 1.23101286e-02  5.00099252e+00 
 1.23601286e-02  5.00099232e+00 
 1.24101286e-02  5.00099212e+00 
 1.24601286e-02  5.00099192e+00 
 1.25101286e-02  5.00099171e+00 
 1.25601286e-02  5.00099151e+00 
 1.26101286e-02  5.00099131e+00 
 1.26601286e-02  5.00099111e+00 
 1.27101286e-02  5.00099090e+00 
 1.27601286e-02  5.00099070e+00 
 1.28101286e-02  5.00099050e+00 
 1.28601286e-02  5.00099030e+00 
 1.29101286e-02  5.00099010e+00 
 1.29601286e-02  5.00098989e+00 
 1.30101286e-02  5.00098969e+00 
 1.30601286e-02  5.00098949e+00 
 1.31101286e-02  5.00098929e+00 
 1.31601286e-02  5.00098908e+00 
 1.32101286e-02  5.00098888e+00 
 1.32601286e-02  5.00098868e+00 
 1.33101286e-02  5.00098848e+00 
 1.33601286e-02  5.00098828e+00 
 1.34101286e-02  5.00098808e+00 
 1.34601286e-02  5.00098787e+00 
 1.35101286e-02  5.00098767e+00 
 1.35601286e-02  5.00098747e+00 
 1.36101286e-02  5.00098727e+00 
 1.36601286e-02  5.00098707e+00 
 1.37101286e-02  5.00098687e+00 
 1.37601286e-02  5.00098667e+00 
 1.38101286e-02  5.00098647e+00 
 1.38601286e-02  5.00098626e+00 
 1.39101286e-02  5.00098606e+00 
 1.39601286e-02  5.00098586e+00 
 1.40101286e-02  5.00098566e+00 
 1.40601286e-02  5.00098546e+00 
 1.41101286e-02  5.00098526e+00 
 1.41601286e-02  5.00098506e+00 
 1.42101286e-02  5.00098486e+00 
 1.42601286e-02  5.00098466e+00 
 1.43101286e-02  5.00098446e+00 
 1.43601286e-02  5.00098427e+00 
 1.44101286e-02  5.00098407e+00 
 1.44601286e-02  5.00098387e+00 
 1.45101286e-02  5.00098367e+00 
 1.45601286e-02  5.00098347e+00 
 1.46101286e-02  5.00098327e+00 
 1.46601286e-02  5.00098307e+00 
 1.47101286e-02  5.00098288e+00 
 1.47601286e-02  5.00098268e+00 
 1.48101286e-02  5.00098248e+00 
 1.48601286e-02  5.00098228e+00 
 1.49101286e-02  5.00098208e+00 
 1.49601286e-02  5.00098189e+00 
 1.50101286e-02  5.00098169e+00 
 1.50601286e-02  5.00098149e+00 
 1.51101286e-02  5.00098130e+00 
 1.51601286e-02  5.00098110e+00 
 1.52101286e-02  5.00098091e+00 
 1.52601286e-02  5.00098071e+00 
 1.53101286e-02  5.00098051e+00 
 1.53601286e-02  5.00098032e+00 
 1.54101286e-02  5.00098012e+00 
 1.54601286e-02  5.00097993e+00 
 1.55101286e-02  5.00097973e+00 
 1.55601286e-02  5.00097954e+00 
 1.56101286e-02  5.00097934e+00 
 1.56601286e-02  5.00097915e+00 
 1.57101286e-02  5.00097895e+00 
 1.57601286e-02  5.00097876e+00 
 1.58101286e-02  5.00097857e+00 
 1.58601286e-02  5.00097837e+00 
 1.59101286e-02  5.00097818e+00 
 1.59601286e-02  5.00097799e+00 
 1.60101286e-02  5.00097780e+00 
 1.60601286e-02  5.00097760e+00 
 1.61101286e-02  5.00097741e+00 
 1.61601286e-02  5.00097722e+00 
 1.62101286e-02  5.00097703e+00 
 1.62601286e-02  5.00097683e+00 
 1.63101286e-02  5.00097664e+00 
 1.63601286e-02  5.00097645e+00 
 1.64101286e-02  5.00097626e+00 
 1.64601286e-02  5.00097607e+00 
 1.65101286e-02  5.00097588e+00 
 1.65601286e-02  5.00097569e+00 
 1.66101286e-02  5.00097550e+00 
 1.66601286e-02  5.00097531e+00 
 1.67101286e-02  5.00097512e+00 
 1.67601286e-02  5.00097493e+00 
 1.68101286e-02  5.00097474e+00 
 1.68601286e-02  5.00097455e+00 
 1.69101286e-02  5.00097436e+00 
 1.69601286e-02  5.00097417e+00 
 1.70101286e-02  5.00097399e+00 
 1.70601286e-02  5.00097380e+00 
 1.71101286e-02  5.00097361e+00 
 1.71601286e-02  5.00097342e+00 
 1.72101286e-02  5.00097324e+00 
 1.72601286e-02  5.00097305e+00 
 1.73101286e-02  5.00097286e+00 
 1.73601286e-02  5.00097268e+00 
 1.74101286e-02  5.00097249e+00 
 1.74601286e-02  5.00097230e+00 
 1.75101286e-02  5.00097212e+00 
 1.75601286e-02  5.00097193e+00 
 1.76101286e-02  5.00097175e+00 
 1.76601286e-02  5.00097156e+00 
 1.77101286e-02  5.00097137e+00 
 1.77601286e-02  5.00097119e+00 
 1.78101286e-02  5.00097101e+00 
 1.78601286e-02  5.00097082e+00 
 1.79101286e-02  5.00097064e+00 
 1.79601286e-02  5.00097045e+00 
 1.80101286e-02  5.00097027e+00 
 1.80601286e-02  5.00097009e+00 
 1.81101286e-02  5.00096990e+00 
 1.81601286e-02  5.00096972e+00 
 1.82101286e-02  5.00096954e+00 
 1.82601286e-02  5.00096935e+00 
 1.83101286e-02  5.00096917e+00 
 1.83601286e-02  5.00096899e+00 
 1.84101286e-02  5.00096881e+00 
 1.84601286e-02  5.00096863e+00 
 1.85101286e-02  5.00096844e+00 
 1.85601286e-02  5.00096826e+00 
 1.86101286e-02  5.00096808e+00 
 1.86601286e-02  5.00096790e+00 
 1.87101286e-02  5.00096772e+00 
 1.87601286e-02  5.00096754e+00 
 1.88101286e-02  5.00096736e+00 
 1.88601286e-02  5.00096718e+00 
 1.89101286e-02  5.00096700e+00 
 1.89601286e-02  5.00096682e+00 
 1.90101286e-02  5.00096664e+00 
 1.90601286e-02  5.00096646e+00 
 1.91101286e-02  5.00096629e+00 
 1.91601286e-02  5.00096611e+00 
 1.92101286e-02  5.00096593e+00 
 1.92601286e-02  5.00096575e+00 
 1.93101286e-02  5.00096557e+00 
 1.93601286e-02  5.00096540e+00 
 1.94101286e-02  5.00096522e+00 
 1.94601286e-02  5.00096504e+00 
 1.95101286e-02  5.00096486e+00 
 1.95601286e-02  5.00096469e+00 
 1.96101286e-02  5.00096451e+00 
 1.96601286e-02  5.00096433e+00 
 1.97101286e-02  5.00096416e+00 
 1.97601286e-02  5.00096398e+00 
 1.98101286e-02  5.00096381e+00 
 1.98601286e-02  5.00096363e+00 
 1.99101286e-02  5.00096346e+00 
 1.99601286e-02  5.00096328e+00 
 2.00101286e-02  5.00096311e+00 
 2.00601286e-02  5.00096293e+00 
 2.01101286e-02  5.00096276e+00 
 2.01601286e-02  5.00096258e+00 
 2.02101286e-02  5.00096241e+00 
 2.02601286e-02  5.00096224e+00 
 2.03101286e-02  5.00096206e+00 
 2.03601286e-02  5.00096189e+00 
 2.04101286e-02  5.00096172e+00 
 2.04601286e-02  5.00096154e+00 
 2.05101286e-02  5.00096137e+00 
 2.05601286e-02  5.00096120e+00 
 2.06101286e-02  5.00096103e+00 
 2.06601286e-02  5.00096086e+00 
 2.07101286e-02  5.00096068e+00 
 2.07601286e-02  5.00096051e+00 
 2.08101286e-02  5.00096034e+00 
 2.08601286e-02  5.00096017e+00 
 2.09101286e-02  5.00096000e+00 
 2.09601286e-02  5.00095983e+00 
 2.10101286e-02  5.00095966e+00 
 2.10601286e-02  5.00095949e+00 
 2.11101286e-02  5.00095932e+00 
 2.11601286e-02  5.00095915e+00 
 2.12101286e-02  5.00095898e+00 
 2.12601286e-02  5.00095881e+00 
 2.13101286e-02  5.00095864e+00 
 2.13601286e-02  5.00095847e+00 
 2.14101286e-02  5.00095830e+00 
 2.14601286e-02  5.00095813e+00 
 2.15101286e-02  5.00095797e+00 
 2.15601286e-02  5.00095780e+00 
 2.16101286e-02  5.00095763e+00 
 2.16601286e-02  5.00095746e+00 
 2.17101286e-02  5.00095729e+00 
 2.17601286e-02  5.00095713e+00 
 2.18101286e-02  5.00095696e+00 
 2.18601286e-02  5.00095679e+00 
 2.19101286e-02  5.00095663e+00 
 2.19601286e-02  5.00095646e+00 
 2.20101286e-02  5.00095629e+00 
 2.20601286e-02  5.00095613e+00 
 2.21101286e-02  5.00095596e+00 
 2.21601286e-02  5.00095580e+00 
 2.22101286e-02  5.00095563e+00 
 2.22601286e-02  5.00095547e+00 
 2.23101286e-02  5.00095530e+00 
 2.23601286e-02  5.00095514e+00 
 2.24101286e-02  5.00095497e+00 
 2.24601286e-02  5.00095481e+00 
 2.25101286e-02  5.00095464e+00 
 2.25601286e-02  5.00095448e+00 
 2.26101286e-02  5.00095431e+00 
 2.26601286e-02  5.00095415e+00 
 2.27101286e-02  5.00095399e+00 
 2.27601286e-02  5.00095382e+00 
 2.28101286e-02  5.00095366e+00 
 2.28601286e-02  5.00095350e+00 
 2.29101286e-02  5.00095333e+00 
 2.29601286e-02  5.00095317e+00 
 2.30101286e-02  5.00095301e+00 
 2.30601286e-02  5.00095285e+00 
 2.31101286e-02  5.00095268e+00 
 2.31601286e-02  5.00095252e+00 
 2.32101286e-02  5.00095236e+00 
 2.32601286e-02  5.00095220e+00 
 2.33101286e-02  5.00095204e+00 
 2.33601286e-02  5.00095188e+00 
 2.34101286e-02  5.00095172e+00 
 2.34601286e-02  5.00095156e+00 
 2.35101286e-02  5.00095140e+00 
 2.35601286e-02  5.00095124e+00 
 2.36101286e-02  5.00095108e+00 
 2.36601286e-02  5.00095092e+00 
 2.37101286e-02  5.00095076e+00 
 2.37601286e-02  5.00095060e+00 
 2.38101286e-02  5.00095044e+00 
 2.38601286e-02  5.00095028e+00 
 2.39101286e-02  5.00095012e+00 
 2.39601286e-02  5.00094996e+00 
 2.40101286e-02  5.00094980e+00 
 2.40601286e-02  5.00094964e+00 
 2.41101286e-02  5.00094949e+00 
 2.41601286e-02  5.00094933e+00 
 2.42101286e-02  5.00094917e+00 
 2.42601286e-02  5.00094901e+00 
 2.43101286e-02  5.00094885e+00 
 2.43601286e-02  5.00094870e+00 
 2.44101286e-02  5.00094854e+00 
 2.44601286e-02  5.00094838e+00 
 2.45101286e-02  5.00094823e+00 
 2.45601286e-02  5.00094807e+00 
 2.46101286e-02  5.00094791e+00 
 2.46601286e-02  5.00094776e+00 
 2.47101286e-02  5.00094760e+00 
 2.47601286e-02  5.00094744e+00 
 2.48101286e-02  5.00094729e+00 
 2.48601286e-02  5.00094713e+00 
 2.49101286e-02  5.00094698e+00 
 2.49601286e-02  5.00094682e+00 
 2.50101286e-02  5.00094667e+00 
 2.50601286e-02  5.00094651e+00 
 2.51101286e-02  5.00094636e+00 
 2.51601286e-02  5.00094620e+00 
 2.52101286e-02  5.00094605e+00 
 2.52601286e-02  5.00094590e+00 
 2.53101286e-02  5.00094574e+00 
 2.53601286e-02  5.00094559e+00 
 2.54101286e-02  5.00094543e+00 
 2.54601286e-02  5.00094528e+00 
 2.55101286e-02  5.00094513e+00 
 2.55601286e-02  5.00094497e+00 
 2.56101286e-02  5.00094482e+00 
 2.56601286e-02  5.00094467e+00 
 2.57101286e-02  5.00094452e+00 
 2.57601286e-02  5.00094436e+00 
 2.58101286e-02  5.00094421e+00 
 2.58601286e-02  5.00094406e+00 
 2.59101286e-02  5.00094391e+00 
 2.59601286e-02  5.00094376e+00 
 2.60101286e-02  5.00094360e+00 
 2.60601286e-02  5.00094345e+00 
 2.61101286e-02  5.00094330e+00 
 2.61601286e-02  5.00094315e+00 
 2.62101286e-02  5.00094300e+00 
 2.62601286e-02  5.00094285e+00 
 2.63101286e-02  5.00094270e+00 
 2.63601286e-02  5.00094255e+00 
 2.64101286e-02  5.00094240e+00 
 2.64601286e-02  5.00094225e+00 
 2.65101286e-02  5.00094210e+00 
 2.65601286e-02  5.00094195e+00 
 2.66101286e-02  5.00094180e+00 
 2.66601286e-02  5.00094165e+00 
 2.67101286e-02  5.00094150e+00 
 2.67601286e-02  5.00094135e+00 
 2.68101286e-02  5.00094120e+00 
 2.68601286e-02  5.00094105e+00 
 2.69101286e-02  5.00094091e+00 
 2.69601286e-02  5.00094076e+00 
 2.70101286e-02  5.00094061e+00 
 2.70601286e-02  5.00094046e+00 
 2.71101286e-02  5.00094031e+00 
 2.71601286e-02  5.00094017e+00 
 2.72101286e-02  5.00094002e+00 
 2.72601286e-02  5.00093987e+00 
 2.73101286e-02  5.00093972e+00 
 2.73601286e-02  5.00093958e+00 
 2.74101286e-02  5.00093943e+00 
 2.74601286e-02  5.00093928e+00 
 2.75101286e-02  5.00093914e+00 
 2.75601286e-02  5.00093899e+00 
 2.76101286e-02  5.00093884e+00 
 2.76601286e-02  5.00093870e+00 
 2.77101286e-02  5.00093855e+00 
 2.77601286e-02  5.00093840e+00 
 2.78101286e-02  5.00093826e+00 
 2.78601286e-02  5.00093811e+00 
 2.79101286e-02  5.00093797e+00 
 2.79601286e-02  5.00093782e+00 
 2.80101286e-02  5.00093768e+00 
 2.80601286e-02  5.00093753e+00 
 2.81101286e-02  5.00093739e+00 
 2.81601286e-02  5.00093724e+00 
 2.82101286e-02  5.00093710e+00 
 2.82601286e-02  5.00093695e+00 
 2.83101286e-02  5.00093681e+00 
 2.83601286e-02  5.00093667e+00 
 2.84101286e-02  5.00093652e+00 
 2.84601286e-02  5.00093638e+00 
 2.85101286e-02  5.00093624e+00 
 2.85601286e-02  5.00093609e+00 
 2.86101286e-02  5.00093595e+00 
 2.86601286e-02  5.00093581e+00 
 2.87101286e-02  5.00093566e+00 
 2.87601286e-02  5.00093552e+00 
 2.88101286e-02  5.00093538e+00 
 2.88601286e-02  5.00093523e+00 
 2.89101286e-02  5.00093509e+00 
 2.89601286e-02  5.00093495e+00 
 2.90101286e-02  5.00093481e+00 
 2.90601286e-02  5.00093467e+00 
 2.91101286e-02  5.00093452e+00 
 2.91601286e-02  5.00093438e+00 
 2.92101286e-02  5.00093424e+00 
 2.92601286e-02  5.00093410e+00 
 2.93101286e-02  5.00093396e+00 
 2.93601286e-02  5.00093382e+00 
 2.94101286e-02  5.00093368e+00 
 2.94601286e-02  5.00093354e+00 
 2.95101286e-02  5.00093340e+00 
 2.95601286e-02  5.00093326e+00 
 2.96101286e-02  5.00093312e+00 
 2.96601286e-02  5.00093298e+00 
 2.97101286e-02  5.00093284e+00 
 2.97601286e-02  5.00093270e+00 
 2.98101286e-02  5.00093256e+00 
 2.98601286e-02  5.00093242e+00 
 2.99101286e-02  5.00093228e+00 
 2.99601286e-02  5.00093214e+00 
 3.00101286e-02  5.00093200e+00 
 3.00601286e-02  5.00093186e+00 
 3.01101286e-02  5.00093172e+00 
 3.01601286e-02  5.00093158e+00 
 3.02101286e-02  5.00093144e+00 
 3.02601286e-02  5.00093130e+00 
 3.03101286e-02  5.00093117e+00 
 3.03601286e-02  5.00093103e+00 
 3.04101286e-02  5.00093089e+00 
 3.04601286e-02  5.00093075e+00 
 3.05101286e-02  5.00093061e+00 
 3.05601286e-02  5.00093048e+00 
 3.06101286e-02  5.00093034e+00 
 3.06601286e-02  5.00093020e+00 
 3.07101286e-02  5.00093006e+00 
 3.07601286e-02  5.00092993e+00 
 3.08101286e-02  5.00092979e+00 
 3.08601286e-02  5.00092965e+00 
 3.09101286e-02  5.00092952e+00 
 3.09601286e-02  5.00092938e+00 
 3.10101286e-02  5.00092924e+00 
 3.10601286e-02  5.00092911e+00 
 3.11101286e-02  5.00092897e+00 
 3.11601286e-02  5.00092884e+00 
 3.12101286e-02  5.00092870e+00 
 3.12601286e-02  5.00092857e+00 
 3.13101286e-02  5.00092843e+00 
 3.13601286e-02  5.00092829e+00 
 3.14101286e-02  5.00092816e+00 
 3.14601286e-02  5.00092802e+00 
 3.15101286e-02  5.00092789e+00 
 3.15601286e-02  5.00092775e+00 
 3.16101286e-02  5.00092762e+00 
 3.16601286e-02  5.00092748e+00 
 3.17101286e-02  5.00092735e+00 
 3.17601286e-02  5.00092722e+00 
 3.18101286e-02  5.00092708e+00 
 3.18601286e-02  5.00092695e+00 
 3.19101286e-02  5.00092681e+00 
 3.19601286e-02  5.00092668e+00 
 3.20101286e-02  5.00092655e+00 
 3.20601286e-02  5.00092641e+00 
 3.21101286e-02  5.00092628e+00 
 3.21601286e-02  5.00092615e+00 
 3.22101286e-02  5.00092601e+00 
 3.22601286e-02  5.00092588e+00 
 3.23101286e-02  5.00092575e+00 
 3.23601286e-02  5.00092561e+00 
 3.24101286e-02  5.00092548e+00 
 3.24601286e-02  5.00092535e+00 
 3.25101286e-02  5.00092522e+00 
 3.25601286e-02  5.00092509e+00 
 3.26101286e-02  5.00092495e+00 
 3.26601286e-02  5.00092482e+00 
 3.27101286e-02  5.00092469e+00 
 3.27601286e-02  5.00092456e+00 
 3.28101286e-02  5.00092443e+00 
 3.28601286e-02  5.00092429e+00 
 3.29101286e-02  5.00092416e+00 
 3.29601286e-02  5.00092403e+00 
 3.30101286e-02  5.00092390e+00 
 3.30601286e-02  5.00092377e+00 
 3.31101286e-02  5.00092364e+00 
 3.31601286e-02  5.00092351e+00 
 3.32101286e-02  5.00092338e+00 
 3.32601286e-02  5.00092325e+00 
 3.33101286e-02  5.00092312e+00 
 3.33601286e-02  5.00092299e+00 
 3.34101286e-02  5.00092286e+00 
 3.34601286e-02  5.00092273e+00 
 3.35101286e-02  5.00092260e+00 
 3.35601286e-02  5.00092247e+00 
 3.36101286e-02  5.00092234e+00 
 3.36601286e-02  5.00092221e+00 
 3.37101286e-02  5.00092208e+00 
 3.37601286e-02  5.00092195e+00 
 3.38101286e-02  5.00092182e+00 
 3.38601286e-02  5.00092169e+00 
 3.39101286e-02  5.00092156e+00 
 3.39601286e-02  5.00092143e+00 
 3.40101286e-02  5.00092131e+00 
 3.40601286e-02  5.00092118e+00 
 3.41101286e-02  5.00092105e+00 
 3.41601286e-02  5.00092092e+00 
 3.42101286e-02  5.00092079e+00 
 3.42601286e-02  5.00092067e+00 
 3.43101286e-02  5.00092054e+00 
 3.43601286e-02  5.00092041e+00 
 3.44101286e-02  5.00092028e+00 
 3.44601286e-02  5.00092015e+00 
 3.45101286e-02  5.00092003e+00 
 3.45601286e-02  5.00091990e+00 
 3.46101286e-02  5.00091977e+00 
 3.46601286e-02  5.00091965e+00 
 3.47101286e-02  5.00091952e+00 
 3.47601286e-02  5.00091939e+00 
 3.48101286e-02  5.00091927e+00 
 3.48601286e-02  5.00091914e+00 
 3.49101286e-02  5.00091901e+00 
 3.49601286e-02  5.00091889e+00 
 3.50101286e-02  5.00091876e+00 
 3.50601286e-02  5.00091863e+00 
 3.51101286e-02  5.00091851e+00 
 3.51601286e-02  5.00091838e+00 
 3.52101286e-02  5.00091826e+00 
 3.52601286e-02  5.00091813e+00 
 3.53101286e-02  5.00091801e+00 
 3.53601286e-02  5.00091788e+00 
 3.54101286e-02  5.00091776e+00 
 3.54601286e-02  5.00091763e+00 
 3.55101286e-02  5.00091751e+00 
 3.55601286e-02  5.00091738e+00 
 3.56101286e-02  5.00091726e+00 
 3.56601286e-02  5.00091713e+00 
 3.57101286e-02  5.00091701e+00 
 3.57601286e-02  5.00091688e+00 
 3.58101286e-02  5.00091676e+00 
 3.58601286e-02  5.00091663e+00 
 3.59101286e-02  5.00091651e+00 
 3.59601286e-02  5.00091639e+00 
 3.60101286e-02  5.00091626e+00 
 3.60601286e-02  5.00091614e+00 
 3.61101286e-02  5.00091601e+00 
 3.61601286e-02  5.00091589e+00 
 3.62101286e-02  5.00091577e+00 
 3.62601286e-02  5.00091564e+00 
 3.63101286e-02  5.00091552e+00 
 3.63601286e-02  5.00091540e+00 
 3.64101286e-02  5.00091528e+00 
 3.64601286e-02  5.00091515e+00 
 3.65101286e-02  5.00091503e+00 
 3.65601286e-02  5.00091491e+00 
 3.66101286e-02  5.00091479e+00 
 3.66601286e-02  5.00091466e+00 
 3.67101286e-02  5.00091454e+00 
 3.67601286e-02  5.00091442e+00 
 3.68101286e-02  5.00091430e+00 
 3.68601286e-02  5.00091417e+00 
 3.69101286e-02  5.00091405e+00 
 3.69601286e-02  5.00091393e+00 
 3.70101286e-02  5.00091381e+00 
 3.70601286e-02  5.00091369e+00 
 3.71101286e-02  5.00091357e+00 
 3.71601286e-02  5.00091345e+00 
 3.72101286e-02  5.00091332e+00 
 3.72601286e-02  5.00091320e+00 
 3.73101286e-02  5.00091308e+00 
 3.73601286e-02  5.00091296e+00 
 3.74101286e-02  5.00091284e+00 
 3.74601286e-02  5.00091272e+00 
 3.75101286e-02  5.00091260e+00 
 3.75601286e-02  5.00091248e+00 
 3.76101286e-02  5.00091236e+00 
 3.76601286e-02  5.00091224e+00 
 3.77101286e-02  5.00091212e+00 
 3.77601286e-02  5.00091200e+00 
 3.78101286e-02  5.00091188e+00 
 3.78601286e-02  5.00091176e+00 
 3.79101286e-02  5.00091164e+00 
 3.79601286e-02  5.00091152e+00 
 3.80101286e-02  5.00091140e+00 
 3.80601286e-02  5.00091128e+00 
 3.81101286e-02  5.00091116e+00 
 3.81601286e-02  5.00091104e+00 
 3.82101286e-02  5.00091092e+00 
 3.82601286e-02  5.00091081e+00 
 3.83101286e-02  5.00091069e+00 
 3.83601286e-02  5.00091057e+00 
 3.84101286e-02  5.00091045e+00 
 3.84601286e-02  5.00091033e+00 
 3.85101286e-02  5.00091021e+00 
 3.85601286e-02  5.00091010e+00 
 3.86101286e-02  5.00090998e+00 
 3.86601286e-02  5.00090986e+00 
 3.87101286e-02  5.00090974e+00 
 3.87601286e-02  5.00090962e+00 
 3.88101286e-02  5.00090951e+00 
 3.88601286e-02  5.00090939e+00 
 3.89101286e-02  5.00090927e+00 
 3.89601286e-02  5.00090915e+00 
 3.90101286e-02  5.00090904e+00 
 3.90601286e-02  5.00090892e+00 
 3.91101286e-02  5.00090880e+00 
 3.91601286e-02  5.00090868e+00 
 3.92101286e-02  5.00090857e+00 
 3.92601286e-02  5.00090845e+00 
 3.93101286e-02  5.00090833e+00 
 3.93601286e-02  5.00090822e+00 
 3.94101286e-02  5.00090810e+00 
 3.94601286e-02  5.00090799e+00 
 3.95101286e-02  5.00090787e+00 
 3.95601286e-02  5.00090775e+00 
 3.96101286e-02  5.00090764e+00 
 3.96601286e-02  5.00090752e+00 
 3.97101286e-02  5.00090741e+00 
 3.97601286e-02  5.00090729e+00 
 3.98101286e-02  5.00090717e+00 
 3.98601286e-02  5.00090706e+00 
 3.99101286e-02  5.00090694e+00 
 3.99601286e-02  5.00090683e+00 
 4.00101286e-02  5.00090671e+00 
 4.00601286e-02  5.00090660e+00 
 4.01101286e-02  5.00090648e+00 
 4.01601286e-02  5.00090637e+00 
 4.02101286e-02  5.00090625e+00 
 4.02601286e-02  5.00090614e+00 
 4.03101286e-02  5.00090602e+00 
 4.03601286e-02  5.00090591e+00 
 4.04101286e-02  5.00090579e+00 
 4.04601286e-02  5.00090568e+00 
 4.05101286e-02  5.00090557e+00 
 4.05601286e-02  5.00090545e+00 
 4.06101286e-02  5.00090534e+00 
 4.06601286e-02  5.00090522e+00 
 4.07101286e-02  5.00090511e+00 
 4.07601286e-02  5.00090500e+00 
 4.08101286e-02  5.00090488e+00 
 4.08601286e-02  5.00090477e+00 
 4.09101286e-02  5.00090466e+00 
 4.09601286e-02  5.00090454e+00 
 4.10101286e-02  5.00090443e+00 
 4.10601286e-02  5.00090432e+00 
 4.11101286e-02  5.00090420e+00 
 4.11601286e-02  5.00090409e+00 
 4.12101286e-02  5.00090398e+00 
 4.12601286e-02  5.00090386e+00 
 4.13101286e-02  5.00090375e+00 
 4.13601286e-02  5.00090364e+00 
 4.14101286e-02  5.00090353e+00 
 4.14601286e-02  5.00090341e+00 
 4.15101286e-02  5.00090330e+00 
 4.15601286e-02  5.00090319e+00 
 4.16101286e-02  5.00090308e+00 
 4.16601286e-02  5.00090297e+00 
 4.17101286e-02  5.00090285e+00 
 4.17601286e-02  5.00090274e+00 
 4.18101286e-02  5.00090263e+00 
 4.18601286e-02  5.00090252e+00 
 4.19101286e-02  5.00090241e+00 
 4.19601286e-02  5.00090230e+00 
 4.20101286e-02  5.00090219e+00 
 4.20601286e-02  5.00090207e+00 
 4.21101286e-02  5.00090196e+00 
 4.21601286e-02  5.00090185e+00 
 4.22101286e-02  5.00090174e+00 
 4.22601286e-02  5.00090163e+00 
 4.23101286e-02  5.00090152e+00 
 4.23601286e-02  5.00090141e+00 
 4.24101286e-02  5.00090130e+00 
 4.24601286e-02  5.00090119e+00 
 4.25101286e-02  5.00090108e+00 
 4.25601286e-02  5.00090097e+00 
 4.26101286e-02  5.00090086e+00 
 4.26601286e-02  5.00090075e+00 
 4.27101286e-02  5.00090064e+00 
 4.27601286e-02  5.00090053e+00 
 4.28101286e-02  5.00090042e+00 
 4.28601286e-02  5.00090031e+00 
 4.29101286e-02  5.00090020e+00 
 4.29601286e-02  5.00090009e+00 
 4.30101286e-02  5.00089998e+00 
 4.30601286e-02  5.00089987e+00 
 4.31101286e-02  5.00089976e+00 
 4.31601286e-02  5.00089965e+00 
 4.32101286e-02  5.00089954e+00 
 4.32601286e-02  5.00089943e+00 
 4.33101286e-02  5.00089933e+00 
 4.33601286e-02  5.00089922e+00 
 4.34101286e-02  5.00089911e+00 
 4.34601286e-02  5.00089900e+00 
 4.35101286e-02  5.00089889e+00 
 4.35601286e-02  5.00089878e+00 
 4.36101286e-02  5.00089867e+00 
 4.36601286e-02  5.00089857e+00 
 4.37101286e-02  5.00089846e+00 
 4.37601286e-02  5.00089835e+00 
 4.38101286e-02  5.00089824e+00 
 4.38601286e-02  5.00089813e+00 
 4.39101286e-02  5.00089803e+00 
 4.39601286e-02  5.00089792e+00 
 4.40101286e-02  5.00089781e+00 
 4.40601286e-02  5.00089770e+00 
 4.41101286e-02  5.00089760e+00 
 4.41601286e-02  5.00089749e+00 
 4.42101286e-02  5.00089738e+00 
 4.42601286e-02  5.00089727e+00 
 4.43101286e-02  5.00089717e+00 
 4.43601286e-02  5.00089706e+00 
 4.44101286e-02  5.00089695e+00 
 4.44601286e-02  5.00089685e+00 
 4.45101286e-02  5.00089674e+00 
 4.45601286e-02  5.00089663e+00 
 4.46101286e-02  5.00089653e+00 
 4.46601286e-02  5.00089642e+00 
 4.47101286e-02  5.00089631e+00 
 4.47601286e-02  5.00089621e+00 
 4.48101286e-02  5.00089610e+00 
 4.48601286e-02  5.00089600e+00 
 4.49101286e-02  5.00089589e+00 
 4.49601286e-02  5.00089578e+00 
 4.50101286e-02  5.00089568e+00 
 4.50601286e-02  5.00089557e+00 
 4.51101286e-02  5.00089547e+00 
 4.51601286e-02  5.00089536e+00 
 4.52101286e-02  5.00089526e+00 
 4.52601286e-02  5.00089515e+00 
 4.53101286e-02  5.00089505e+00 
 4.53601286e-02  5.00089494e+00 
 4.54101286e-02  5.00089484e+00 
 4.54601286e-02  5.00089473e+00 
 4.55101286e-02  5.00089463e+00 
 4.55601286e-02  5.00089452e+00 
 4.56101286e-02  5.00089442e+00 
 4.56601286e-02  5.00089431e+00 
 4.57101286e-02  5.00089421e+00 
 4.57601286e-02  5.00089410e+00 
 4.58101286e-02  5.00089400e+00 
 4.58601286e-02  5.00089389e+00 
 4.59101286e-02  5.00089379e+00 
 4.59601286e-02  5.00089369e+00 
 4.60101286e-02  5.00089358e+00 
 4.60601286e-02  5.00089348e+00 
 4.61101286e-02  5.00089337e+00 
 4.61601286e-02  5.00089327e+00 
 4.62101286e-02  5.00089317e+00 
 4.62601286e-02  5.00089306e+00 
 4.63101286e-02  5.00089296e+00 
 4.63601286e-02  5.00089286e+00 
 4.64101286e-02  5.00089275e+00 
 4.64601286e-02  5.00089265e+00 
 4.65101286e-02  5.00089255e+00 
 4.65601286e-02  5.00089244e+00 
 4.66101286e-02  5.00089234e+00 
 4.66601286e-02  5.00089224e+00 
 4.67101286e-02  5.00089213e+00 
 4.67601286e-02  5.00089203e+00 
 4.68101286e-02  5.00089193e+00 
 4.68601286e-02  5.00089183e+00 
 4.69101286e-02  5.00089172e+00 
 4.69601286e-02  5.00089162e+00 
 4.70101286e-02  5.00089152e+00 
 4.70601286e-02  5.00089142e+00 
 4.71101286e-02  5.00089131e+00 
 4.71601286e-02  5.00089121e+00 
 4.72101286e-02  5.00089111e+00 
 4.72601286e-02  5.00089101e+00 
 4.73101286e-02  5.00089091e+00 
 4.73601286e-02  5.00089080e+00 
 4.74101286e-02  5.00089070e+00 
 4.74601286e-02  5.00089060e+00 
 4.75101286e-02  5.00089050e+00 
 4.75601286e-02  5.00089040e+00 
 4.76101286e-02  5.00089030e+00 
 4.76601286e-02  5.00089020e+00 
 4.77101286e-02  5.00089009e+00 
 4.77601286e-02  5.00088999e+00 
 4.78101286e-02  5.00088989e+00 
 4.78601286e-02  5.00088979e+00 
 4.79101286e-02  5.00088969e+00 
 4.79601286e-02  5.00088959e+00 
 4.80101286e-02  5.00088949e+00 
 4.80601286e-02  5.00088939e+00 
 4.81101286e-02  5.00088929e+00 
 4.81601286e-02  5.00088919e+00 
 4.82101286e-02  5.00088909e+00 
 4.82601286e-02  5.00088899e+00 
 4.83101286e-02  5.00088889e+00 
 4.83601286e-02  5.00088879e+00 
 4.84101286e-02  5.00088869e+00 
 4.84601286e-02  5.00088859e+00 
 4.85101286e-02  5.00088849e+00 
 4.85601286e-02  5.00088839e+00 
 4.86101286e-02  5.00088829e+00 
 4.86601286e-02  5.00088819e+00 
 4.87101286e-02  5.00088809e+00 
 4.87601286e-02  5.00088799e+00 
 4.88101286e-02  5.00088789e+00 
 4.88601286e-02  5.00088779e+00 
 4.89101286e-02  5.00088769e+00 
 4.89601286e-02  5.00088759e+00 
 4.90101286e-02  5.00088749e+00 
 4.90601286e-02  5.00088739e+00 
 4.91101286e-02  5.00088729e+00 
 4.91601286e-02  5.00088720e+00 
 4.92101286e-02  5.00088710e+00 
 4.92601286e-02  5.00088700e+00 
 4.93101286e-02  5.00088690e+00 
 4.93601286e-02  5.00088680e+00 
 4.94101286e-02  5.00088670e+00 
 4.94601286e-02  5.00088660e+00 
 4.95101286e-02  5.00088651e+00 
 4.95601286e-02  5.00088641e+00 
 4.96101286e-02  5.00088631e+00 
 4.96601286e-02  5.00088621e+00 
 4.97101286e-02  5.00088611e+00 
 4.97601286e-02  5.00088602e+00 
 4.98101286e-02  5.00088592e+00 
 4.98601286e-02  5.00088582e+00 
 4.99101286e-02  5.00088572e+00 
 4.99601286e-02  5.00088562e+00 
 5.00101286e-02  5.00088553e+00 
 5.00601286e-02  5.00088543e+00 
 5.01101286e-02  5.00088533e+00 
 5.01601286e-02  5.00088523e+00 
 5.02101286e-02  5.00088514e+00 
 5.02601286e-02  5.00088504e+00 
 5.03101286e-02  5.00088494e+00 
 5.03601286e-02  5.00088485e+00 
 5.04101286e-02  5.00088475e+00 
 5.04601286e-02  5.00088465e+00 
 5.05101286e-02  5.00088456e+00 
 5.05601286e-02  5.00088446e+00 
 5.06101286e-02  5.00088436e+00 
 5.06601286e-02  5.00088427e+00 
 5.07101286e-02  5.00088417e+00 
 5.07601286e-02  5.00088407e+00 
 5.08101286e-02  5.00088398e+00 
 5.08601286e-02  5.00088388e+00 
 5.09101286e-02  5.00088379e+00 
 5.09601286e-02  5.00088369e+00 
 5.10101286e-02  5.00088359e+00 
 5.10601286e-02  5.00088350e+00 
 5.11101286e-02  5.00088340e+00 
 5.11601286e-02  5.00088331e+00 
 5.12101286e-02  5.00088321e+00 
 5.12601286e-02  5.00088311e+00 
 5.13101286e-02  5.00088302e+00 
 5.13601286e-02  5.00088292e+00 
 5.14101286e-02  5.00088283e+00 
 5.14601286e-02  5.00088273e+00 
 5.15101286e-02  5.00088264e+00 
 5.15601286e-02  5.00088254e+00 
 5.16101286e-02  5.00088245e+00 
 5.16601286e-02  5.00088235e+00 
 5.17101286e-02  5.00088226e+00 
 5.17601286e-02  5.00088216e+00 
 5.18101286e-02  5.00088207e+00 
 5.18601286e-02  5.00088197e+00 
 5.19101286e-02  5.00088188e+00 
 5.19601286e-02  5.00088178e+00 
 5.20101286e-02  5.00088169e+00 
 5.20601286e-02  5.00088160e+00 
 5.21101286e-02  5.00088150e+00 
 5.21601286e-02  5.00088141e+00 
 5.22101286e-02  5.00088131e+00 
 5.22601286e-02  5.00088122e+00 
 5.23101286e-02  5.00088112e+00 
 5.23601286e-02  5.00088103e+00 
 5.24101286e-02  5.00088094e+00 
 5.24601286e-02  5.00088084e+00 
 5.25101286e-02  5.00088075e+00 
 5.25601286e-02  5.00088066e+00 
 5.26101286e-02  5.00088056e+00 
 5.26601286e-02  5.00088047e+00 
 5.27101286e-02  5.00088038e+00 
 5.27601286e-02  5.00088028e+00 
 5.28101286e-02  5.00088019e+00 
 5.28601286e-02  5.00088010e+00 
 5.29101286e-02  5.00088000e+00 
 5.29601286e-02  5.00087991e+00 
 5.30101286e-02  5.00087982e+00 
 5.30601286e-02  5.00087972e+00 
 5.31101286e-02  5.00087963e+00 
 5.31601286e-02  5.00087954e+00 
 5.32101286e-02  5.00087944e+00 
 5.32601286e-02  5.00087935e+00 
 5.33101286e-02  5.00087926e+00 
 5.33601286e-02  5.00087917e+00 
 5.34101286e-02  5.00087907e+00 
 5.34601286e-02  5.00087898e+00 
 5.35101286e-02  5.00087889e+00 
 5.35601286e-02  5.00087880e+00 
 5.36101286e-02  5.00087871e+00 
 5.36601286e-02  5.00087861e+00 
 5.37101286e-02  5.00087852e+00 
 5.37601286e-02  5.00087843e+00 
 5.38101286e-02  5.00087834e+00 
 5.38601286e-02  5.00087825e+00 
 5.39101286e-02  5.00087815e+00 
 5.39601286e-02  5.00087806e+00 
 5.40101286e-02  5.00087797e+00 
 5.40601286e-02  5.00087788e+00 
 5.41101286e-02  5.00087779e+00 
 5.41601286e-02  5.00087770e+00 
 5.42101286e-02  5.00087761e+00 
 5.42601286e-02  5.00087751e+00 
 5.43101286e-02  5.00087742e+00 
 5.43601286e-02  5.00087733e+00 
 5.44101286e-02  5.00087724e+00 
 5.44601286e-02  5.00087715e+00 
 5.45101286e-02  5.00087706e+00 
 5.45601286e-02  5.00087697e+00 
 5.46101286e-02  5.00087688e+00 
 5.46601286e-02  5.00087679e+00 
 5.47101286e-02  5.00087670e+00 
 5.47601286e-02  5.00087661e+00 
 5.48101286e-02  5.00087652e+00 
 5.48601286e-02  5.00087643e+00 
 5.49101286e-02  5.00087634e+00 
 5.49601286e-02  5.00087625e+00 
 5.50101286e-02  5.00087616e+00 
 5.50601286e-02  5.00087607e+00 
 5.51101286e-02  5.00087598e+00 
 5.51601286e-02  5.00087589e+00 
 5.52101286e-02  5.00087580e+00 
 5.52601286e-02  5.00087571e+00 
 5.53101286e-02  5.00087562e+00 
 5.53601286e-02  5.00087553e+00 
 5.54101286e-02  5.00087544e+00 
 5.54601286e-02  5.00087535e+00 
 5.55101286e-02  5.00087526e+00 
 5.55601286e-02  5.00087517e+00 
 5.56101286e-02  5.00087508e+00 
 5.56601286e-02  5.00087499e+00 
 5.57101286e-02  5.00087490e+00 
 5.57601286e-02  5.00087481e+00 
 5.58101286e-02  5.00087472e+00 
 5.58601286e-02  5.00087463e+00 
 5.59101286e-02  5.00087454e+00 
 5.59601286e-02  5.00087446e+00 
 5.60101286e-02  5.00087437e+00 
 5.60601286e-02  5.00087428e+00 
 5.61101286e-02  5.00087419e+00 
 5.61601286e-02  5.00087410e+00 
 5.62101286e-02  5.00087401e+00 
 5.62601286e-02  5.00087392e+00 
 5.63101286e-02  5.00087384e+00 
 5.63601286e-02  5.00087375e+00 
 5.64101286e-02  5.00087366e+00 
 5.64601286e-02  5.00087357e+00 
 5.65101286e-02  5.00087348e+00 
 5.65601286e-02  5.00087340e+00 
 5.66101286e-02  5.00087331e+00 
 5.66601286e-02  5.00087322e+00 
 5.67101286e-02  5.00087313e+00 
 5.67601286e-02  5.00087304e+00 
 5.68101286e-02  5.00087296e+00 
 5.68601286e-02  5.00087287e+00 
 5.69101286e-02  5.00087278e+00 
 5.69601286e-02  5.00087269e+00 
 5.70101286e-02  5.00087261e+00 
 5.70601286e-02  5.00087252e+00 
 5.71101286e-02  5.00087243e+00 
 5.71601286e-02  5.00087234e+00 
 5.72101286e-02  5.00087226e+00 
 5.72601286e-02  5.00087217e+00 
 5.73101286e-02  5.00087208e+00 
 5.73601286e-02  5.00087200e+00 
 5.74101286e-02  5.00087191e+00 
 5.74601286e-02  5.00087182e+00 
 5.75101286e-02  5.00087174e+00 
 5.75601286e-02  5.00087165e+00 
 5.76101286e-02  5.00087156e+00 
 5.76601286e-02  5.00087148e+00 
 5.77101286e-02  5.00087139e+00 
 5.77601286e-02  5.00087130e+00 
 5.78101286e-02  5.00087122e+00 
 5.78601286e-02  5.00087113e+00 
 5.79101286e-02  5.00087104e+00 
 5.79601286e-02  5.00087096e+00 
 5.80101286e-02  5.00087087e+00 
 5.80601286e-02  5.00087079e+00 
 5.81101286e-02  5.00087070e+00 
 5.81601286e-02  5.00087061e+00 
 5.82101286e-02  5.00087053e+00 
 5.82601286e-02  5.00087044e+00 
 5.83101286e-02  5.00087036e+00 
 5.83601286e-02  5.00087027e+00 
 5.84101286e-02  5.00087019e+00 
 5.84601286e-02  5.00087010e+00 
 5.85101286e-02  5.00087002e+00 
 5.85601286e-02  5.00086993e+00 
 5.86101286e-02  5.00086984e+00 
 5.86601286e-02  5.00086976e+00 
 5.87101286e-02  5.00086967e+00 
 5.87601286e-02  5.00086959e+00 
 5.88101286e-02  5.00086950e+00 
 5.88601286e-02  5.00086942e+00 
 5.89101286e-02  5.00086933e+00 
 5.89601286e-02  5.00086925e+00 
 5.90101286e-02  5.00086916e+00 
 5.90601286e-02  5.00086908e+00 
 5.91101286e-02  5.00086900e+00 
 5.91601286e-02  5.00086891e+00 
 5.92101286e-02  5.00086883e+00 
 5.92601286e-02  5.00086874e+00 
 5.93101286e-02  5.00086866e+00 
 5.93601286e-02  5.00086857e+00 
 5.94101286e-02  5.00086849e+00 
 5.94601286e-02  5.00086840e+00 
 5.95101286e-02  5.00086832e+00 
 5.95601286e-02  5.00086824e+00 
 5.96101286e-02  5.00086815e+00 
 5.96601286e-02  5.00086807e+00 
 5.97101286e-02  5.00086798e+00 
 5.97601286e-02  5.00086790e+00 
 5.98101286e-02  5.00086782e+00 
 5.98601286e-02  5.00086773e+00 
 5.99101286e-02  5.00086765e+00 
 5.99601286e-02  5.00086757e+00 
 6.00101286e-02  5.00086748e+00 
 6.00601286e-02  5.00086740e+00 
 6.01101286e-02  5.00086732e+00 
 6.01601286e-02  5.00086723e+00 
 6.02101286e-02  5.00086715e+00 
 6.02601286e-02  5.00086707e+00 
 6.03101286e-02  5.00086698e+00 
 6.03601286e-02  5.00086690e+00 
 6.04101286e-02  5.00086682e+00 
 6.04601286e-02  5.00086673e+00 
 6.05101286e-02  5.00086665e+00 
 6.05601286e-02  5.00086657e+00 
 6.06101286e-02  5.00086649e+00 
 6.06601286e-02  5.00086640e+00 
 6.07101286e-02  5.00086632e+00 
 6.07601286e-02  5.00086624e+00 
 6.08101286e-02  5.00086615e+00 
 6.08601286e-02  5.00086607e+00 
 6.09101286e-02  5.00086599e+00 
 6.09601286e-02  5.00086591e+00 
 6.10101286e-02  5.00086583e+00 
 6.10601286e-02  5.00086574e+00 
 6.11101286e-02  5.00086566e+00 
 6.11601286e-02  5.00086558e+00 
 6.12101286e-02  5.00086550e+00 
 6.12601286e-02  5.00086541e+00 
 6.13101286e-02  5.00086533e+00 
 6.13601286e-02  5.00086525e+00 
 6.14101286e-02  5.00086517e+00 
 6.14601286e-02  5.00086509e+00 
 6.15101286e-02  5.00086501e+00 
 6.15601286e-02  5.00086492e+00 
 6.16101286e-02  5.00086484e+00 
 6.16601286e-02  5.00086476e+00 
 6.17101286e-02  5.00086468e+00 
 6.17601286e-02  5.00086460e+00 
 6.18101286e-02  5.00086452e+00 
 6.18601286e-02  5.00086444e+00 
 6.19101286e-02  5.00086436e+00 
 6.19601286e-02  5.00086427e+00 
 6.20101286e-02  5.00086419e+00 
 6.20601286e-02  5.00086411e+00 
 6.21101286e-02  5.00086403e+00 
 6.21601286e-02  5.00086395e+00 
 6.22101286e-02  5.00086387e+00 
 6.22601286e-02  5.00086379e+00 
 6.23101286e-02  5.00086371e+00 
 6.23601286e-02  5.00086363e+00 
 6.24101286e-02  5.00086355e+00 
 6.24601286e-02  5.00086347e+00 
 6.25101286e-02  5.00086339e+00 
 6.25601286e-02  5.00086331e+00 
 6.26101286e-02  5.00086323e+00 
 6.26601286e-02  5.00086315e+00 
 6.27101286e-02  5.00086307e+00 
 6.27601286e-02  5.00086299e+00 
 6.28101286e-02  5.00086291e+00 
 6.28601286e-02  5.00086283e+00 
 6.29101286e-02  5.00086275e+00 
 6.29601286e-02  5.00086267e+00 
 6.30101286e-02  5.00086259e+00 
 6.30601286e-02  5.00086251e+00 
 6.31101286e-02  5.00086243e+00 
 6.31601286e-02  5.00086233e+00 
 6.32101286e-02  5.00086216e+00 
 6.32601286e-02  5.00086142e+00 
 6.33101286e-02  5.00085536e+00 
 6.33601286e-02  5.00079523e+00 
 6.34101286e-02  5.00041691e+00 
 6.34601286e-02  4.99939562e+00 
 6.35101286e-02  4.99763312e+00 
 6.35601286e-02  4.99514581e+00 
 6.36101286e-02  4.99202990e+00 
 6.36601286e-02  4.98840314e+00 
 6.37101286e-02  4.98438158e+00 
 6.37601286e-02  4.98006766e+00 
 6.38101286e-02  4.97554148e+00 
 6.38601286e-02  4.97085306e+00 
 6.39101286e-02  4.96600014e+00 
 6.39426990e-02  4.96267420e+00 
 6.39755418e-02  4.95910490e+00 
 6.39882425e-02  4.95766393e+00 
 6.40032135e-02  4.95592207e+00 
 6.40181939e-02  4.95413556e+00 
 6.40424031e-02  4.95116673e+00 
 6.40809134e-02  4.94626823e+00 
 6.41309134e-02  4.93964934e+00 
 6.41809134e-02  4.93280117e+00 
 6.42309134e-02  4.92577765e+00 
 6.42809134e-02  4.91862034e+00 
 6.43309134e-02  4.91135987e+00 
 6.43809134e-02  4.90401831e+00 
 6.44309134e-02  4.89661145e+00 
 6.44809134e-02  4.88915050e+00 
 6.45309134e-02  4.88164343e+00 
 6.45809134e-02  4.87409589e+00 
 6.46309134e-02  4.86651193e+00 
 6.46809134e-02  4.85889440e+00 
 6.47309134e-02  4.85124539e+00 
 6.47809134e-02  4.84356638e+00 
 6.48309134e-02  4.83585844e+00 
 6.48809134e-02  4.82812235e+00 
 6.49309134e-02  4.82035868e+00 
 6.49809134e-02  4.81256784e+00 
 6.50309134e-02  4.80475016e+00 
 6.50809134e-02  4.79690586e+00 
 6.51309134e-02  4.78903510e+00 
 6.51809134e-02  4.78113803e+00 
 6.52309134e-02  4.77321474e+00 
 6.52809134e-02  4.76526531e+00 
 6.53309134e-02  4.75728979e+00 
 6.53809134e-02  4.74928823e+00 
 6.54309134e-02  4.74126066e+00 
 6.54809134e-02  4.73320710e+00 
 6.55309134e-02  4.72512757e+00 
 6.55809134e-02  4.71702209e+00 
 6.56309134e-02  4.70889066e+00 
 6.56809134e-02  4.70073329e+00 
 6.57309134e-02  4.69254999e+00 
 6.57809134e-02  4.68434074e+00 
 6.58309134e-02  4.67610555e+00 
 6.58809134e-02  4.66784442e+00 
 6.59309134e-02  4.65955733e+00 
 6.59809134e-02  4.65124428e+00 
 6.60309134e-02  4.64290526e+00 
 6.60809134e-02  4.63454026e+00 
 6.61309134e-02  4.62614926e+00 
 6.61809134e-02  4.61773226e+00 
 6.62309134e-02  4.60928924e+00 
 6.62809134e-02  4.60082018e+00 
 6.63309134e-02  4.59232507e+00 
 6.63809134e-02  4.58380390e+00 
 6.64309134e-02  4.57525664e+00 
 6.64809134e-02  4.56668328e+00 
 6.65309134e-02  4.55808379e+00 
 6.65809134e-02  4.54945817e+00 
 6.66309134e-02  4.54080638e+00 
 6.66809134e-02  4.53212841e+00 
 6.67309134e-02  4.52342423e+00 
 6.67809134e-02  4.51469384e+00 
 6.68309134e-02  4.50593719e+00 
 6.68809134e-02  4.49715428e+00 
 6.69309134e-02  4.48834509e+00 
 6.69809134e-02  4.47950958e+00 
 6.70309134e-02  4.47064775e+00 
 6.70809134e-02  4.46175956e+00 
 6.71309134e-02  4.45284502e+00 
 6.71809134e-02  4.44390409e+00 
 6.72309134e-02  4.43493676e+00 
 6.72809134e-02  4.42594303e+00 
 6.73309134e-02  4.41692287e+00 
 6.73809134e-02  4.40787629e+00 
 6.74309134e-02  4.39880326e+00 
 6.74809134e-02  4.38970380e+00 
 6.75309134e-02  4.38057790e+00 
 6.75809134e-02  4.37142556e+00 
 6.76309134e-02  4.36224679e+00 
 6.76809134e-02  4.35304158e+00 
 6.77309134e-02  4.34380996e+00 
 6.77809134e-02  4.33455193e+00 
 6.78309134e-02  4.32526751e+00 
 6.78809134e-02  4.31595670e+00 
 6.79309134e-02  4.30661952e+00 
 6.79809134e-02  4.29725599e+00 
 6.80309134e-02  4.28786611e+00 
 6.80809134e-02  4.27844991e+00 
 6.81309134e-02  4.26900738e+00 
 6.81809134e-02  4.25953854e+00 
 6.82309134e-02  4.25004338e+00 
 6.82809134e-02  4.24051746e+00 
 6.83309134e-02  4.23096468e+00 
 6.83809134e-02  4.22138625e+00 
 6.84309134e-02  4.21178245e+00 
 6.84809134e-02  4.20215324e+00 
 6.85309134e-02  4.19249851e+00 
 6.85809134e-02  4.18281814e+00 
 6.86309134e-02  4.17311204e+00 
 6.86809134e-02  4.16338016e+00 
 6.87309134e-02  4.15362244e+00 
 6.87809134e-02  4.14383887e+00 
 6.88309134e-02  4.13402945e+00 
 6.88809134e-02  4.12419417e+00 
 6.89309134e-02  4.11433306e+00 
 6.89809134e-02  4.10444613e+00 
 6.90309134e-02  4.09453342e+00 
 6.90809134e-02  4.08459497e+00 
 6.91309134e-02  4.07463081e+00 
 6.91809134e-02  4.06464098e+00 
 6.92309134e-02  4.05462551e+00 
 6.92809134e-02  4.04458446e+00 
 6.93309134e-02  4.03451785e+00 
 6.93809134e-02  4.02442574e+00 
 6.94309134e-02  4.01430814e+00 
 6.94809134e-02  4.00416511e+00 
 6.95309134e-02  3.99399667e+00 
 6.95809134e-02  3.98380286e+00 
 6.96309134e-02  3.97358370e+00 
 6.96809134e-02  3.96333923e+00 
 6.97309134e-02  3.95306946e+00 
 6.97809134e-02  3.94277444e+00 
 6.98309134e-02  3.93245417e+00 
 6.98809134e-02  3.92210869e+00 
 6.99309134e-02  3.91173801e+00 
 6.99809134e-02  3.90134216e+00 
 7.00309134e-02  3.89092115e+00 
 7.00809134e-02  3.88047501e+00 
 7.01309134e-02  3.87000376e+00 
 7.01809134e-02  3.85950740e+00 
 7.02309134e-02  3.84898597e+00 
 7.02809134e-02  3.83843947e+00 
 7.03309134e-02  3.82786792e+00 
 7.03809134e-02  3.81727134e+00 
 7.04309134e-02  3.80664975e+00 
 7.04809134e-02  3.79600315e+00 
 7.05309134e-02  3.78533157e+00 
 7.05809134e-02  3.77463501e+00 
 7.06309134e-02  3.76391350e+00 
 7.06809134e-02  3.75316704e+00 
 7.07309134e-02  3.74239565e+00 
 7.07809134e-02  3.73159934e+00 
 7.08309134e-02  3.72077813e+00 
 7.08809134e-02  3.70993202e+00 
 7.09309134e-02  3.69906103e+00 
 7.09809134e-02  3.68816517e+00 
 7.10309134e-02  3.67724445e+00 
 7.10809134e-02  3.66629889e+00 
 7.11309134e-02  3.65532850e+00 
 7.11809134e-02  3.64433330e+00 
 7.12309134e-02  3.63331330e+00 
 7.12809134e-02  3.62226853e+00 
 7.13309134e-02  3.61119900e+00 
 7.13809134e-02  3.60010476e+00 
 7.14309134e-02  3.58898582e+00 
 7.14809134e-02  3.57784223e+00 
 7.15309134e-02  3.56667403e+00 
 7.15809134e-02  3.55548127e+00 
 7.16309134e-02  3.54426402e+00 
 7.16809134e-02  3.53302234e+00 
 7.17309134e-02  3.52175630e+00 
 7.17809134e-02  3.51046599e+00 
 7.18309134e-02  3.49915148e+00 
 7.18809134e-02  3.48781289e+00 
 7.19309134e-02  3.47645030e+00 
 7.19809134e-02  3.46506383e+00 
 7.20309134e-02  3.45365357e+00 
 7.20809134e-02  3.44221964e+00 
 7.21309134e-02  3.43076215e+00 
 7.21809134e-02  3.41928122e+00 
 7.22309134e-02  3.40777694e+00 
 7.22809134e-02  3.39624943e+00 
 7.23309134e-02  3.38469880e+00 
 7.23809134e-02  3.37312515e+00 
 7.24309134e-02  3.36152860e+00 
 7.24809134e-02  3.34990923e+00 
 7.25309134e-02  3.33826715e+00 
 7.25809134e-02  3.32660248e+00 
 7.26309134e-02  3.31491529e+00 
 7.26809134e-02  3.30320570e+00 
 7.27309134e-02  3.29147380e+00 
 7.27809134e-02  3.27971970e+00 
 7.28309134e-02  3.26794350e+00 
 7.28809134e-02  3.25614530e+00 
 7.29309134e-02  3.24432520e+00 
 7.29809134e-02  3.23248331e+00 
 7.30309134e-02  3.22061974e+00 
 7.30809134e-02  3.20873461e+00 
 7.31309134e-02  3.19682802e+00 
 7.31809134e-02  3.18490009e+00 
 7.32309134e-02  3.17295094e+00 
 7.32809134e-02  3.16098071e+00 
 7.33309134e-02  3.14898951e+00 
 7.33809134e-02  3.13697748e+00 
 7.34309134e-02  3.12494476e+00 
 7.34809134e-02  3.11289150e+00 
 7.35309134e-02  3.10081784e+00 
 7.35809134e-02  3.08872393e+00 
 7.36309134e-02  3.07660993e+00 
 7.36809134e-02  3.06447601e+00 
 7.37309134e-02  3.05232234e+00 
 7.37809134e-02  3.04014910e+00 
 7.38309134e-02  3.02795648e+00 
 7.38809134e-02  3.01574466e+00 
 7.39309134e-02  3.00351384e+00 
 7.39809134e-02  2.99126424e+00 
 7.40309134e-02  2.97899606e+00 
 7.40809134e-02  2.96670954e+00 
 7.41309134e-02  2.95440489e+00 
 7.41809134e-02  2.94208238e+00 
 7.42309134e-02  2.92974224e+00 
 7.42809134e-02  2.91738473e+00 
 7.43309134e-02  2.90501014e+00 
 7.43809134e-02  2.89261873e+00 
 7.44309134e-02  2.88021081e+00 
 7.44809134e-02  2.86778667e+00 
 7.45309134e-02  2.85534663e+00 
 7.45809134e-02  2.84289102e+00 
 7.46309134e-02  2.83042017e+00 
 7.46809134e-02  2.81793445e+00 
 7.47309134e-02  2.80543421e+00 
 7.47809134e-02  2.79291984e+00 
 7.48309134e-02  2.78039174e+00 
 7.48809134e-02  2.76785030e+00 
 7.49309134e-02  2.75529596e+00 
 7.49809134e-02  2.74272915e+00 
 7.50309134e-02  2.73015033e+00 
 7.50809134e-02  2.71755998e+00 
 7.51309134e-02  2.70495857e+00 
 7.51809134e-02  2.69234663e+00 
 7.52309134e-02  2.67972467e+00 
 7.52809134e-02  2.66709324e+00 
 7.53309134e-02  2.65445289e+00 
 7.53809134e-02  2.64180421e+00 
 7.54309134e-02  2.62914780e+00 
 7.54809134e-02  2.61648428e+00 
 7.55309134e-02  2.60381429e+00 
 7.55809134e-02  2.59113849e+00 
 7.56309134e-02  2.57845756e+00 
 7.56809134e-02  2.56577221e+00 
 7.57309134e-02  2.55308316e+00 
 7.57809134e-02  2.54039116e+00 
 7.58309134e-02  2.52769699e+00 
 7.58809134e-02  2.51500142e+00 
 7.59309134e-02  2.50230529e+00 
 7.59809134e-02  2.48960943e+00 
 7.60309134e-02  2.47691469e+00 
 7.60809134e-02  2.46422197e+00 
 7.61309134e-02  2.45153217e+00 
 7.61809134e-02  2.43884623e+00 
 7.62309134e-02  2.42616509e+00 
 7.62809134e-02  2.41348975e+00 
 7.63309134e-02  2.40082119e+00 
 7.63809134e-02  2.38816044e+00 
 7.64309134e-02  2.37550855e+00 
 7.64809134e-02  2.36286659e+00 
 7.65309134e-02  2.35023565e+00 
 7.65809134e-02  2.33761684e+00 
 7.66309134e-02  2.32501130e+00 
 7.66809134e-02  2.31242018e+00 
 7.67309134e-02  2.29984464e+00 
 7.67809134e-02  2.28728590e+00 
 7.68309134e-02  2.27474515e+00 
 7.68809134e-02  2.26222362e+00 
 7.69309134e-02  2.24972257e+00 
 7.69809134e-02  2.23724324e+00 
 7.70309134e-02  2.22478692e+00 
 7.70809134e-02  2.21235490e+00 
 7.71309134e-02  2.19994847e+00 
 7.71809134e-02  2.18756894e+00 
 7.72309134e-02  2.17521764e+00 
 7.72809134e-02  2.16289590e+00 
 7.73309134e-02  2.15060504e+00 
 7.73809134e-02  2.13834641e+00 
 7.74309134e-02  2.12612135e+00 
 7.74809134e-02  2.11393120e+00 
 7.75309134e-02  2.10177731e+00 
 7.75809134e-02  2.08966102e+00 
 7.76309134e-02  2.07758366e+00 
 7.76809134e-02  2.06554657e+00 
 7.77309134e-02  2.05355108e+00 
 7.77809134e-02  2.04159849e+00 
 7.78309134e-02  2.02969012e+00 
 7.78809134e-02  2.01782724e+00 
 7.79309134e-02  2.00601115e+00 
 7.79809134e-02  1.99424308e+00 
 7.80309134e-02  1.98252429e+00 
 7.80809134e-02  1.97085599e+00 
 7.81309134e-02  1.95923937e+00 
 7.81809134e-02  1.94767561e+00 
 7.82309134e-02  1.93616585e+00 
 7.82809134e-02  1.92471121e+00 
 7.83309134e-02  1.91331277e+00 
 7.83809134e-02  1.90197159e+00 
 7.84309134e-02  1.89068868e+00 
 7.84809134e-02  1.87946505e+00 
 7.85309134e-02  1.86830163e+00 
 7.85809134e-02  1.85719936e+00 
 7.86309134e-02  1.84615910e+00 
 7.86809134e-02  1.83518170e+00 
 7.87309134e-02  1.82426796e+00 
 7.87809134e-02  1.81341863e+00 
 7.88309134e-02  1.80263444e+00 
 7.88809134e-02  1.79191606e+00 
 7.89309134e-02  1.78126413e+00 
 7.89809134e-02  1.77067924e+00 
 7.90309134e-02  1.76016193e+00 
 7.90809134e-02  1.74971272e+00 
 7.91309134e-02  1.73933207e+00 
 7.91809134e-02  1.72902040e+00 
 7.92309134e-02  1.71877808e+00 
 7.92809134e-02  1.70860545e+00 
 7.93309134e-02  1.69850281e+00 
 7.93809134e-02  1.68847040e+00 
 7.94309134e-02  1.67850844e+00 
 7.94809134e-02  1.66861710e+00 
 7.95309134e-02  1.65879651e+00 
 7.95809134e-02  1.64904676e+00 
 7.96309134e-02  1.63936791e+00 
 7.96809134e-02  1.62975998e+00 
 7.97309134e-02  1.62022294e+00 
 7.97809134e-02  1.61075675e+00 
 7.98309134e-02  1.60136131e+00 
 7.98809134e-02  1.59203651e+00 
 7.99309134e-02  1.58278220e+00 
 7.99809134e-02  1.57359820e+00 
 8.00000000e-02  1.57011090e+00 
