 5.00000000e-09  1.44778362e-06 
 5.14019886e-09  1.48839258e-06 
 5.42059659e-09  1.56964277e-06 
 5.98139205e-09  1.73229806e-06 
 6.77335439e-09  1.96236430e-06 
 8.02712986e-09  2.32746163e-06 
 1.05346808e-08  3.06086907e-06 
 1.55497827e-08  4.54048996e-06 
 2.55799864e-08  7.55056247e-06 
 4.56127031e-08  1.37621331e-05 
 5.94323017e-08  1.82002533e-05 
 7.41960843e-08  2.30771844e-05 
 8.34842797e-08  2.62162447e-05 
 9.41013552e-08  2.98704670e-05 
 1.06648297e-07  3.42784744e-05 
 1.20280253e-07  3.91760438e-05 
 1.39375642e-07  4.62226708e-05 
 1.59800289e-07  5.39954844e-05 
 1.89927995e-07  6.58927823e-05 
 2.32823585e-07  8.36865505e-05 
 2.92530324e-07  1.10037452e-04 
 3.54641918e-07  1.39290025e-04 
 4.62170983e-07  1.93950632e-04 
 5.00000000e-07  2.14335807e-04 
 5.10241323e-07  2.19975539e-04 
 5.30723968e-07  2.31348579e-04 
 5.62180792e-07  2.49096948e-04 
 6.25094441e-07  2.85608569e-04 
 6.60417770e-07  3.06682786e-04 
 6.90759021e-07  3.25100496e-04 
 7.22045461e-07  3.44384866e-04 
 7.36539402e-07  3.53417125e-04 
 7.44280915e-07  3.58266470e-04 
 7.49877242e-07  3.61782733e-04 
 7.54408762e-07  3.64636453e-04 
 7.59517964e-07  3.67860877e-04 
 7.68231654e-07  3.73376831e-04 
 7.85659035e-07  3.84471078e-04 
 8.15696218e-07  4.03782911e-04 
 8.55008591e-07  4.29408920e-04 
 9.17019827e-07  4.70594819e-04 
 9.76345763e-07  5.10820242e-04 
 1.00000000e-06  5.27075005e-04 
 1.00557721e-06  5.30928425e-04 
 1.01673162e-06  5.38650498e-04 
 1.03904045e-06  5.54166296e-04 
 1.06171111e-06  5.70032190e-04 
 1.08701997e-06  5.87859435e-04 
 1.12390253e-06  6.14048718e-04 
 1.18346488e-06  6.56838693e-04 
 1.28488214e-06  7.30983958e-04 
 1.39447671e-06  8.12738108e-04 
 1.50368544e-06  8.95681986e-04 
 1.69779992e-06  1.04605768e-03 
 2.08602886e-06  1.35469062e-03 
 2.77464039e-06  1.91516643e-03 
 3.50564987e-06  2.51520798e-03 
 4.37182040e-06  3.22026039e-03 
 5.00000000e-06  3.72377011e-03 
 5.12091824e-06  3.81966809e-03 
 5.36275473e-06  4.01064949e-03 
 5.84642771e-06  4.38868516e-03 
 6.81377366e-06  5.12919062e-03 
 8.74846555e-06  6.55264209e-03 
 1.26178494e-05  9.20363771e-03 
 1.76178494e-05  1.23214639e-02 
 2.26178494e-05  1.51779938e-02 
 2.76178494e-05  1.78496406e-02 
 3.26178494e-05  2.03947515e-02 
 3.76178494e-05  2.28539457e-02 
 4.26178494e-05  2.52538462e-02 
 4.76178494e-05  2.76110330e-02 
 5.26178494e-05  2.99352835e-02 
 5.76178494e-05  3.22319236e-02 
 6.26178494e-05  3.45034219e-02 
 6.76178494e-05  3.67504245e-02 
 7.26178494e-05  3.89724044e-02 
 7.76178494e-05  4.11680567e-02 
 8.26178494e-05  4.33355321e-02 
 8.76178494e-05  4.54725694e-02 
 9.26178494e-05  4.75765659e-02 
 9.76178494e-05  4.96446103e-02 
 1.02617849e-04  5.16734922e-02 
 1.07617849e-04  5.36596983e-02 
 1.12617849e-04  5.55993990e-02 
 1.17617849e-04  5.74884303e-02 
 1.22617849e-04  5.93222717e-02 
 1.27617849e-04  6.10960205e-02 
 1.32617849e-04  6.28043657e-02 
 1.37617849e-04  6.44415592e-02 
 1.42617849e-04  6.60013860e-02 
 1.47617849e-04  6.74771342e-02 
 1.52617849e-04  6.88615644e-02 
 1.57617849e-04  7.01468799e-02 
 1.62617849e-04  7.13246981e-02 
 1.67617849e-04  7.23860252e-02 
 1.72617849e-04  7.33212343e-02 
 1.77617849e-04  7.41200514e-02 
 1.82617849e-04  7.47715503e-02 
 1.87617849e-04  7.52641616e-02 
 1.92617849e-04  7.55857013e-02 
 1.97617849e-04  7.57234251e-02 
 2.02617849e-04  7.56641201e-02 
 2.07617849e-04  7.53942445e-02 
 2.12617849e-04  7.49001341e-02 
 2.17617849e-04  7.41682969e-02 
 2.22617849e-04  7.31858236e-02 
 2.27617849e-04  7.19409520e-02 
 2.32617849e-04  7.04238249e-02 
 2.37617849e-04  6.86274921e-02 
 2.42617849e-04  6.65491992e-02 
 2.47617849e-04  6.41919897e-02 
 2.52617849e-04  6.15665933e-02 
 2.57617849e-04  5.86934722e-02 
 2.62617849e-04  5.56047171e-02 
 2.67617849e-04  5.23452475e-02 
 2.72617849e-04  4.89725309e-02 
 2.77617849e-04  4.55539913e-02 
 2.82617849e-04  4.21616782e-02 
 2.87617849e-04  3.88647427e-02 
 2.92617849e-04  3.57214940e-02 
 2.97617849e-04  3.27734762e-02 
 3.02617849e-04  3.00434000e-02 
 3.07617849e-04  2.75371085e-02 
 3.12617849e-04  2.52481293e-02 
 3.17617849e-04  2.31627772e-02 
 3.22617849e-04  2.12642894e-02 
 3.27617849e-04  1.95354530e-02 
 3.32617849e-04  1.79599279e-02 
 3.37617849e-04  1.65227456e-02 
 3.42617849e-04  1.52104012e-02 
 3.47617849e-04  1.40107864e-02 
 3.52617849e-04  1.29130728e-02 
 3.57617849e-04  1.19075864e-02 
 3.62617849e-04  1.09856846e-02 
 3.67617849e-04  1.01396412e-02 
 3.72617849e-04  9.36254187e-03 
 3.77617849e-04  8.64819006e-03 
 3.82617849e-04  7.99102359e-03 
 3.87617849e-04  7.38604146e-03 
 3.92617849e-04  6.82873937e-03 
 3.97617849e-04  6.31505330e-03 
 4.02617849e-04  5.84131013e-03 
 4.07617849e-04  5.40418435e-03 
 4.12617849e-04  5.00066020e-03 
 4.17617849e-04  4.62799843e-03 
 4.22617849e-04  4.28370713e-03 
 4.27617849e-04  3.96551608e-03 
 4.32617849e-04  3.67135419e-03 
 4.37617849e-04  3.39932954e-03 
 4.42617849e-04  3.14771174e-03 
 4.47617849e-04  2.91491632e-03 
 4.52617849e-04  2.69949089e-03 
 4.57617849e-04  2.50010272e-03 
 4.62617849e-04  2.31552780e-03 
 4.67617849e-04  2.14464093e-03 
 4.72617849e-04  1.98640696e-03 
 4.77617849e-04  1.83987283e-03 
 4.82617849e-04  1.70416048e-03 
 4.87617849e-04  1.57846042e-03 
 4.92617849e-04  1.46202593e-03 
 4.97617849e-04  1.35416784e-03 
 5.02617849e-04  1.25424976e-03 
 5.07617849e-04  1.16168377e-03 
 5.12617849e-04  1.07592655e-03 
 5.17617849e-04  9.96475741e-04 
 5.22617849e-04  9.22866739e-04 
 5.27617849e-04  8.54669716e-04 
 5.32617849e-04  7.91486902e-04 
 5.37617849e-04  7.32950104e-04 
 5.42617849e-04  6.78718428e-04 
 5.47617849e-04  6.28476193e-04 
 5.52617849e-04  5.81931011e-04 
 5.57617849e-04  5.38812027e-04 
 5.62617849e-04  4.98868299e-04 
 5.67617849e-04  4.61867305e-04 
 5.72617849e-04  4.27593567e-04 
 5.77617849e-04  3.95847388e-04 
 5.82617849e-04  3.66443676e-04 
 5.87617849e-04  3.39210874e-04 
 5.92617849e-04  3.13989954e-04 
 5.97617849e-04  2.90633503e-04 
 6.02617849e-04  2.69004868e-04 
 6.07617849e-04  2.48977369e-04 
 6.12617849e-04  2.30433571e-04 
 6.17617849e-04  2.13264609e-04 
 6.22617849e-04  1.97369563e-04 
 6.27617849e-04  1.82654882e-04 
 6.32617849e-04  1.69033843e-04 
 6.37617849e-04  1.56426060e-04 
 6.42617849e-04  1.44757022e-04 
 6.47617849e-04  1.33957664e-04 
 6.52617849e-04  1.23963973e-04 
 6.57617849e-04  1.14716621e-04 
 6.62617849e-04  1.06160626e-04 
 6.67617849e-04  9.82450303e-05 
 6.72617849e-04  9.09226154e-05 
 6.77617849e-04  8.41496241e-05 
 6.82617849e-04  7.78855099e-05 
 6.87617849e-04  7.20927024e-05 
 6.92617849e-04  6.67363896e-05 
 6.97617849e-04  6.17843157e-05 
 7.02617849e-04  5.72065935e-05 
 7.07617849e-04  5.29755296e-05 
 7.12617849e-04  4.90654634e-05 
 7.17617849e-04  4.54526160e-05 
 7.22617849e-04  4.21149510e-05 
 7.27617849e-04  3.90320452e-05 
 7.32617849e-04  3.61849683e-05 
 7.37617849e-04  3.35561717e-05 
 7.42617849e-04  3.11293853e-05 
 7.47617849e-04  2.88895218e-05 
 7.52617849e-04  2.68225891e-05 
 7.57617849e-04  2.49156078e-05 
 7.62617849e-04  2.31565368e-05 
 7.67617849e-04  2.15342035e-05 
 7.72617849e-04  2.00382399e-05 
 7.77617849e-04  1.86590242e-05 
 7.82617849e-04  1.73876269e-05 
 7.87617849e-04  1.62157608e-05 
 7.92617849e-04  1.51357360e-05 
 7.97617849e-04  1.41404182e-05 
 8.02617849e-04  1.32231899e-05 
 8.07617849e-04  1.23779155e-05 
 8.12617849e-04  1.15989088e-05 
 8.17617849e-04  1.08809025e-05 
 8.22617849e-04  1.02190207e-05 
 8.27617849e-04  9.60875291e-06 
 8.32617849e-04  9.04592972e-06 
 8.37617849e-04  8.52670026e-06 
 8.42617849e-04  8.04751090e-06 
 8.47617849e-04  7.60508527e-06 
 8.52617849e-04  7.19640532e-06 
 8.57617849e-04  6.81869353e-06 
 8.62617849e-04  6.46939599e-06 
 8.67617849e-04  6.14616650e-06 
 8.72617849e-04  5.84685142e-06 
 8.77617849e-04  5.56947546e-06 
 8.82617849e-04  5.31222819e-06 
 8.87617849e-04  5.07345145e-06 
 8.92617849e-04  4.85162737e-06 
 8.97617849e-04  4.64536727e-06 
 9.02617849e-04  4.45340119e-06 
 9.07617849e-04  4.27456816e-06 
 9.12617849e-04  4.10780716e-06 
 9.17617849e-04  3.95214865e-06 
 9.22617849e-04  3.80670682e-06 
 9.27617849e-04  3.67067238e-06 
 9.32617849e-04  3.54330588e-06 
 9.37617849e-04  3.42393163e-06 
 9.42617849e-04  3.31193208e-06 
 9.47617849e-04  3.20674264e-06 
 9.52617849e-04  3.10784703e-06 
 9.57617849e-04  3.01477289e-06 
 9.62617849e-04  2.92708791e-06 
 9.67617849e-04  2.84439622e-06 
 9.72617849e-04  2.76633511e-06 
 9.77617849e-04  2.69257211e-06 
 9.82617849e-04  2.62280219e-06 
 9.87617849e-04  2.55674543e-06 
 9.92617849e-04  2.49414466e-06 
 9.97617849e-04  2.43476352e-06 
 1.00261785e-03  2.37838460e-06 
 1.00761785e-03  2.32480775e-06 
 1.01261785e-03  2.27384857e-06 
 1.01761785e-03  2.22533707e-06 
 1.02261785e-03  2.17911637e-06 
 1.02761785e-03  2.13504161e-06 
 1.03261785e-03  2.09297887e-06 
 1.03761785e-03  2.05280431e-06 
 1.04261785e-03  2.01440326e-06 
 1.04761785e-03  1.97766946e-06 
 1.05261785e-03  1.94250440e-06 
 1.05761785e-03  1.90881661e-06 
 1.06261785e-03  1.87652115e-06 
 1.06761785e-03  1.84553905e-06 
 1.07261785e-03  1.81579681e-06 
 1.07761785e-03  1.78722601e-06 
 1.08261785e-03  1.75976288e-06 
 1.08761785e-03  1.73334791e-06 
 1.09261785e-03  1.70792557e-06 
 1.09761785e-03  1.68344398e-06 
 1.10261785e-03  1.65985463e-06 
 1.10761785e-03  1.63711211e-06 
 1.11261785e-03  1.61517391e-06 
 1.11761785e-03  1.59400019e-06 
 1.12261785e-03  1.57355357e-06 
 1.12761785e-03  1.55379898e-06 
 1.13261785e-03  1.53470347e-06 
 1.13761785e-03  1.51623606e-06 
 1.14261785e-03  1.49836762e-06 
 1.14761785e-03  1.48107072e-06 
 1.15261785e-03  1.46431952e-06 
 1.15761785e-03  1.44808966e-06 
 1.16261785e-03  1.43235818e-06 
 1.16761785e-03  1.41710338e-06 
 1.17261785e-03  1.40230477e-06 
 1.17761785e-03  1.38794300e-06 
 1.18261785e-03  1.37399974e-06 
 1.18761785e-03  1.36045767e-06 
 1.19261785e-03  1.34730037e-06 
 1.19761785e-03  1.33451228e-06 
 1.20261785e-03  1.32207867e-06 
 1.20761785e-03  1.30998553e-06 
 1.21261785e-03  1.29821960e-06 
 1.21761785e-03  1.28676825e-06 
 1.22261785e-03  1.27561951e-06 
 1.22761785e-03  1.26476196e-06 
 1.23261785e-03  1.25418478e-06 
 1.23761785e-03  1.24387763e-06 
 1.24261785e-03  1.23383070e-06 
 1.24761785e-03  1.22403460e-06 
 1.25261785e-03  1.21448041e-06 
 1.25761785e-03  1.20515961e-06 
 1.26261785e-03  1.19606407e-06 
 1.26761785e-03  1.18718604e-06 
 1.27261785e-03  1.17851809e-06 
 1.27761785e-03  1.17005314e-06 
 1.28261785e-03  1.16178442e-06 
 1.28761785e-03  1.15370545e-06 
 1.29261785e-03  1.14581003e-06 
 1.29761785e-03  1.13809221e-06 
 1.30261785e-03  1.13054632e-06 
 1.30761785e-03  1.12316689e-06 
 1.31261785e-03  1.11594872e-06 
 1.31761785e-03  1.10888679e-06 
 1.32261785e-03  1.10197629e-06 
 1.32761785e-03  1.09521261e-06 
 1.33261785e-03  1.08859132e-06 
 1.33761785e-03  1.08210814e-06 
 1.34261785e-03  1.07575899e-06 
 1.34761785e-03  1.06953992e-06 
 1.35261785e-03  1.06344713e-06 
 1.35761785e-03  1.05747697e-06 
 1.36261785e-03  1.05162592e-06 
 1.36761785e-03  1.04589060e-06 
 1.37261785e-03  1.04026776e-06 
 1.37761785e-03  1.03475427e-06 
 1.38261785e-03  1.02934712e-06 
 1.38761785e-03  1.02404341e-06 
 1.39261785e-03  1.01884031e-06 
 1.39761785e-03  1.01373508e-06 
 1.40261785e-03  1.00872501e-06 
 1.40761785e-03  1.00380750e-06 
 1.41261785e-03  9.98980415e-07 
 1.41761785e-03  9.94242138e-07 
 1.42261785e-03  9.89590740e-07 
 1.42761785e-03  9.85023894e-07 
 1.43261785e-03  9.80539350e-07 
 1.43761785e-03  9.76134846e-07 
 1.44261785e-03  9.71808428e-07 
 1.44761785e-03  9.67558207e-07 
 1.45261785e-03  9.63382402e-07 
 1.45761785e-03  9.59279348e-07 
 1.46261785e-03  9.55247490e-07 
 1.46761785e-03  9.51285396e-07 
 1.47211556e-03  9.47779765e-07 
 1.47648539e-03  9.44426114e-07 
 1.48148539e-03  9.40651568e-07 
 1.48648539e-03  9.36943388e-07 
 1.49148539e-03  9.33301582e-07 
 1.49648539e-03  9.29726259e-07 
 1.50148539e-03  9.26216865e-07 
 1.50648539e-03  9.22771834e-07 
 1.51148539e-03  9.19388729e-07 
 1.51648539e-03  9.16063795e-07 
 1.52148539e-03  9.12794137e-07 
 1.52648539e-03  9.09576248e-07 
 1.53148539e-03  9.06407170e-07 
 1.53648539e-03  9.03284542e-07 
 1.54148539e-03  9.00206587e-07 
 1.54648539e-03  8.97172033e-07 
 1.55148539e-03  8.94179996e-07 
 1.55648539e-03  8.91229850e-07 
 1.56148539e-03  8.88321122e-07 
 1.56648539e-03  8.85453408e-07 
 1.57148539e-03  8.82626321e-07 
 1.57648539e-03  8.79839458e-07 
 1.58148539e-03  8.77092383e-07 
 1.58648539e-03  8.74384624e-07 
 1.59148539e-03  8.71715673e-07 
 1.59648539e-03  8.69084988e-07 
 1.60148539e-03  8.66492004e-07 
 1.60648539e-03  8.63936135e-07 
 1.61148539e-03  8.61416782e-07 
 1.61648539e-03  8.58933338e-07 
 1.62148539e-03  8.56485193e-07 
 1.62648539e-03  8.54071735e-07 
 1.63148539e-03  8.51692357e-07 
 1.63648539e-03  8.49346459e-07 
 1.64148539e-03  8.47033444e-07 
 1.64648539e-03  8.44752729e-07 
 1.65148539e-03  8.42503737e-07 
 1.65648539e-03  8.40285904e-07 
 1.66148539e-03  8.38098674e-07 
 1.66648539e-03  8.35941505e-07 
 1.67148539e-03  8.33813865e-07 
 1.67648539e-03  8.31715236e-07 
 1.68148539e-03  8.29645107e-07 
 1.68211039e-03  8.29388392e-07 
 1.68305847e-03  8.28999657e-07 
 1.68317061e-03  8.28953750e-07 
 1.68339491e-03  8.28861956e-07 
 1.68359417e-03  8.28780456e-07 
 1.68379949e-03  8.28696531e-07 
 1.68385082e-03  8.28675561e-07 
 1.68395347e-03  8.28633619e-07 
 1.68409511e-03  8.28575773e-07 
 1.68427887e-03  8.28500759e-07 
 1.68435604e-03  8.28469214e-07 
 1.68439205e-03  8.28454546e-07 
 1.68441601e-03  8.28444790e-07 
 1.68444035e-03  8.28434880e-07 
 1.68446618e-03  8.28424359e-07 
 1.68450105e-03  8.28410146e-07 
 1.68453677e-03  8.28395580e-07 
 1.68457740e-03  8.28379008e-07 
 1.68463611e-03  8.28355068e-07 
 1.68475353e-03  8.28307199e-07 
 1.68498836e-03  8.28211508e-07 
 1.68545801e-03  8.28020318e-07 
 1.68639733e-03  8.27638684e-07 
 1.68827597e-03  8.26878351e-07 
 1.69203325e-03  8.25369261e-07 
 1.69703325e-03  8.23384644e-07 
 1.70203325e-03  8.21426549e-07 
 1.70703325e-03  8.19494528e-07 
 1.71203325e-03  8.17588138e-07 
 1.71703325e-03  8.15706949e-07 
 1.72203325e-03  8.13850539e-07 
 1.72703325e-03  8.12018494e-07 
 1.73203325e-03  8.10210411e-07 
 1.73703325e-03  8.08425895e-07 
 1.74203325e-03  8.06664561e-07 
 1.74703325e-03  8.04926031e-07 
 1.75203325e-03  8.03209937e-07 
 1.75703325e-03  8.01515917e-07 
 1.76203325e-03  7.99843620e-07 
 1.76703325e-03  7.98192698e-07 
 1.77203325e-03  7.96562817e-07 
 1.77703325e-03  7.94953643e-07 
 1.78203325e-03  7.93364855e-07 
 1.78703325e-03  7.91796136e-07 
 1.79203325e-03  7.90247176e-07 
 1.79703325e-03  7.88717673e-07 
 1.80203325e-03  7.87207329e-07 
 1.80703325e-03  7.85715854e-07 
 1.81203325e-03  7.84242964e-07 
 1.81703325e-03  7.82788382e-07 
 1.82203325e-03  7.81351832e-07 
 1.82703325e-03  7.79933050e-07 
 1.83203325e-03  7.78531773e-07 
 1.83703325e-03  7.77147745e-07 
 1.84203325e-03  7.75780715e-07 
 1.84703325e-03  7.74430438e-07 
 1.85203325e-03  7.73096672e-07 
 1.85703325e-03  7.71779182e-07 
 1.86203325e-03  7.70477735e-07 
 1.86703325e-03  7.69192106e-07 
 1.87203325e-03  7.67922073e-07 
 1.87703325e-03  7.66667417e-07 
 1.88203325e-03  7.65427925e-07 
 1.88703325e-03  7.64203388e-07 
 1.89203325e-03  7.62993600e-07 
 1.89703325e-03  7.61798361e-07 
 1.90203325e-03  7.60617473e-07 
 1.90703325e-03  7.59450744e-07 
 1.91203325e-03  7.58297982e-07 
 1.91703325e-03  7.57159002e-07 
 1.92203325e-03  7.56033622e-07 
 1.92703325e-03  7.54921662e-07 
 1.93203325e-03  7.53822948e-07 
 1.93703325e-03  7.52737307e-07 
 1.94203325e-03  7.51664569e-07 
 1.94703325e-03  7.50604570e-07 
 1.95203325e-03  7.49557146e-07 
 1.95703325e-03  7.48522139e-07 
 1.96203325e-03  7.47499390e-07 
 1.96703325e-03  7.46488748e-07 
 1.97203325e-03  7.45490060e-07 
 1.97703325e-03  7.44503180e-07 
 1.98203325e-03  7.43527961e-07 
 1.98703325e-03  7.42564261e-07 
 1.99203325e-03  7.41611941e-07 
 1.99703325e-03  7.40670863e-07 
 2.00203325e-03  7.39740893e-07 
 2.00703325e-03  7.38821897e-07 
 2.01203325e-03  7.37913747e-07 
 2.01703325e-03  7.37016314e-07 
 2.02203325e-03  7.36129474e-07 
 2.02703325e-03  7.35253104e-07 
 2.03203325e-03  7.34387083e-07 
 2.03703325e-03  7.33531292e-07 
 2.04203325e-03  7.32685616e-07 
 2.04703325e-03  7.31849940e-07 
 2.05203325e-03  7.31024152e-07 
 2.05703325e-03  7.30208143e-07 
 2.06203325e-03  7.29401802e-07 
 2.06703325e-03  7.28605025e-07 
 2.07203325e-03  7.27817708e-07 
 2.07703325e-03  7.27039747e-07 
 2.08203325e-03  7.26271043e-07 
 2.08703325e-03  7.25511496e-07 
 2.09203325e-03  7.24761010e-07 
 2.09703325e-03  7.24019490e-07 
 2.10203325e-03  7.23286841e-07 
 2.10703325e-03  7.22562972e-07 
 2.11203325e-03  7.21847794e-07 
 2.11703325e-03  7.21141216e-07 
 2.12203325e-03  7.20443154e-07 
 2.12703325e-03  7.19753521e-07 
 2.13203325e-03  7.19072233e-07 
 2.13703325e-03  7.18399209e-07 
 2.14203325e-03  7.17734367e-07 
 2.14703325e-03  7.17077629e-07 
 2.15203325e-03  7.16428916e-07 
 2.15703325e-03  7.15788152e-07 
 2.16203325e-03  7.15155263e-07 
 2.16703325e-03  7.14530174e-07 
 2.17203325e-03  7.13912814e-07 
 2.17703325e-03  7.13303112e-07 
 2.18203325e-03  7.12700997e-07 
 2.18703325e-03  7.12106403e-07 
 2.19203325e-03  7.11519261e-07 
 2.19703325e-03  7.10939507e-07 
 2.20203325e-03  7.10367076e-07 
 2.20703325e-03  7.09801904e-07 
 2.21203325e-03  7.09243930e-07 
 2.21703325e-03  7.08693094e-07 
 2.22203325e-03  7.08149334e-07 
 2.22703325e-03  7.07612594e-07 
 2.23203325e-03  7.07082815e-07 
 2.23703325e-03  7.06559942e-07 
 2.24203325e-03  7.06043919e-07 
 2.24703325e-03  7.05534693e-07 
 2.25203325e-03  7.05032211e-07 
 2.25703325e-03  7.04536422e-07 
 2.26203325e-03  7.04047274e-07 
 2.26703325e-03  7.03564717e-07 
 2.27203325e-03  7.03088704e-07 
 2.27703325e-03  7.02619188e-07 
 2.28203325e-03  7.02156120e-07 
 2.28703325e-03  7.01699457e-07 
 2.29203325e-03  7.01249153e-07 
 2.29703325e-03  7.00805165e-07 
 2.30203325e-03  7.00367451e-07 
 2.30703325e-03  6.99935969e-07 
 2.31203325e-03  6.99510678e-07 
 2.31703325e-03  6.99091539e-07 
 2.32203325e-03  6.98678514e-07 
 2.32703325e-03  6.98271564e-07 
 2.33203325e-03  6.97870653e-07 
 2.33703325e-03  6.97475745e-07 
 2.34203325e-03  6.97086806e-07 
 2.34703325e-03  6.96703800e-07 
 2.35203325e-03  6.96326696e-07 
 2.35703325e-03  6.95955460e-07 
 2.36203325e-03  6.95590062e-07 
 2.36703325e-03  6.95230471e-07 
 2.37203325e-03  6.94876658e-07 
 2.37703325e-03  6.94528593e-07 
 2.38203325e-03  6.94186250e-07 
 2.38703325e-03  6.93849602e-07 
 2.39203325e-03  6.93518621e-07 
 2.39703325e-03  6.93193285e-07 
 2.40203325e-03  6.92873567e-07 
 2.40703325e-03  6.92559444e-07 
 2.41203325e-03  6.92250895e-07 
 2.41703325e-03  6.91947897e-07 
 2.42203325e-03  6.91650429e-07 
 2.42703325e-03  6.91358472e-07 
 2.43203325e-03  6.91072006e-07 
 2.43703325e-03  6.90791013e-07 
 2.44203325e-03  6.90515476e-07 
 2.44703325e-03  6.90245377e-07 
 2.45203325e-03  6.89980702e-07 
 2.45703325e-03  6.89721435e-07 
 2.46203325e-03  6.89467563e-07 
 2.46703325e-03  6.89219071e-07 
 2.47203325e-03  6.88975948e-07 
 2.47703325e-03  6.88738183e-07 
 2.48203325e-03  6.88505764e-07 
 2.48703325e-03  6.88278683e-07 
 2.49203325e-03  6.88056929e-07 
 2.49703325e-03  6.87840494e-07 
 2.50203325e-03  6.87629373e-07 
 2.50703325e-03  6.87423558e-07 
 2.51203325e-03  6.87223044e-07 
 2.51703325e-03  6.87027827e-07 
 2.52203325e-03  6.86837902e-07 
 2.52703325e-03  6.86653267e-07 
 2.53203325e-03  6.86473921e-07 
 2.53703325e-03  6.86299861e-07 
 2.54203325e-03  6.86131088e-07 
 2.54703325e-03  6.85967604e-07 
 2.55203325e-03  6.85809409e-07 
 2.55703325e-03  6.85656505e-07 
 2.56203325e-03  6.85508898e-07 
 2.56703325e-03  6.85366591e-07 
 2.57203325e-03  6.85229590e-07 
 2.57703325e-03  6.85097901e-07 
 2.58203325e-03  6.84971531e-07 
 2.58703325e-03  6.84850490e-07 
 2.59203325e-03  6.84734786e-07 
 2.59703325e-03  6.84624430e-07 
 2.60203325e-03  6.84519432e-07 
 2.60703325e-03  6.84419806e-07 
 2.61203325e-03  6.84325565e-07 
 2.61703325e-03  6.84236723e-07 
 2.62203325e-03  6.84153297e-07 
 2.62703325e-03  6.84075301e-07 
 2.63203325e-03  6.84002754e-07 
 2.63703325e-03  6.83935675e-07 
 2.64203325e-03  6.83874084e-07 
 2.64703325e-03  6.83818001e-07 
 2.65203325e-03  6.83767449e-07 
 2.65703325e-03  6.83722451e-07 
 2.66203325e-03  6.83683031e-07 
 2.66703325e-03  6.83649216e-07 
 2.67203325e-03  6.83621031e-07 
 2.67703325e-03  6.83598505e-07 
 2.68203325e-03  6.83581667e-07 
 2.68703325e-03  6.83570549e-07 
 2.69203325e-03  6.83565181e-07 
 2.69703325e-03  6.83565598e-07 
 2.70203325e-03  6.83571833e-07 
 2.70703325e-03  6.83583922e-07 
 2.71203325e-03  6.83601904e-07 
 2.71703325e-03  6.83625816e-07 
 2.72203325e-03  6.83655698e-07 
 2.72703325e-03  6.83691593e-07 
 2.73203325e-03  6.83733543e-07 
 2.73703325e-03  6.83781594e-07 
 2.74203325e-03  6.83835790e-07 
 2.74703325e-03  6.83896180e-07 
 2.75203325e-03  6.83962814e-07 
 2.75703325e-03  6.84035742e-07 
 2.76203325e-03  6.84115017e-07 
 2.76703325e-03  6.84200693e-07 
 2.77203325e-03  6.84292827e-07 
 2.77703325e-03  6.84391476e-07 
 2.78203325e-03  6.84496700e-07 
 2.78703325e-03  6.84608561e-07 
 2.79203325e-03  6.84727123e-07 
 2.79703325e-03  6.84852450e-07 
 2.80203325e-03  6.84984611e-07 
 2.80703325e-03  6.85123675e-07 
 2.81203325e-03  6.85269712e-07 
 2.81703325e-03  6.85422799e-07 
 2.82203325e-03  6.85583009e-07 
 2.82703325e-03  6.85750422e-07 
 2.83203325e-03  6.85925117e-07 
 2.83703325e-03  6.86107179e-07 
 2.84203325e-03  6.86296691e-07 
 2.84703325e-03  6.86493741e-07 
 2.85203325e-03  6.86698421e-07 
 2.85703325e-03  6.86910822e-07 
 2.86203325e-03  6.87131041e-07 
 2.86703325e-03  6.87359175e-07 
 2.87203325e-03  6.87595326e-07 
 2.87703325e-03  6.87839597e-07 
 2.88203325e-03  6.88092096e-07 
 2.88703325e-03  6.88352932e-07 
 2.89203325e-03  6.88622219e-07 
 2.89703325e-03  6.88900072e-07 
 2.90203325e-03  6.89186612e-07 
 2.90703325e-03  6.89481961e-07 
 2.91203325e-03  6.89786247e-07 
 2.91703325e-03  6.90099598e-07 
 2.92203325e-03  6.90422150e-07 
 2.92703325e-03  6.90754039e-07 
 2.93203325e-03  6.91095407e-07 
 2.93703325e-03  6.91446399e-07 
 2.94203325e-03  6.91807167e-07 
 2.94703325e-03  6.92177863e-07 
 2.95203325e-03  6.92558646e-07 
 2.95703325e-03  6.92949680e-07 
 2.96203325e-03  6.93351133e-07 
 2.96703325e-03  6.93763177e-07 
 2.97203325e-03  6.94185989e-07 
 2.97703325e-03  6.94619754e-07 
 2.98203325e-03  6.95064661e-07 
 2.98703325e-03  6.95520902e-07 
 2.99203325e-03  6.95988679e-07 
 2.99703325e-03  6.96468197e-07 
 3.00203325e-03  6.96959670e-07 
 3.00703325e-03  6.97463315e-07 
 3.01203325e-03  6.97979359e-07 
 3.01703325e-03  6.98508035e-07 
 3.02203325e-03  6.99049582e-07 
 3.02703325e-03  6.99604250e-07 
 3.03203325e-03  7.00172295e-07 
 3.03703325e-03  7.00753980e-07 
 3.04203325e-03  7.01349579e-07 
 3.04703325e-03  7.01959376e-07 
 3.05203325e-03  7.02583662e-07 
 3.05703325e-03  7.03222742e-07 
 3.06203325e-03  7.03876928e-07 
 3.06703325e-03  7.04546548e-07 
 3.07203325e-03  7.05231938e-07 
 3.07703325e-03  7.05933451e-07 
 3.08203325e-03  7.06651451e-07 
 3.08703325e-03  7.07386320e-07 
 3.09203325e-03  7.08138454e-07 
 3.09703325e-03  7.08908269e-07 
 3.10203325e-03  7.09696199e-07 
 3.10703325e-03  7.10502699e-07 
 3.11203325e-03  7.11328247e-07 
 3.11703325e-03  7.12173348e-07 
 3.12203325e-03  7.13038533e-07 
 3.12703325e-03  7.13924367e-07 
 3.13203325e-03  7.14831447e-07 
 3.13703325e-03  7.15760413e-07 
 3.14203325e-03  7.16711948e-07 
 3.14703325e-03  7.17686788e-07 
 3.15203325e-03  7.18685724e-07 
 3.15703325e-03  7.19709620e-07 
 3.16203325e-03  7.20759412e-07 
 3.16703325e-03  7.21836133e-07 
 3.17203325e-03  7.22940919e-07 
 3.17703325e-03  7.24075031e-07 
 3.18203325e-03  7.25239882e-07 
 3.18703325e-03  7.26437057e-07 
 3.19203325e-03  7.27668356e-07 
 3.19703325e-03  7.28935827e-07 
 3.20203325e-03  7.30241827e-07 
 3.20703325e-03  7.31589079e-07 
 3.21203325e-03  7.32980756e-07 
 3.21703325e-03  7.34420576e-07 
 3.22203325e-03  7.35912931e-07 
 3.22703325e-03  7.37463036e-07 
 3.23203325e-03  7.39077129e-07 
 3.23703325e-03  7.40762708e-07 
 3.24203325e-03  7.42528852e-07 
 3.24703325e-03  7.44386602e-07 
 3.25203325e-03  7.46349471e-07 
 3.25703325e-03  7.48434073e-07 
 3.26203325e-03  7.50660948e-07 
 3.26703325e-03  7.53055609e-07 
 3.27203325e-03  7.55649898e-07 
 3.27703325e-03  7.58483739e-07 
 3.28203325e-03  7.61607416e-07 
 3.28703325e-03  7.65084543e-07 
 3.29203325e-03  7.68995941e-07 
 3.29703325e-03  7.73444737e-07 
 3.30203325e-03  7.78563074e-07 
 3.30703325e-03  7.84520984e-07 
 3.31203325e-03  7.91538158e-07 
 3.31703325e-03  7.99899629e-07 
 3.32203325e-03  8.09976731e-07 
 3.32703325e-03  8.22255212e-07 
 3.33203325e-03  8.37373108e-07 
 3.33703325e-03  8.56171914e-07 
 3.34203325e-03  8.79766012e-07 
 3.34703325e-03  9.09637188e-07 
 3.35203325e-03  9.47763762e-07 
 3.35703325e-03  9.96797642e-07 
 3.36203325e-03  1.06030788e-06 
 3.36703325e-03  1.14311681e-06 
 3.37203325e-03  1.25176547e-06 
 3.37703325e-03  1.39515973e-06 
 3.38203325e-03  1.58547002e-06 
 3.38703325e-03  1.83938698e-06 
 3.39203325e-03  2.17987794e-06 
 3.39703325e-03  2.63864862e-06 
 3.40203325e-03  3.25959864e-06 
 3.40703325e-03  4.10367880e-06 
 3.41203325e-03  5.25572616e-06 
 3.41703325e-03  6.83409169e-06 
 3.42203325e-03  9.00421520e-06 
 3.42703325e-03  1.19977901e-05 
 3.43203325e-03  1.61398693e-05 
 3.43703325e-03  2.18873031e-05 
 3.44203325e-03  2.98834449e-05 
 3.44703325e-03  4.10363472e-05 
 3.45203325e-03  5.66310059e-05 
 3.45703325e-03  7.84908371e-05 
 3.46203325e-03  1.09209358e-04 
 3.46703325e-03  1.52478833e-04 
 3.47203325e-03  2.13545128e-04 
 3.47703325e-03  2.99810814e-04 
 3.48203325e-03  4.21582407e-04 
 3.48703325e-03  5.92904268e-04 
 3.49203325e-03  8.32342875e-04 
 3.49703325e-03  1.16350334e-03 
 3.50203325e-03  1.61502162e-03 
 3.50703325e-03  2.21983307e-03 
 3.51203325e-03  3.01369126e-03 
 3.51703325e-03  4.03315325e-03 
 3.52203325e-03  5.31345467e-03 
 3.52703325e-03  6.88676467e-03 
 3.53203325e-03  8.78120128e-03 
 3.53703325e-03  1.10207589e-02 
 3.54203325e-03  1.36260586e-02 
 3.54703325e-03  1.66156696e-02 
 3.55203325e-03  2.00077037e-02 
 3.55703325e-03  2.38214283e-02 
 3.56203325e-03  2.80787397e-02 
 3.56703325e-03  3.28054340e-02 
 3.57203325e-03  3.80322929e-02 
 3.57703325e-03  4.37960529e-02 
 3.58203325e-03  5.01403497e-02 
 3.58703325e-03  5.71167516e-02 
 3.59203325e-03  6.47859958e-02 
 3.59703325e-03  7.32195665e-02 
 3.60203325e-03  8.25017734e-02 
 3.60703325e-03  9.27325439e-02 
 3.61203325e-03  1.04031228e-01 
 3.61703325e-03  1.16541854e-01 
 3.62203325e-03  1.30440526e-01 
 3.62703325e-03  1.45946061e-01 
 3.63203325e-03  1.63335719e-01 
 3.63703325e-03  1.82969304e-01 
 3.64203325e-03  2.05327694e-01 
 3.64703325e-03  2.31077884e-01 
 3.65203325e-03  2.61190627e-01 
 3.65703325e-03  2.97173323e-01 
 3.66203325e-03  3.41591547e-01 
 3.66703325e-03  3.99462012e-01 
 3.67203325e-03  4.84487639e-01 
 3.67703325e-03  6.50849089e-01 
 3.68203325e-03  1.24170007e+00 
 3.68703325e-03  2.34415236e+00 
 3.69203325e-03  2.90587282e+00 
 3.69703325e-03  3.09162815e+00 
 3.70203325e-03  3.19873064e+00 
 3.70703325e-03  3.27929923e+00 
 3.71203325e-03  3.34391617e+00 
 3.71703325e-03  3.39891994e+00 
 3.72203325e-03  3.44685682e+00 
 3.72703325e-03  3.48929928e+00 
 3.73203325e-03  3.52731294e+00 
 3.73703325e-03  3.56163548e+00 
 3.74203325e-03  3.59279607e+00 
 3.74703325e-03  3.62118476e+00 
 3.75203325e-03  3.64709441e+00 
 3.75703325e-03  3.67074697e+00 
 3.76203325e-03  3.69230801e+00 
 3.76703325e-03  3.71186954e+00 
 3.77203325e-03  3.72952153e+00 
 3.77703325e-03  3.74535558e+00 
 3.78203325e-03  3.75942725e+00 
 3.78703325e-03  3.77176891e+00 
 3.79203325e-03  3.78241141e+00 
 3.79703325e-03  3.79143488e+00 
 3.80203325e-03  3.79903097e+00 
 3.80703325e-03  3.80552506e+00 
 3.81203325e-03  3.81130122e+00 
 3.81703325e-03  3.81667958e+00 
 3.82203325e-03  3.82186034e+00 
 3.82703325e-03  3.82694723e+00 
 3.83203325e-03  3.83198957e+00 
 3.83703325e-03  3.83701048e+00 
 3.84203325e-03  3.84202092e+00 
 3.84703325e-03  3.84702618e+00 
 3.85203325e-03  3.85202887e+00 
 3.85703325e-03  3.85703026e+00 
 3.86203325e-03  3.86203099e+00 
 3.86703325e-03  3.86703138e+00 
 3.87203325e-03  3.87203160e+00 
 3.87703325e-03  3.87703173e+00 
 3.88203325e-03  3.88203182e+00 
 3.88703325e-03  3.88703187e+00 
 3.89203325e-03  3.89203191e+00 
 3.89703325e-03  3.89703194e+00 
 3.90203325e-03  3.90203197e+00 
 3.90703325e-03  3.90703199e+00 
 3.91203325e-03  3.91203200e+00 
 3.91703325e-03  3.91703201e+00 
 3.92203325e-03  3.92203202e+00 
 3.92703325e-03  3.92703203e+00 
 3.93203325e-03  3.93203204e+00 
 3.93703325e-03  3.93703204e+00 
 3.94203325e-03  3.94203205e+00 
 3.94703325e-03  3.94703205e+00 
 3.95203325e-03  3.95203205e+00 
 3.95703325e-03  3.95703206e+00 
 3.96203325e-03  3.96203206e+00 
 3.96703325e-03  3.96703206e+00 
 3.97203325e-03  3.97203206e+00 
 3.97703325e-03  3.97703206e+00 
 3.98203325e-03  3.98203207e+00 
 3.98703325e-03  3.98703207e+00 
 3.99203325e-03  3.99203207e+00 
 3.99703325e-03  3.99703207e+00 
 4.00203325e-03  4.00203207e+00 
 4.00703325e-03  4.00703207e+00 
 4.01203325e-03  4.01203207e+00 
 4.01703325e-03  4.01703207e+00 
 4.02203325e-03  4.02203207e+00 
 4.02703325e-03  4.02703207e+00 
 4.03203325e-03  4.03203207e+00 
 4.03703325e-03  4.03703207e+00 
 4.04203325e-03  4.04203207e+00 
 4.04703325e-03  4.04703207e+00 
 4.05203325e-03  4.05203207e+00 
 4.05703325e-03  4.05703207e+00 
 4.06203325e-03  4.06203207e+00 
 4.06703325e-03  4.06703207e+00 
 4.07203325e-03  4.07203207e+00 
 4.07703325e-03  4.07703207e+00 
 4.08203325e-03  4.08203207e+00 
 4.08703325e-03  4.08703208e+00 
 4.09203325e-03  4.09203208e+00 
 4.09703325e-03  4.09703208e+00 
 4.10203325e-03  4.10203208e+00 
 4.10703325e-03  4.10703208e+00 
 4.11203325e-03  4.11203208e+00 
 4.11703325e-03  4.11703208e+00 
 4.12203325e-03  4.12203208e+00 
 4.12703325e-03  4.12703208e+00 
 4.13203325e-03  4.13203208e+00 
 4.13703325e-03  4.13703208e+00 
 4.14203325e-03  4.14203208e+00 
 4.14703325e-03  4.14703208e+00 
 4.15203325e-03  4.15203208e+00 
 4.15703325e-03  4.15703208e+00 
 4.16203325e-03  4.16203208e+00 
 4.16703325e-03  4.16703208e+00 
 4.17203325e-03  4.17203208e+00 
 4.17703325e-03  4.17703208e+00 
 4.18203325e-03  4.18203208e+00 
 4.18703325e-03  4.18703207e+00 
 4.19203325e-03  4.19203207e+00 
 4.19703325e-03  4.19703207e+00 
 4.20203325e-03  4.20203207e+00 
 4.20703325e-03  4.20703207e+00 
 4.21203325e-03  4.21203207e+00 
 4.21703325e-03  4.21703207e+00 
 4.22203325e-03  4.22203207e+00 
 4.22703325e-03  4.22703207e+00 
 4.23203325e-03  4.23203207e+00 
 4.23703325e-03  4.23703207e+00 
 4.24203325e-03  4.24203207e+00 
 4.24703325e-03  4.24703207e+00 
 4.25203325e-03  4.25203207e+00 
 4.25703325e-03  4.25703207e+00 
 4.26203325e-03  4.26203207e+00 
 4.26703325e-03  4.26703207e+00 
 4.27203325e-03  4.27203207e+00 
 4.27703325e-03  4.27703207e+00 
 4.28203325e-03  4.28203207e+00 
 4.28703325e-03  4.28703207e+00 
 4.29203325e-03  4.29203207e+00 
 4.29703325e-03  4.29703207e+00 
 4.30203325e-03  4.30203207e+00 
 4.30703325e-03  4.30703207e+00 
 4.31203325e-03  4.31203207e+00 
 4.31703325e-03  4.31703207e+00 
 4.32095487e-03  4.32095369e+00 
 4.32463253e-03  4.32463135e+00 
 4.32910572e-03  4.32910454e+00 
 4.33410572e-03  4.33410454e+00 
 4.33910572e-03  4.33910454e+00 
 4.34410572e-03  4.34410454e+00 
 4.34910572e-03  4.34910454e+00 
 4.35410572e-03  4.35410454e+00 
 4.35910572e-03  4.35910454e+00 
 4.36410572e-03  4.36410454e+00 
 4.36910572e-03  4.36910454e+00 
 4.37410572e-03  4.37410454e+00 
 4.37910572e-03  4.37910454e+00 
 4.38410572e-03  4.38410454e+00 
 4.38910572e-03  4.38910454e+00 
 4.39410572e-03  4.39410454e+00 
 4.39910572e-03  4.39910454e+00 
 4.40410572e-03  4.40410454e+00 
 4.40910572e-03  4.40910454e+00 
 4.41410572e-03  4.41410453e+00 
 4.41910572e-03  4.41910453e+00 
 4.42410572e-03  4.42410453e+00 
 4.42910572e-03  4.42910453e+00 
 4.43410572e-03  4.43410453e+00 
 4.43910572e-03  4.43910454e+00 
 4.44410572e-03  4.44410454e+00 
 4.44910572e-03  4.44910454e+00 
 4.45410572e-03  4.45410454e+00 
 4.45910572e-03  4.45910453e+00 
 4.46410572e-03  4.46410453e+00 
 4.46910572e-03  4.46910453e+00 
 4.47410572e-03  4.47410453e+00 
 4.47910572e-03  4.47910453e+00 
 4.48410572e-03  4.48410453e+00 
 4.48910572e-03  4.48910453e+00 
 4.49410572e-03  4.49410453e+00 
 4.49910572e-03  4.49910453e+00 
 4.50410572e-03  4.50410453e+00 
 4.50910572e-03  4.50910453e+00 
 4.51410572e-03  4.51410453e+00 
 4.51910572e-03  4.51910453e+00 
 4.52410572e-03  4.52410453e+00 
 4.52910572e-03  4.52910453e+00 
 4.53410572e-03  4.53410453e+00 
 4.53910572e-03  4.53910453e+00 
 4.54410572e-03  4.54410453e+00 
 4.54910572e-03  4.54910453e+00 
 4.55410572e-03  4.55410453e+00 
 4.55910572e-03  4.55910453e+00 
 4.56410572e-03  4.56410453e+00 
 4.56910572e-03  4.56910453e+00 
 4.57410572e-03  4.57410453e+00 
 4.57910572e-03  4.57910453e+00 
 4.58410572e-03  4.58410453e+00 
 4.58910572e-03  4.58910453e+00 
 4.59410572e-03  4.59410453e+00 
 4.59910572e-03  4.59910453e+00 
 4.60410572e-03  4.60410453e+00 
 4.60910572e-03  4.60910453e+00 
 4.60966771e-03  4.60966651e+00 
 4.61079168e-03  4.61079048e+00 
 4.61107267e-03  4.61107148e+00 
 4.61163466e-03  4.61163346e+00 
 4.61177516e-03  4.61177396e+00 
 4.61205615e-03  4.61205495e+00 
 4.61261814e-03  4.61261694e+00 
 4.61275863e-03  4.61275744e+00 
 4.61303963e-03  4.61303843e+00 
 4.61336132e-03  4.61336013e+00 
 4.61370024e-03  4.61369904e+00 
 4.61415775e-03  4.61415656e+00 
 4.61443002e-03  4.61442882e+00 
 4.61472597e-03  4.61472477e+00 
 4.61510214e-03  4.61510095e+00 
 4.61575443e-03  4.61575323e+00 
 4.61705899e-03  4.61705780e+00 
 4.61966813e-03  4.61966693e+00 
 4.62466813e-03  4.62466693e+00 
 4.62966813e-03  4.62966693e+00 
 4.63466813e-03  4.63466693e+00 
 4.63966813e-03  4.63966693e+00 
 4.64466813e-03  4.64466693e+00 
 4.64966813e-03  4.64966693e+00 
 4.65466813e-03  4.65466693e+00 
 4.65966813e-03  4.65966693e+00 
 4.66466813e-03  4.66466693e+00 
 4.66966813e-03  4.66966693e+00 
 4.67466813e-03  4.67466693e+00 
 4.67966813e-03  4.67966693e+00 
 4.68466813e-03  4.68466693e+00 
 4.68966813e-03  4.68966693e+00 
 4.69466813e-03  4.69466693e+00 
 4.69966813e-03  4.69966693e+00 
 4.70466813e-03  4.70466693e+00 
 4.70966813e-03  4.70966693e+00 
 4.71466813e-03  4.71466693e+00 
 4.71966813e-03  4.71966693e+00 
 4.72466813e-03  4.72466693e+00 
 4.72966813e-03  4.72966693e+00 
 4.73466813e-03  4.73466693e+00 
 4.73966813e-03  4.73966693e+00 
 4.74466813e-03  4.74466693e+00 
 4.74966813e-03  4.74966693e+00 
 4.75466813e-03  4.75466693e+00 
 4.75966813e-03  4.75966692e+00 
 4.76466813e-03  4.76466692e+00 
 4.76966813e-03  4.76966692e+00 
 4.77466813e-03  4.77466692e+00 
 4.77966813e-03  4.77966692e+00 
 4.78466813e-03  4.78466692e+00 
 4.78966813e-03  4.78966692e+00 
 4.79466813e-03  4.79466692e+00 
 4.79966813e-03  4.79966692e+00 
 4.80466813e-03  4.80466692e+00 
 4.80966813e-03  4.80966692e+00 
 4.81466813e-03  4.81466692e+00 
 4.81966813e-03  4.81966692e+00 
 4.82466813e-03  4.82466692e+00 
 4.82966813e-03  4.82966692e+00 
 4.83466813e-03  4.83466692e+00 
 4.83966813e-03  4.83966692e+00 
 4.84466813e-03  4.84466692e+00 
 4.84966813e-03  4.84966692e+00 
 4.85466813e-03  4.85466692e+00 
 4.85966813e-03  4.85966692e+00 
 4.86466813e-03  4.86466692e+00 
 4.86966813e-03  4.86966692e+00 
 4.87466813e-03  4.87466692e+00 
 4.87529313e-03  4.87529192e+00 
 4.87540320e-03  4.87540199e+00 
 4.87562334e-03  4.87562212e+00 
 4.87606361e-03  4.87606240e+00 
 4.87610644e-03  4.87610523e+00 
 4.87619210e-03  4.87619089e+00 
 4.87636342e-03  4.87636220e+00 
 4.87649702e-03  4.87649581e+00 
 4.87661330e-03  4.87661209e+00 
 4.87671432e-03  4.87671310e+00 
 4.87675831e-03  4.87675709e+00 
 4.87677620e-03  4.87677498e+00 
 4.87678334e-03  4.87678213e+00 
 4.87679349e-03  4.87679228e+00 
 4.87681211e-03  4.87681090e+00 
 4.87684553e-03  4.87684431e+00 
 4.87686341e-03  4.87686219e+00 
 4.87688094e-03  4.87687972e+00 
 4.87690884e-03  4.87690763e+00 
 4.87693525e-03  4.87693403e+00 
 4.87698805e-03  4.87698684e+00 
 4.87704385e-03  4.87704264e+00 
 4.87710366e-03  4.87710244e+00 
 4.87717763e-03  4.87717641e+00 
 4.87727650e-03  4.87727529e+00 
 4.87747425e-03  4.87747303e+00 
 4.87786973e-03  4.87786852e+00 
 4.87866071e-03  4.87865950e+00 
 4.88024267e-03  4.88024145e+00 
 4.88340658e-03  4.88340536e+00 
 4.88840658e-03  4.88840536e+00 
 4.89340658e-03  4.89340536e+00 
 4.89840658e-03  4.89840536e+00 
 4.90340658e-03  4.90340536e+00 
 4.90840658e-03  4.90840536e+00 
 4.91340658e-03  4.91340536e+00 
 4.91840658e-03  4.91840536e+00 
 4.92340658e-03  4.92340536e+00 
 4.92840658e-03  4.92840536e+00 
 4.93340658e-03  4.93340536e+00 
 4.93840658e-03  4.93840536e+00 
 4.94340658e-03  4.94340536e+00 
 4.94840658e-03  4.94840536e+00 
 4.95340658e-03  4.95340536e+00 
 4.95840658e-03  4.95840536e+00 
 4.96340658e-03  4.96340536e+00 
 4.96840658e-03  4.96840536e+00 
 4.97340658e-03  4.97340536e+00 
 4.97840658e-03  4.97840536e+00 
 4.98340658e-03  4.98340536e+00 
 4.98840658e-03  4.98840536e+00 
 4.99340658e-03  4.99340536e+00 
 4.99840658e-03  4.99840536e+00 
 5.00340658e-03  5.00340536e+00 
 5.00840658e-03  5.00840536e+00 
 5.01340658e-03  5.01340535e+00 
 5.01840658e-03  5.01840535e+00 
 5.02340658e-03  5.02340535e+00 
 5.02840658e-03  5.02840535e+00 
 5.03340658e-03  5.03340535e+00 
 5.03840658e-03  5.03840535e+00 
 5.04340658e-03  5.04340535e+00 
 5.04840658e-03  5.04840535e+00 
 5.05340658e-03  5.05340535e+00 
 5.05840658e-03  5.05840535e+00 
 5.06340658e-03  5.06340535e+00 
 5.06840658e-03  5.06840535e+00 
 5.07340658e-03  5.07340535e+00 
 5.07840658e-03  5.07840535e+00 
 5.08340658e-03  5.08340535e+00 
 5.08840658e-03  5.08840535e+00 
 5.09340658e-03  5.09340535e+00 
 5.09840658e-03  5.09840535e+00 
 5.10340658e-03  5.10340535e+00 
 5.10840658e-03  5.10840535e+00 
 5.11340658e-03  5.11340535e+00 
 5.11840658e-03  5.11840535e+00 
 5.12340658e-03  5.12340535e+00 
 5.12840658e-03  5.12840535e+00 
 5.13340658e-03  5.13340535e+00 
 5.13840658e-03  5.13840535e+00 
 5.14340658e-03  5.14340534e+00 
 5.14840658e-03  5.14840534e+00 
 5.15340658e-03  5.15340534e+00 
 5.15840658e-03  5.15840534e+00 
 5.16340658e-03  5.16340534e+00 
 5.16840658e-03  5.16840534e+00 
 5.17340658e-03  5.17340534e+00 
 5.17840658e-03  5.17840534e+00 
 5.18340658e-03  5.18340534e+00 
 5.18840658e-03  5.18840534e+00 
 5.19340658e-03  5.19340534e+00 
 5.19840658e-03  5.19840534e+00 
 5.20340658e-03  5.20340534e+00 
 5.20840658e-03  5.20840534e+00 
 5.21340658e-03  5.21340534e+00 
 5.21840658e-03  5.21840534e+00 
 5.22340658e-03  5.22340534e+00 
 5.22840658e-03  5.22840534e+00 
 5.23340658e-03  5.23340534e+00 
 5.23840658e-03  5.23840534e+00 
 5.24340658e-03  5.24340534e+00 
 5.24840658e-03  5.24840534e+00 
 5.25340658e-03  5.25340534e+00 
 5.25840658e-03  5.25840534e+00 
 5.26340658e-03  5.26340534e+00 
 5.26840658e-03  5.26840533e+00 
 5.27340658e-03  5.27340533e+00 
 5.27840658e-03  5.27840533e+00 
 5.28340658e-03  5.28340533e+00 
 5.28840658e-03  5.28840533e+00 
 5.29340658e-03  5.29340533e+00 
 5.29840658e-03  5.29840533e+00 
 5.30340658e-03  5.30340533e+00 
 5.30840658e-03  5.30840533e+00 
 5.31340658e-03  5.31340533e+00 
 5.31840658e-03  5.31840533e+00 
 5.32340658e-03  5.32340533e+00 
 5.32840658e-03  5.32840533e+00 
 5.33340658e-03  5.33340533e+00 
 5.33840658e-03  5.33840533e+00 
 5.34340658e-03  5.34340533e+00 
 5.34840658e-03  5.34840533e+00 
 5.35340658e-03  5.35340533e+00 
 5.35840658e-03  5.35840533e+00 
 5.36340658e-03  5.36340533e+00 
 5.36840658e-03  5.36840533e+00 
 5.37340658e-03  5.37340533e+00 
 5.37840658e-03  5.37840533e+00 
 5.38340658e-03  5.38340533e+00 
 5.38840658e-03  5.38840532e+00 
 5.39340658e-03  5.39340532e+00 
 5.39840658e-03  5.39840532e+00 
 5.40340658e-03  5.40340532e+00 
 5.40840658e-03  5.40840532e+00 
 5.41340658e-03  5.41340532e+00 
 5.41840658e-03  5.41840532e+00 
 5.42340658e-03  5.42340532e+00 
 5.42840658e-03  5.42840532e+00 
 5.43340658e-03  5.43340532e+00 
 5.43840658e-03  5.43840532e+00 
 5.44340658e-03  5.44340532e+00 
 5.44840658e-03  5.44840532e+00 
 5.45340658e-03  5.45340532e+00 
 5.45840658e-03  5.45840532e+00 
 5.46340658e-03  5.46340532e+00 
 5.46840658e-03  5.46840532e+00 
 5.47340658e-03  5.47340532e+00 
 5.47840658e-03  5.47840532e+00 
 5.48340658e-03  5.48340532e+00 
 5.48840658e-03  5.48840532e+00 
 5.49340658e-03  5.49340532e+00 
 5.49840658e-03  5.49840532e+00 
 5.50340658e-03  5.50340531e+00 
 5.50840658e-03  5.50840531e+00 
 5.51340658e-03  5.51340531e+00 
 5.51840658e-03  5.51840531e+00 
 5.52340658e-03  5.52340531e+00 
 5.52840658e-03  5.52840531e+00 
 5.53340658e-03  5.53340531e+00 
 5.53840658e-03  5.53840531e+00 
 5.54340658e-03  5.54340531e+00 
 5.54840658e-03  5.54840531e+00 
 5.55340658e-03  5.55340531e+00 
 5.55840658e-03  5.55840531e+00 
 5.56340658e-03  5.56340531e+00 
 5.56840658e-03  5.56840531e+00 
 5.57340658e-03  5.57340531e+00 
 5.57840658e-03  5.57840531e+00 
 5.58340658e-03  5.58340531e+00 
 5.58840658e-03  5.58840531e+00 
 5.59340658e-03  5.59340531e+00 
 5.59840658e-03  5.59840531e+00 
 5.60340658e-03  5.60340531e+00 
 5.60840658e-03  5.60840531e+00 
 5.61340658e-03  5.61340531e+00 
 5.61840658e-03  5.61840530e+00 
 5.62340658e-03  5.62340530e+00 
 5.62840658e-03  5.62840530e+00 
 5.63340658e-03  5.63340530e+00 
 5.63840658e-03  5.63840530e+00 
 5.64340658e-03  5.64340530e+00 
 5.64840658e-03  5.64840530e+00 
 5.65340658e-03  5.65340530e+00 
 5.65840658e-03  5.65840530e+00 
 5.66340658e-03  5.66340530e+00 
 5.66840658e-03  5.66840530e+00 
 5.67340658e-03  5.67340530e+00 
 5.67840658e-03  5.67840530e+00 
 5.68340658e-03  5.68340530e+00 
 5.68840658e-03  5.68840530e+00 
 5.69340658e-03  5.69340530e+00 
 5.69840658e-03  5.69840530e+00 
 5.70340658e-03  5.70340530e+00 
 5.70840658e-03  5.70840530e+00 
 5.71340658e-03  5.71340530e+00 
 5.71840658e-03  5.71840530e+00 
 5.72340658e-03  5.72340530e+00 
 5.72840658e-03  5.72840529e+00 
 5.73340658e-03  5.73340529e+00 
 5.73840658e-03  5.73840529e+00 
 5.74340658e-03  5.74340529e+00 
 5.74840658e-03  5.74840529e+00 
 5.75340658e-03  5.75340529e+00 
 5.75840658e-03  5.75840529e+00 
 5.76340658e-03  5.76340529e+00 
 5.76840658e-03  5.76840529e+00 
 5.77340658e-03  5.77340529e+00 
 5.77840658e-03  5.77840529e+00 
 5.78340658e-03  5.78340529e+00 
 5.78840658e-03  5.78840529e+00 
 5.79340658e-03  5.79340529e+00 
 5.79840658e-03  5.79840529e+00 
 5.80340658e-03  5.80340529e+00 
 5.80840658e-03  5.80840529e+00 
 5.81340658e-03  5.81340529e+00 
 5.81840658e-03  5.81840529e+00 
 5.82340658e-03  5.82340529e+00 
 5.82840658e-03  5.82840529e+00 
 5.83340658e-03  5.83340529e+00 
 5.83840658e-03  5.83840528e+00 
 5.84340658e-03  5.84340528e+00 
 5.84840658e-03  5.84840528e+00 
 5.85340658e-03  5.85340528e+00 
 5.85840658e-03  5.85840528e+00 
 5.86340658e-03  5.86340528e+00 
 5.86840658e-03  5.86840528e+00 
 5.87340658e-03  5.87340528e+00 
 5.87840658e-03  5.87840528e+00 
 5.88340658e-03  5.88340528e+00 
 5.88840658e-03  5.88840528e+00 
 5.89340658e-03  5.89340528e+00 
 5.89840658e-03  5.89840528e+00 
 5.90340658e-03  5.90340528e+00 
 5.90840658e-03  5.90840528e+00 
 5.91340658e-03  5.91340528e+00 
 5.91840658e-03  5.91840528e+00 
 5.92340658e-03  5.92340528e+00 
 5.92840658e-03  5.92840528e+00 
 5.93340658e-03  5.93340528e+00 
 5.93840658e-03  5.93840528e+00 
 5.94340658e-03  5.94340527e+00 
 5.94840658e-03  5.94840527e+00 
 5.95340658e-03  5.95340527e+00 
 5.95840658e-03  5.95840527e+00 
 5.96340658e-03  5.96340527e+00 
 5.96840658e-03  5.96840527e+00 
 5.97340658e-03  5.97340527e+00 
 5.97840658e-03  5.97840527e+00 
 5.98340658e-03  5.98340527e+00 
 5.98840658e-03  5.98840527e+00 
 5.99340658e-03  5.99340527e+00 
 5.99840658e-03  5.99840527e+00 
 6.00340658e-03  6.00340527e+00 
 6.00840658e-03  6.00840527e+00 
 6.01340658e-03  6.01340527e+00 
 6.01840658e-03  6.01840527e+00 
 6.02340658e-03  6.02340527e+00 
 6.02840658e-03  6.02840527e+00 
 6.03340658e-03  6.03340527e+00 
 6.03840658e-03  6.03840527e+00 
 6.04340658e-03  6.04340526e+00 
 6.04840658e-03  6.04840526e+00 
 6.05340658e-03  6.05340526e+00 
 6.05840658e-03  6.05840526e+00 
 6.06340658e-03  6.06340526e+00 
 6.06840658e-03  6.06840526e+00 
 6.07340658e-03  6.07340526e+00 
 6.07840658e-03  6.07840526e+00 
 6.08340658e-03  6.08340526e+00 
 6.08840658e-03  6.08840526e+00 
 6.09340658e-03  6.09340526e+00 
 6.09840658e-03  6.09840526e+00 
 6.10340658e-03  6.10340526e+00 
 6.10840658e-03  6.10840526e+00 
 6.11340658e-03  6.11340526e+00 
 6.11840658e-03  6.11840526e+00 
 6.12340658e-03  6.12340526e+00 
 6.12840658e-03  6.12840526e+00 
 6.13340658e-03  6.13340526e+00 
 6.13840658e-03  6.13840526e+00 
 6.14340658e-03  6.14340526e+00 
 6.14840658e-03  6.14840525e+00 
 6.15340658e-03  6.15340525e+00 
 6.15840658e-03  6.15840525e+00 
 6.16340658e-03  6.16340525e+00 
 6.16840658e-03  6.16840525e+00 
 6.17340658e-03  6.17340525e+00 
 6.17840658e-03  6.17840525e+00 
 6.18340658e-03  6.18340525e+00 
 6.18840658e-03  6.18840525e+00 
 6.19340658e-03  6.19340525e+00 
 6.19840658e-03  6.19840525e+00 
 6.20340658e-03  6.20340525e+00 
 6.20840658e-03  6.20840525e+00 
 6.21340658e-03  6.21340525e+00 
 6.21840658e-03  6.21840525e+00 
 6.22340658e-03  6.22340525e+00 
 6.22840658e-03  6.22840525e+00 
 6.23340658e-03  6.23340525e+00 
 6.23840658e-03  6.23840525e+00 
 6.24340658e-03  6.24340524e+00 
 6.24840658e-03  6.24840524e+00 
 6.25340658e-03  6.25340524e+00 
 6.25840658e-03  6.25840524e+00 
 6.26340658e-03  6.26340524e+00 
 6.26840658e-03  6.26840524e+00 
 6.27340658e-03  6.27340524e+00 
 6.27840658e-03  6.27840524e+00 
 6.28340658e-03  6.28340524e+00 
 6.28840658e-03  6.28840524e+00 
 6.29340658e-03  6.29340524e+00 
 6.29840658e-03  6.29840524e+00 
 6.30340658e-03  6.30340524e+00 
 6.30840658e-03  6.30840524e+00 
 6.31340658e-03  6.31340524e+00 
 6.31840658e-03  6.31840524e+00 
 6.32340658e-03  6.32340524e+00 
 6.32840658e-03  6.32840524e+00 
 6.33340658e-03  6.33340524e+00 
 6.33840658e-03  6.33840524e+00 
 6.34340658e-03  6.34340523e+00 
 6.34840658e-03  6.34840523e+00 
 6.35340658e-03  6.35340523e+00 
 6.35840658e-03  6.35840523e+00 
 6.36340658e-03  6.36340523e+00 
 6.36840658e-03  6.36840523e+00 
 6.37340658e-03  6.37340523e+00 
 6.37840658e-03  6.37840523e+00 
 6.38340658e-03  6.38340523e+00 
 6.38840658e-03  6.38840523e+00 
 6.39340658e-03  6.39340523e+00 
 6.39840658e-03  6.39840523e+00 
 6.40340658e-03  6.40340523e+00 
 6.40840658e-03  6.40840523e+00 
 6.41340658e-03  6.41340523e+00 
 6.41840658e-03  6.41840523e+00 
 6.42340658e-03  6.42340523e+00 
 6.42840658e-03  6.42840523e+00 
 6.43340658e-03  6.43340523e+00 
 6.43840658e-03  6.43840522e+00 
 6.44340658e-03  6.44340522e+00 
 6.44840658e-03  6.44840522e+00 
 6.45340658e-03  6.45340522e+00 
 6.45840658e-03  6.45840522e+00 
 6.46340658e-03  6.46340522e+00 
 6.46840658e-03  6.46840522e+00 
 6.47340658e-03  6.47340522e+00 
 6.47840658e-03  6.47840522e+00 
 6.48340658e-03  6.48340522e+00 
 6.48840658e-03  6.48840522e+00 
 6.49340658e-03  6.49340522e+00 
 6.49840658e-03  6.49840522e+00 
 6.50340658e-03  6.50340522e+00 
 6.50840658e-03  6.50840522e+00 
 6.51340658e-03  6.51340522e+00 
 6.51840658e-03  6.51840522e+00 
 6.52340658e-03  6.52340522e+00 
 6.52840658e-03  6.52840521e+00 
 6.53340658e-03  6.53340521e+00 
 6.53840658e-03  6.53840521e+00 
 6.54340658e-03  6.54340521e+00 
 6.54840658e-03  6.54840521e+00 
 6.55340658e-03  6.55340521e+00 
 6.55840658e-03  6.55840521e+00 
 6.56340658e-03  6.56340521e+00 
 6.56840658e-03  6.56840521e+00 
 6.57340658e-03  6.57340521e+00 
 6.57840658e-03  6.57840521e+00 
 6.58340658e-03  6.58340521e+00 
 6.58840658e-03  6.58840521e+00 
 6.59340658e-03  6.59340521e+00 
 6.59840658e-03  6.59840521e+00 
 6.60340658e-03  6.60340521e+00 
 6.60840658e-03  6.60840521e+00 
 6.61340658e-03  6.61340521e+00 
 6.61840658e-03  6.61840521e+00 
 6.62340658e-03  6.62340520e+00 
 6.62840658e-03  6.62840520e+00 
 6.63340658e-03  6.63340520e+00 
 6.63840658e-03  6.63840520e+00 
 6.64340658e-03  6.64340520e+00 
 6.64840658e-03  6.64840520e+00 
 6.65340658e-03  6.65340520e+00 
 6.65840658e-03  6.65840520e+00 
 6.66340658e-03  6.66340520e+00 
 6.66840658e-03  6.66840520e+00 
 6.67340658e-03  6.67340520e+00 
 6.67840658e-03  6.67840520e+00 
 6.68340658e-03  6.68340520e+00 
 6.68840658e-03  6.68840520e+00 
 6.69340658e-03  6.69340520e+00 
 6.69840658e-03  6.69840520e+00 
 6.70340658e-03  6.70340520e+00 
 6.70840658e-03  6.70840520e+00 
 6.71340658e-03  6.71340519e+00 
 6.71840658e-03  6.71840519e+00 
 6.72340658e-03  6.72340519e+00 
 6.72840658e-03  6.72840519e+00 
 6.73340658e-03  6.73340519e+00 
 6.73840658e-03  6.73840519e+00 
 6.74340658e-03  6.74340519e+00 
 6.74840658e-03  6.74840519e+00 
 6.75340658e-03  6.75340519e+00 
 6.75840658e-03  6.75840519e+00 
 6.76340658e-03  6.76340519e+00 
 6.76840658e-03  6.76840519e+00 
 6.77340658e-03  6.77340519e+00 
 6.77840658e-03  6.77840519e+00 
 6.78340658e-03  6.78340519e+00 
 6.78840658e-03  6.78840519e+00 
 6.79340658e-03  6.79340519e+00 
 6.79840658e-03  6.79840518e+00 
 6.80340658e-03  6.80340518e+00 
 6.80840658e-03  6.80840518e+00 
 6.81340658e-03  6.81340518e+00 
 6.81840658e-03  6.81840518e+00 
 6.82340658e-03  6.82340518e+00 
 6.82840658e-03  6.82840518e+00 
 6.83340658e-03  6.83340518e+00 
 6.83840658e-03  6.83840518e+00 
 6.84340658e-03  6.84340518e+00 
 6.84840658e-03  6.84840518e+00 
 6.85340658e-03  6.85340518e+00 
 6.85840658e-03  6.85840518e+00 
 6.86340658e-03  6.86340518e+00 
 6.86840658e-03  6.86840518e+00 
 6.87340658e-03  6.87340518e+00 
 6.87840658e-03  6.87840518e+00 
 6.88340658e-03  6.88340518e+00 
 6.88840658e-03  6.88840517e+00 
 6.89340658e-03  6.89340517e+00 
 6.89840658e-03  6.89840517e+00 
 6.90340658e-03  6.90340517e+00 
 6.90840658e-03  6.90840517e+00 
 6.91340658e-03  6.91340517e+00 
 6.91840658e-03  6.91840517e+00 
 6.92340658e-03  6.92340517e+00 
 6.92840658e-03  6.92840517e+00 
 6.93340658e-03  6.93340517e+00 
 6.93840658e-03  6.93840517e+00 
 6.94340658e-03  6.94340517e+00 
 6.94840658e-03  6.94840517e+00 
 6.95340658e-03  6.95340517e+00 
 6.95840658e-03  6.95840517e+00 
 6.96340658e-03  6.96340517e+00 
 6.96840658e-03  6.96840517e+00 
 6.97340658e-03  6.97340516e+00 
 6.97840658e-03  6.97840516e+00 
 6.98340658e-03  6.98340516e+00 
 6.98840658e-03  6.98840516e+00 
 6.99340658e-03  6.99340516e+00 
 6.99840658e-03  6.99840516e+00 
 7.00340658e-03  7.00340516e+00 
 7.00840658e-03  7.00840516e+00 
 7.01340658e-03  7.01340516e+00 
 7.01840658e-03  7.01840516e+00 
 7.02340658e-03  7.02340516e+00 
 7.02840658e-03  7.02840516e+00 
 7.03340658e-03  7.03340516e+00 
 7.03840658e-03  7.03840516e+00 
 7.04340658e-03  7.04340516e+00 
 7.04840658e-03  7.04840516e+00 
 7.05340658e-03  7.05340516e+00 
 7.05840658e-03  7.05840515e+00 
 7.06340658e-03  7.06340515e+00 
 7.06840658e-03  7.06840515e+00 
 7.07340658e-03  7.07340515e+00 
 7.07840658e-03  7.07840515e+00 
 7.08340658e-03  7.08340515e+00 
 7.08840658e-03  7.08840515e+00 
 7.09340658e-03  7.09340515e+00 
 7.09840658e-03  7.09840515e+00 
 7.10340658e-03  7.10340515e+00 
 7.10840658e-03  7.10840515e+00 
 7.11340658e-03  7.11340515e+00 
 7.11840658e-03  7.11840515e+00 
 7.12340658e-03  7.12340515e+00 
 7.12840658e-03  7.12840515e+00 
 7.13340658e-03  7.13340515e+00 
 7.13840658e-03  7.13840514e+00 
 7.14340658e-03  7.14340514e+00 
 7.14840658e-03  7.14840514e+00 
 7.15340658e-03  7.15340514e+00 
 7.15840658e-03  7.15840514e+00 
 7.16340658e-03  7.16340514e+00 
 7.16840658e-03  7.16840514e+00 
 7.17340658e-03  7.17340514e+00 
 7.17840658e-03  7.17840514e+00 
 7.18340658e-03  7.18340514e+00 
 7.18840658e-03  7.18840514e+00 
 7.19340658e-03  7.19340514e+00 
 7.19840658e-03  7.19840514e+00 
 7.20340658e-03  7.20340514e+00 
 7.20840658e-03  7.20840514e+00 
 7.21340658e-03  7.21340514e+00 
 7.21840658e-03  7.21840514e+00 
 7.22340658e-03  7.22340513e+00 
 7.22840658e-03  7.22840513e+00 
 7.23340658e-03  7.23340513e+00 
 7.23840658e-03  7.23840513e+00 
 7.24340658e-03  7.24340513e+00 
 7.24840658e-03  7.24840513e+00 
 7.25340658e-03  7.25340513e+00 
 7.25840658e-03  7.25840513e+00 
 7.26340658e-03  7.26340513e+00 
 7.26840658e-03  7.26840513e+00 
 7.27340658e-03  7.27340513e+00 
 7.27840658e-03  7.27840513e+00 
 7.28340658e-03  7.28340513e+00 
 7.28840658e-03  7.28840513e+00 
 7.29340658e-03  7.29340513e+00 
 7.29840658e-03  7.29840512e+00 
 7.30340658e-03  7.30340512e+00 
 7.30840658e-03  7.30840512e+00 
 7.31340658e-03  7.31340512e+00 
 7.31840658e-03  7.31840512e+00 
 7.32340658e-03  7.32340512e+00 
 7.32840658e-03  7.32840512e+00 
 7.33340658e-03  7.33340512e+00 
 7.33840658e-03  7.33840512e+00 
 7.34340658e-03  7.34340512e+00 
 7.34840658e-03  7.34840512e+00 
 7.35340658e-03  7.35340512e+00 
 7.35840658e-03  7.35840512e+00 
 7.36340658e-03  7.36340512e+00 
 7.36840658e-03  7.36840512e+00 
 7.37340658e-03  7.37340512e+00 
 7.37840658e-03  7.37840511e+00 
 7.38340658e-03  7.38340511e+00 
 7.38840658e-03  7.38840511e+00 
 7.39340658e-03  7.39340511e+00 
 7.39840658e-03  7.39840511e+00 
 7.40340658e-03  7.40340511e+00 
 7.40840658e-03  7.40840511e+00 
 7.41340658e-03  7.41340511e+00 
 7.41840658e-03  7.41840511e+00 
 7.42340658e-03  7.42340511e+00 
 7.42840658e-03  7.42840511e+00 
 7.43340658e-03  7.43340511e+00 
 7.43840658e-03  7.43840511e+00 
 7.44340658e-03  7.44340511e+00 
 7.44840658e-03  7.44840511e+00 
 7.45340658e-03  7.45340511e+00 
 7.45840658e-03  7.45840510e+00 
 7.46340658e-03  7.46340510e+00 
 7.46840658e-03  7.46840510e+00 
 7.47340658e-03  7.47340510e+00 
 7.47840658e-03  7.47840510e+00 
 7.48340658e-03  7.48340510e+00 
 7.48840658e-03  7.48840510e+00 
 7.49340658e-03  7.49340510e+00 
 7.49840658e-03  7.49840510e+00 
 7.50340658e-03  7.50340510e+00 
 7.50840658e-03  7.50840510e+00 
 7.51340658e-03  7.51340510e+00 
 7.51840658e-03  7.51840510e+00 
 7.52340658e-03  7.52340510e+00 
 7.52840658e-03  7.52840510e+00 
 7.53340658e-03  7.53340509e+00 
 7.53840658e-03  7.53840509e+00 
 7.54340658e-03  7.54340509e+00 
 7.54840658e-03  7.54840509e+00 
 7.55340658e-03  7.55340509e+00 
 7.55840658e-03  7.55840509e+00 
 7.56340658e-03  7.56340509e+00 
 7.56840658e-03  7.56840509e+00 
 7.57340658e-03  7.57340509e+00 
 7.57840658e-03  7.57840509e+00 
 7.58340658e-03  7.58340509e+00 
 7.58840658e-03  7.58840509e+00 
 7.59340658e-03  7.59340509e+00 
 7.59840658e-03  7.59840509e+00 
 7.60340658e-03  7.60340509e+00 
 7.60840658e-03  7.60840508e+00 
 7.61340658e-03  7.61340508e+00 
 7.61840658e-03  7.61840508e+00 
 7.62340658e-03  7.62340508e+00 
 7.62840658e-03  7.62840508e+00 
 7.63340658e-03  7.63340508e+00 
 7.63840658e-03  7.63840508e+00 
 7.64340658e-03  7.64340508e+00 
 7.64840658e-03  7.64840508e+00 
 7.65340658e-03  7.65340508e+00 
 7.65840658e-03  7.65840508e+00 
 7.66340658e-03  7.66340508e+00 
 7.66840658e-03  7.66840508e+00 
 7.67340658e-03  7.67340508e+00 
 7.67840658e-03  7.67840507e+00 
 7.68340658e-03  7.68340507e+00 
 7.68840658e-03  7.68840507e+00 
 7.69340658e-03  7.69340507e+00 
 7.69840658e-03  7.69840507e+00 
 7.70340658e-03  7.70340507e+00 
 7.70840658e-03  7.70840507e+00 
 7.71340658e-03  7.71340507e+00 
 7.71840658e-03  7.71840507e+00 
 7.72340658e-03  7.72340507e+00 
 7.72840658e-03  7.72840507e+00 
 7.73340658e-03  7.73340507e+00 
 7.73840658e-03  7.73840507e+00 
 7.74340658e-03  7.74340507e+00 
 7.74840658e-03  7.74840507e+00 
 7.75340658e-03  7.75340506e+00 
 7.75840658e-03  7.75840506e+00 
 7.76340658e-03  7.76340506e+00 
 7.76840658e-03  7.76840506e+00 
 7.77340658e-03  7.77340506e+00 
 7.77840658e-03  7.77840506e+00 
 7.78340658e-03  7.78340506e+00 
 7.78840658e-03  7.78840506e+00 
 7.79340658e-03  7.79340506e+00 
 7.79840658e-03  7.79840506e+00 
 7.80340658e-03  7.80340506e+00 
 7.80840658e-03  7.80840506e+00 
 7.81340658e-03  7.81340506e+00 
 7.81840658e-03  7.81840506e+00 
 7.82340658e-03  7.82340505e+00 
 7.82840658e-03  7.82840505e+00 
 7.83340658e-03  7.83340505e+00 
 7.83840658e-03  7.83840505e+00 
 7.84340658e-03  7.84340505e+00 
 7.84840658e-03  7.84840505e+00 
 7.85340658e-03  7.85340505e+00 
 7.85840658e-03  7.85840505e+00 
 7.86340658e-03  7.86340505e+00 
 7.86840658e-03  7.86840505e+00 
 7.87340658e-03  7.87340505e+00 
 7.87840658e-03  7.87840505e+00 
 7.88340658e-03  7.88340505e+00 
 7.88840658e-03  7.88840505e+00 
 7.89340658e-03  7.89340504e+00 
 7.89840658e-03  7.89840504e+00 
 7.90340658e-03  7.90340504e+00 
 7.90840658e-03  7.90840504e+00 
 7.91340658e-03  7.91340504e+00 
 7.91840658e-03  7.91840504e+00 
 7.92340658e-03  7.92340504e+00 
 7.92840658e-03  7.92840504e+00 
 7.93340658e-03  7.93340504e+00 
 7.93840658e-03  7.93840504e+00 
 7.94340658e-03  7.94340504e+00 
 7.94840658e-03  7.94840504e+00 
 7.95340658e-03  7.95340504e+00 
 7.95840658e-03  7.95840503e+00 
 7.96340658e-03  7.96340503e+00 
 7.96840658e-03  7.96840503e+00 
 7.97340658e-03  7.97340503e+00 
 7.97840658e-03  7.97840503e+00 
 7.98340658e-03  7.98340503e+00 
 7.98840658e-03  7.98840503e+00 
 7.99340658e-03  7.99340503e+00 
 7.99840658e-03  7.99840503e+00 
 8.00340658e-03  8.00340503e+00 
 8.00840658e-03  8.00840503e+00 
 8.01340658e-03  8.01340503e+00 
 8.01840658e-03  8.01840503e+00 
 8.02340658e-03  8.02340503e+00 
 8.02840658e-03  8.02840502e+00 
 8.03340658e-03  8.03340502e+00 
 8.03840658e-03  8.03840502e+00 
 8.04340658e-03  8.04340502e+00 
 8.04840658e-03  8.04840502e+00 
 8.05340658e-03  8.05340502e+00 
 8.05840658e-03  8.05840502e+00 
 8.06340658e-03  8.06340502e+00 
 8.06840658e-03  8.06840502e+00 
 8.07340658e-03  8.07340502e+00 
 8.07840658e-03  8.07840502e+00 
 8.08340658e-03  8.08340502e+00 
 8.08840658e-03  8.08840502e+00 
 8.09340658e-03  8.09340501e+00 
 8.09840658e-03  8.09840501e+00 
 8.10340658e-03  8.10340501e+00 
 8.10840658e-03  8.10840501e+00 
 8.11340658e-03  8.11340501e+00 
 8.11840658e-03  8.11840501e+00 
 8.12340658e-03  8.12340501e+00 
 8.12840658e-03  8.12840501e+00 
 8.13340658e-03  8.13340501e+00 
 8.13840658e-03  8.13840501e+00 
 8.14340658e-03  8.14340501e+00 
 8.14840658e-03  8.14840501e+00 
 8.15340658e-03  8.15340501e+00 
 8.15840658e-03  8.15840500e+00 
 8.16340658e-03  8.16340500e+00 
 8.16840658e-03  8.16840500e+00 
 8.17340658e-03  8.17340500e+00 
 8.17840658e-03  8.17840500e+00 
 8.18340658e-03  8.18340500e+00 
 8.18840658e-03  8.18840500e+00 
 8.19340658e-03  8.19340500e+00 
 8.19840658e-03  8.19840500e+00 
 8.20340658e-03  8.20340500e+00 
 8.20840658e-03  8.20840500e+00 
 8.21340658e-03  8.21340500e+00 
 8.21840658e-03  8.21840500e+00 
 8.22340658e-03  8.22340499e+00 
 8.22840658e-03  8.22840499e+00 
 8.23340658e-03  8.23340499e+00 
 8.23840658e-03  8.23840499e+00 
 8.24340658e-03  8.24340499e+00 
 8.24840658e-03  8.24840499e+00 
 8.25340658e-03  8.25340499e+00 
 8.25840658e-03  8.25840499e+00 
 8.26340658e-03  8.26340499e+00 
 8.26840658e-03  8.26840499e+00 
 8.27340658e-03  8.27340499e+00 
 8.27840658e-03  8.27840499e+00 
 8.28340658e-03  8.28340499e+00 
 8.28840658e-03  8.28840498e+00 
 8.29340658e-03  8.29340498e+00 
 8.29840658e-03  8.29840498e+00 
 8.30340658e-03  8.30340498e+00 
 8.30840658e-03  8.30840498e+00 
 8.31340658e-03  8.31340498e+00 
 8.31840658e-03  8.31840498e+00 
 8.32340658e-03  8.32340498e+00 
 8.32840658e-03  8.32840498e+00 
 8.33340658e-03  8.33340498e+00 
 8.33840658e-03  8.33840498e+00 
 8.34340658e-03  8.34340498e+00 
 8.34840658e-03  8.34840497e+00 
 8.35340658e-03  8.35340497e+00 
 8.35840658e-03  8.35840497e+00 
 8.36340658e-03  8.36340497e+00 
 8.36840658e-03  8.36840497e+00 
 8.37340658e-03  8.37340497e+00 
 8.37840658e-03  8.37840497e+00 
 8.38340658e-03  8.38340497e+00 
 8.38840658e-03  8.38840497e+00 
 8.39340658e-03  8.39340497e+00 
 8.39840658e-03  8.39840497e+00 
 8.40340658e-03  8.40340497e+00 
 8.40840658e-03  8.40840496e+00 
 8.41340658e-03  8.41340496e+00 
 8.41840658e-03  8.41840496e+00 
 8.42340658e-03  8.42340496e+00 
 8.42840658e-03  8.42840496e+00 
 8.43340658e-03  8.43340496e+00 
 8.43840658e-03  8.43840496e+00 
 8.44340658e-03  8.44340496e+00 
 8.44840658e-03  8.44840496e+00 
 8.45340658e-03  8.45340496e+00 
 8.45840658e-03  8.45840496e+00 
 8.46340658e-03  8.46340496e+00 
 8.46840658e-03  8.46840495e+00 
 8.47340658e-03  8.47340495e+00 
 8.47840658e-03  8.47840495e+00 
 8.48340658e-03  8.48340495e+00 
 8.48840658e-03  8.48840495e+00 
 8.49340658e-03  8.49340495e+00 
 8.49840658e-03  8.49840495e+00 
 8.50340658e-03  8.50340495e+00 
 8.50840658e-03  8.50840495e+00 
 8.51340658e-03  8.51340495e+00 
 8.51840658e-03  8.51840495e+00 
 8.52340658e-03  8.52340495e+00 
 8.52840658e-03  8.52840494e+00 
 8.53340658e-03  8.53340494e+00 
 8.53840658e-03  8.53840494e+00 
 8.54340658e-03  8.54340494e+00 
 8.54840658e-03  8.54840494e+00 
 8.55340658e-03  8.55340494e+00 
 8.55840658e-03  8.55840494e+00 
 8.56340658e-03  8.56340494e+00 
 8.56840658e-03  8.56840494e+00 
 8.57340658e-03  8.57340494e+00 
 8.57840658e-03  8.57840494e+00 
 8.58340658e-03  8.58340494e+00 
 8.58840658e-03  8.58840493e+00 
 8.59340658e-03  8.59340493e+00 
 8.59840658e-03  8.59840493e+00 
 8.60340658e-03  8.60340493e+00 
 8.60840658e-03  8.60840493e+00 
 8.61340658e-03  8.61340493e+00 
 8.61840658e-03  8.61840493e+00 
 8.62340658e-03  8.62340493e+00 
 8.62840658e-03  8.62840493e+00 
 8.63340658e-03  8.63340493e+00 
 8.63840658e-03  8.63840493e+00 
 8.64340658e-03  8.64340492e+00 
 8.64840658e-03  8.64840492e+00 
 8.65340658e-03  8.65340492e+00 
 8.65840658e-03  8.65840492e+00 
 8.66340658e-03  8.66340492e+00 
 8.66840658e-03  8.66840492e+00 
 8.67340658e-03  8.67340492e+00 
 8.67840658e-03  8.67840492e+00 
 8.68340658e-03  8.68340492e+00 
 8.68840658e-03  8.68840492e+00 
 8.69340658e-03  8.69340492e+00 
 8.69840658e-03  8.69840491e+00 
 8.70340658e-03  8.70340491e+00 
 8.70840658e-03  8.70840491e+00 
 8.71340658e-03  8.71340491e+00 
 8.71840658e-03  8.71840491e+00 
 8.72340658e-03  8.72340491e+00 
 8.72840658e-03  8.72840491e+00 
 8.73340658e-03  8.73340491e+00 
 8.73840658e-03  8.73840491e+00 
 8.74340658e-03  8.74340491e+00 
 8.74840658e-03  8.74840491e+00 
 8.75340658e-03  8.75340490e+00 
 8.75840658e-03  8.75840490e+00 
 8.76340658e-03  8.76340490e+00 
 8.76840658e-03  8.76840490e+00 
 8.77340658e-03  8.77340490e+00 
 8.77840658e-03  8.77840490e+00 
 8.78340658e-03  8.78340490e+00 
 8.78840658e-03  8.78840490e+00 
 8.79340658e-03  8.79340490e+00 
 8.79840658e-03  8.79840490e+00 
 8.80340658e-03  8.80340490e+00 
 8.80840658e-03  8.80840489e+00 
 8.81340658e-03  8.81340489e+00 
 8.81840658e-03  8.81840489e+00 
 8.82340658e-03  8.82340489e+00 
 8.82840658e-03  8.82840489e+00 
 8.83340658e-03  8.83340489e+00 
 8.83840658e-03  8.83840489e+00 
 8.84340658e-03  8.84340489e+00 
 8.84840658e-03  8.84840489e+00 
 8.85340658e-03  8.85340489e+00 
 8.85840658e-03  8.85840489e+00 
 8.86340658e-03  8.86340488e+00 
 8.86840658e-03  8.86840488e+00 
 8.87340658e-03  8.87340488e+00 
 8.87840658e-03  8.87840488e+00 
 8.88340658e-03  8.88340488e+00 
 8.88840658e-03  8.88840488e+00 
 8.89340658e-03  8.89340488e+00 
 8.89840658e-03  8.89840488e+00 
 8.90340658e-03  8.90340488e+00 
 8.90840658e-03  8.90840488e+00 
 8.91340658e-03  8.91340488e+00 
 8.91840658e-03  8.91840487e+00 
 8.92340658e-03  8.92340487e+00 
 8.92840658e-03  8.92840487e+00 
 8.93340658e-03  8.93340487e+00 
 8.93840658e-03  8.93840487e+00 
 8.94340658e-03  8.94340487e+00 
 8.94840658e-03  8.94840487e+00 
 8.95340658e-03  8.95340487e+00 
 8.95840658e-03  8.95840487e+00 
 8.96340658e-03  8.96340487e+00 
 8.96840658e-03  8.96840486e+00 
 8.97340658e-03  8.97340486e+00 
 8.97840658e-03  8.97840486e+00 
 8.98340658e-03  8.98340486e+00 
 8.98840658e-03  8.98840486e+00 
 8.99340658e-03  8.99340486e+00 
 8.99840658e-03  8.99840486e+00 
 9.00340658e-03  9.00340486e+00 
 9.00840658e-03  9.00840486e+00 
 9.01340658e-03  9.01340486e+00 
 9.01840658e-03  9.01840485e+00 
 9.02340658e-03  9.02340485e+00 
 9.02840658e-03  9.02840485e+00 
 9.03340658e-03  9.03340485e+00 
 9.03840658e-03  9.03840485e+00 
 9.04340658e-03  9.04340485e+00 
 9.04840658e-03  9.04840485e+00 
 9.05340658e-03  9.05340485e+00 
 9.05840658e-03  9.05840485e+00 
 9.06340658e-03  9.06340485e+00 
 9.06840658e-03  9.06840484e+00 
 9.07340658e-03  9.07340484e+00 
 9.07840658e-03  9.07840484e+00 
 9.08340658e-03  9.08340484e+00 
 9.08840658e-03  9.08840484e+00 
 9.09340658e-03  9.09340484e+00 
 9.09840658e-03  9.09840484e+00 
 9.10340658e-03  9.10340484e+00 
 9.10840658e-03  9.10840484e+00 
 9.11340658e-03  9.11340484e+00 
 9.11840658e-03  9.11840483e+00 
 9.12340658e-03  9.12340483e+00 
 9.12840658e-03  9.12840483e+00 
 9.13340658e-03  9.13340483e+00 
 9.13840658e-03  9.13840483e+00 
 9.14340658e-03  9.14340483e+00 
 9.14840658e-03  9.14840483e+00 
 9.15340658e-03  9.15340483e+00 
 9.15840658e-03  9.15840483e+00 
 9.16340658e-03  9.16340483e+00 
 9.16840658e-03  9.16840482e+00 
 9.17340658e-03  9.17340482e+00 
 9.17840658e-03  9.17840482e+00 
 9.18340658e-03  9.18340482e+00 
 9.18840658e-03  9.18840482e+00 
 9.19340658e-03  9.19340482e+00 
 9.19840658e-03  9.19840482e+00 
 9.20340658e-03  9.20340482e+00 
 9.20840658e-03  9.20840482e+00 
 9.21340658e-03  9.21340482e+00 
 9.21840658e-03  9.21840481e+00 
 9.22340658e-03  9.22340481e+00 
 9.22840658e-03  9.22840481e+00 
 9.23340658e-03  9.23340481e+00 
 9.23840658e-03  9.23840481e+00 
 9.24340658e-03  9.24340481e+00 
 9.24840658e-03  9.24840481e+00 
 9.25340658e-03  9.25340481e+00 
 9.25840658e-03  9.25840481e+00 
 9.26340658e-03  9.26340480e+00 
 9.26840658e-03  9.26840480e+00 
 9.27340658e-03  9.27340480e+00 
 9.27840658e-03  9.27840480e+00 
 9.28340658e-03  9.28340480e+00 
 9.28840658e-03  9.28840480e+00 
 9.29340658e-03  9.29340480e+00 
 9.29840658e-03  9.29840480e+00 
 9.30340658e-03  9.30340480e+00 
 9.30840658e-03  9.30840480e+00 
 9.31340658e-03  9.31340479e+00 
 9.31840658e-03  9.31840479e+00 
 9.32340658e-03  9.32340479e+00 
 9.32840658e-03  9.32840479e+00 
 9.33340658e-03  9.33340479e+00 
 9.33840658e-03  9.33840479e+00 
 9.34340658e-03  9.34340479e+00 
 9.34840658e-03  9.34840479e+00 
 9.35340658e-03  9.35340479e+00 
 9.35840658e-03  9.35840478e+00 
 9.36340658e-03  9.36340478e+00 
 9.36840658e-03  9.36840478e+00 
 9.37340658e-03  9.37340478e+00 
 9.37840658e-03  9.37840478e+00 
 9.38340658e-03  9.38340478e+00 
 9.38840658e-03  9.38840478e+00 
 9.39340658e-03  9.39340478e+00 
 9.39840658e-03  9.39840478e+00 
 9.40340658e-03  9.40340477e+00 
 9.40840658e-03  9.40840477e+00 
 9.41340658e-03  9.41340477e+00 
 9.41840658e-03  9.41840477e+00 
 9.42340658e-03  9.42340477e+00 
 9.42840658e-03  9.42840477e+00 
 9.43340658e-03  9.43340477e+00 
 9.43840658e-03  9.43840477e+00 
 9.44340658e-03  9.44340477e+00 
 9.44840658e-03  9.44840476e+00 
 9.45340658e-03  9.45340476e+00 
 9.45840658e-03  9.45840476e+00 
 9.46340658e-03  9.46340476e+00 
 9.46840658e-03  9.46840476e+00 
 9.47340658e-03  9.47340476e+00 
 9.47840658e-03  9.47840476e+00 
 9.48340658e-03  9.48340476e+00 
 9.48840658e-03  9.48840476e+00 
 9.49340658e-03  9.49340475e+00 
 9.49840658e-03  9.49840475e+00 
 9.50340658e-03  9.50340475e+00 
 9.50840658e-03  9.50840475e+00 
 9.51340658e-03  9.51340475e+00 
 9.51840658e-03  9.51840475e+00 
 9.52340658e-03  9.52340475e+00 
 9.52840658e-03  9.52840475e+00 
 9.53340658e-03  9.53340475e+00 
 9.53840658e-03  9.53840474e+00 
 9.54340658e-03  9.54340474e+00 
 9.54840658e-03  9.54840474e+00 
 9.55340658e-03  9.55340474e+00 
 9.55840658e-03  9.55840474e+00 
 9.56340658e-03  9.56340474e+00 
 9.56840658e-03  9.56840474e+00 
 9.57340658e-03  9.57340474e+00 
 9.57840658e-03  9.57840473e+00 
 9.58340658e-03  9.58340473e+00 
 9.58840658e-03  9.58840473e+00 
 9.59340658e-03  9.59340473e+00 
 9.59840658e-03  9.59840473e+00 
 9.60340658e-03  9.60340473e+00 
 9.60840658e-03  9.60840473e+00 
 9.61340658e-03  9.61340473e+00 
 9.61840658e-03  9.61840473e+00 
 9.62340658e-03  9.62340472e+00 
 9.62840658e-03  9.62840472e+00 
 9.63340658e-03  9.63340472e+00 
 9.63840658e-03  9.63840472e+00 
 9.64340658e-03  9.64340472e+00 
 9.64840658e-03  9.64840472e+00 
 9.65340658e-03  9.65340472e+00 
 9.65840658e-03  9.65840472e+00 
 9.66340658e-03  9.66340471e+00 
 9.66840658e-03  9.66840471e+00 
 9.67340658e-03  9.67340471e+00 
 9.67840658e-03  9.67840471e+00 
 9.68340658e-03  9.68340471e+00 
 9.68840658e-03  9.68840471e+00 
 9.69340658e-03  9.69340471e+00 
 9.69840658e-03  9.69840471e+00 
 9.70340658e-03  9.70340471e+00 
 9.70840658e-03  9.70840470e+00 
 9.71340658e-03  9.71340470e+00 
 9.71840658e-03  9.71840470e+00 
 9.72340658e-03  9.72340470e+00 
 9.72840658e-03  9.72840470e+00 
 9.73340658e-03  9.73340470e+00 
 9.73840658e-03  9.73840470e+00 
 9.74340658e-03  9.74340470e+00 
 9.74840658e-03  9.74840469e+00 
 9.75340658e-03  9.75340469e+00 
 9.75840658e-03  9.75840469e+00 
 9.76340658e-03  9.76340469e+00 
 9.76840658e-03  9.76840469e+00 
 9.77340658e-03  9.77340469e+00 
 9.77840658e-03  9.77840469e+00 
 9.78340658e-03  9.78340469e+00 
 9.78840658e-03  9.78840468e+00 
 9.79340658e-03  9.79340468e+00 
 9.79840658e-03  9.79840468e+00 
 9.80340658e-03  9.80340468e+00 
 9.80840658e-03  9.80840468e+00 
 9.81340658e-03  9.81340468e+00 
 9.81840658e-03  9.81840468e+00 
 9.82340658e-03  9.82340468e+00 
 9.82840658e-03  9.82840467e+00 
 9.83340658e-03  9.83340467e+00 
 9.83840658e-03  9.83840467e+00 
 9.84340658e-03  9.84340467e+00 
 9.84840658e-03  9.84840467e+00 
 9.85340658e-03  9.85340467e+00 
 9.85840658e-03  9.85840467e+00 
 9.86340658e-03  9.86340467e+00 
 9.86840658e-03  9.86840466e+00 
 9.87340658e-03  9.87340466e+00 
 9.87840658e-03  9.87840466e+00 
 9.88340658e-03  9.88340466e+00 
 9.88840658e-03  9.88840466e+00 
 9.89340658e-03  9.89340466e+00 
 9.89840658e-03  9.89840466e+00 
 9.90340658e-03  9.90340466e+00 
 9.90840658e-03  9.90840465e+00 
 9.91340658e-03  9.91340465e+00 
 9.91840658e-03  9.91840465e+00 
 9.92340658e-03  9.92340465e+00 
 9.92840658e-03  9.92840465e+00 
 9.93340658e-03  9.93340465e+00 
 9.93840658e-03  9.93840465e+00 
 9.94340658e-03  9.94340464e+00 
 9.94840658e-03  9.94840464e+00 
 9.95340658e-03  9.95340464e+00 
 9.95840658e-03  9.95840464e+00 
 9.96340658e-03  9.96340464e+00 
 9.96840658e-03  9.96840464e+00 
 9.97340658e-03  9.97340464e+00 
 9.97840658e-03  9.97840464e+00 
 9.98340658e-03  9.98340463e+00 
 9.98840658e-03  9.98840463e+00 
 9.99340658e-03  9.99340463e+00 
 9.99840658e-03  9.99840463e+00 
 1.00034066e-02  1.00034046e+01 
 1.00084066e-02  1.00084046e+01 
 1.00134066e-02  1.00134046e+01 
 1.00184066e-02  1.00184046e+01 
 1.00234066e-02  1.00234046e+01 
 1.00284066e-02  1.00284046e+01 
 1.00334066e-02  1.00334046e+01 
 1.00384066e-02  1.00384046e+01 
 1.00434066e-02  1.00434046e+01 
 1.00484066e-02  1.00484046e+01 
 1.00534066e-02  1.00534046e+01 
 1.00584066e-02  1.00584046e+01 
 1.00634066e-02  1.00634046e+01 
 1.00684066e-02  1.00684046e+01 
 1.00734066e-02  1.00734046e+01 
 1.00784066e-02  1.00784046e+01 
 1.00834066e-02  1.00834046e+01 
 1.00884066e-02  1.00884046e+01 
 1.00934066e-02  1.00934046e+01 
 1.00984066e-02  1.00984046e+01 
 1.01034066e-02  1.01034046e+01 
 1.01084066e-02  1.01084046e+01 
 1.01134066e-02  1.01134046e+01 
 1.01184066e-02  1.01184046e+01 
 1.01234066e-02  1.01234046e+01 
 1.01284066e-02  1.01284046e+01 
 1.01334066e-02  1.01334046e+01 
 1.01384066e-02  1.01384046e+01 
 1.01434066e-02  1.01434046e+01 
 1.01484066e-02  1.01484046e+01 
 1.01534066e-02  1.01534046e+01 
 1.01584066e-02  1.01584046e+01 
 1.01634066e-02  1.01634046e+01 
 1.01684066e-02  1.01684046e+01 
 1.01734066e-02  1.01734046e+01 
 1.01784066e-02  1.01784046e+01 
 1.01834066e-02  1.01834046e+01 
 1.01884066e-02  1.01884046e+01 
 1.01934066e-02  1.01934046e+01 
 1.01984066e-02  1.01984046e+01 
 1.02034066e-02  1.02034046e+01 
 1.02084066e-02  1.02084046e+01 
 1.02134066e-02  1.02134046e+01 
 1.02184066e-02  1.02184046e+01 
 1.02234066e-02  1.02234046e+01 
 1.02284066e-02  1.02284046e+01 
 1.02334066e-02  1.02334046e+01 
 1.02384066e-02  1.02384046e+01 
 1.02434066e-02  1.02434046e+01 
 1.02484066e-02  1.02484046e+01 
 1.02534066e-02  1.02534046e+01 
 1.02584066e-02  1.02584046e+01 
 1.02634066e-02  1.02634046e+01 
 1.02684066e-02  1.02684046e+01 
 1.02734066e-02  1.02734046e+01 
 1.02784066e-02  1.02784046e+01 
 1.02834066e-02  1.02834046e+01 
 1.02884066e-02  1.02884045e+01 
 1.02934066e-02  1.02934045e+01 
 1.02984066e-02  1.02984045e+01 
 1.03034066e-02  1.03034045e+01 
 1.03084066e-02  1.03084045e+01 
 1.03134066e-02  1.03134045e+01 
 1.03184066e-02  1.03184045e+01 
 1.03234066e-02  1.03234045e+01 
 1.03284066e-02  1.03284045e+01 
 1.03334066e-02  1.03334045e+01 
 1.03384066e-02  1.03384045e+01 
 1.03434066e-02  1.03434045e+01 
 1.03484066e-02  1.03484045e+01 
 1.03534066e-02  1.03534045e+01 
 1.03584066e-02  1.03584045e+01 
 1.03634066e-02  1.03634045e+01 
 1.03684066e-02  1.03684045e+01 
 1.03734066e-02  1.03734045e+01 
 1.03784066e-02  1.03784045e+01 
 1.03834066e-02  1.03834045e+01 
 1.03884066e-02  1.03884045e+01 
 1.03934066e-02  1.03934045e+01 
 1.03984066e-02  1.03984045e+01 
 1.04034066e-02  1.04034045e+01 
 1.04084066e-02  1.04084045e+01 
 1.04134066e-02  1.04134045e+01 
 1.04184066e-02  1.04184045e+01 
 1.04234066e-02  1.04234045e+01 
 1.04284066e-02  1.04284045e+01 
 1.04334066e-02  1.04334045e+01 
 1.04384066e-02  1.04384045e+01 
 1.04434066e-02  1.04434045e+01 
 1.04484066e-02  1.04484045e+01 
 1.04534066e-02  1.04534045e+01 
 1.04584066e-02  1.04584045e+01 
 1.04634066e-02  1.04634045e+01 
 1.04684066e-02  1.04684045e+01 
 1.04734066e-02  1.04734045e+01 
 1.04784066e-02  1.04784045e+01 
 1.04834066e-02  1.04834045e+01 
 1.04884066e-02  1.04884045e+01 
 1.04934066e-02  1.04934045e+01 
 1.04984066e-02  1.04984045e+01 
 1.05000000e-02  1.04999979e+01 
