 5.00000000e-09  5.36159748e-05 
 5.14019886e-09  5.29844154e-05 
 5.42059659e-09  5.17995044e-05 
 5.98139205e-09  4.99177053e-05 
 6.77335439e-09  4.80052476e-05 
 8.02712986e-09  4.59189764e-05 
 1.05346808e-08  4.32658145e-05 
 1.55497827e-08  4.01929920e-05 
 2.55799864e-08  3.69469182e-05 
 4.56127031e-08  3.37333360e-05 
 5.94323017e-08  3.26784543e-05 
 7.41960843e-08  3.19529231e-05 
 8.34842797e-08  3.16080895e-05 
 9.41013552e-08  3.12675787e-05 
 1.06648297e-07  3.09079069e-05 
 1.20280253e-07  3.05546319e-05 
 1.39375642e-07  3.01089175e-05 
 1.59800289e-07  2.96823617e-05 
 1.89927995e-07  2.91246374e-05 
 2.32823585e-07  2.84381516e-05 
 2.92530324e-07  2.76293404e-05 
 3.54641918e-07  2.69161481e-05 
 4.62170983e-07  2.58766544e-05 
 5.00000000e-07  2.55594268e-05 
 5.10241323e-07  2.54780864e-05 
 5.30723968e-07  2.53181036e-05 
 5.62180792e-07  2.50801671e-05 
 6.25094441e-07  2.46300127e-05 
 6.60417770e-07  2.43909932e-05 
 6.90759021e-07  2.41927391e-05 
 7.22045461e-07  2.39944875e-05 
 7.36539402e-07  2.39046608e-05 
 7.44280915e-07  2.38571828e-05 
 7.49877242e-07  2.38230705e-05 
 7.54408762e-07  2.37955747e-05 
 7.59517964e-07  2.37647066e-05 
 7.68231654e-07  2.37123797e-05 
 7.85659035e-07  2.36088965e-05 
 8.15696218e-07  2.34340288e-05 
 8.55008591e-07  2.32114186e-05 
 9.17019827e-07  2.28733223e-05 
 9.76345763e-07  2.25633679e-05 
 1.00000000e-06  2.24432645e-05 
 1.00557721e-06  2.24152804e-05 
 1.01673162e-06  2.23595528e-05 
 1.03904045e-06  2.22492135e-05 
 1.06171111e-06  2.21385958e-05 
 1.08701997e-06  2.20168490e-05 
 1.12390253e-06  2.18425668e-05 
 1.18346488e-06  2.15684485e-05 
 1.28488214e-06  2.11204438e-05 
 1.39447671e-06  2.06599064e-05 
 1.50368544e-06  2.02224738e-05 
 1.69779992e-06  1.94892432e-05 
 2.08602886e-06  1.81553296e-05 
 2.77464039e-06  1.61002039e-05 
 3.50564987e-06  1.42358715e-05 
 4.37182040e-06  1.23315966e-05 
 5.00000000e-06  1.11153880e-05 
 5.12091824e-06  1.08983643e-05 
 5.36275473e-06  1.04730500e-05 
 5.84642771e-06  9.66180483e-06 
 6.81377366e-06  8.18362914e-06 
 8.74846555e-06  5.70035711e-06 
 1.26178494e-05  2.10270435e-06 
 1.76178494e-05 -7.74189600e-07 
 2.26178494e-05 -2.34966053e-06 
 2.76178494e-05 -2.91540165e-06 
 3.26178494e-05 -2.92779156e-06 
 3.76178494e-05 -2.72072544e-06 
 4.26178494e-05 -2.39278050e-06 
 4.76178494e-05 -1.86803565e-06 
 5.26178494e-05 -1.42656640e-06 
 5.76178494e-05 -1.05940803e-06 
 6.26178494e-05 -7.54447575e-07 
 6.76178494e-05 -5.01243019e-07 
 7.26178494e-05 -2.91686303e-07 
 7.76178494e-05 -1.17896546e-07 
 8.26178494e-05  1.36405681e-08 
 8.76178494e-05  1.16434577e-07 
 9.26178494e-05  2.30158798e-07 
 9.76178494e-05  3.12459152e-07 
 1.02617849e-04  3.68050156e-07 
 1.07617849e-04  4.02110034e-07 
 1.12617849e-04  4.15850436e-07 
 1.17617849e-04  4.12139436e-07 
 1.22617849e-04  4.01637010e-07 
 1.27617849e-04  3.85622668e-07 
 1.32617849e-04  3.65034670e-07 
 1.37617849e-04  3.40715897e-07 
 1.42617849e-04  3.13466728e-07 
 1.47617849e-04  2.84039794e-07 
 1.52617849e-04  2.53124946e-07 
 1.57617849e-04  2.21336815e-07 
 1.62617849e-04  1.89210886e-07 
 1.67617849e-04  1.57205224e-07 
 1.72617849e-04  1.25702944e-07 
 1.77617849e-04  9.97342597e-08 
 1.82617849e-04  7.38674616e-08 
 1.87617849e-04  4.79870776e-08 
 1.92617849e-04  2.25530281e-08 
 1.97617849e-04 -2.64472335e-09 
 2.02617849e-04 -3.26901146e-08 
 2.07617849e-04 -5.88152105e-08 
 2.12617849e-04 -8.15694853e-08 
 2.17617849e-04 -1.01527919e-07 
 2.22617849e-04 -1.19136451e-07 
 2.27617849e-04 -1.34708999e-07 
 2.32617849e-04 -1.48463767e-07 
 2.37617849e-04 -1.60488140e-07 
 2.42617849e-04 -1.70952300e-07 
 2.47617849e-04 -1.79993813e-07 
 2.52617849e-04 -1.87695016e-07 
 2.57617849e-04 -1.94120392e-07 
 2.62617849e-04 -1.99342890e-07 
 2.67617849e-04 -2.03434643e-07 
 2.72617849e-04 -2.06466753e-07 
 2.77617849e-04 -2.08508981e-07 
 2.82617849e-04 -2.09629424e-07 
 2.87617849e-04 -2.09894215e-07 
 2.92617849e-04 -2.09367264e-07 
 2.97617849e-04 -2.08110042e-07 
 3.02617849e-04 -2.04069655e-07 
 3.07617849e-04 -1.99992464e-07 
 3.12617849e-04 -1.96261273e-07 
 3.17617849e-04 -1.92588500e-07 
 3.22617849e-04 -1.88766897e-07 
 3.27617849e-04 -1.84676116e-07 
 3.32617849e-04 -1.80203349e-07 
 3.37617849e-04 -1.75249258e-07 
 3.42617849e-04 -1.69933132e-07 
 3.47617849e-04 -1.64469727e-07 
 3.52617849e-04 -1.58841069e-07 
 3.57617849e-04 -1.52955982e-07 
 3.62617849e-04 -1.46841006e-07 
 3.67617849e-04 -1.40524042e-07 
 3.72617849e-04 -1.34031713e-07 
 3.77617849e-04 -1.27106325e-07 
 3.82617849e-04 -1.19964167e-07 
 3.87617849e-04 -1.12686880e-07 
 3.92617849e-04 -1.05399350e-07 
 3.97617849e-04 -9.84824589e-08 
 4.02617849e-04 -9.15072026e-08 
 4.07617849e-04 -8.44790707e-08 
 4.12617849e-04 -7.74093043e-08 
 4.17617849e-04 -7.03135980e-08 
 4.22617849e-04 -6.32107260e-08 
 4.27617849e-04 -5.61213016e-08 
 4.32617849e-04 -4.95048540e-08 
 4.37617849e-04 -4.27647681e-08 
 4.42617849e-04 -3.59189637e-08 
 4.47617849e-04 -3.17301926e-08 
 4.52617849e-04 -2.71346228e-08 
 4.57617849e-04 -2.15599113e-08 
 4.62617849e-04 -1.54362681e-08 
 4.67617849e-04 -9.07935391e-09 
 4.72617849e-04 -2.69712381e-09 
 4.77617849e-04  2.77678530e-09 
 4.82617849e-04  7.70928164e-09 
 4.87617849e-04  1.27747612e-08 
 4.92617849e-04  1.78706669e-08 
 4.97617849e-04  2.29108870e-08 
 5.02617849e-04  2.78408174e-08 
 5.07617849e-04  3.26102621e-08 
 5.12617849e-04  3.72081240e-08 
 5.17617849e-04  4.16293050e-08 
 5.22617849e-04  4.58779459e-08 
 5.27617849e-04  4.99654941e-08 
 5.32617849e-04  5.39068102e-08 
 5.37617849e-04  5.77202471e-08 
 5.42617849e-04  6.14259123e-08 
 5.47617849e-04  6.50447879e-08 
 5.52617849e-04  6.85980913e-08 
 5.57617849e-04  7.21068487e-08 
 5.62617849e-04  7.55916270e-08 
 5.67617849e-04  7.90723478e-08 
 5.72617849e-04  8.25680929e-08 
 5.77617849e-04  8.60976500e-08 
 5.82617849e-04  8.96789512e-08 
 5.87617849e-04  9.33292690e-08 
 5.92617849e-04  9.70652398e-08 
 5.97617849e-04  1.00902893e-07 
 6.02617849e-04  1.04857671e-07 
 6.07617849e-04  1.08944434e-07 
 6.12617849e-04  1.13177461e-07 
 6.17617849e-04  1.17570434e-07 
 6.22617849e-04  1.22136409e-07 
 6.27617849e-04  1.26887798e-07 
 6.32617849e-04  1.31836324e-07 
 6.37617849e-04  1.36992987e-07 
 6.42617849e-04  1.42368034e-07 
 6.47617849e-04  1.47970930e-07 
 6.52617849e-04  1.53810329e-07 
 6.57617849e-04  1.59894072e-07 
 6.62617849e-04  1.66010852e-07 
 6.67617849e-04  1.71332988e-07 
 6.72617849e-04  1.77300241e-07 
 6.77617849e-04  1.83842004e-07 
 6.82617849e-04  1.90877156e-07 
 6.87617849e-04  1.98339855e-07 
 6.92617849e-04  2.06183097e-07 
 6.97617849e-04  2.14375673e-07 
 7.02617849e-04  2.22898064e-07 
 7.07617849e-04  2.31742178e-07 
 7.12617849e-04  2.40897277e-07 
 7.17617849e-04  2.50359346e-07 
 7.22617849e-04  2.60132771e-07 
 7.27617849e-04  2.70213140e-07 
 7.32617849e-04  2.80610574e-07 
 7.37617849e-04  2.91334252e-07 
 7.42617849e-04  3.02395504e-07 
 7.47617849e-04  3.13807803e-07 
 7.52617849e-04  3.25586885e-07 
 7.57617849e-04  3.37751025e-07 
 7.62617849e-04  3.50321392e-07 
 7.67617849e-04  3.63322462e-07 
 7.72617849e-04  3.76782451e-07 
 7.77617849e-04  3.90733780e-07 
 7.82617849e-04  4.05213550e-07 
 7.87617849e-04  4.20264048e-07 
 7.92617849e-04  4.35933264e-07 
 7.97617849e-04  4.52275461e-07 
 8.02617849e-04  4.69351763e-07 
 8.07617849e-04  4.87230808e-07 
 8.12617849e-04  5.05989460e-07 
 8.17617849e-04  5.25713585e-07 
 8.22617849e-04  5.46498930e-07 
 8.27617849e-04  5.68452091e-07 
 8.32617849e-04  5.91691602e-07 
 8.37617849e-04  6.16349159e-07 
 8.42617849e-04  6.42571002e-07 
 8.47617849e-04  6.70519471e-07 
 8.52617849e-04  7.00374771e-07 
 8.57617849e-04  7.32428401e-07 
 8.62617849e-04  7.66946792e-07 
 8.67617849e-04  8.03866567e-07 
 8.72617849e-04  8.43637106e-07 
 8.77617849e-04  8.86468650e-07 
 8.82617849e-04  9.32638934e-07 
 8.87617849e-04  9.82685443e-07 
 8.92617849e-04  1.03705384e-06 
 8.97617849e-04  1.09622987e-06 
 9.02617849e-04  1.16074732e-06 
 9.07617849e-04  1.23119652e-06 
 9.12617849e-04  1.30823279e-06 
 9.17617849e-04  1.39259009e-06 
 9.22617849e-04  1.48509398e-06 
 9.27617849e-04  1.58656522e-06 
 9.32617849e-04  1.69809777e-06 
 9.37617849e-04  1.82091137e-06 
 9.42617849e-04  1.95624978e-06 
 9.47617849e-04  2.10504236e-06 
 9.52617849e-04  2.26742539e-06 
 9.57617849e-04  2.44387489e-06 
 9.62617849e-04  2.63859637e-06 
 9.67617849e-04  2.85618570e-06 
 9.72617849e-04  3.10086812e-06 
 9.77617849e-04  3.37589231e-06 
 9.82617849e-04  3.68414884e-06 
 9.87617849e-04  4.02871917e-06 
 9.92617849e-04  4.41347216e-06 
 9.97617849e-04  4.84264707e-06 
 1.00261785e-03  5.32095290e-06 
 1.00761785e-03  5.85365301e-06 
 1.01261785e-03  6.44479306e-06 
 1.01761785e-03  7.09190392e-06 
 1.02261785e-03  7.81650465e-06 
 1.02761785e-03  8.62331928e-06 
 1.03261785e-03  9.51159895e-06 
 1.03761785e-03  1.04680801e-05 
 1.04261785e-03  1.14432375e-05 
 1.04761785e-03  1.23204323e-05 
 1.05261785e-03  1.29924322e-05 
 1.05761785e-03  1.34236673e-05 
 1.06261785e-03  1.36796341e-05 
 1.06761785e-03  1.38376473e-05 
 1.07261785e-03  1.39557332e-05 
 1.07761785e-03  1.40679350e-05 
 1.08261785e-03  1.41902647e-05 
 1.08761785e-03  1.43281284e-05 
 1.09261785e-03  1.44821274e-05 
 1.09761785e-03  1.46514715e-05 
 1.10261785e-03  1.48355382e-05 
 1.10761785e-03  1.50343931e-05 
 1.11261785e-03  1.52488387e-05 
 1.11761785e-03  1.54803221e-05 
 1.12261785e-03  1.57308503e-05 
 1.12761785e-03  1.60029552e-05 
 1.13261785e-03  1.62997085e-05 
 1.13761785e-03  1.66247761e-05 
 1.14261785e-03  1.69825043e-05 
 1.14761785e-03  1.73780396e-05 
 1.15261785e-03  1.78174823e-05 
 1.15761785e-03  1.83080839e-05 
 1.16261785e-03  1.88584960e-05 
 1.16761785e-03  1.94790789e-05 
 1.17261785e-03  2.01823018e-05 
 1.17761785e-03  2.09832359e-05 
 1.18261785e-03  2.19001863e-05 
 1.18761785e-03  2.29554948e-05 
 1.19261785e-03  2.41765661e-05 
 1.19761785e-03  2.55971858e-05 
 1.20261785e-03  2.72592193e-05 
 1.20761785e-03  2.92148216e-05 
 1.21261785e-03  3.15293084e-05 
 1.21761785e-03  3.42849206e-05 
 1.22261785e-03  3.75857793e-05 
 1.22761785e-03  4.15644412e-05 
 1.23261785e-03  4.63906143e-05 
 1.23761785e-03  5.22828095e-05 
 1.24261785e-03  5.95239959e-05 
 1.24761785e-03  6.84827518e-05 
 1.25261785e-03  7.96422816e-05 
 1.25761785e-03  9.36387176e-05 
 1.26261785e-03  1.11314072e-04 
 1.26761785e-03  1.33796265e-04 
 1.27261785e-03  1.62597814e-04 
 1.27761785e-03  1.99762757e-04 
 1.28261785e-03  2.48071972e-04 
 1.28761785e-03  3.11335194e-04 
 1.29261785e-03  3.94806630e-04 
 1.29761785e-03  5.05860434e-04 
 1.30261785e-03  6.54620299e-04 
 1.30761785e-03  8.55314473e-04 
 1.31261785e-03  1.12791267e-03 
 1.31761785e-03  1.50031667e-03 
 1.32261785e-03  2.01122538e-03 
 1.32761785e-03  2.71364577e-03 
 1.33261785e-03  3.67888107e-03 
 1.33761785e-03  5.00057604e-03 
 1.34261785e-03  6.79806536e-03 
 1.34761785e-03  9.21792706e-03 
 1.35261785e-03  1.24325241e-02 
 1.35761785e-03  1.66348499e-02 
 1.36261785e-03  2.20304074e-02 
 1.36761785e-03  2.88284062e-02 
 1.37261785e-03  3.72346720e-02 
 1.37761785e-03  4.74467007e-02 
 1.38261785e-03  5.96486369e-02 
 1.38761785e-03  7.40018865e-02 
 1.39261785e-03  9.06241848e-02 
 1.39761785e-03  1.09541908e-01 
 1.40261785e-03  1.30586826e-01 
 1.40761785e-03  1.53254286e-01 
 1.41261785e-03  1.76699371e-01 
 1.41761785e-03  1.99722044e-01 
 1.42261785e-03  2.21024307e-01 
 1.42761785e-03  2.39221838e-01 
 1.43261785e-03  2.52813942e-01 
 1.43761785e-03  2.60170797e-01 
 1.44261785e-03  2.59601731e-01 
 1.44761785e-03  2.49117829e-01 
 1.45261785e-03  2.24750916e-01 
 1.45761785e-03  1.77250257e-01 
 1.46261785e-03  1.38220282e-01 
 1.46761785e-03  9.47737476e-01 
 1.47211556e-03  9.98597043e-01 
 1.47648539e-03  1.04570873e+00 
 1.48148539e-03  1.09839211e+00 
 1.48648539e-03  1.14922918e+00 
 1.49148539e-03  1.19758086e+00 
 1.49648539e-03  1.24280063e+00 
 1.50148539e-03  1.28435075e+00 
 1.50648539e-03  1.32189805e+00 
 1.51148539e-03  1.35533645e+00 
 1.51648539e-03  1.38475277e+00 
 1.52148539e-03  1.41038799e+00 
 1.52648539e-03  1.43258582e+00 
 1.53148539e-03  1.45174522e+00 
 1.53648539e-03  1.46828140e+00 
 1.54148539e-03  1.48259719e+00 
 1.54648539e-03  1.49506455e+00 
 1.55148539e-03  1.50601445e+00 
 1.55648539e-03  1.51573309e+00 
 1.56148539e-03  1.52446250e+00 
 1.56648539e-03  1.53240367e+00 
 1.57148539e-03  1.53972118e+00 
 1.57648539e-03  1.54654814e+00 
 1.58148539e-03  1.55299121e+00 
 1.58648539e-03  1.55913517e+00 
 1.59148539e-03  1.56504690e+00 
 1.59648539e-03  1.57077888e+00 
 1.60148539e-03  1.57637211e+00 
 1.60648539e-03  1.58185841e+00 
 1.61148539e-03  1.58726244e+00 
 1.61648539e-03  1.59260322e+00 
 1.62148539e-03  1.59789536e+00 
 1.62648539e-03  1.60315008e+00 
 1.63148539e-03  1.60837593e+00 
 1.63648539e-03  1.61357946e+00 
 1.64148539e-03  1.61876564e+00 
 1.64648539e-03  1.62393824e+00 
 1.65148539e-03  1.62910014e+00 
 1.65648539e-03  1.63425349e+00 
 1.66148539e-03  1.63939995e+00 
 1.66648539e-03  1.64454075e+00 
 1.67148539e-03  1.64967684e+00 
 1.67648539e-03  1.65480892e+00 
 1.68148539e-03  1.65993752e+00 
 1.68211039e-03  1.66057833e+00 
 1.68305847e-03  1.66155032e+00 
 1.68317061e-03  1.66166529e+00 
 1.68339491e-03  1.66189523e+00 
 1.68359417e-03  1.66209950e+00 
 1.68379949e-03  1.66230996e+00 
 1.68385082e-03  1.66236256e+00 
 1.68395347e-03  1.66246774e+00 
 1.68409511e-03  1.66261264e+00 
 1.68427887e-03  1.66279316e+00 
 1.68435604e-03  3.49063687e-03 
 1.68439205e-03 -5.90590098e-04 
 1.68441601e-03 -5.57933479e-05 
 1.68444035e-03  1.03689960e-05 
 1.68446618e-03 -2.14545140e-06 
 1.68450105e-03  5.33757718e-07 
 1.68453677e-03  2.11536954e-06 
 1.68457740e-03  1.86321163e-06 
 1.68463611e-03  1.77295455e-06 
 1.68475353e-03  1.77967335e-06 
 1.68498836e-03  1.78185088e-06 
 1.68545801e-03  1.78118880e-06 
 1.68639733e-03  1.78024042e-06 
 1.68827597e-03  1.77835508e-06 
 1.69203325e-03  1.77460969e-06 
 1.69703325e-03  1.76968821e-06 
 1.70203325e-03  1.76483618e-06 
 1.70703325e-03  1.76005158e-06 
 1.71203325e-03  1.75533260e-06 
 1.71703325e-03  1.75067758e-06 
 1.72203325e-03  1.74608501e-06 
 1.72703325e-03  1.74155351e-06 
 1.73203325e-03  1.73708178e-06 
 1.73703325e-03  1.73266860e-06 
 1.74203325e-03  1.72831282e-06 
 1.74703325e-03  1.72401333e-06 
 1.75203325e-03  1.71976908e-06 
 1.75703325e-03  1.71557906e-06 
 1.76203325e-03  1.71144227e-06 
 1.76703325e-03  1.70735777e-06 
 1.77203325e-03  1.70332463e-06 
 1.77703325e-03  1.69934196e-06 
 1.78203325e-03  1.69540887e-06 
 1.78703325e-03  1.69152452e-06 
 1.79203325e-03  1.68768807e-06 
 1.79703325e-03  1.68389871e-06 
 1.80203325e-03  1.68015565e-06 
 1.80703325e-03  1.67645813e-06 
 1.81203325e-03  1.67280537e-06 
 1.81703325e-03  1.66919665e-06 
 1.82203325e-03  1.66563125e-06 
 1.82703325e-03  1.66210846e-06 
 1.83203325e-03  1.65862760e-06 
 1.83703325e-03  1.65518799e-06 
 1.84203325e-03  1.65178897e-06 
 1.84703325e-03  1.64842991e-06 
 1.85203325e-03  1.64511017e-06 
 1.85703325e-03  1.64182914e-06 
 1.86203325e-03  1.63858622e-06 
 1.86703325e-03  1.63538081e-06 
 1.87203325e-03  1.63221235e-06 
 1.87703325e-03  1.62908026e-06 
 1.88203325e-03  1.62598400e-06 
 1.88703325e-03  1.62292303e-06 
 1.89203325e-03  1.61989681e-06 
 1.89703325e-03  1.61690483e-06 
 1.90203325e-03  1.61394658e-06 
 1.90703325e-03  1.61102157e-06 
 1.91203325e-03  1.60812930e-06 
 1.91703325e-03  1.60526931e-06 
 1.92203325e-03  1.60244113e-06 
 1.92703325e-03  1.59964429e-06 
 1.93203325e-03  1.59687836e-06 
 1.93703325e-03  1.59414289e-06 
 1.94203325e-03  1.59143745e-06 
 1.94703325e-03  1.58876163e-06 
 1.95203325e-03  1.58611501e-06 
 1.95703325e-03  1.58349720e-06 
 1.96203325e-03  1.58090778e-06 
 1.96703325e-03  1.57834638e-06 
 1.97203325e-03  1.57581261e-06 
 1.97703325e-03  1.57330609e-06 
 1.98203325e-03  1.57082645e-06 
 1.98703325e-03  1.56837334e-06 
 1.99203325e-03  1.56594637e-06 
 1.99703325e-03  1.56354520e-06 
 2.00203325e-03  1.56116947e-06 
 2.00703325e-03  1.55881884e-06 
 2.01203325e-03  1.55649295e-06 
 2.01703325e-03  1.55419147e-06 
 2.02203325e-03  1.55191407e-06 
 2.02703325e-03  1.54966043e-06 
 2.03203325e-03  1.54743021e-06 
 2.03703325e-03  1.54522313e-06 
 2.04203325e-03  1.54303886e-06 
 2.04703325e-03  1.54087712e-06 
 2.05203325e-03  1.53873762e-06 
 2.05703325e-03  1.53662008e-06 
 2.06203325e-03  1.53452422e-06 
 2.06703325e-03  1.53244978e-06 
 2.07203325e-03  1.53039648e-06 
 2.07703325e-03  1.52836408e-06 
 2.08203325e-03  1.52635232e-06 
 2.08703325e-03  1.52436095e-06 
 2.09203325e-03  1.52238972e-06 
 2.09703325e-03  1.52043840e-06 
 2.10203325e-03  1.51850675e-06 
 2.10703325e-03  1.51659454e-06 
 2.11203325e-03  1.51470154e-06 
 2.11703325e-03  1.51282751e-06 
 2.12203325e-03  1.51097225e-06 
 2.12703325e-03  1.50913554e-06 
 2.13203325e-03  1.50731715e-06 
 2.13703325e-03  1.50551687e-06 
 2.14203325e-03  1.50373451e-06 
 2.14703325e-03  1.50196984e-06 
 2.15203325e-03  1.50022268e-06 
 2.15703325e-03  1.49849282e-06 
 2.16203325e-03  1.49678006e-06 
 2.16703325e-03  1.49508421e-06 
 2.17203325e-03  1.49340509e-06 
 2.17703325e-03  1.49174249e-06 
 2.18203325e-03  1.49009624e-06 
 2.18703325e-03  1.48846616e-06 
 2.19203325e-03  1.48685207e-06 
 2.19703325e-03  1.48525378e-06 
 2.20203325e-03  1.48367113e-06 
 2.20703325e-03  1.48210394e-06 
 2.21203325e-03  1.48055205e-06 
 2.21703325e-03  1.47901528e-06 
 2.22203325e-03  1.47749348e-06 
 2.22703325e-03  1.47598648e-06 
 2.23203325e-03  1.47449413e-06 
 2.23703325e-03  1.47301625e-06 
 2.24203325e-03  1.47155271e-06 
 2.24703325e-03  1.47010335e-06 
 2.25203325e-03  1.46866802e-06 
 2.25703325e-03  1.46724656e-06 
 2.26203325e-03  1.46583884e-06 
 2.26703325e-03  1.46444472e-06 
 2.27203325e-03  1.46306404e-06 
 2.27703325e-03  1.46169666e-06 
 2.28203325e-03  1.46034246e-06 
 2.28703325e-03  1.45900130e-06 
 2.29203325e-03  1.45767304e-06 
 2.29703325e-03  1.45635754e-06 
 2.30203325e-03  1.45505469e-06 
 2.30703325e-03  1.45376435e-06 
 2.31203325e-03  1.45248639e-06 
 2.31703325e-03  1.45122070e-06 
 2.32203325e-03  1.44996714e-06 
 2.32703325e-03  1.44872560e-06 
 2.33203325e-03  1.44749595e-06 
 2.33703325e-03  1.44627809e-06 
 2.34203325e-03  1.44507188e-06 
 2.34703325e-03  1.44387723e-06 
 2.35203325e-03  1.44269401e-06 
 2.35703325e-03  1.44152212e-06 
 2.36203325e-03  1.44036143e-06 
 2.36703325e-03  1.43921186e-06 
 2.37203325e-03  1.43807328e-06 
 2.37703325e-03  1.43694559e-06 
 2.38203325e-03  1.43582870e-06 
 2.38703325e-03  1.43472248e-06 
 2.39203325e-03  1.43362686e-06 
 2.39703325e-03  1.43254171e-06 
 2.40203325e-03  1.43146695e-06 
 2.40703325e-03  1.43040248e-06 
 2.41203325e-03  1.42934820e-06 
 2.41703325e-03  1.42830402e-06 
 2.42203325e-03  1.42726984e-06 
 2.42703325e-03  1.42624557e-06 
 2.43203325e-03  1.42523112e-06 
 2.43703325e-03  1.42422640e-06 
 2.44203325e-03  1.42323132e-06 
 2.44703325e-03  1.42224579e-06 
 2.45203325e-03  1.42126973e-06 
 2.45703325e-03  1.42030305e-06 
 2.46203325e-03  1.41934566e-06 
 2.46703325e-03  1.41839748e-06 
 2.47203325e-03  1.41745844e-06 
 2.47703325e-03  1.41652844e-06 
 2.48203325e-03  1.41560741e-06 
 2.48703325e-03  1.41469527e-06 
 2.49203325e-03  1.41379194e-06 
 2.49703325e-03  1.41289734e-06 
 2.50203325e-03  1.41201140e-06 
 2.50703325e-03  1.41113405e-06 
 2.51203325e-03  1.41026519e-06 
 2.51703325e-03  1.40940477e-06 
 2.52203325e-03  1.40855272e-06 
 2.52703325e-03  1.40770895e-06 
 2.53203325e-03  1.40687339e-06 
 2.53703325e-03  1.40604599e-06 
 2.54203325e-03  1.40522666e-06 
 2.54703325e-03  1.40441534e-06 
 2.55203325e-03  1.40361197e-06 
 2.55703325e-03  1.40281647e-06 
 2.56203325e-03  1.40202878e-06 
 2.56703325e-03  1.40124884e-06 
 2.57203325e-03  1.40047657e-06 
 2.57703325e-03  1.39971192e-06 
 2.58203325e-03  1.39895482e-06 
 2.58703325e-03  1.39820522e-06 
 2.59203325e-03  1.39746304e-06 
 2.59703325e-03  1.39672823e-06 
 2.60203325e-03  1.39600073e-06 
 2.60703325e-03  1.39528048e-06 
 2.61203325e-03  1.39456742e-06 
 2.61703325e-03  1.39386150e-06 
 2.62203325e-03  1.39316265e-06 
 2.62703325e-03  1.39247081e-06 
 2.63203325e-03  1.39178594e-06 
 2.63703325e-03  1.39110798e-06 
 2.64203325e-03  1.39043687e-06 
 2.64703325e-03  1.38977256e-06 
 2.65203325e-03  1.38911499e-06 
 2.65703325e-03  1.38846412e-06 
 2.66203325e-03  1.38781988e-06 
 2.66703325e-03  1.38718223e-06 
 2.67203325e-03  1.38655112e-06 
 2.67703325e-03  1.38592650e-06 
 2.68203325e-03  1.38530831e-06 
 2.68703325e-03  1.38469650e-06 
 2.69203325e-03  1.38409104e-06 
 2.69703325e-03  1.38349186e-06 
 2.70203325e-03  1.38289893e-06 
 2.70703325e-03  1.38231219e-06 
 2.71203325e-03  1.38173160e-06 
 2.71703325e-03  1.38115710e-06 
 2.72203325e-03  1.38058867e-06 
 2.72703325e-03  1.38002624e-06 
 2.73203325e-03  1.37946978e-06 
 2.73703325e-03  1.37891923e-06 
 2.74203325e-03  1.37837457e-06 
 2.74703325e-03  1.37783574e-06 
 2.75203325e-03  1.37730269e-06 
 2.75703325e-03  1.37677540e-06 
 2.76203325e-03  1.37625381e-06 
 2.76703325e-03  1.37573789e-06 
 2.77203325e-03  1.37522759e-06 
 2.77703325e-03  1.37472287e-06 
 2.78203325e-03  1.37422369e-06 
 2.78703325e-03  1.37373002e-06 
 2.79203325e-03  1.37324181e-06 
 2.79703325e-03  1.37275902e-06 
 2.80203325e-03  1.37228162e-06 
 2.80703325e-03  1.37180956e-06 
 2.81203325e-03  1.37134281e-06 
 2.81703325e-03  1.37088134e-06 
 2.82203325e-03  1.37042510e-06 
 2.82703325e-03  1.36997405e-06 
 2.83203325e-03  1.36952817e-06 
 2.83703325e-03  1.36908741e-06 
 2.84203325e-03  1.36865175e-06 
 2.84703325e-03  1.36822114e-06 
 2.85203325e-03  1.36779554e-06 
 2.85703325e-03  1.36737494e-06 
 2.86203325e-03  1.36695928e-06 
 2.86703325e-03  1.36654854e-06 
 2.87203325e-03  1.36614269e-06 
 2.87703325e-03  1.36574169e-06 
 2.88203325e-03  1.36534550e-06 
 2.88703325e-03  1.36495410e-06 
 2.89203325e-03  1.36456745e-06 
 2.89703325e-03  1.36418553e-06 
 2.90203325e-03  1.36380829e-06 
 2.90703325e-03  1.36343572e-06 
 2.91203325e-03  1.36306777e-06 
 2.91703325e-03  1.36270441e-06 
 2.92203325e-03  1.36234563e-06 
 2.92703325e-03  1.36199138e-06 
 2.93203325e-03  1.36164164e-06 
 2.93703325e-03  1.36129637e-06 
 2.94203325e-03  1.36095556e-06 
 2.94703325e-03  1.36061916e-06 
 2.95203325e-03  1.36028716e-06 
 2.95703325e-03  1.35995952e-06 
 2.96203325e-03  1.35963621e-06 
 2.96703325e-03  1.35931721e-06 
 2.97203325e-03  1.35900249e-06 
 2.97703325e-03  1.35869202e-06 
 2.98203325e-03  1.35838577e-06 
 2.98703325e-03  1.35808372e-06 
 2.99203325e-03  1.35778585e-06 
 2.99703325e-03  1.35749212e-06 
 3.00203325e-03  1.35720251e-06 
 3.00703325e-03  1.35691699e-06 
 3.01203325e-03  1.35663555e-06 
 3.01703325e-03  1.35635814e-06 
 3.02203325e-03  1.35608475e-06 
 3.02703325e-03  1.35581536e-06 
 3.03203325e-03  1.35554993e-06 
 3.03703325e-03  1.35528845e-06 
 3.04203325e-03  1.35503089e-06 
 3.04703325e-03  1.35477723e-06 
 3.05203325e-03  1.35452743e-06 
 3.05703325e-03  1.35428149e-06 
 3.06203325e-03  1.35403937e-06 
 3.06703325e-03  1.35380105e-06 
 3.07203325e-03  1.35356652e-06 
 3.07703325e-03  1.35333574e-06 
 3.08203325e-03  1.35310870e-06 
 3.08703325e-03  1.35288536e-06 
 3.09203325e-03  1.35266572e-06 
 3.09703325e-03  1.35244975e-06 
 3.10203325e-03  1.35223743e-06 
 3.10703325e-03  1.35202873e-06 
 3.11203325e-03  1.35182363e-06 
 3.11703325e-03  1.35162212e-06 
 3.12203325e-03  1.35142417e-06 
 3.12703325e-03  1.35122976e-06 
 3.13203325e-03  1.35103888e-06 
 3.13703325e-03  1.35085149e-06 
 3.14203325e-03  1.35066758e-06 
 3.14703325e-03  1.35048714e-06 
 3.15203325e-03  1.35031014e-06 
 3.15703325e-03  1.35013656e-06 
 3.16203325e-03  1.34996638e-06 
 3.16703325e-03  1.34979958e-06 
 3.17203325e-03  1.34963615e-06 
 3.17703325e-03  1.34947606e-06 
 3.18203325e-03  1.34931929e-06 
 3.18703325e-03  1.34916584e-06 
 3.19203325e-03  1.34901567e-06 
 3.19703325e-03  1.34886877e-06 
 3.20203325e-03  1.34872513e-06 
 3.20703325e-03  1.34858472e-06 
 3.21203325e-03  1.34844752e-06 
 3.21703325e-03  1.34831353e-06 
 3.22203325e-03  1.34818271e-06 
 3.22703325e-03  1.34805506e-06 
 3.23203325e-03  1.34793056e-06 
 3.23703325e-03  1.34780919e-06 
 3.24203325e-03  1.34769093e-06 
 3.24703325e-03  1.34757576e-06 
 3.25203325e-03  1.34746367e-06 
 3.25703325e-03  1.34735465e-06 
 3.26203325e-03  1.34724867e-06 
 3.26703325e-03  1.34714572e-06 
 3.27203325e-03  1.34704579e-06 
 3.27703325e-03  1.34694885e-06 
 3.28203325e-03  1.34685490e-06 
 3.28703325e-03  1.34676391e-06 
 3.29203325e-03  1.34667587e-06 
 3.29703325e-03  1.34659077e-06 
 3.30203325e-03  1.34650859e-06 
 3.30703325e-03  1.34642931e-06 
 3.31203325e-03  1.34635292e-06 
 3.31703325e-03  1.34627941e-06 
 3.32203325e-03  1.34620876e-06 
 3.32703325e-03  1.34614095e-06 
 3.33203325e-03  1.34607597e-06 
 3.33703325e-03  1.34601381e-06 
 3.34203325e-03  1.34595445e-06 
 3.34703325e-03  1.34589787e-06 
 3.35203325e-03  1.34584407e-06 
 3.35703325e-03  1.34579303e-06 
 3.36203325e-03  1.34574474e-06 
 3.36703325e-03  1.34569917e-06 
 3.37203325e-03  1.34565633e-06 
 3.37703325e-03  1.34561618e-06 
 3.38203325e-03  1.34557873e-06 
 3.38703325e-03  1.34554396e-06 
 3.39203325e-03  1.34551185e-06 
 3.39703325e-03  1.34548239e-06 
 3.40203325e-03  1.34545557e-06 
 3.40703325e-03  1.34543137e-06 
 3.41203325e-03  1.34540979e-06 
 3.41703325e-03  1.34539080e-06 
 3.42203325e-03  1.34537440e-06 
 3.42703325e-03  1.34536058e-06 
 3.43203325e-03  1.34534932e-06 
 3.43703325e-03  1.34534060e-06 
 3.44203325e-03  1.34533443e-06 
 3.44703325e-03  1.34533078e-06 
 3.45203325e-03  1.34532964e-06 
 3.45703325e-03  1.34533100e-06 
 3.46203325e-03  1.34533485e-06 
 3.46703325e-03  1.34534118e-06 
 3.47203325e-03  1.34534998e-06 
 3.47703325e-03  1.34536122e-06 
 3.48203325e-03  1.34537491e-06 
 3.48703325e-03  1.34539104e-06 
 3.49203325e-03  1.34540958e-06 
 3.49703325e-03  1.34543053e-06 
 3.50203325e-03  1.34545387e-06 
 3.50703325e-03  1.34547961e-06 
 3.51203325e-03  1.34550771e-06 
 3.51703325e-03  1.34553819e-06 
 3.52203325e-03  1.34557101e-06 
 3.52703325e-03  1.34560618e-06 
 3.53203325e-03  1.34564368e-06 
 3.53703325e-03  1.34568350e-06 
 3.54203325e-03  1.34572563e-06 
 3.54703325e-03  1.34577006e-06 
 3.55203325e-03  1.34581678e-06 
 3.55703325e-03  1.34586578e-06 
 3.56203325e-03  1.34591705e-06 
 3.56703325e-03  1.34597058e-06 
 3.57203325e-03  1.34602636e-06 
 3.57703325e-03  1.34608438e-06 
 3.58203325e-03  1.34614463e-06 
 3.58703325e-03  1.34620709e-06 
 3.59203325e-03  1.34627177e-06 
 3.59703325e-03  1.34633865e-06 
 3.60203325e-03  1.34640771e-06 
 3.60703325e-03  1.34647896e-06 
 3.61203325e-03  1.34655238e-06 
 3.61703325e-03  1.34662796e-06 
 3.62203325e-03  1.34670569e-06 
 3.62703325e-03  1.34678557e-06 
 3.63203325e-03  1.34686758e-06 
 3.63703325e-03  1.34695172e-06 
 3.64203325e-03  1.34703797e-06 
 3.64703325e-03  1.34712632e-06 
 3.65203325e-03  1.34721678e-06 
 3.65703325e-03  1.34730932e-06 
 3.66203325e-03  1.34740395e-06 
 3.66703325e-03  1.34750064e-06 
 3.67203325e-03  1.34759940e-06 
 3.67703325e-03  1.34770021e-06 
 3.68203325e-03  1.34780307e-06 
 3.68703325e-03  1.34790797e-06 
 3.69203325e-03  1.34801489e-06 
 3.69703325e-03  1.34812383e-06 
 3.70203325e-03  1.34823479e-06 
 3.70703325e-03  1.34834774e-06 
 3.71203325e-03  1.34846270e-06 
 3.71703325e-03  1.34857964e-06 
 3.72203325e-03  1.34869856e-06 
 3.72703325e-03  1.34881945e-06 
 3.73203325e-03  1.34894230e-06 
 3.73703325e-03  1.34906711e-06 
 3.74203325e-03  1.34919386e-06 
 3.74703325e-03  1.34932256e-06 
 3.75203325e-03  1.34945318e-06 
 3.75703325e-03  1.34958572e-06 
 3.76203325e-03  1.34971776e-06 
 3.76703325e-03  1.34973481e-06 
 3.77203325e-03  1.34977595e-06 
 3.77703325e-03  1.34987547e-06 
 3.78203325e-03  1.34999808e-06 
 3.78703325e-03  1.35013459e-06 
 3.79203325e-03  1.35027785e-06 
 3.79703325e-03  1.35042443e-06 
 3.80203325e-03  1.35057313e-06 
 3.80703325e-03  1.35072361e-06 
 3.81203325e-03  1.35087581e-06 
 3.81703325e-03  1.35102976e-06 
 3.82203325e-03  1.35118548e-06 
 3.82703325e-03  1.35134300e-06 
 3.83203325e-03  1.35150230e-06 
 3.83703325e-03  1.35166338e-06 
 3.84203325e-03  1.35182625e-06 
 3.84703325e-03  1.35199088e-06 
 3.85203325e-03  1.35215727e-06 
 3.85703325e-03  1.35232541e-06 
 3.86203325e-03  1.35249529e-06 
 3.86703325e-03  1.35266692e-06 
 3.87203325e-03  1.35284027e-06 
 3.87703325e-03  1.35301535e-06 
 3.88203325e-03  1.35319215e-06 
 3.88703325e-03  1.35337065e-06 
 3.89203325e-03  1.35355087e-06 
 3.89703325e-03  1.35373277e-06 
 3.90203325e-03  1.35391637e-06 
 3.90703325e-03  1.35410166e-06 
 3.91203325e-03  1.35428863e-06 
 3.91703325e-03  1.35447726e-06 
 3.92203325e-03  1.35466757e-06 
 3.92703325e-03  1.35485954e-06 
 3.93203325e-03  1.35505316e-06 
 3.93703325e-03  1.35524843e-06 
 3.94203325e-03  1.35544535e-06 
 3.94703325e-03  1.35564391e-06 
 3.95203325e-03  1.35584409e-06 
 3.95703325e-03  1.35604591e-06 
 3.96203325e-03  1.35624934e-06 
 3.96703325e-03  1.35645440e-06 
 3.97203325e-03  1.35666106e-06 
 3.97703325e-03  1.35686933e-06 
 3.98203325e-03  1.35707919e-06 
 3.98703325e-03  1.35729065e-06 
 3.99203325e-03  1.35750370e-06 
 3.99703325e-03  1.35771833e-06 
 4.00203325e-03  1.35793454e-06 
 4.00703325e-03  1.35815233e-06 
 4.01203325e-03  1.35837168e-06 
 4.01703325e-03  1.35859259e-06 
 4.02203325e-03  1.35881506e-06 
 4.02703325e-03  1.35903909e-06 
 4.03203325e-03  1.35926466e-06 
 4.03703325e-03  1.35949177e-06 
 4.04203325e-03  1.35972042e-06 
 4.04703325e-03  1.35995060e-06 
 4.05203325e-03  1.36018231e-06 
 4.05703325e-03  1.36041554e-06 
 4.06203325e-03  1.36065029e-06 
 4.06703325e-03  1.36088655e-06 
 4.07203325e-03  1.36112432e-06 
 4.07703325e-03  1.36136360e-06 
 4.08203325e-03  1.36160437e-06 
 4.08703325e-03  1.36184664e-06 
 4.09203325e-03  1.36209039e-06 
 4.09703325e-03  1.36233563e-06 
 4.10203325e-03  1.36258235e-06 
 4.10703325e-03  1.36283055e-06 
 4.11203325e-03  1.36308021e-06 
 4.11703325e-03  1.36333135e-06 
 4.12203325e-03  1.36358394e-06 
 4.12703325e-03  1.36383800e-06 
 4.13203325e-03  1.36409350e-06 
 4.13703325e-03  1.36435046e-06 
 4.14203325e-03  1.36460886e-06 
 4.14703325e-03  1.36486871e-06 
 4.15203325e-03  1.36512998e-06 
 4.15703325e-03  1.36539270e-06 
 4.16203325e-03  1.36565684e-06 
 4.16703325e-03  1.36592240e-06 
 4.17203325e-03  1.36618939e-06 
 4.17703325e-03  1.36645779e-06 
 4.18203325e-03  1.36672761e-06 
 4.18703325e-03  1.36699884e-06 
 4.19203325e-03  1.36727147e-06 
 4.19703325e-03  1.36754551e-06 
 4.20203325e-03  1.36782096e-06 
 4.20703325e-03  1.36809781e-06 
 4.21203325e-03  1.36837607e-06 
 4.21703325e-03  1.36865574e-06 
 4.22203325e-03  1.36893683e-06 
 4.22703325e-03  1.36921933e-06 
 4.23203325e-03  1.36950326e-06 
 4.23703325e-03  1.36978860e-06 
 4.24203325e-03  1.37007537e-06 
 4.24703325e-03  1.37036355e-06 
 4.25203325e-03  1.37065313e-06 
 4.25703325e-03  1.37094408e-06 
 4.26203325e-03  1.37123635e-06 
 4.26703325e-03  1.37152987e-06 
 4.27203325e-03  1.37182459e-06 
 4.27703325e-03  1.37212046e-06 
 4.28203325e-03  1.37241742e-06 
 4.28703325e-03  1.37271541e-06 
 4.29203325e-03  1.37301431e-06 
 4.29703325e-03  1.37331387e-06 
 4.30203325e-03  1.37361354e-06 
 4.30703325e-03  1.37391148e-06 
 4.31203325e-03  1.37413836e-06 
 4.31703325e-03  1.37125637e-06 
 4.32095487e-03  1.36919375e-06 
 4.32463253e-03  1.36718764e-06 
 4.32910572e-03  1.36426412e-06 
 4.33410572e-03  1.35973480e-06 
 4.33910572e-03  1.35284885e-06 
 4.34410572e-03  1.34236728e-06 
 4.34910572e-03  1.33260610e-06 
 4.35410572e-03  1.33045189e-06 
 4.35910572e-03  1.33003239e-06 
 4.36410572e-03  1.32972018e-06 
 4.36910572e-03  1.32941586e-06 
 4.37410572e-03  1.32911337e-06 
 4.37910572e-03  1.32881243e-06 
 4.38410572e-03  1.32851333e-06 
 4.38910572e-03  1.32821729e-06 
 4.39410572e-03  1.32794264e-06 
 4.39910572e-03  1.32794516e-06 
 4.40410572e-03  1.33262518e-06 
 4.40910572e-03  1.36057969e-06 
 4.41410572e-03  1.39332080e-06 
 4.41910572e-03  1.40699672e-06 
 4.42410572e-03  1.40358595e-06 
 4.42910572e-03  1.39064958e-06 
 4.43410572e-03  1.37470959e-06 
 4.43910572e-03  1.36043912e-06 
 4.44410572e-03  1.35066215e-06 
 4.44910572e-03  1.34568593e-06 
 4.45410572e-03  1.34435710e-06 
 4.45910572e-03  1.34579143e-06 
 4.46410572e-03  1.34954623e-06 
 4.46910572e-03  1.35487293e-06 
 4.47410572e-03  1.36034182e-06 
 4.47910572e-03  1.36432156e-06 
 4.48410572e-03  1.36599667e-06 
 4.48910572e-03  1.36551864e-06 
 4.49410572e-03  1.36368108e-06 
 4.49910572e-03  1.36142305e-06 
 4.50410572e-03  1.35947183e-06 
 4.50910572e-03  1.35821889e-06 
 4.51410572e-03  1.35775963e-06 
 4.51910572e-03  1.35798725e-06 
 4.52410572e-03  1.35867824e-06 
 4.52910572e-03  1.35956297e-06 
 4.53410572e-03  1.36039178e-06 
 4.53910572e-03  1.36099107e-06 
 4.54410572e-03  1.36129243e-06 
 4.54910572e-03  1.36132526e-06 
 4.55410572e-03  1.36118164e-06 
 4.55910572e-03  1.36097241e-06 
 4.56410572e-03  1.36079169e-06 
 4.56910572e-03  1.36069772e-06 
 4.57410572e-03  1.36070937e-06 
 4.57910572e-03  1.36081349e-06 
 4.58410572e-03  1.36097764e-06 
 4.58910572e-03  1.36116368e-06 
 4.59410572e-03  1.36133892e-06 
 4.59910572e-03  1.36148294e-06 
 4.60410572e-03  1.36158929e-06 
 4.60910572e-03  1.36166315e-06 
 4.60966771e-03  1.36166935e-06 
 4.61079168e-03  1.36168116e-06 
 4.61107267e-03  1.36168397e-06 
 4.61163466e-03  1.36168947e-06 
 4.61177516e-03  1.36169082e-06 
 4.61205615e-03  1.36169350e-06 
 4.61261814e-03  1.36169879e-06 
 4.61275863e-03  1.36170011e-06 
 4.61303963e-03  1.36170275e-06 
 4.61336132e-03  1.36170589e-06 
 4.61370024e-03  1.36170957e-06 
 4.61415775e-03  1.36171528e-06 
 4.61443002e-03  1.36171793e-06 
 4.61472597e-03  1.36172047e-06 
 4.61510214e-03  1.36172361e-06 
 4.61575443e-03  1.36172903e-06 
 4.61705899e-03  1.36173989e-06 
 4.61966813e-03  1.36176263e-06 
 4.62466813e-03  1.36181465e-06 
 4.62966813e-03  1.36188066e-06 
 4.63466813e-03  1.36196016e-06 
 4.63966813e-03  1.36204970e-06 
 4.64466813e-03  1.36214433e-06 
 4.64966813e-03  1.36223930e-06 
 4.65466813e-03  1.36233117e-06 
 4.65966813e-03  1.36241834e-06 
 4.66466813e-03  1.36250086e-06 
 4.66966813e-03  1.36257998e-06 
 4.67466813e-03  1.36265743e-06 
 4.67966813e-03  1.36273482e-06 
 4.68466813e-03  1.36281328e-06 
 4.68966813e-03  1.36289329e-06 
 4.69466813e-03  1.36297477e-06 
 4.69966813e-03  1.36305726e-06 
 4.70466813e-03  1.36314013e-06 
 4.70966813e-03  1.36322284e-06 
 4.71466813e-03  1.36330504e-06 
 4.71966813e-03  1.36338657e-06 
 4.72466813e-03  1.36346749e-06 
 4.72966813e-03  1.36354798e-06 
 4.73466813e-03  1.36362825e-06 
 4.73966813e-03  1.36370847e-06 
 4.74466813e-03  1.36378876e-06 
 4.74966813e-03  1.36386916e-06 
 4.75466813e-03  1.36394963e-06 
 4.75966813e-03  1.36403010e-06 
 4.76466813e-03  1.36411050e-06 
 4.76966813e-03  1.36419076e-06 
 4.77466813e-03  1.36427082e-06 
 4.77966813e-03  1.36435067e-06 
 4.78466813e-03  1.36443030e-06 
 4.78966813e-03  1.36450968e-06 
 4.79466813e-03  1.36458880e-06 
 4.79966813e-03  1.36466759e-06 
 4.80466813e-03  1.36474594e-06 
 4.80966813e-03  1.36482368e-06 
 4.81466813e-03  1.36490057e-06 
 4.81966813e-03  1.36497630e-06 
 4.82466813e-03  1.36505065e-06 
 4.82966813e-03  1.36512366e-06 
 4.83466813e-03  1.36519577e-06 
 4.83966813e-03  1.36526775e-06 
 4.84466813e-03  1.36534037e-06 
 4.84966813e-03  1.36541426e-06 
 4.85466813e-03  1.36548983e-06 
 4.85966813e-03  1.36556741e-06 
 4.86466813e-03  1.36564682e-06 
 4.86966813e-03  1.36571288e-06 
 4.87466813e-03  1.36271277e-06 
 4.87529313e-03  1.31733313e-06 
 4.87540320e-03  1.25417848e-06 
 4.87562334e-03  1.12473491e-06 
 4.87606361e-03  3.21463455e-07 
 4.87610644e-03 -1.28088166e-07 
 4.87619210e-03 -8.33334930e-07 
 4.87636342e-03 -3.24023926e-06 
 4.87649702e-03 -9.70745309e-06 
 4.87661330e-03 -3.02274572e-05 
 4.87671432e-03 -1.92903873e-04 
 4.87675831e-03  4.40834168e+00 
 4.87677620e-03  4.41993288e+00 
 4.87678334e-03  4.41845015e+00 
 4.87679349e-03  4.41833742e+00 
 4.87681211e-03  4.41842850e+00 
 4.87684553e-03  4.41864410e+00 
 4.87686341e-03  4.41872536e+00 
 4.87688094e-03  4.41869175e+00 
 4.87690884e-03  4.41869799e+00 
 4.87693525e-03  4.41870601e+00 
 4.87698805e-03  4.41872231e+00 
 4.87704385e-03  4.41873991e+00 
 4.87710366e-03  4.41875877e+00 
 4.87717763e-03  4.41878219e+00 
 4.87727650e-03  4.41881355e+00 
 4.87747425e-03  4.41887633e+00 
 4.87786973e-03  4.41900213e+00 
 4.87866071e-03  4.41925394e+00 
 4.88024267e-03  4.41975406e+00 
 4.88340658e-03  4.42072111e+00 
 4.88840658e-03  4.42213314e+00 
 4.89340658e-03  4.42341469e+00 
 4.89840658e-03  4.42460608e+00 
 4.90340658e-03  4.42575764e+00 
 4.90840658e-03  4.42691342e+00 
 4.91340658e-03  4.42810172e+00 
 4.91840658e-03  4.42933265e+00 
 4.92340658e-03  4.43060105e+00 
 4.92840658e-03  4.43189254e+00 
 4.93340658e-03  4.43319026e+00 
 4.93840658e-03  4.43448016e+00 
 4.94340658e-03  4.43575397e+00 
 4.94840658e-03  4.43700959e+00 
 4.95340658e-03  4.43824972e+00 
 4.95840658e-03  4.43947966e+00 
 4.96340658e-03  4.44070502e+00 
 4.96840658e-03  4.44193019e+00 
 4.97340658e-03  4.44315749e+00 
 4.97840658e-03  4.44438724e+00 
 4.98340658e-03  4.44561825e+00 
 4.98840658e-03  4.44684865e+00 
 4.99340658e-03  4.44807659e+00 
 4.99840658e-03  4.44930074e+00 
 5.00340658e-03  4.45052047e+00 
 5.00840658e-03  4.45173583e+00 
 5.01340658e-03  4.45294730e+00 
 5.01840658e-03  4.45415555e+00 
 5.02340658e-03  4.45536118e+00 
 5.02840658e-03  4.45656460e+00 
 5.03340658e-03  4.45776597e+00 
 5.03840658e-03  4.45896524e+00 
 5.04340658e-03  4.46016222e+00 
 5.04840658e-03  4.46135671e+00 
 5.05340658e-03  4.46254852e+00 
 5.05840658e-03  4.46373753e+00 
 5.06340658e-03  4.46492373e+00 
 5.06840658e-03  4.46610714e+00 
 5.07340658e-03  4.46728784e+00 
 5.07840658e-03  4.46846591e+00 
 5.08340658e-03  4.46964142e+00 
 5.08840658e-03  4.47081440e+00 
 5.09340658e-03  4.47198487e+00 
 5.09840658e-03  4.47315282e+00 
 5.10340658e-03  4.47431822e+00 
 5.10840658e-03  4.47548106e+00 
 5.11340658e-03  4.47664133e+00 
 5.11840658e-03  4.47779903e+00 
 5.12340658e-03  4.47895415e+00 
 5.12840658e-03  4.48010671e+00 
 5.13340658e-03  4.48125673e+00 
 5.13840658e-03  4.48240421e+00 
 5.14340658e-03  4.48354918e+00 
 5.14840658e-03  4.48469163e+00 
 5.15340658e-03  4.48583158e+00 
 5.15840658e-03  4.48696902e+00 
 5.16340658e-03  4.48810396e+00 
 5.16840658e-03  4.48923640e+00 
 5.17340658e-03  4.49036634e+00 
 5.17840658e-03  4.49149380e+00 
 5.18340658e-03  4.49261877e+00 
 5.18840658e-03  4.49374126e+00 
 5.19340658e-03  4.49486128e+00 
 5.19840658e-03  4.49597884e+00 
 5.20340658e-03  4.49709393e+00 
 5.20840658e-03  4.49820658e+00 
 5.21340658e-03  4.49931677e+00 
 5.21840658e-03  4.50042452e+00 
 5.22340658e-03  4.50152983e+00 
 5.22840658e-03  4.50263271e+00 
 5.23340658e-03  4.50373316e+00 
 5.23840658e-03  4.50483119e+00 
 5.24340658e-03  4.50592680e+00 
 5.24840658e-03  4.50702000e+00 
 5.25340658e-03  4.50811079e+00 
 5.25840658e-03  4.50919918e+00 
 5.26340658e-03  4.51028518e+00 
 5.26840658e-03  4.51136878e+00 
 5.27340658e-03  4.51245000e+00 
 5.27840658e-03  4.51352884e+00 
 5.28340658e-03  4.51460531e+00 
 5.28840658e-03  4.51567940e+00 
 5.29340658e-03  4.51675113e+00 
 5.29840658e-03  4.51782050e+00 
 5.30340658e-03  4.51888752e+00 
 5.30840658e-03  4.51995219e+00 
 5.31340658e-03  4.52101451e+00 
 5.31840658e-03  4.52207450e+00 
 5.32340658e-03  4.52313215e+00 
 5.32840658e-03  4.52418748e+00 
 5.33340658e-03  4.52524048e+00 
 5.33840658e-03  4.52629117e+00 
 5.34340658e-03  4.52733954e+00 
 5.34840658e-03  4.52838560e+00 
 5.35340658e-03  4.52942936e+00 
 5.35840658e-03  4.53047083e+00 
 5.36340658e-03  4.53151000e+00 
 5.36840658e-03  4.53254688e+00 
 5.37340658e-03  4.53358148e+00 
 5.37840658e-03  4.53461381e+00 
 5.38340658e-03  4.53564386e+00 
 5.38840658e-03  4.53667165e+00 
 5.39340658e-03  4.53769717e+00 
 5.39840658e-03  4.53872044e+00 
 5.40340658e-03  4.53974145e+00 
 5.40840658e-03  4.54076022e+00 
 5.41340658e-03  4.54177674e+00 
 5.41840658e-03  4.54279103e+00 
 5.42340658e-03  4.54380308e+00 
 5.42840658e-03  4.54481291e+00 
 5.43340658e-03  4.54582051e+00 
 5.43840658e-03  4.54682590e+00 
 5.44340658e-03  4.54782907e+00 
 5.44840658e-03  4.54883004e+00 
 5.45340658e-03  4.54982880e+00 
 5.45840658e-03  4.55082536e+00 
 5.46340658e-03  4.55181973e+00 
 5.46840658e-03  4.55281192e+00 
 5.47340658e-03  4.55380192e+00 
 5.47840658e-03  4.55478974e+00 
 5.48340658e-03  4.55577538e+00 
 5.48840658e-03  4.55675886e+00 
 5.49340658e-03  4.55774017e+00 
 5.49840658e-03  4.55871932e+00 
 5.50340658e-03  4.55969632e+00 
 5.50840658e-03  4.56067117e+00 
 5.51340658e-03  4.56164387e+00 
 5.51840658e-03  4.56261443e+00 
 5.52340658e-03  4.56358286e+00 
 5.52840658e-03  4.56454915e+00 
 5.53340658e-03  4.56551332e+00 
 5.53840658e-03  4.56647537e+00 
 5.54340658e-03  4.56743530e+00 
 5.54840658e-03  4.56839311e+00 
 5.55340658e-03  4.56934882e+00 
 5.55840658e-03  4.57030243e+00 
 5.56340658e-03  4.57125393e+00 
 5.56840658e-03  4.57220335e+00 
 5.57340658e-03  4.57315067e+00 
 5.57840658e-03  4.57409591e+00 
 5.58340658e-03  4.57503907e+00 
 5.58840658e-03  4.57598015e+00 
 5.59340658e-03  4.57691917e+00 
 5.59840658e-03  4.57785611e+00 
 5.60340658e-03  4.57879100e+00 
 5.60840658e-03  4.57972383e+00 
 5.61340658e-03  4.58065460e+00 
 5.61840658e-03  4.58158333e+00 
 5.62340658e-03  4.58251001e+00 
 5.62840658e-03  4.58343466e+00 
 5.63340658e-03  4.58435727e+00 
 5.63840658e-03  4.58527785e+00 
 5.64340658e-03  4.58619640e+00 
 5.64840658e-03  4.58711293e+00 
 5.65340658e-03  4.58802745e+00 
 5.65840658e-03  4.58893995e+00 
 5.66340658e-03  4.58985045e+00 
 5.66840658e-03  4.59075894e+00 
 5.67340658e-03  4.59166544e+00 
 5.67840658e-03  4.59256994e+00 
 5.68340658e-03  4.59347245e+00 
 5.68840658e-03  4.59437297e+00 
 5.69340658e-03  4.59527152e+00 
 5.69840658e-03  4.59616808e+00 
 5.70340658e-03  4.59706267e+00 
 5.70840658e-03  4.59795530e+00 
 5.71340658e-03  4.59884596e+00 
 5.71840658e-03  4.59973466e+00 
 5.72340658e-03  4.60062141e+00 
 5.72840658e-03  4.60150621e+00 
 5.73340658e-03  4.60238906e+00 
 5.73840658e-03  4.60326996e+00 
 5.74340658e-03  4.60414893e+00 
 5.74840658e-03  4.60502597e+00 
 5.75340658e-03  4.60590108e+00 
 5.75840658e-03  4.60677426e+00 
 5.76340658e-03  4.60764552e+00 
 5.76840658e-03  4.60851486e+00 
 5.77340658e-03  4.60938229e+00 
 5.77840658e-03  4.61024782e+00 
 5.78340658e-03  4.61111143e+00 
 5.78840658e-03  4.61197315e+00 
 5.79340658e-03  4.61283298e+00 
 5.79840658e-03  4.61369091e+00 
 5.80340658e-03  4.61454696e+00 
 5.80840658e-03  4.61540112e+00 
 5.81340658e-03  4.61625340e+00 
 5.81840658e-03  4.61710381e+00 
 5.82340658e-03  4.61795235e+00 
 5.82840658e-03  4.61879902e+00 
 5.83340658e-03  4.61964383e+00 
 5.83840658e-03  4.62048678e+00 
 5.84340658e-03  4.62132788e+00 
 5.84840658e-03  4.62216713e+00 
 5.85340658e-03  4.62300453e+00 
 5.85840658e-03  4.62384009e+00 
 5.86340658e-03  4.62467381e+00 
 5.86840658e-03  4.62550570e+00 
 5.87340658e-03  4.62633576e+00 
 5.87840658e-03  4.62716399e+00 
 5.88340658e-03  4.62799040e+00 
 5.88840658e-03  4.62881500e+00 
 5.89340658e-03  4.62963778e+00 
 5.89840658e-03  4.63045875e+00 
 5.90340658e-03  4.63127791e+00 
 5.90840658e-03  4.63209528e+00 
 5.91340658e-03  4.63291084e+00 
 5.91840658e-03  4.63372462e+00 
 5.92340658e-03  4.63453660e+00 
 5.92840658e-03  4.63534680e+00 
 5.93340658e-03  4.63615521e+00 
 5.93840658e-03  4.63696185e+00 
 5.94340658e-03  4.63776672e+00 
 5.94840658e-03  4.63856981e+00 
 5.95340658e-03  4.63937114e+00 
 5.95840658e-03  4.64017071e+00 
 5.96340658e-03  4.64096851e+00 
 5.96840658e-03  4.64176457e+00 
 5.97340658e-03  4.64255887e+00 
 5.97840658e-03  4.64335143e+00 
 5.98340658e-03  4.64414224e+00 
 5.98840658e-03  4.64493132e+00 
 5.99340658e-03  4.64571866e+00 
 5.99840658e-03  4.64650427e+00 
 6.00340658e-03  4.64728815e+00 
 6.00840658e-03  4.64807031e+00 
 6.01340658e-03  4.64885075e+00 
 6.01840658e-03  4.64962947e+00 
 6.02340658e-03  4.65040648e+00 
 6.02840658e-03  4.65118178e+00 
 6.03340658e-03  4.65195538e+00 
 6.03840658e-03  4.65272728e+00 
 6.04340658e-03  4.65349748e+00 
 6.04840658e-03  4.65426599e+00 
 6.05340658e-03  4.65503280e+00 
 6.05840658e-03  4.65579794e+00 
 6.06340658e-03  4.65656139e+00 
 6.06840658e-03  4.65732316e+00 
 6.07340658e-03  4.65808325e+00 
 6.07840658e-03  4.65884168e+00 
 6.08340658e-03  4.65959844e+00 
 6.08840658e-03  4.66035353e+00 
 6.09340658e-03  4.66110697e+00 
 6.09840658e-03  4.66185875e+00 
 6.10340658e-03  4.66260887e+00 
 6.10840658e-03  4.66335735e+00 
 6.11340658e-03  4.66410418e+00 
 6.11840658e-03  4.66484937e+00 
 6.12340658e-03  4.66559292e+00 
 6.12840658e-03  4.66633484e+00 
 6.13340658e-03  4.66707513e+00 
 6.13840658e-03  4.66781379e+00 
 6.14340658e-03  4.66855083e+00 
 6.14840658e-03  4.66928624e+00 
 6.15340658e-03  4.67002004e+00 
 6.15840658e-03  4.67075223e+00 
 6.16340658e-03  4.67148281e+00 
 6.16840658e-03  4.67221178e+00 
 6.17340658e-03  4.67293915e+00 
 6.17840658e-03  4.67366492e+00 
 6.18340658e-03  4.67438910e+00 
 6.18840658e-03  4.67511169e+00 
 6.19340658e-03  4.67583268e+00 
 6.19840658e-03  4.67655210e+00 
 6.20340658e-03  4.67726993e+00 
 6.20840658e-03  4.67798618e+00 
 6.21340658e-03  4.67870086e+00 
 6.21840658e-03  4.67941397e+00 
 6.22340658e-03  4.68012552e+00 
 6.22840658e-03  4.68083550e+00 
 6.23340658e-03  4.68154392e+00 
 6.23840658e-03  4.68225078e+00 
 6.24340658e-03  4.68295609e+00 
 6.24840658e-03  4.68365985e+00 
 6.25340658e-03  4.68436206e+00 
 6.25840658e-03  4.68506273e+00 
 6.26340658e-03  4.68576186e+00 
 6.26840658e-03  4.68645946e+00 
 6.27340658e-03  4.68715552e+00 
 6.27840658e-03  4.68785005e+00 
 6.28340658e-03  4.68854306e+00 
 6.28840658e-03  4.68923454e+00 
 6.29340658e-03  4.68992451e+00 
 6.29840658e-03  4.69061295e+00 
 6.30340658e-03  4.69129989e+00 
 6.30840658e-03  4.69198532e+00 
 6.31340658e-03  4.69266924e+00 
 6.31840658e-03  4.69335166e+00 
 6.32340658e-03  4.69403258e+00 
 6.32840658e-03  4.69471200e+00 
 6.33340658e-03  4.69538993e+00 
 6.33840658e-03  4.69606638e+00 
 6.34340658e-03  4.69674133e+00 
 6.34840658e-03  4.69741480e+00 
 6.35340658e-03  4.69808680e+00 
 6.35840658e-03  4.69875732e+00 
 6.36340658e-03  4.69942636e+00 
 6.36840658e-03  4.70009394e+00 
 6.37340658e-03  4.70076005e+00 
 6.37840658e-03  4.70142469e+00 
 6.38340658e-03  4.70208788e+00 
 6.38840658e-03  4.70274961e+00 
 6.39340658e-03  4.70340989e+00 
 6.39840658e-03  4.70406871e+00 
 6.40340658e-03  4.70472609e+00 
 6.40840658e-03  4.70538203e+00 
 6.41340658e-03  4.70603652e+00 
 6.41840658e-03  4.70668958e+00 
 6.42340658e-03  4.70734120e+00 
 6.42840658e-03  4.70799139e+00 
 6.43340658e-03  4.70864016e+00 
 6.43840658e-03  4.70928750e+00 
 6.44340658e-03  4.70993341e+00 
 6.44840658e-03  4.71057791e+00 
 6.45340658e-03  4.71122100e+00 
 6.45840658e-03  4.71186267e+00 
 6.46340658e-03  4.71250293e+00 
 6.46840658e-03  4.71314179e+00 
 6.47340658e-03  4.71377924e+00 
 6.47840658e-03  4.71441530e+00 
 6.48340658e-03  4.71504996e+00 
 6.48840658e-03  4.71568322e+00 
 6.49340658e-03  4.71631509e+00 
 6.49840658e-03  4.71694558e+00 
 6.50340658e-03  4.71757468e+00 
 6.50840658e-03  4.71820240e+00 
 6.51340658e-03  4.71882875e+00 
 6.51840658e-03  4.71945371e+00 
 6.52340658e-03  4.72007731e+00 
 6.52840658e-03  4.72069954e+00 
 6.53340658e-03  4.72132040e+00 
 6.53840658e-03  4.72193989e+00 
 6.54340658e-03  4.72255803e+00 
 6.54840658e-03  4.72317481e+00 
 6.55340658e-03  4.72379024e+00 
 6.55840658e-03  4.72440431e+00 
 6.56340658e-03  4.72501704e+00 
 6.56840658e-03  4.72562842e+00 
 6.57340658e-03  4.72623846e+00 
 6.57840658e-03  4.72684716e+00 
 6.58340658e-03  4.72745453e+00 
 6.58840658e-03  4.72806056e+00 
 6.59340658e-03  4.72866526e+00 
 6.59840658e-03  4.72926864e+00 
 6.60340658e-03  4.72987069e+00 
 6.60840658e-03  4.73047142e+00 
 6.61340658e-03  4.73107083e+00 
 6.61840658e-03  4.73166892e+00 
 6.62340658e-03  4.73226570e+00 
 6.62840658e-03  4.73286118e+00 
 6.63340658e-03  4.73345534e+00 
 6.63840658e-03  4.73404820e+00 
 6.64340658e-03  4.73463976e+00 
 6.64840658e-03  4.73523003e+00 
 6.65340658e-03  4.73581899e+00 
 6.65840658e-03  4.73640667e+00 
 6.66340658e-03  4.73699305e+00 
 6.66840658e-03  4.73757815e+00 
 6.67340658e-03  4.73816197e+00 
 6.67840658e-03  4.73874450e+00 
 6.68340658e-03  4.73932575e+00 
 6.68840658e-03  4.73990573e+00 
 6.69340658e-03  4.74048444e+00 
 6.69840658e-03  4.74106188e+00 
 6.70340658e-03  4.74163805e+00 
 6.70840658e-03  4.74221296e+00 
 6.71340658e-03  4.74278660e+00 
 6.71840658e-03  4.74335899e+00 
 6.72340658e-03  4.74393012e+00 
 6.72840658e-03  4.74450000e+00 
 6.73340658e-03  4.74506862e+00 
 6.73840658e-03  4.74563600e+00 
 6.74340658e-03  4.74620214e+00 
 6.74840658e-03  4.74676703e+00 
 6.75340658e-03  4.74733069e+00 
 6.75840658e-03  4.74789310e+00 
 6.76340658e-03  4.74845429e+00 
 6.76840658e-03  4.74901424e+00 
 6.77340658e-03  4.74957297e+00 
 6.77840658e-03  4.75013046e+00 
 6.78340658e-03  4.75068674e+00 
 6.78840658e-03  4.75124180e+00 
 6.79340658e-03  4.75179564e+00 
 6.79840658e-03  4.75234826e+00 
 6.80340658e-03  4.75289967e+00 
 6.80840658e-03  4.75344988e+00 
 6.81340658e-03  4.75399887e+00 
 6.81840658e-03  4.75454666e+00 
 6.82340658e-03  4.75509325e+00 
 6.82840658e-03  4.75563865e+00 
 6.83340658e-03  4.75618284e+00 
 6.83840658e-03  4.75672584e+00 
 6.84340658e-03  4.75726766e+00 
 6.84840658e-03  4.75780828e+00 
 6.85340658e-03  4.75834772e+00 
 6.85840658e-03  4.75888597e+00 
 6.86340658e-03  4.75942305e+00 
 6.86840658e-03  4.75995895e+00 
 6.87340658e-03  4.76049367e+00 
 6.87840658e-03  4.76102722e+00 
 6.88340658e-03  4.76155960e+00 
 6.88840658e-03  4.76209081e+00 
 6.89340658e-03  4.76262086e+00 
 6.89840658e-03  4.76314975e+00 
 6.90340658e-03  4.76367747e+00 
 6.90840658e-03  4.76420404e+00 
 6.91340658e-03  4.76472946e+00 
 6.91840658e-03  4.76525372e+00 
 6.92340658e-03  4.76577684e+00 
 6.92840658e-03  4.76629880e+00 
 6.93340658e-03  4.76681963e+00 
 6.93840658e-03  4.76733931e+00 
 6.94340658e-03  4.76785785e+00 
 6.94840658e-03  4.76837526e+00 
 6.95340658e-03  4.76889153e+00 
 6.95840658e-03  4.76940667e+00 
 6.96340658e-03  4.76992068e+00 
 6.96840658e-03  4.77043357e+00 
 6.97340658e-03  4.77094533e+00 
 6.97840658e-03  4.77145597e+00 
 6.98340658e-03  4.77196549e+00 
 6.98840658e-03  4.77247389e+00 
 6.99340658e-03  4.77298118e+00 
 6.99840658e-03  4.77348735e+00 
 7.00340658e-03  4.77399242e+00 
 7.00840658e-03  4.77449638e+00 
 7.01340658e-03  4.77499924e+00 
 7.01840658e-03  4.77550100e+00 
 7.02340658e-03  4.77600165e+00 
 7.02840658e-03  4.77650121e+00 
 7.03340658e-03  4.77699967e+00 
 7.03840658e-03  4.77749705e+00 
 7.04340658e-03  4.77799333e+00 
 7.04840658e-03  4.77848852e+00 
 7.05340658e-03  4.77898263e+00 
 7.05840658e-03  4.77947566e+00 
 7.06340658e-03  4.77996761e+00 
 7.06840658e-03  4.78045847e+00 
 7.07340658e-03  4.78094827e+00 
 7.07840658e-03  4.78143699e+00 
 7.08340658e-03  4.78192464e+00 
 7.08840658e-03  4.78241122e+00 
 7.09340658e-03  4.78289674e+00 
 7.09840658e-03  4.78338119e+00 
 7.10340658e-03  4.78386458e+00 
 7.10840658e-03  4.78434692e+00 
 7.11340658e-03  4.78482819e+00 
 7.11840658e-03  4.78530841e+00 
 7.12340658e-03  4.78578758e+00 
 7.12840658e-03  4.78626570e+00 
 7.13340658e-03  4.78674278e+00 
 7.13840658e-03  4.78721881e+00 
 7.14340658e-03  4.78769379e+00 
 7.14840658e-03  4.78816774e+00 
 7.15340658e-03  4.78864065e+00 
 7.15840658e-03  4.78911252e+00 
 7.16340658e-03  4.78958336e+00 
 7.16840658e-03  4.79005317e+00 
 7.17340658e-03  4.79052195e+00 
 7.17840658e-03  4.79098970e+00 
 7.18340658e-03  4.79145643e+00 
 7.18840658e-03  4.79192214e+00 
 7.19340658e-03  4.79238682e+00 
 7.19840658e-03  4.79285049e+00 
 7.20340658e-03  4.79331315e+00 
 7.20840658e-03  4.79377479e+00 
 7.21340658e-03  4.79423542e+00 
 7.21840658e-03  4.79469505e+00 
 7.22340658e-03  4.79515366e+00 
 7.22840658e-03  4.79561128e+00 
 7.23340658e-03  4.79606789e+00 
 7.23840658e-03  4.79652350e+00 
 7.24340658e-03  4.79697811e+00 
 7.24840658e-03  4.79743173e+00 
 7.25340658e-03  4.79788436e+00 
 7.25840658e-03  4.79833599e+00 
 7.26340658e-03  4.79878664e+00 
 7.26840658e-03  4.79923630e+00 
 7.27340658e-03  4.79968498e+00 
 7.27840658e-03  4.80013267e+00 
 7.28340658e-03  4.80057939e+00 
 7.28840658e-03  4.80102513e+00 
 7.29340658e-03  4.80146989e+00 
 7.29840658e-03  4.80191368e+00 
 7.30340658e-03  4.80235649e+00 
 7.30840658e-03  4.80279834e+00 
 7.31340658e-03  4.80323922e+00 
 7.31840658e-03  4.80367914e+00 
 7.32340658e-03  4.80411810e+00 
 7.32840658e-03  4.80455609e+00 
 7.33340658e-03  4.80499313e+00 
 7.33840658e-03  4.80542921e+00 
 7.34340658e-03  4.80586433e+00 
 7.34840658e-03  4.80629851e+00 
 7.35340658e-03  4.80673173e+00 
 7.35840658e-03  4.80716401e+00 
 7.36340658e-03  4.80759534e+00 
 7.36840658e-03  4.80802572e+00 
 7.37340658e-03  4.80845517e+00 
 7.37840658e-03  4.80888368e+00 
 7.38340658e-03  4.80931124e+00 
 7.38840658e-03  4.80973788e+00 
 7.39340658e-03  4.81016358e+00 
 7.39840658e-03  4.81058835e+00 
 7.40340658e-03  4.81101219e+00 
 7.40840658e-03  4.81143510e+00 
 7.41340658e-03  4.81185709e+00 
 7.41840658e-03  4.81227816e+00 
 7.42340658e-03  4.81269831e+00 
 7.42840658e-03  4.81311753e+00 
 7.43340658e-03  4.81353584e+00 
 7.43840658e-03  4.81395324e+00 
 7.44340658e-03  4.81436972e+00 
 7.44840658e-03  4.81478529e+00 
 7.45340658e-03  4.81519996e+00 
 7.45840658e-03  4.81561371e+00 
 7.46340658e-03  4.81602657e+00 
 7.46840658e-03  4.81643852e+00 
 7.47340658e-03  4.81684956e+00 
 7.47840658e-03  4.81725972e+00 
 7.48340658e-03  4.81766897e+00 
 7.48840658e-03  4.81807733e+00 
 7.49340658e-03  4.81848480e+00 
 7.49840658e-03  4.81889137e+00 
 7.50340658e-03  4.81929706e+00 
 7.50840658e-03  4.81970186e+00 
 7.51340658e-03  4.82010578e+00 
 7.51840658e-03  4.82050881e+00 
 7.52340658e-03  4.82091096e+00 
 7.52840658e-03  4.82131224e+00 
 7.53340658e-03  4.82171263e+00 
 7.53840658e-03  4.82211216e+00 
 7.54340658e-03  4.82251081e+00 
 7.54840658e-03  4.82290858e+00 
 7.55340658e-03  4.82330549e+00 
 7.55840658e-03  4.82370153e+00 
 7.56340658e-03  4.82409671e+00 
 7.56840658e-03  4.82449102e+00 
 7.57340658e-03  4.82488447e+00 
 7.57840658e-03  4.82527707e+00 
 7.58340658e-03  4.82566880e+00 
 7.58840658e-03  4.82605968e+00 
 7.59340658e-03  4.82644970e+00 
 7.59840658e-03  4.82683888e+00 
 7.60340658e-03  4.82722720e+00 
 7.60840658e-03  4.82761467e+00 
 7.61340658e-03  4.82800130e+00 
 7.61840658e-03  4.82838708e+00 
 7.62340658e-03  4.82877203e+00 
 7.62840658e-03  4.82915613e+00 
 7.63340658e-03  4.82953939e+00 
 7.63840658e-03  4.82992181e+00 
 7.64340658e-03  4.83030340e+00 
 7.64840658e-03  4.83068416e+00 
 7.65340658e-03  4.83106408e+00 
 7.65840658e-03  4.83144318e+00 
 7.66340658e-03  4.83182145e+00 
 7.66840658e-03  4.83219889e+00 
 7.67340658e-03  4.83257551e+00 
 7.67840658e-03  4.83295130e+00 
 7.68340658e-03  4.83332628e+00 
 7.68840658e-03  4.83370043e+00 
 7.69340658e-03  4.83407377e+00 
 7.69840658e-03  4.83444630e+00 
 7.70340658e-03  4.83481801e+00 
 7.70840658e-03  4.83518891e+00 
 7.71340658e-03  4.83555900e+00 
 7.71840658e-03  4.83592829e+00 
 7.72340658e-03  4.83629676e+00 
 7.72840658e-03  4.83666444e+00 
 7.73340658e-03  4.83703131e+00 
 7.73840658e-03  4.83739738e+00 
 7.74340658e-03  4.83776265e+00 
 7.74840658e-03  4.83812712e+00 
 7.75340658e-03  4.83849080e+00 
 7.75840658e-03  4.83885369e+00 
 7.76340658e-03  4.83921578e+00 
 7.76840658e-03  4.83957709e+00 
 7.77340658e-03  4.83993760e+00 
 7.77840658e-03  4.84029733e+00 
 7.78340658e-03  4.84065628e+00 
 7.78840658e-03  4.84101444e+00 
 7.79340658e-03  4.84137182e+00 
 7.79840658e-03  4.84172842e+00 
 7.80340658e-03  4.84208424e+00 
 7.80840658e-03  4.84243929e+00 
 7.81340658e-03  4.84279356e+00 
 7.81840658e-03  4.84314707e+00 
 7.82340658e-03  4.84349979e+00 
 7.82840658e-03  4.84385175e+00 
 7.83340658e-03  4.84420295e+00 
 7.83840658e-03  4.84455337e+00 
 7.84340658e-03  4.84490304e+00 
 7.84840658e-03  4.84525194e+00 
 7.85340658e-03  4.84560008e+00 
 7.85840658e-03  4.84594746e+00 
 7.86340658e-03  4.84629408e+00 
 7.86840658e-03  4.84663995e+00 
 7.87340658e-03  4.84698507e+00 
 7.87840658e-03  4.84732943e+00 
 7.88340658e-03  4.84767304e+00 
 7.88840658e-03  4.84801590e+00 
 7.89340658e-03  4.84835802e+00 
 7.89840658e-03  4.84869939e+00 
 7.90340658e-03  4.84904001e+00 
 7.90840658e-03  4.84937990e+00 
 7.91340658e-03  4.84971904e+00 
 7.91840658e-03  4.85005745e+00 
 7.92340658e-03  4.85039511e+00 
 7.92840658e-03  4.85073204e+00 
 7.93340658e-03  4.85106824e+00 
 7.93840658e-03  4.85140371e+00 
 7.94340658e-03  4.85173844e+00 
 7.94840658e-03  4.85207244e+00 
 7.95340658e-03  4.85240572e+00 
 7.95840658e-03  4.85273827e+00 
 7.96340658e-03  4.85307010e+00 
 7.96840658e-03  4.85340121e+00 
 7.97340658e-03  4.85373159e+00 
 7.97840658e-03  4.85406125e+00 
 7.98340658e-03  4.85439020e+00 
 7.98840658e-03  4.85471843e+00 
 7.99340658e-03  4.85504594e+00 
 7.99840658e-03  4.85537275e+00 
 8.00340658e-03  4.85569884e+00 
 8.00840658e-03  4.85602422e+00 
 8.01340658e-03  4.85634889e+00 
 8.01840658e-03  4.85667285e+00 
 8.02340658e-03  4.85699612e+00 
 8.02840658e-03  4.85731867e+00 
 8.03340658e-03  4.85764053e+00 
 8.03840658e-03  4.85796168e+00 
 8.04340658e-03  4.85828214e+00 
 8.04840658e-03  4.85860189e+00 
 8.05340658e-03  4.85892096e+00 
 8.05840658e-03  4.85923932e+00 
 8.06340658e-03  4.85955700e+00 
 8.06840658e-03  4.85987398e+00 
 8.07340658e-03  4.86019028e+00 
 8.07840658e-03  4.86050588e+00 
 8.08340658e-03  4.86082080e+00 
 8.08840658e-03  4.86113504e+00 
 8.09340658e-03  4.86144859e+00 
 8.09840658e-03  4.86176146e+00 
 8.10340658e-03  4.86207365e+00 
 8.10840658e-03  4.86238516e+00 
 8.11340658e-03  4.86269599e+00 
 8.11840658e-03  4.86300615e+00 
 8.12340658e-03  4.86331563e+00 
 8.12840658e-03  4.86362444e+00 
 8.13340658e-03  4.86393257e+00 
 8.13840658e-03  4.86424004e+00 
 8.14340658e-03  4.86454684e+00 
 8.14840658e-03  4.86485297e+00 
 8.15340658e-03  4.86515844e+00 
 8.15840658e-03  4.86546324e+00 
 8.16340658e-03  4.86576738e+00 
 8.16840658e-03  4.86607086e+00 
 8.17340658e-03  4.86637368e+00 
 8.17840658e-03  4.86667584e+00 
 8.18340658e-03  4.86697735e+00 
 8.18840658e-03  4.86727820e+00 
 8.19340658e-03  4.86757839e+00 
 8.19840658e-03  4.86787794e+00 
 8.20340658e-03  4.86817683e+00 
 8.20840658e-03  4.86847507e+00 
 8.21340658e-03  4.86877267e+00 
 8.21840658e-03  4.86906962e+00 
 8.22340658e-03  4.86936592e+00 
 8.22840658e-03  4.86966159e+00 
 8.23340658e-03  4.86995660e+00 
 8.23840658e-03  4.87025098e+00 
 8.24340658e-03  4.87054472e+00 
 8.24840658e-03  4.87083782e+00 
 8.25340658e-03  4.87113029e+00 
 8.25840658e-03  4.87142212e+00 
 8.26340658e-03  4.87171331e+00 
 8.26840658e-03  4.87200388e+00 
 8.27340658e-03  4.87229381e+00 
 8.27840658e-03  4.87258311e+00 
 8.28340658e-03  4.87287179e+00 
 8.28840658e-03  4.87315984e+00 
 8.29340658e-03  4.87344726e+00 
 8.29840658e-03  4.87373406e+00 
 8.30340658e-03  4.87402024e+00 
 8.30840658e-03  4.87430580e+00 
 8.31340658e-03  4.87459073e+00 
 8.31840658e-03  4.87487505e+00 
 8.32340658e-03  4.87515876e+00 
 8.32840658e-03  4.87544184e+00 
 8.33340658e-03  4.87572432e+00 
 8.33840658e-03  4.87600618e+00 
 8.34340658e-03  4.87628743e+00 
 8.34840658e-03  4.87656806e+00 
 8.35340658e-03  4.87684810e+00 
 8.35840658e-03  4.87712752e+00 
 8.36340658e-03  4.87740634e+00 
 8.36840658e-03  4.87768455e+00 
 8.37340658e-03  4.87796216e+00 
 8.37840658e-03  4.87823917e+00 
 8.38340658e-03  4.87851557e+00 
 8.38840658e-03  4.87879138e+00 
 8.39340658e-03  4.87906659e+00 
 8.39840658e-03  4.87934121e+00 
 8.40340658e-03  4.87961523e+00 
 8.40840658e-03  4.87988865e+00 
 8.41340658e-03  4.88016148e+00 
 8.41840658e-03  4.88043372e+00 
 8.42340658e-03  4.88070538e+00 
 8.42840658e-03  4.88097644e+00 
 8.43340658e-03  4.88124692e+00 
 8.43840658e-03  4.88151681e+00 
 8.44340658e-03  4.88178611e+00 
 8.44840658e-03  4.88205483e+00 
 8.45340658e-03  4.88232297e+00 
 8.45840658e-03  4.88259053e+00 
 8.46340658e-03  4.88285752e+00 
 8.46840658e-03  4.88312392e+00 
 8.47340658e-03  4.88338974e+00 
 8.47840658e-03  4.88365499e+00 
 8.48340658e-03  4.88391967e+00 
 8.48840658e-03  4.88418377e+00 
 8.49340658e-03  4.88444731e+00 
 8.49840658e-03  4.88471027e+00 
 8.50340658e-03  4.88497266e+00 
 8.50840658e-03  4.88523448e+00 
 8.51340658e-03  4.88549574e+00 
 8.51840658e-03  4.88575644e+00 
 8.52340658e-03  4.88601656e+00 
 8.52840658e-03  4.88627613e+00 
 8.53340658e-03  4.88653514e+00 
 8.53840658e-03  4.88679358e+00 
 8.54340658e-03  4.88705147e+00 
 8.54840658e-03  4.88730879e+00 
 8.55340658e-03  4.88756557e+00 
 8.55840658e-03  4.88782178e+00 
 8.56340658e-03  4.88807745e+00 
 8.56840658e-03  4.88833256e+00 
 8.57340658e-03  4.88858712e+00 
 8.57840658e-03  4.88884112e+00 
 8.58340658e-03  4.88909458e+00 
 8.58840658e-03  4.88934750e+00 
 8.59340658e-03  4.88959986e+00 
 8.59840658e-03  4.88985168e+00 
 8.60340658e-03  4.89010296e+00 
 8.60840658e-03  4.89035369e+00 
 8.61340658e-03  4.89060388e+00 
 8.61840658e-03  4.89085353e+00 
 8.62340658e-03  4.89110265e+00 
 8.62840658e-03  4.89135122e+00 
 8.63340658e-03  4.89159926e+00 
 8.63840658e-03  4.89184676e+00 
 8.64340658e-03  4.89209373e+00 
 8.64840658e-03  4.89234016e+00 
 8.65340658e-03  4.89258607e+00 
 8.65840658e-03  4.89283144e+00 
 8.66340658e-03  4.89307628e+00 
 8.66840658e-03  4.89332059e+00 
 8.67340658e-03  4.89356438e+00 
 8.67840658e-03  4.89380764e+00 
 8.68340658e-03  4.89405038e+00 
 8.68840658e-03  4.89429259e+00 
 8.69340658e-03  4.89453428e+00 
 8.69840658e-03  4.89477545e+00 
 8.70340658e-03  4.89501610e+00 
 8.70840658e-03  4.89525623e+00 
 8.71340658e-03  4.89549584e+00 
 8.71840658e-03  4.89573494e+00 
 8.72340658e-03  4.89597352e+00 
 8.72840658e-03  4.89621158e+00 
 8.73340658e-03  4.89644914e+00 
 8.73840658e-03  4.89668618e+00 
 8.74340658e-03  4.89692271e+00 
 8.74840658e-03  4.89715873e+00 
 8.75340658e-03  4.89739424e+00 
 8.75840658e-03  4.89762924e+00 
 8.76340658e-03  4.89786374e+00 
 8.76840658e-03  4.89809774e+00 
 8.77340658e-03  4.89833123e+00 
 8.77840658e-03  4.89856421e+00 
 8.78340658e-03  4.89879670e+00 
 8.78840658e-03  4.89902868e+00 
 8.79340658e-03  4.89926017e+00 
 8.79840658e-03  4.89949115e+00 
 8.80340658e-03  4.89972164e+00 
 8.80840658e-03  4.89995164e+00 
 8.81340658e-03  4.90018114e+00 
 8.81840658e-03  4.90041014e+00 
 8.82340658e-03  4.90063865e+00 
 8.82840658e-03  4.90086667e+00 
 8.83340658e-03  4.90109420e+00 
 8.83840658e-03  4.90132124e+00 
 8.84340658e-03  4.90154780e+00 
 8.84840658e-03  4.90177386e+00 
 8.85340658e-03  4.90199944e+00 
 8.85840658e-03  4.90222454e+00 
 8.86340658e-03  4.90244915e+00 
 8.86840658e-03  4.90267328e+00 
 8.87340658e-03  4.90289692e+00 
 8.87840658e-03  4.90312009e+00 
 8.88340658e-03  4.90334277e+00 
 8.88840658e-03  4.90356498e+00 
 8.89340658e-03  4.90378671e+00 
 8.89840658e-03  4.90400797e+00 
 8.90340658e-03  4.90422874e+00 
 8.90840658e-03  4.90444905e+00 
 8.91340658e-03  4.90466888e+00 
 8.91840658e-03  4.90488824e+00 
 8.92340658e-03  4.90510713e+00 
 8.92840658e-03  4.90532555e+00 
 8.93340658e-03  4.90554350e+00 
 8.93840658e-03  4.90576098e+00 
 8.94340658e-03  4.90597800e+00 
 8.94840658e-03  4.90619455e+00 
 8.95340658e-03  4.90641063e+00 
 8.95840658e-03  4.90662626e+00 
 8.96340658e-03  4.90684142e+00 
 8.96840658e-03  4.90705611e+00 
 8.97340658e-03  4.90727035e+00 
 8.97840658e-03  4.90748413e+00 
 8.98340658e-03  4.90769745e+00 
 8.98840658e-03  4.90791032e+00 
 8.99340658e-03  4.90812272e+00 
 8.99840658e-03  4.90833468e+00 
 9.00340658e-03  4.90854617e+00 
 9.00840658e-03  4.90875722e+00 
 9.01340658e-03  4.90896781e+00 
 9.01840658e-03  4.90917795e+00 
 9.02340658e-03  4.90938764e+00 
 9.02840658e-03  4.90959689e+00 
 9.03340658e-03  4.90980568e+00 
 9.03840658e-03  4.91001403e+00 
 9.04340658e-03  4.91022193e+00 
 9.04840658e-03  4.91042939e+00 
 9.05340658e-03  4.91063640e+00 
 9.05840658e-03  4.91084297e+00 
 9.06340658e-03  4.91104910e+00 
 9.06840658e-03  4.91125479e+00 
 9.07340658e-03  4.91146004e+00 
 9.07840658e-03  4.91166484e+00 
 9.08340658e-03  4.91186922e+00 
 9.08840658e-03  4.91207315e+00 
 9.09340658e-03  4.91227665e+00 
 9.09840658e-03  4.91247971e+00 
 9.10340658e-03  4.91268234e+00 
 9.10840658e-03  4.91288454e+00 
 9.11340658e-03  4.91308630e+00 
 9.11840658e-03  4.91328763e+00 
 9.12340658e-03  4.91348854e+00 
 9.12840658e-03  4.91368901e+00 
 9.13340658e-03  4.91388906e+00 
 9.13840658e-03  4.91408867e+00 
 9.14340658e-03  4.91428787e+00 
 9.14840658e-03  4.91448664e+00 
 9.15340658e-03  4.91468498e+00 
 9.15840658e-03  4.91488290e+00 
 9.16340658e-03  4.91508040e+00 
 9.16840658e-03  4.91527748e+00 
 9.17340658e-03  4.91547413e+00 
 9.17840658e-03  4.91567037e+00 
 9.18340658e-03  4.91586619e+00 
 9.18840658e-03  4.91606159e+00 
 9.19340658e-03  4.91625658e+00 
 9.19840658e-03  4.91645115e+00 
 9.20340658e-03  4.91664530e+00 
 9.20840658e-03  4.91683904e+00 
 9.21340658e-03  4.91703237e+00 
 9.21840658e-03  4.91722529e+00 
 9.22340658e-03  4.91741779e+00 
 9.22840658e-03  4.91760989e+00 
 9.23340658e-03  4.91780158e+00 
 9.23840658e-03  4.91799286e+00 
 9.24340658e-03  4.91818373e+00 
 9.24840658e-03  4.91837420e+00 
 9.25340658e-03  4.91856426e+00 
 9.25840658e-03  4.91875391e+00 
 9.26340658e-03  4.91894317e+00 
 9.26840658e-03  4.91913202e+00 
 9.27340658e-03  4.91932047e+00 
 9.27840658e-03  4.91950852e+00 
 9.28340658e-03  4.91969617e+00 
 9.28840658e-03  4.91988342e+00 
 9.29340658e-03  4.92007027e+00 
 9.29840658e-03  4.92025673e+00 
 9.30340658e-03  4.92044279e+00 
 9.30840658e-03  4.92062845e+00 
 9.31340658e-03  4.92081372e+00 
 9.31840658e-03  4.92099860e+00 
 9.32340658e-03  4.92118308e+00 
 9.32840658e-03  4.92136718e+00 
 9.33340658e-03  4.92155088e+00 
 9.33840658e-03  4.92173419e+00 
 9.34340658e-03  4.92191712e+00 
 9.34840658e-03  4.92209965e+00 
 9.35340658e-03  4.92228180e+00 
 9.35840658e-03  4.92246357e+00 
 9.36340658e-03  4.92264494e+00 
 9.36840658e-03  4.92282594e+00 
 9.37340658e-03  4.92300655e+00 
 9.37840658e-03  4.92318678e+00 
 9.38340658e-03  4.92336662e+00 
 9.38840658e-03  4.92354609e+00 
 9.39340658e-03  4.92372517e+00 
 9.39840658e-03  4.92390388e+00 
 9.40340658e-03  4.92408221e+00 
 9.40840658e-03  4.92426016e+00 
 9.41340658e-03  4.92443773e+00 
 9.41840658e-03  4.92461493e+00 
 9.42340658e-03  4.92479175e+00 
 9.42840658e-03  4.92496820e+00 
 9.43340658e-03  4.92514428e+00 
 9.43840658e-03  4.92531998e+00 
 9.44340658e-03  4.92549532e+00 
 9.44840658e-03  4.92567028e+00 
 9.45340658e-03  4.92584487e+00 
 9.45840658e-03  4.92601910e+00 
 9.46340658e-03  4.92619296e+00 
 9.46840658e-03  4.92636645e+00 
 9.47340658e-03  4.92653957e+00 
 9.47840658e-03  4.92671233e+00 
 9.48340658e-03  4.92688472e+00 
 9.48840658e-03  4.92705675e+00 
 9.49340658e-03  4.92722842e+00 
 9.49840658e-03  4.92739973e+00 
 9.50340658e-03  4.92757067e+00 
 9.50840658e-03  4.92774125e+00 
 9.51340658e-03  4.92791148e+00 
 9.51840658e-03  4.92808135e+00 
 9.52340658e-03  4.92825085e+00 
 9.52840658e-03  4.92842000e+00 
 9.53340658e-03  4.92858880e+00 
 9.53840658e-03  4.92875724e+00 
 9.54340658e-03  4.92892533e+00 
 9.54840658e-03  4.92909306e+00 
 9.55340658e-03  4.92926044e+00 
 9.55840658e-03  4.92942746e+00 
 9.56340658e-03  4.92959414e+00 
 9.56840658e-03  4.92976046e+00 
 9.57340658e-03  4.92992644e+00 
 9.57840658e-03  4.93009207e+00 
 9.58340658e-03  4.93025735e+00 
 9.58840658e-03  4.93042228e+00 
 9.59340658e-03  4.93058686e+00 
 9.59840658e-03  4.93075110e+00 
 9.60340658e-03  4.93091500e+00 
 9.60840658e-03  4.93107855e+00 
 9.61340658e-03  4.93124176e+00 
 9.61840658e-03  4.93140462e+00 
 9.62340658e-03  4.93156715e+00 
 9.62840658e-03  4.93172933e+00 
 9.63340658e-03  4.93189118e+00 
 9.63840658e-03  4.93205268e+00 
 9.64340658e-03  4.93221385e+00 
 9.64840658e-03  4.93237468e+00 
 9.65340658e-03  4.93253517e+00 
 9.65840658e-03  4.93269532e+00 
 9.66340658e-03  4.93285514e+00 
 9.66840658e-03  4.93301463e+00 
 9.67340658e-03  4.93317378e+00 
 9.67840658e-03  4.93333260e+00 
 9.68340658e-03  4.93349109e+00 
 9.68840658e-03  4.93364925e+00 
 9.69340658e-03  4.93380707e+00 
 9.69840658e-03  4.93396457e+00 
 9.70340658e-03  4.93412174e+00 
 9.70840658e-03  4.93427858e+00 
 9.71340658e-03  4.93443509e+00 
 9.71840658e-03  4.93459127e+00 
 9.72340658e-03  4.93474713e+00 
 9.72840658e-03  4.93490266e+00 
 9.73340658e-03  4.93505787e+00 
 9.73840658e-03  4.93521276e+00 
 9.74340658e-03  4.93536732e+00 
 9.74840658e-03  4.93552156e+00 
 9.75340658e-03  4.93567548e+00 
 9.75840658e-03  4.93582908e+00 
 9.76340658e-03  4.93598236e+00 
 9.76840658e-03  4.93613532e+00 
 9.77340658e-03  4.93628796e+00 
 9.77840658e-03  4.93644028e+00 
 9.78340658e-03  4.93659229e+00 
 9.78840658e-03  4.93674398e+00 
 9.79340658e-03  4.93689536e+00 
 9.79840658e-03  4.93704642e+00 
 9.80340658e-03  4.93719716e+00 
 9.80840658e-03  4.93734760e+00 
 9.81340658e-03  4.93749772e+00 
 9.81840658e-03  4.93764753e+00 
 9.82340658e-03  4.93779703e+00 
 9.82840658e-03  4.93794622e+00 
 9.83340658e-03  4.93809509e+00 
 9.83840658e-03  4.93824366e+00 
 9.84340658e-03  4.93839193e+00 
 9.84840658e-03  4.93853988e+00 
 9.85340658e-03  4.93868753e+00 
 9.85840658e-03  4.93883487e+00 
 9.86340658e-03  4.93898191e+00 
 9.86840658e-03  4.93912864e+00 
 9.87340658e-03  4.93927507e+00 
 9.87840658e-03  4.93942120e+00 
 9.88340658e-03  4.93956702e+00 
 9.88840658e-03  4.93971255e+00 
 9.89340658e-03  4.93985777e+00 
 9.89840658e-03  4.94000269e+00 
 9.90340658e-03  4.94014731e+00 
 9.90840658e-03  4.94029164e+00 
 9.91340658e-03  4.94043566e+00 
 9.91840658e-03  4.94057939e+00 
 9.92340658e-03  4.94072282e+00 
 9.92840658e-03  4.94086596e+00 
 9.93340658e-03  4.94100880e+00 
 9.93840658e-03  4.94115135e+00 
 9.94340658e-03  4.94129360e+00 
 9.94840658e-03  4.94143556e+00 
 9.95340658e-03  4.94157723e+00 
 9.95840658e-03  4.94171860e+00 
 9.96340658e-03  4.94185969e+00 
 9.96840658e-03  4.94200048e+00 
 9.97340658e-03  4.94214099e+00 
 9.97840658e-03  4.94228120e+00 
 9.98340658e-03  4.94242113e+00 
 9.98840658e-03  4.94256077e+00 
 9.99340658e-03  4.94270012e+00 
 9.99840658e-03  4.94283919e+00 
 1.00034066e-02  4.94297797e+00 
 1.00084066e-02  4.94311647e+00 
 1.00134066e-02  4.94325468e+00 
 1.00184066e-02  4.94339261e+00 
 1.00234066e-02  4.94353026e+00 
 1.00284066e-02  4.94366763e+00 
 1.00334066e-02  4.94380471e+00 
 1.00384066e-02  4.94394151e+00 
 1.00434066e-02  4.94407803e+00 
 1.00484066e-02  4.94421428e+00 
 1.00534066e-02  4.94435024e+00 
 1.00584066e-02  4.94448593e+00 
 1.00634066e-02  4.94462134e+00 
 1.00684066e-02  4.94475647e+00 
 1.00734066e-02  4.94489133e+00 
 1.00784066e-02  4.94502591e+00 
 1.00834066e-02  4.94516022e+00 
 1.00884066e-02  4.94529425e+00 
 1.00934066e-02  4.94542801e+00 
 1.00984066e-02  4.94556150e+00 
 1.01034066e-02  4.94569471e+00 
 1.01084066e-02  4.94582765e+00 
 1.01134066e-02  4.94596033e+00 
 1.01184066e-02  4.94609273e+00 
 1.01234066e-02  4.94622486e+00 
 1.01284066e-02  4.94635672e+00 
 1.01334066e-02  4.94648832e+00 
 1.01384066e-02  4.94661965e+00 
 1.01434066e-02  4.94675071e+00 
 1.01484066e-02  4.94688151e+00 
 1.01534066e-02  4.94701204e+00 
 1.01584066e-02  4.94714230e+00 
 1.01634066e-02  4.94727230e+00 
 1.01684066e-02  4.94740204e+00 
 1.01734066e-02  4.94753151e+00 
 1.01784066e-02  4.94766072e+00 
 1.01834066e-02  4.94778967e+00 
 1.01884066e-02  4.94791836e+00 
 1.01934066e-02  4.94804679e+00 
 1.01984066e-02  4.94817496e+00 
 1.02034066e-02  4.94830287e+00 
 1.02084066e-02  4.94843052e+00 
 1.02134066e-02  4.94855791e+00 
 1.02184066e-02  4.94868505e+00 
 1.02234066e-02  4.94881193e+00 
 1.02284066e-02  4.94893855e+00 
 1.02334066e-02  4.94906492e+00 
 1.02384066e-02  4.94919103e+00 
 1.02434066e-02  4.94931689e+00 
 1.02484066e-02  4.94944249e+00 
 1.02534066e-02  4.94956784e+00 
 1.02584066e-02  4.94969294e+00 
 1.02634066e-02  4.94981779e+00 
 1.02684066e-02  4.94994239e+00 
 1.02734066e-02  4.95006673e+00 
 1.02784066e-02  4.95019083e+00 
 1.02834066e-02  4.95031468e+00 
 1.02884066e-02  4.95043828e+00 
 1.02934066e-02  4.95056163e+00 
 1.02984066e-02  4.95068473e+00 
 1.03034066e-02  4.95080759e+00 
 1.03084066e-02  4.95093020e+00 
 1.03134066e-02  4.95105256e+00 
 1.03184066e-02  4.95117468e+00 
 1.03234066e-02  4.95129656e+00 
 1.03284066e-02  4.95141819e+00 
 1.03334066e-02  4.95153958e+00 
 1.03384066e-02  4.95166072e+00 
 1.03434066e-02  4.95178163e+00 
 1.03484066e-02  4.95190229e+00 
 1.03534066e-02  4.95202271e+00 
 1.03584066e-02  4.95214289e+00 
 1.03634066e-02  4.95226283e+00 
 1.03684066e-02  4.95238253e+00 
 1.03734066e-02  4.95250200e+00 
 1.03784066e-02  4.95262122e+00 
 1.03834066e-02  4.95274021e+00 
 1.03884066e-02  4.95285897e+00 
 1.03934066e-02  4.95297748e+00 
 1.03984066e-02  4.95309576e+00 
 1.04034066e-02  4.95321381e+00 
 1.04084066e-02  4.95333162e+00 
 1.04134066e-02  4.95344920e+00 
 1.04184066e-02  4.95356654e+00 
 1.04234066e-02  4.95368365e+00 
 1.04284066e-02  4.95380053e+00 
 1.04334066e-02  4.95391718e+00 
 1.04384066e-02  4.95403360e+00 
 1.04434066e-02  4.95414979e+00 
 1.04484066e-02  4.95426575e+00 
 1.04534066e-02  4.95438147e+00 
 1.04584066e-02  4.95449698e+00 
 1.04634066e-02  4.95461225e+00 
 1.04684066e-02  4.95472729e+00 
 1.04734066e-02  4.95484211e+00 
 1.04784066e-02  4.95495670e+00 
 1.04834066e-02  4.95507107e+00 
 1.04884066e-02  4.95518521e+00 
 1.04934066e-02  4.95529912e+00 
 1.04984066e-02  4.95541282e+00 
 1.05000000e-02  4.95544900e+00 
