 0.00000000e+00  8.00000000e-02 
 5.00000000e-07  8.00000000e-02 
 1.00000000e-06  8.00000000e-02 
 2.00000000e-06  8.00000000e-02 
 4.00000000e-06  8.00000000e-02 
 8.00000000e-06  8.00000000e-02 
 1.60000000e-05  8.00000000e-02 
 3.20000000e-05  8.00000000e-02 
 6.40000000e-05  8.00000000e-02 
 1.14000000e-04  8.00000000e-02 
 1.64000000e-04  8.00000000e-02 
 2.14000000e-04  8.00000000e-02 
 2.64000000e-04  8.00000000e-02 
 3.14000000e-04  8.00000000e-02 
 3.64000000e-04  8.00000000e-02 
 4.14000000e-04  8.00000000e-02 
 4.64000000e-04  8.00000000e-02 
 5.14000000e-04  8.00000000e-02 
 5.64000000e-04  8.00000000e-02 
 6.14000000e-04  8.00000000e-02 
 6.64000000e-04  8.00000000e-02 
 7.14000000e-04  8.00000000e-02 
 7.64000000e-04  8.00000000e-02 
 8.14000000e-04  8.00000000e-02 
 8.64000000e-04  8.00000000e-02 
 9.14000000e-04  8.00000000e-02 
 9.64000000e-04  8.00000000e-02 
 1.01400000e-03  8.00000000e-02 
 1.06400000e-03  8.00000000e-02 
 1.11400000e-03  8.00000000e-02 
 1.16400000e-03  8.00000000e-02 
 1.21400000e-03  8.00000000e-02 
 1.26400000e-03  8.00000000e-02 
 1.31400000e-03  8.00000000e-02 
 1.36400000e-03  8.00000000e-02 
 1.41400000e-03  8.00000000e-02 
 1.46400000e-03  8.00000000e-02 
 1.51400000e-03  8.00000000e-02 
 1.56400000e-03  8.00000000e-02 
 1.61400000e-03  8.00000000e-02 
 1.66400000e-03  8.00000000e-02 
 1.71400000e-03  8.00000000e-02 
 1.76400000e-03  8.00000000e-02 
 1.81400000e-03  8.00000000e-02 
 1.86400000e-03  8.00000000e-02 
 1.91400000e-03  8.00000000e-02 
 1.96400000e-03  8.00000000e-02 
 2.01400000e-03  8.00000000e-02 
 2.06400000e-03  8.00000000e-02 
 2.11400000e-03  8.00000000e-02 
 2.16400000e-03  8.00000000e-02 
 2.21400000e-03  8.00000000e-02 
 2.26400000e-03  8.00000000e-02 
 2.31400000e-03  8.00000000e-02 
 2.36400000e-03  8.00000000e-02 
 2.41400000e-03  8.00000000e-02 
 2.46400000e-03  8.00000000e-02 
 2.51400000e-03  8.00000000e-02 
 2.56400000e-03  8.00000000e-02 
 2.61400000e-03  8.00000000e-02 
 2.66400000e-03  8.00000000e-02 
 2.71400000e-03  8.00000000e-02 
 2.76400000e-03  8.00000000e-02 
 2.81400000e-03  8.00000000e-02 
 2.86400000e-03  8.00000000e-02 
 2.91400000e-03  8.00000000e-02 
 2.96400000e-03  8.00000000e-02 
 3.01400000e-03  8.00000000e-02 
 3.06400000e-03  8.00000000e-02 
 3.11400000e-03  8.00000000e-02 
 3.16400000e-03  8.00000000e-02 
 3.21400000e-03  8.00000000e-02 
 3.26400000e-03  8.00000000e-02 
 3.31400000e-03  8.00000000e-02 
 3.36400000e-03  8.00000000e-02 
 3.41400000e-03  8.00000000e-02 
 3.46400000e-03  8.00000000e-02 
 3.51400000e-03  8.00000000e-02 
 3.56400000e-03  8.00000000e-02 
 3.61400000e-03  8.00000000e-02 
 3.66400000e-03  8.00000000e-02 
 3.71400000e-03  8.00000000e-02 
 3.76400000e-03  8.00000000e-02 
 3.81400000e-03  8.00000000e-02 
 3.86400000e-03  8.00000000e-02 
 3.91400000e-03  8.00000000e-02 
 3.96400000e-03  8.00000000e-02 
 4.01400000e-03  8.00000000e-02 
 4.06400000e-03  8.00000000e-02 
 4.11400000e-03  8.00000000e-02 
 4.16400000e-03  8.00000000e-02 
 4.21400000e-03  8.00000000e-02 
 4.26400000e-03  8.00000000e-02 
 4.31400000e-03  8.00000000e-02 
 4.36400000e-03  8.00000000e-02 
 4.41400000e-03  8.00000000e-02 
 4.46400000e-03  8.00000000e-02 
 4.51400000e-03  8.00000000e-02 
 4.56400000e-03  8.00000000e-02 
 4.61400000e-03  8.00000000e-02 
 4.66400000e-03  8.00000000e-02 
 4.71400000e-03  8.00000000e-02 
 4.76400000e-03  8.00000000e-02 
 4.81400000e-03  8.00000000e-02 
 4.86400000e-03  8.00000000e-02 
 4.91400000e-03  8.00000000e-02 
 4.96400000e-03  8.00000000e-02 
 5.01400000e-03  8.00000000e-02 
 5.06400000e-03  8.00000000e-02 
 5.11400000e-03  8.00000000e-02 
 5.16400000e-03  8.00000000e-02 
 5.21400000e-03  8.00000000e-02 
 5.26400000e-03  8.00000000e-02 
 5.31400000e-03  8.00000000e-02 
 5.36400000e-03  8.00000000e-02 
 5.41400000e-03  8.00000000e-02 
 5.46400000e-03  8.00000000e-02 
 5.51400000e-03  8.00000000e-02 
 5.56400000e-03  8.00000000e-02 
 5.61400000e-03  8.00000000e-02 
 5.66400000e-03  8.00000000e-02 
 5.71400000e-03  8.00000000e-02 
 5.76400000e-03  8.00000000e-02 
 5.81400000e-03  8.00000000e-02 
 5.86400000e-03  8.00000000e-02 
 5.91400000e-03  8.00000000e-02 
 5.96400000e-03  8.00000000e-02 
 6.01400000e-03  8.00000000e-02 
 6.06400000e-03  8.00000000e-02 
 6.11400000e-03  8.00000000e-02 
 6.16012862e-03  8.00000000e-02 
 6.21012862e-03  8.00000000e-02 
 6.26012862e-03  8.00000000e-02 
 6.31012862e-03  8.00000000e-02 
 6.36012862e-03  8.00000000e-02 
 6.41012862e-03  8.00000000e-02 
 6.46012862e-03  8.00000000e-02 
 6.51012862e-03  8.00000000e-02 
 6.56012862e-03  8.00000000e-02 
 6.61012862e-03  8.00000000e-02 
 6.66012862e-03  8.00000000e-02 
 6.71012862e-03  8.00000000e-02 
 6.76012862e-03  8.00000000e-02 
 6.81012862e-03  8.00000000e-02 
 6.86012862e-03  8.00000000e-02 
 6.91012862e-03  8.00000000e-02 
 6.96012862e-03  8.00000000e-02 
 7.01012862e-03  8.00000000e-02 
 7.06012862e-03  8.00000000e-02 
 7.11012862e-03  8.00000000e-02 
 7.16012862e-03  8.00000000e-02 
 7.21012862e-03  8.00000000e-02 
 7.26012862e-03  8.00000000e-02 
 7.31012862e-03  8.00000000e-02 
 7.36012862e-03  8.00000000e-02 
 7.41012862e-03  8.00000000e-02 
 7.46012862e-03  8.00000000e-02 
 7.51012862e-03  8.00000000e-02 
 7.56012862e-03  8.00000000e-02 
 7.61012862e-03  8.00000000e-02 
 7.66012862e-03  8.00000000e-02 
 7.71012862e-03  8.00000000e-02 
 7.76012862e-03  8.00000000e-02 
 7.81012862e-03  8.00000000e-02 
 7.86012862e-03  8.00000000e-02 
 7.91012862e-03  8.00000000e-02 
 7.96012862e-03  8.00000000e-02 
 8.01012862e-03  8.00000000e-02 
 8.06012862e-03  8.00000000e-02 
 8.11012862e-03  8.00000000e-02 
 8.16012862e-03  8.00000000e-02 
 8.21012862e-03  8.00000000e-02 
 8.26012862e-03  8.00000000e-02 
 8.31012862e-03  8.00000000e-02 
 8.36012862e-03  8.00000000e-02 
 8.41012862e-03  8.00000000e-02 
 8.46012862e-03  8.00000000e-02 
 8.51012862e-03  8.00000000e-02 
 8.56012862e-03  8.00000000e-02 
 8.61012862e-03  8.00000000e-02 
 8.66012862e-03  8.00000000e-02 
 8.71012862e-03  8.00000000e-02 
 8.76012862e-03  8.00000000e-02 
 8.81012862e-03  8.00000000e-02 
 8.86012862e-03  8.00000000e-02 
 8.91012862e-03  8.00000000e-02 
 8.96012862e-03  8.00000000e-02 
 9.01012862e-03  8.00000000e-02 
 9.06012862e-03  8.00000000e-02 
 9.11012862e-03  8.00000000e-02 
 9.16012862e-03  8.00000000e-02 
 9.21012862e-03  8.00000000e-02 
 9.26012862e-03  8.00000000e-02 
 9.31012862e-03  8.00000000e-02 
 9.36012862e-03  8.00000000e-02 
 9.41012862e-03  8.00000000e-02 
 9.46012862e-03  8.00000000e-02 
 9.51012862e-03  8.00000000e-02 
 9.56012862e-03  8.00000000e-02 
 9.61012862e-03  8.00000000e-02 
 9.66012862e-03  8.00000000e-02 
 9.71012862e-03  8.00000000e-02 
 9.76012862e-03  8.00000000e-02 
 9.81012862e-03  8.00000000e-02 
 9.86012862e-03  8.00000000e-02 
 9.91012862e-03  8.00000000e-02 
 9.96012862e-03  8.00000000e-02 
 1.00101286e-02  8.00000000e-02 
 1.00601286e-02  8.00000000e-02 
 1.01101286e-02  8.00000000e-02 
 1.01601286e-02  8.00000000e-02 
 1.02101286e-02  8.00000000e-02 
 1.02601286e-02  8.00000000e-02 
 1.03101286e-02  8.00000000e-02 
 1.03601286e-02  8.00000000e-02 
 1.04101286e-02  8.00000000e-02 
 1.04601286e-02  8.00000000e-02 
 1.05101286e-02  8.00000000e-02 
 1.05601286e-02  8.00000000e-02 
 1.06101286e-02  8.00000000e-02 
 1.06601286e-02  8.00000000e-02 
 1.07101286e-02  8.00000000e-02 
 1.07601286e-02  8.00000000e-02 
 1.08101286e-02  8.00000000e-02 
 1.08601286e-02  8.00000000e-02 
 1.09101286e-02  8.00000000e-02 
 1.09601286e-02  8.00000000e-02 
 1.10101286e-02  8.00000000e-02 
 1.10601286e-02  8.00000000e-02 
 1.11101286e-02  8.00000000e-02 
 1.11601286e-02  8.00000000e-02 
 1.12101286e-02  8.00000000e-02 
 1.12601286e-02  8.00000000e-02 
 1.13101286e-02  8.00000000e-02 
 1.13601286e-02  8.00000000e-02 
 1.14101286e-02  8.00000000e-02 
 1.14601286e-02  8.00000000e-02 
 1.15101286e-02  8.00000000e-02 
 1.15601286e-02  8.00000000e-02 
 1.16101286e-02  8.00000000e-02 
 1.16601286e-02  8.00000000e-02 
 1.17101286e-02  8.00000000e-02 
 1.17601286e-02  8.00000000e-02 
 1.18101286e-02  8.00000000e-02 
 1.18601286e-02  8.00000000e-02 
 1.19101286e-02  8.00000000e-02 
 1.19601286e-02  8.00000000e-02 
 1.20101286e-02  8.00000000e-02 
 1.20601286e-02  8.00000000e-02 
 1.21101286e-02  8.00000000e-02 
 1.21601286e-02  8.00000000e-02 
 1.22101286e-02  8.00000000e-02 
 1.22601286e-02  8.00000000e-02 
 1.23101286e-02  8.00000000e-02 
 1.23601286e-02  8.00000000e-02 
 1.24101286e-02  8.00000000e-02 
 1.24601286e-02  8.00000000e-02 
 1.25101286e-02  8.00000000e-02 
 1.25601286e-02  8.00000000e-02 
 1.26101286e-02  8.00000000e-02 
 1.26601286e-02  8.00000000e-02 
 1.27101286e-02  8.00000000e-02 
 1.27601286e-02  8.00000000e-02 
 1.28101286e-02  8.00000000e-02 
 1.28601286e-02  8.00000000e-02 
 1.29101286e-02  8.00000000e-02 
 1.29601286e-02  8.00000000e-02 
 1.30101286e-02  8.00000000e-02 
 1.30601286e-02  8.00000000e-02 
 1.31101286e-02  8.00000000e-02 
 1.31601286e-02  8.00000000e-02 
 1.32101286e-02  8.00000000e-02 
 1.32601286e-02  8.00000000e-02 
 1.33101286e-02  8.00000000e-02 
 1.33601286e-02  8.00000000e-02 
 1.34101286e-02  8.00000000e-02 
 1.34601286e-02  8.00000000e-02 
 1.35101286e-02  8.00000000e-02 
 1.35601286e-02  8.00000000e-02 
 1.36101286e-02  8.00000000e-02 
 1.36601286e-02  8.00000000e-02 
 1.37101286e-02  8.00000000e-02 
 1.37601286e-02  8.00000000e-02 
 1.38101286e-02  8.00000000e-02 
 1.38601286e-02  8.00000000e-02 
 1.39101286e-02  8.00000000e-02 
 1.39601286e-02  8.00000000e-02 
 1.40101286e-02  8.00000000e-02 
 1.40601286e-02  8.00000000e-02 
 1.41101286e-02  8.00000000e-02 
 1.41601286e-02  8.00000000e-02 
 1.42101286e-02  8.00000000e-02 
 1.42601286e-02  8.00000000e-02 
 1.43101286e-02  8.00000000e-02 
 1.43601286e-02  8.00000000e-02 
 1.44101286e-02  8.00000000e-02 
 1.44601286e-02  8.00000000e-02 
 1.45101286e-02  8.00000000e-02 
 1.45601286e-02  8.00000000e-02 
 1.46101286e-02  8.00000000e-02 
 1.46601286e-02  8.00000000e-02 
 1.47101286e-02  8.00000000e-02 
 1.47601286e-02  8.00000000e-02 
 1.48101286e-02  8.00000000e-02 
 1.48601286e-02  8.00000000e-02 
 1.49101286e-02  8.00000000e-02 
 1.49601286e-02  8.00000000e-02 
 1.50101286e-02  8.00000000e-02 
 1.50601286e-02  8.00000000e-02 
 1.51101286e-02  8.00000000e-02 
 1.51601286e-02  8.00000000e-02 
 1.52101286e-02  8.00000000e-02 
 1.52601286e-02  8.00000000e-02 
 1.53101286e-02  8.00000000e-02 
 1.53601286e-02  8.00000000e-02 
 1.54101286e-02  8.00000000e-02 
 1.54601286e-02  8.00000000e-02 
 1.55101286e-02  8.00000000e-02 
 1.55601286e-02  8.00000000e-02 
 1.56101286e-02  8.00000000e-02 
 1.56601286e-02  8.00000000e-02 
 1.57101286e-02  8.00000000e-02 
 1.57601286e-02  8.00000000e-02 
 1.58101286e-02  8.00000000e-02 
 1.58601286e-02  8.00000000e-02 
 1.59101286e-02  8.00000000e-02 
 1.59601286e-02  8.00000000e-02 
 1.60101286e-02  8.00000000e-02 
 1.60601286e-02  8.00000000e-02 
 1.61101286e-02  8.00000000e-02 
 1.61601286e-02  8.00000000e-02 
 1.62101286e-02  8.00000000e-02 
 1.62601286e-02  8.00000000e-02 
 1.63101286e-02  8.00000000e-02 
 1.63601286e-02  8.00000000e-02 
 1.64101286e-02  8.00000000e-02 
 1.64601286e-02  8.00000000e-02 
 1.65101286e-02  8.00000000e-02 
 1.65601286e-02  8.00000000e-02 
 1.66101286e-02  8.00000000e-02 
 1.66601286e-02  8.00000000e-02 
 1.67101286e-02  8.00000000e-02 
 1.67601286e-02  8.00000000e-02 
 1.68101286e-02  8.00000000e-02 
 1.68601286e-02  8.00000000e-02 
 1.69101286e-02  8.00000000e-02 
 1.69601286e-02  8.00000000e-02 
 1.70101286e-02  8.00000000e-02 
 1.70601286e-02  8.00000000e-02 
 1.71101286e-02  8.00000000e-02 
 1.71601286e-02  8.00000000e-02 
 1.72101286e-02  8.00000000e-02 
 1.72601286e-02  8.00000000e-02 
 1.73101286e-02  8.00000000e-02 
 1.73601286e-02  8.00000000e-02 
 1.74101286e-02  8.00000000e-02 
 1.74601286e-02  8.00000000e-02 
 1.75101286e-02  8.00000000e-02 
 1.75601286e-02  8.00000000e-02 
 1.76101286e-02  8.00000000e-02 
 1.76601286e-02  8.00000000e-02 
 1.77101286e-02  8.00000000e-02 
 1.77601286e-02  8.00000000e-02 
 1.78101286e-02  8.00000000e-02 
 1.78601286e-02  8.00000000e-02 
 1.79101286e-02  8.00000000e-02 
 1.79601286e-02  8.00000000e-02 
 1.80101286e-02  8.00000000e-02 
 1.80601286e-02  8.00000000e-02 
 1.81101286e-02  8.00000000e-02 
 1.81601286e-02  8.00000000e-02 
 1.82101286e-02  8.00000000e-02 
 1.82601286e-02  8.00000000e-02 
 1.83101286e-02  8.00000000e-02 
 1.83601286e-02  8.00000000e-02 
 1.84101286e-02  8.00000000e-02 
 1.84601286e-02  8.00000000e-02 
 1.85101286e-02  8.00000000e-02 
 1.85601286e-02  8.00000000e-02 
 1.86101286e-02  8.00000000e-02 
 1.86601286e-02  8.00000000e-02 
 1.87101286e-02  8.00000000e-02 
 1.87601286e-02  8.00000000e-02 
 1.88101286e-02  8.00000000e-02 
 1.88601286e-02  8.00000000e-02 
 1.89101286e-02  8.00000000e-02 
 1.89601286e-02  8.00000000e-02 
 1.90101286e-02  8.00000000e-02 
 1.90601286e-02  8.00000000e-02 
 1.91101286e-02  8.00000000e-02 
 1.91601286e-02  8.00000000e-02 
 1.92101286e-02  8.00000000e-02 
 1.92601286e-02  8.00000000e-02 
 1.93101286e-02  8.00000000e-02 
 1.93601286e-02  8.00000000e-02 
 1.94101286e-02  8.00000000e-02 
 1.94601286e-02  8.00000000e-02 
 1.95101286e-02  8.00000000e-02 
 1.95601286e-02  8.00000000e-02 
 1.96101286e-02  8.00000000e-02 
 1.96601286e-02  8.00000000e-02 
 1.97101286e-02  8.00000000e-02 
 1.97601286e-02  8.00000000e-02 
 1.98101286e-02  8.00000000e-02 
 1.98601286e-02  8.00000000e-02 
 1.99101286e-02  8.00000000e-02 
 1.99601286e-02  8.00000000e-02 
 2.00101286e-02  8.00000000e-02 
 2.00601286e-02  8.00000000e-02 
 2.01101286e-02  8.00000000e-02 
 2.01601286e-02  8.00000000e-02 
 2.02101286e-02  8.00000000e-02 
 2.02601286e-02  8.00000000e-02 
 2.03101286e-02  8.00000000e-02 
 2.03601286e-02  8.00000000e-02 
 2.04101286e-02  8.00000000e-02 
 2.04601286e-02  8.00000000e-02 
 2.05101286e-02  8.00000000e-02 
 2.05601286e-02  8.00000000e-02 
 2.06101286e-02  8.00000000e-02 
 2.06601286e-02  8.00000000e-02 
 2.07101286e-02  8.00000000e-02 
 2.07601286e-02  8.00000000e-02 
 2.08101286e-02  8.00000000e-02 
 2.08601286e-02  8.00000000e-02 
 2.09101286e-02  8.00000000e-02 
 2.09601286e-02  8.00000000e-02 
 2.10101286e-02  8.00000000e-02 
 2.10601286e-02  8.00000000e-02 
 2.11101286e-02  8.00000000e-02 
 2.11601286e-02  8.00000000e-02 
 2.12101286e-02  8.00000000e-02 
 2.12601286e-02  8.00000000e-02 
 2.13101286e-02  8.00000000e-02 
 2.13601286e-02  8.00000000e-02 
 2.14101286e-02  8.00000000e-02 
 2.14601286e-02  8.00000000e-02 
 2.15101286e-02  8.00000000e-02 
 2.15601286e-02  8.00000000e-02 
 2.16101286e-02  8.00000000e-02 
 2.16601286e-02  8.00000000e-02 
 2.17101286e-02  8.00000000e-02 
 2.17601286e-02  8.00000000e-02 
 2.18101286e-02  8.00000000e-02 
 2.18601286e-02  8.00000000e-02 
 2.19101286e-02  8.00000000e-02 
 2.19601286e-02  8.00000000e-02 
 2.20101286e-02  8.00000000e-02 
 2.20601286e-02  8.00000000e-02 
 2.21101286e-02  8.00000000e-02 
 2.21601286e-02  8.00000000e-02 
 2.22101286e-02  8.00000000e-02 
 2.22601286e-02  8.00000000e-02 
 2.23101286e-02  8.00000000e-02 
 2.23601286e-02  8.00000000e-02 
 2.24101286e-02  8.00000000e-02 
 2.24601286e-02  8.00000000e-02 
 2.25101286e-02  8.00000000e-02 
 2.25601286e-02  8.00000000e-02 
 2.26101286e-02  8.00000000e-02 
 2.26601286e-02  8.00000000e-02 
 2.27101286e-02  8.00000000e-02 
 2.27601286e-02  8.00000000e-02 
 2.28101286e-02  8.00000000e-02 
 2.28601286e-02  8.00000000e-02 
 2.29101286e-02  8.00000000e-02 
 2.29601286e-02  8.00000000e-02 
 2.30101286e-02  8.00000000e-02 
 2.30601286e-02  8.00000000e-02 
 2.31101286e-02  8.00000000e-02 
 2.31601286e-02  8.00000000e-02 
 2.32101286e-02  8.00000000e-02 
 2.32601286e-02  8.00000000e-02 
 2.33101286e-02  8.00000000e-02 
 2.33601286e-02  8.00000000e-02 
 2.34101286e-02  8.00000000e-02 
 2.34601286e-02  8.00000000e-02 
 2.35101286e-02  8.00000000e-02 
 2.35601286e-02  8.00000000e-02 
 2.36101286e-02  8.00000000e-02 
 2.36601286e-02  8.00000000e-02 
 2.37101286e-02  8.00000000e-02 
 2.37601286e-02  8.00000000e-02 
 2.38101286e-02  8.00000000e-02 
 2.38601286e-02  8.00000000e-02 
 2.39101286e-02  8.00000000e-02 
 2.39601286e-02  8.00000000e-02 
 2.40101286e-02  8.00000000e-02 
 2.40601286e-02  8.00000000e-02 
 2.41101286e-02  8.00000000e-02 
 2.41601286e-02  8.00000000e-02 
 2.42101286e-02  8.00000000e-02 
 2.42601286e-02  8.00000000e-02 
 2.43101286e-02  8.00000000e-02 
 2.43601286e-02  8.00000000e-02 
 2.44101286e-02  8.00000000e-02 
 2.44601286e-02  8.00000000e-02 
 2.45101286e-02  8.00000000e-02 
 2.45601286e-02  8.00000000e-02 
 2.46101286e-02  8.00000000e-02 
 2.46601286e-02  8.00000000e-02 
 2.47101286e-02  8.00000000e-02 
 2.47601286e-02  8.00000000e-02 
 2.48101286e-02  8.00000000e-02 
 2.48601286e-02  8.00000000e-02 
 2.49101286e-02  8.00000000e-02 
 2.49601286e-02  8.00000000e-02 
 2.50101286e-02  8.00000000e-02 
 2.50601286e-02  8.00000000e-02 
 2.51101286e-02  8.00000000e-02 
 2.51601286e-02  8.00000000e-02 
 2.52101286e-02  8.00000000e-02 
 2.52601286e-02  8.00000000e-02 
 2.53101286e-02  8.00000000e-02 
 2.53601286e-02  8.00000000e-02 
 2.54101286e-02  8.00000000e-02 
 2.54601286e-02  8.00000000e-02 
 2.55101286e-02  8.00000000e-02 
 2.55601286e-02  8.00000000e-02 
 2.56101286e-02  8.00000000e-02 
 2.56601286e-02  8.00000000e-02 
 2.57101286e-02  8.00000000e-02 
 2.57601286e-02  8.00000000e-02 
 2.58101286e-02  8.00000000e-02 
 2.58601286e-02  8.00000000e-02 
 2.59101286e-02  8.00000000e-02 
 2.59601286e-02  8.00000000e-02 
 2.60101286e-02  8.00000000e-02 
 2.60601286e-02  8.00000000e-02 
 2.61101286e-02  8.00000000e-02 
 2.61601286e-02  8.00000000e-02 
 2.62101286e-02  8.00000000e-02 
 2.62601286e-02  8.00000000e-02 
 2.63101286e-02  8.00000000e-02 
 2.63601286e-02  8.00000000e-02 
 2.64101286e-02  8.00000000e-02 
 2.64601286e-02  8.00000000e-02 
 2.65101286e-02  8.00000000e-02 
 2.65601286e-02  8.00000000e-02 
 2.66101286e-02  8.00000000e-02 
 2.66601286e-02  8.00000000e-02 
 2.67101286e-02  8.00000000e-02 
 2.67601286e-02  8.00000000e-02 
 2.68101286e-02  8.00000000e-02 
 2.68601286e-02  8.00000000e-02 
 2.69101286e-02  8.00000000e-02 
 2.69601286e-02  8.00000000e-02 
 2.70101286e-02  8.00000000e-02 
 2.70601286e-02  8.00000000e-02 
 2.71101286e-02  8.00000000e-02 
 2.71601286e-02  8.00000000e-02 
 2.72101286e-02  8.00000000e-02 
 2.72601286e-02  8.00000000e-02 
 2.73101286e-02  8.00000000e-02 
 2.73601286e-02  8.00000000e-02 
 2.74101286e-02  8.00000000e-02 
 2.74601286e-02  8.00000000e-02 
 2.75101286e-02  8.00000000e-02 
 2.75601286e-02  8.00000000e-02 
 2.76101286e-02  8.00000000e-02 
 2.76601286e-02  8.00000000e-02 
 2.77101286e-02  8.00000000e-02 
 2.77601286e-02  8.00000000e-02 
 2.78101286e-02  8.00000000e-02 
 2.78601286e-02  8.00000000e-02 
 2.79101286e-02  8.00000000e-02 
 2.79601286e-02  8.00000000e-02 
 2.80101286e-02  8.00000000e-02 
 2.80601286e-02  8.00000000e-02 
 2.81101286e-02  8.00000000e-02 
 2.81601286e-02  8.00000000e-02 
 2.82101286e-02  8.00000000e-02 
 2.82601286e-02  8.00000000e-02 
 2.83101286e-02  8.00000000e-02 
 2.83601286e-02  8.00000000e-02 
 2.84101286e-02  8.00000000e-02 
 2.84601286e-02  8.00000000e-02 
 2.85101286e-02  8.00000000e-02 
 2.85601286e-02  8.00000000e-02 
 2.86101286e-02  8.00000000e-02 
 2.86601286e-02  8.00000000e-02 
 2.87101286e-02  8.00000000e-02 
 2.87601286e-02  8.00000000e-02 
 2.88101286e-02  8.00000000e-02 
 2.88601286e-02  8.00000000e-02 
 2.89101286e-02  8.00000000e-02 
 2.89601286e-02  8.00000000e-02 
 2.90101286e-02  8.00000000e-02 
 2.90601286e-02  8.00000000e-02 
 2.91101286e-02  8.00000000e-02 
 2.91601286e-02  8.00000000e-02 
 2.92101286e-02  8.00000000e-02 
 2.92601286e-02  8.00000000e-02 
 2.93101286e-02  8.00000000e-02 
 2.93601286e-02  8.00000000e-02 
 2.94101286e-02  8.00000000e-02 
 2.94601286e-02  8.00000000e-02 
 2.95101286e-02  8.00000000e-02 
 2.95601286e-02  8.00000000e-02 
 2.96101286e-02  8.00000000e-02 
 2.96601286e-02  8.00000000e-02 
 2.97101286e-02  8.00000000e-02 
 2.97601286e-02  8.00000000e-02 
 2.98101286e-02  8.00000000e-02 
 2.98601286e-02  8.00000000e-02 
 2.99101286e-02  8.00000000e-02 
 2.99601286e-02  8.00000000e-02 
 3.00101286e-02  8.00000000e-02 
 3.00601286e-02  8.00000000e-02 
 3.01101286e-02  8.00000000e-02 
 3.01601286e-02  8.00000000e-02 
 3.02101286e-02  8.00000000e-02 
 3.02601286e-02  8.00000000e-02 
 3.03101286e-02  8.00000000e-02 
 3.03601286e-02  8.00000000e-02 
 3.04101286e-02  8.00000000e-02 
 3.04601286e-02  8.00000000e-02 
 3.05101286e-02  8.00000000e-02 
 3.05601286e-02  8.00000000e-02 
 3.06101286e-02  8.00000000e-02 
 3.06601286e-02  8.00000000e-02 
 3.07101286e-02  8.00000000e-02 
 3.07601286e-02  8.00000000e-02 
 3.08101286e-02  8.00000000e-02 
 3.08601286e-02  8.00000000e-02 
 3.09101286e-02  8.00000000e-02 
 3.09601286e-02  8.00000000e-02 
 3.10101286e-02  8.00000000e-02 
 3.10601286e-02  8.00000000e-02 
 3.11101286e-02  8.00000000e-02 
 3.11601286e-02  8.00000000e-02 
 3.12101286e-02  8.00000000e-02 
 3.12601286e-02  8.00000000e-02 
 3.13101286e-02  8.00000000e-02 
 3.13601286e-02  8.00000000e-02 
 3.14101286e-02  8.00000000e-02 
 3.14601286e-02  8.00000000e-02 
 3.15101286e-02  8.00000000e-02 
 3.15601286e-02  8.00000000e-02 
 3.16101286e-02  8.00000000e-02 
 3.16601286e-02  8.00000000e-02 
 3.17101286e-02  8.00000000e-02 
 3.17601286e-02  8.00000000e-02 
 3.18101286e-02  8.00000000e-02 
 3.18601286e-02  8.00000000e-02 
 3.19101286e-02  8.00000000e-02 
 3.19601286e-02  8.00000000e-02 
 3.20101286e-02  8.00000000e-02 
 3.20601286e-02  8.00000000e-02 
 3.21101286e-02  8.00000000e-02 
 3.21601286e-02  8.00000000e-02 
 3.22101286e-02  8.00000000e-02 
 3.22601286e-02  8.00000000e-02 
 3.23101286e-02  8.00000000e-02 
 3.23601286e-02  8.00000000e-02 
 3.24101286e-02  8.00000000e-02 
 3.24601286e-02  8.00000000e-02 
 3.25101286e-02  8.00000000e-02 
 3.25601286e-02  8.00000000e-02 
 3.26101286e-02  8.00000000e-02 
 3.26601286e-02  8.00000000e-02 
 3.27101286e-02  8.00000000e-02 
 3.27601286e-02  8.00000000e-02 
 3.28101286e-02  8.00000000e-02 
 3.28601286e-02  8.00000000e-02 
 3.29101286e-02  8.00000000e-02 
 3.29601286e-02  8.00000000e-02 
 3.30101286e-02  8.00000000e-02 
 3.30601286e-02  8.00000000e-02 
 3.31101286e-02  8.00000000e-02 
 3.31601286e-02  8.00000000e-02 
 3.32101286e-02  8.00000000e-02 
 3.32601286e-02  8.00000000e-02 
 3.33101286e-02  8.00000000e-02 
 3.33601286e-02  8.00000000e-02 
 3.34101286e-02  8.00000000e-02 
 3.34601286e-02  8.00000000e-02 
 3.35101286e-02  8.00000000e-02 
 3.35601286e-02  8.00000000e-02 
 3.36101286e-02  8.00000000e-02 
 3.36601286e-02  8.00000000e-02 
 3.37101286e-02  8.00000000e-02 
 3.37601286e-02  8.00000000e-02 
 3.38101286e-02  8.00000000e-02 
 3.38601286e-02  8.00000000e-02 
 3.39101286e-02  8.00000000e-02 
 3.39601286e-02  8.00000000e-02 
 3.40101286e-02  8.00000000e-02 
 3.40601286e-02  8.00000000e-02 
 3.41101286e-02  8.00000000e-02 
 3.41601286e-02  8.00000000e-02 
 3.42101286e-02  8.00000000e-02 
 3.42601286e-02  8.00000000e-02 
 3.43101286e-02  8.00000000e-02 
 3.43601286e-02  8.00000000e-02 
 3.44101286e-02  8.00000000e-02 
 3.44601286e-02  8.00000000e-02 
 3.45101286e-02  8.00000000e-02 
 3.45601286e-02  8.00000000e-02 
 3.46101286e-02  8.00000000e-02 
 3.46601286e-02  8.00000000e-02 
 3.47101286e-02  8.00000000e-02 
 3.47601286e-02  8.00000000e-02 
 3.48101286e-02  8.00000000e-02 
 3.48601286e-02  8.00000000e-02 
 3.49101286e-02  8.00000000e-02 
 3.49601286e-02  8.00000000e-02 
 3.50101286e-02  8.00000000e-02 
 3.50601286e-02  8.00000000e-02 
 3.51101286e-02  8.00000000e-02 
 3.51601286e-02  8.00000000e-02 
 3.52101286e-02  8.00000000e-02 
 3.52601286e-02  8.00000000e-02 
 3.53101286e-02  8.00000000e-02 
 3.53601286e-02  8.00000000e-02 
 3.54101286e-02  8.00000000e-02 
 3.54601286e-02  8.00000000e-02 
 3.55101286e-02  8.00000000e-02 
 3.55601286e-02  8.00000000e-02 
 3.56101286e-02  8.00000000e-02 
 3.56601286e-02  8.00000000e-02 
 3.57101286e-02  8.00000000e-02 
 3.57601286e-02  8.00000000e-02 
 3.58101286e-02  8.00000000e-02 
 3.58601286e-02  8.00000000e-02 
 3.59101286e-02  8.00000000e-02 
 3.59601286e-02  8.00000000e-02 
 3.60101286e-02  8.00000000e-02 
 3.60601286e-02  8.00000000e-02 
 3.61101286e-02  8.00000000e-02 
 3.61601286e-02  8.00000000e-02 
 3.62101286e-02  8.00000000e-02 
 3.62601286e-02  8.00000000e-02 
 3.63101286e-02  8.00000000e-02 
 3.63601286e-02  8.00000000e-02 
 3.64101286e-02  8.00000000e-02 
 3.64601286e-02  8.00000000e-02 
 3.65101286e-02  8.00000000e-02 
 3.65601286e-02  8.00000000e-02 
 3.66101286e-02  8.00000000e-02 
 3.66601286e-02  8.00000000e-02 
 3.67101286e-02  8.00000000e-02 
 3.67601286e-02  8.00000000e-02 
 3.68101286e-02  8.00000000e-02 
 3.68601286e-02  8.00000000e-02 
 3.69101286e-02  8.00000000e-02 
 3.69601286e-02  8.00000000e-02 
 3.70101286e-02  8.00000000e-02 
 3.70601286e-02  8.00000000e-02 
 3.71101286e-02  8.00000000e-02 
 3.71601286e-02  8.00000000e-02 
 3.72101286e-02  8.00000000e-02 
 3.72601286e-02  8.00000000e-02 
 3.73101286e-02  8.00000000e-02 
 3.73601286e-02  8.00000000e-02 
 3.74101286e-02  8.00000000e-02 
 3.74601286e-02  8.00000000e-02 
 3.75101286e-02  8.00000000e-02 
 3.75601286e-02  8.00000000e-02 
 3.76101286e-02  8.00000000e-02 
 3.76601286e-02  8.00000000e-02 
 3.77101286e-02  8.00000000e-02 
 3.77601286e-02  8.00000000e-02 
 3.78101286e-02  8.00000000e-02 
 3.78601286e-02  8.00000000e-02 
 3.79101286e-02  8.00000000e-02 
 3.79601286e-02  8.00000000e-02 
 3.80101286e-02  8.00000000e-02 
 3.80601286e-02  8.00000000e-02 
 3.81101286e-02  8.00000000e-02 
 3.81601286e-02  8.00000000e-02 
 3.82101286e-02  8.00000000e-02 
 3.82601286e-02  8.00000000e-02 
 3.83101286e-02  8.00000000e-02 
 3.83601286e-02  8.00000000e-02 
 3.84101286e-02  8.00000000e-02 
 3.84601286e-02  8.00000000e-02 
 3.85101286e-02  8.00000000e-02 
 3.85601286e-02  8.00000000e-02 
 3.86101286e-02  8.00000000e-02 
 3.86601286e-02  8.00000000e-02 
 3.87101286e-02  8.00000000e-02 
 3.87601286e-02  8.00000000e-02 
 3.88101286e-02  8.00000000e-02 
 3.88601286e-02  8.00000000e-02 
 3.89101286e-02  8.00000000e-02 
 3.89601286e-02  8.00000000e-02 
 3.90101286e-02  8.00000000e-02 
 3.90601286e-02  8.00000000e-02 
 3.91101286e-02  8.00000000e-02 
 3.91601286e-02  8.00000000e-02 
 3.92101286e-02  8.00000000e-02 
 3.92601286e-02  8.00000000e-02 
 3.93101286e-02  8.00000000e-02 
 3.93601286e-02  8.00000000e-02 
 3.94101286e-02  8.00000000e-02 
 3.94601286e-02  8.00000000e-02 
 3.95101286e-02  8.00000000e-02 
 3.95601286e-02  8.00000000e-02 
 3.96101286e-02  8.00000000e-02 
 3.96601286e-02  8.00000000e-02 
 3.97101286e-02  8.00000000e-02 
 3.97601286e-02  8.00000000e-02 
 3.98101286e-02  8.00000000e-02 
 3.98601286e-02  8.00000000e-02 
 3.99101286e-02  8.00000000e-02 
 3.99601286e-02  8.00000000e-02 
 4.00101286e-02  8.00000000e-02 
 4.00601286e-02  8.00000000e-02 
 4.01101286e-02  8.00000000e-02 
 4.01601286e-02  8.00000000e-02 
 4.02101286e-02  8.00000000e-02 
 4.02601286e-02  8.00000000e-02 
 4.03101286e-02  8.00000000e-02 
 4.03601286e-02  8.00000000e-02 
 4.04101286e-02  8.00000000e-02 
 4.04601286e-02  8.00000000e-02 
 4.05101286e-02  8.00000000e-02 
 4.05601286e-02  8.00000000e-02 
 4.06101286e-02  8.00000000e-02 
 4.06601286e-02  8.00000000e-02 
 4.07101286e-02  8.00000000e-02 
 4.07601286e-02  8.00000000e-02 
 4.08101286e-02  8.00000000e-02 
 4.08601286e-02  8.00000000e-02 
 4.09101286e-02  8.00000000e-02 
 4.09601286e-02  8.00000000e-02 
 4.10101286e-02  8.00000000e-02 
 4.10601286e-02  8.00000000e-02 
 4.11101286e-02  8.00000000e-02 
 4.11601286e-02  8.00000000e-02 
 4.12101286e-02  8.00000000e-02 
 4.12601286e-02  8.00000000e-02 
 4.13101286e-02  8.00000000e-02 
 4.13601286e-02  8.00000000e-02 
 4.14101286e-02  8.00000000e-02 
 4.14601286e-02  8.00000000e-02 
 4.15101286e-02  8.00000000e-02 
 4.15601286e-02  8.00000000e-02 
 4.16101286e-02  8.00000000e-02 
 4.16601286e-02  8.00000000e-02 
 4.17101286e-02  8.00000000e-02 
 4.17601286e-02  8.00000000e-02 
 4.18101286e-02  8.00000000e-02 
 4.18601286e-02  8.00000000e-02 
 4.19101286e-02  8.00000000e-02 
 4.19601286e-02  8.00000000e-02 
 4.20101286e-02  8.00000000e-02 
 4.20601286e-02  8.00000000e-02 
 4.21101286e-02  8.00000000e-02 
 4.21601286e-02  8.00000000e-02 
 4.22101286e-02  8.00000000e-02 
 4.22601286e-02  8.00000000e-02 
 4.23101286e-02  8.00000000e-02 
 4.23601286e-02  8.00000000e-02 
 4.24101286e-02  8.00000000e-02 
 4.24601286e-02  8.00000000e-02 
 4.25101286e-02  8.00000000e-02 
 4.25601286e-02  8.00000000e-02 
 4.26101286e-02  8.00000000e-02 
 4.26601286e-02  8.00000000e-02 
 4.27101286e-02  8.00000000e-02 
 4.27601286e-02  8.00000000e-02 
 4.28101286e-02  8.00000000e-02 
 4.28601286e-02  8.00000000e-02 
 4.29101286e-02  8.00000000e-02 
 4.29601286e-02  8.00000000e-02 
 4.30101286e-02  8.00000000e-02 
 4.30601286e-02  8.00000000e-02 
 4.31101286e-02  8.00000000e-02 
 4.31601286e-02  8.00000000e-02 
 4.32101286e-02  8.00000000e-02 
 4.32601286e-02  8.00000000e-02 
 4.33101286e-02  8.00000000e-02 
 4.33601286e-02  8.00000000e-02 
 4.34101286e-02  8.00000000e-02 
 4.34601286e-02  8.00000000e-02 
 4.35101286e-02  8.00000000e-02 
 4.35601286e-02  8.00000000e-02 
 4.36101286e-02  8.00000000e-02 
 4.36601286e-02  8.00000000e-02 
 4.37101286e-02  8.00000000e-02 
 4.37601286e-02  8.00000000e-02 
 4.38101286e-02  8.00000000e-02 
 4.38601286e-02  8.00000000e-02 
 4.39101286e-02  8.00000000e-02 
 4.39601286e-02  8.00000000e-02 
 4.40101286e-02  8.00000000e-02 
 4.40601286e-02  8.00000000e-02 
 4.41101286e-02  8.00000000e-02 
 4.41601286e-02  8.00000000e-02 
 4.42101286e-02  8.00000000e-02 
 4.42601286e-02  8.00000000e-02 
 4.43101286e-02  8.00000000e-02 
 4.43601286e-02  8.00000000e-02 
 4.44101286e-02  8.00000000e-02 
 4.44601286e-02  8.00000000e-02 
 4.45101286e-02  8.00000000e-02 
 4.45601286e-02  8.00000000e-02 
 4.46101286e-02  8.00000000e-02 
 4.46601286e-02  8.00000000e-02 
 4.47101286e-02  8.00000000e-02 
 4.47601286e-02  8.00000000e-02 
 4.48101286e-02  8.00000000e-02 
 4.48601286e-02  8.00000000e-02 
 4.49101286e-02  8.00000000e-02 
 4.49601286e-02  8.00000000e-02 
 4.50101286e-02  8.00000000e-02 
 4.50601286e-02  8.00000000e-02 
 4.51101286e-02  8.00000000e-02 
 4.51601286e-02  8.00000000e-02 
 4.52101286e-02  8.00000000e-02 
 4.52601286e-02  8.00000000e-02 
 4.53101286e-02  8.00000000e-02 
 4.53601286e-02  8.00000000e-02 
 4.54101286e-02  8.00000000e-02 
 4.54601286e-02  8.00000000e-02 
 4.55101286e-02  8.00000000e-02 
 4.55601286e-02  8.00000000e-02 
 4.56101286e-02  8.00000000e-02 
 4.56601286e-02  8.00000000e-02 
 4.57101286e-02  8.00000000e-02 
 4.57601286e-02  8.00000000e-02 
 4.58101286e-02  8.00000000e-02 
 4.58601286e-02  8.00000000e-02 
 4.59101286e-02  8.00000000e-02 
 4.59601286e-02  8.00000000e-02 
 4.60101286e-02  8.00000000e-02 
 4.60601286e-02  8.00000000e-02 
 4.61101286e-02  8.00000000e-02 
 4.61601286e-02  8.00000000e-02 
 4.62101286e-02  8.00000000e-02 
 4.62601286e-02  8.00000000e-02 
 4.63101286e-02  8.00000000e-02 
 4.63601286e-02  8.00000000e-02 
 4.64101286e-02  8.00000000e-02 
 4.64601286e-02  8.00000000e-02 
 4.65101286e-02  8.00000000e-02 
 4.65601286e-02  8.00000000e-02 
 4.66101286e-02  8.00000000e-02 
 4.66601286e-02  8.00000000e-02 
 4.67101286e-02  8.00000000e-02 
 4.67601286e-02  8.00000000e-02 
 4.68101286e-02  8.00000000e-02 
 4.68601286e-02  8.00000000e-02 
 4.69101286e-02  8.00000000e-02 
 4.69601286e-02  8.00000000e-02 
 4.70101286e-02  8.00000000e-02 
 4.70601286e-02  8.00000000e-02 
 4.71101286e-02  8.00000000e-02 
 4.71601286e-02  8.00000000e-02 
 4.72101286e-02  8.00000000e-02 
 4.72601286e-02  8.00000000e-02 
 4.73101286e-02  8.00000000e-02 
 4.73601286e-02  8.00000000e-02 
 4.74101286e-02  8.00000000e-02 
 4.74601286e-02  8.00000000e-02 
 4.75101286e-02  8.00000000e-02 
 4.75601286e-02  8.00000000e-02 
 4.76101286e-02  8.00000000e-02 
 4.76601286e-02  8.00000000e-02 
 4.77101286e-02  8.00000000e-02 
 4.77601286e-02  8.00000000e-02 
 4.78101286e-02  8.00000000e-02 
 4.78601286e-02  8.00000000e-02 
 4.79101286e-02  8.00000000e-02 
 4.79601286e-02  8.00000000e-02 
 4.80101286e-02  8.00000000e-02 
 4.80601286e-02  8.00000000e-02 
 4.81101286e-02  8.00000000e-02 
 4.81601286e-02  8.00000000e-02 
 4.82101286e-02  8.00000000e-02 
 4.82601286e-02  8.00000000e-02 
 4.83101286e-02  8.00000000e-02 
 4.83601286e-02  8.00000000e-02 
 4.84101286e-02  8.00000000e-02 
 4.84601286e-02  8.00000000e-02 
 4.85101286e-02  8.00000000e-02 
 4.85601286e-02  8.00000000e-02 
 4.86101286e-02  8.00000000e-02 
 4.86601286e-02  8.00000000e-02 
 4.87101286e-02  8.00000000e-02 
 4.87601286e-02  8.00000000e-02 
 4.88101286e-02  8.00000000e-02 
 4.88601286e-02  8.00000000e-02 
 4.89101286e-02  8.00000000e-02 
 4.89601286e-02  8.00000000e-02 
 4.90101286e-02  8.00000000e-02 
 4.90601286e-02  8.00000000e-02 
 4.91101286e-02  8.00000000e-02 
 4.91601286e-02  8.00000000e-02 
 4.92101286e-02  8.00000000e-02 
 4.92601286e-02  8.00000000e-02 
 4.93101286e-02  8.00000000e-02 
 4.93601286e-02  8.00000000e-02 
 4.94101286e-02  8.00000000e-02 
 4.94601286e-02  8.00000000e-02 
 4.95101286e-02  8.00000000e-02 
 4.95601286e-02  8.00000000e-02 
 4.96101286e-02  8.00000000e-02 
 4.96601286e-02  8.00000000e-02 
 4.97101286e-02  8.00000000e-02 
 4.97601286e-02  8.00000000e-02 
 4.98101286e-02  8.00000000e-02 
 4.98601286e-02  8.00000000e-02 
 4.99101286e-02  8.00000000e-02 
 4.99601286e-02  8.00000000e-02 
 5.00101286e-02  8.00000000e-02 
 5.00601286e-02  8.00000000e-02 
 5.01101286e-02  8.00000000e-02 
 5.01601286e-02  8.00000000e-02 
 5.02101286e-02  8.00000000e-02 
 5.02601286e-02  8.00000000e-02 
 5.03101286e-02  8.00000000e-02 
 5.03601286e-02  8.00000000e-02 
 5.04101286e-02  8.00000000e-02 
 5.04601286e-02  8.00000000e-02 
 5.05101286e-02  8.00000000e-02 
 5.05601286e-02  8.00000000e-02 
 5.06101286e-02  8.00000000e-02 
 5.06601286e-02  8.00000000e-02 
 5.07101286e-02  8.00000000e-02 
 5.07601286e-02  8.00000000e-02 
 5.08101286e-02  8.00000000e-02 
 5.08601286e-02  8.00000000e-02 
 5.09101286e-02  8.00000000e-02 
 5.09601286e-02  8.00000000e-02 
 5.10101286e-02  8.00000000e-02 
 5.10601286e-02  8.00000000e-02 
 5.11101286e-02  8.00000000e-02 
 5.11601286e-02  8.00000000e-02 
 5.12101286e-02  8.00000000e-02 
 5.12601286e-02  8.00000000e-02 
 5.13101286e-02  8.00000000e-02 
 5.13601286e-02  8.00000000e-02 
 5.14101286e-02  8.00000000e-02 
 5.14601286e-02  8.00000000e-02 
 5.15101286e-02  8.00000000e-02 
 5.15601286e-02  8.00000000e-02 
 5.16101286e-02  8.00000000e-02 
 5.16601286e-02  8.00000000e-02 
 5.17101286e-02  8.00000000e-02 
 5.17601286e-02  8.00000000e-02 
 5.18101286e-02  8.00000000e-02 
 5.18601286e-02  8.00000000e-02 
 5.19101286e-02  8.00000000e-02 
 5.19601286e-02  8.00000000e-02 
 5.20101286e-02  8.00000000e-02 
 5.20601286e-02  8.00000000e-02 
 5.21101286e-02  8.00000000e-02 
 5.21601286e-02  8.00000000e-02 
 5.22101286e-02  8.00000000e-02 
 5.22601286e-02  8.00000000e-02 
 5.23101286e-02  8.00000000e-02 
 5.23601286e-02  8.00000000e-02 
 5.24101286e-02  8.00000000e-02 
 5.24601286e-02  8.00000000e-02 
 5.25101286e-02  8.00000000e-02 
 5.25601286e-02  8.00000000e-02 
 5.26101286e-02  8.00000000e-02 
 5.26601286e-02  8.00000000e-02 
 5.27101286e-02  8.00000000e-02 
 5.27601286e-02  8.00000000e-02 
 5.28101286e-02  8.00000000e-02 
 5.28601286e-02  8.00000000e-02 
 5.29101286e-02  8.00000000e-02 
 5.29601286e-02  8.00000000e-02 
 5.30101286e-02  8.00000000e-02 
 5.30601286e-02  8.00000000e-02 
 5.31101286e-02  8.00000000e-02 
 5.31601286e-02  8.00000000e-02 
 5.32101286e-02  8.00000000e-02 
 5.32601286e-02  8.00000000e-02 
 5.33101286e-02  8.00000000e-02 
 5.33601286e-02  8.00000000e-02 
 5.34101286e-02  8.00000000e-02 
 5.34601286e-02  8.00000000e-02 
 5.35101286e-02  8.00000000e-02 
 5.35601286e-02  8.00000000e-02 
 5.36101286e-02  8.00000000e-02 
 5.36601286e-02  8.00000000e-02 
 5.37101286e-02  8.00000000e-02 
 5.37601286e-02  8.00000000e-02 
 5.38101286e-02  8.00000000e-02 
 5.38601286e-02  8.00000000e-02 
 5.39101286e-02  8.00000000e-02 
 5.39601286e-02  8.00000000e-02 
 5.40101286e-02  8.00000000e-02 
 5.40601286e-02  8.00000000e-02 
 5.41101286e-02  8.00000000e-02 
 5.41601286e-02  8.00000000e-02 
 5.42101286e-02  8.00000000e-02 
 5.42601286e-02  8.00000000e-02 
 5.43101286e-02  8.00000000e-02 
 5.43601286e-02  8.00000000e-02 
 5.44101286e-02  8.00000000e-02 
 5.44601286e-02  8.00000000e-02 
 5.45101286e-02  8.00000000e-02 
 5.45601286e-02  8.00000000e-02 
 5.46101286e-02  8.00000000e-02 
 5.46601286e-02  8.00000000e-02 
 5.47101286e-02  8.00000000e-02 
 5.47601286e-02  8.00000000e-02 
 5.48101286e-02  8.00000000e-02 
 5.48601286e-02  8.00000000e-02 
 5.49101286e-02  8.00000000e-02 
 5.49601286e-02  8.00000000e-02 
 5.50101286e-02  8.00000000e-02 
 5.50601286e-02  8.00000000e-02 
 5.51101286e-02  8.00000000e-02 
 5.51601286e-02  8.00000000e-02 
 5.52101286e-02  8.00000000e-02 
 5.52601286e-02  8.00000000e-02 
 5.53101286e-02  8.00000000e-02 
 5.53601286e-02  8.00000000e-02 
 5.54101286e-02  8.00000000e-02 
 5.54601286e-02  8.00000000e-02 
 5.55101286e-02  8.00000000e-02 
 5.55601286e-02  8.00000000e-02 
 5.56101286e-02  8.00000000e-02 
 5.56601286e-02  8.00000000e-02 
 5.57101286e-02  8.00000000e-02 
 5.57601286e-02  8.00000000e-02 
 5.58101286e-02  8.00000000e-02 
 5.58601286e-02  8.00000000e-02 
 5.59101286e-02  8.00000000e-02 
 5.59601286e-02  8.00000000e-02 
 5.60101286e-02  8.00000000e-02 
 5.60601286e-02  8.00000000e-02 
 5.61101286e-02  8.00000000e-02 
 5.61601286e-02  8.00000000e-02 
 5.62101286e-02  8.00000000e-02 
 5.62601286e-02  8.00000000e-02 
 5.63101286e-02  8.00000000e-02 
 5.63601286e-02  8.00000000e-02 
 5.64101286e-02  8.00000000e-02 
 5.64601286e-02  8.00000000e-02 
 5.65101286e-02  8.00000000e-02 
 5.65601286e-02  8.00000000e-02 
 5.66101286e-02  8.00000000e-02 
 5.66601286e-02  8.00000000e-02 
 5.67101286e-02  8.00000000e-02 
 5.67601286e-02  8.00000000e-02 
 5.68101286e-02  8.00000000e-02 
 5.68601286e-02  8.00000000e-02 
 5.69101286e-02  8.00000000e-02 
 5.69601286e-02  8.00000000e-02 
 5.70101286e-02  8.00000000e-02 
 5.70601286e-02  8.00000000e-02 
 5.71101286e-02  8.00000000e-02 
 5.71601286e-02  8.00000000e-02 
 5.72101286e-02  8.00000000e-02 
 5.72601286e-02  8.00000000e-02 
 5.73101286e-02  8.00000000e-02 
 5.73601286e-02  8.00000000e-02 
 5.74101286e-02  8.00000000e-02 
 5.74601286e-02  8.00000000e-02 
 5.75101286e-02  8.00000000e-02 
 5.75601286e-02  8.00000000e-02 
 5.76101286e-02  8.00000000e-02 
 5.76601286e-02  8.00000000e-02 
 5.77101286e-02  8.00000000e-02 
 5.77601286e-02  8.00000000e-02 
 5.78101286e-02  8.00000000e-02 
 5.78601286e-02  8.00000000e-02 
 5.79101286e-02  8.00000000e-02 
 5.79601286e-02  8.00000000e-02 
 5.80101286e-02  8.00000000e-02 
 5.80601286e-02  8.00000000e-02 
 5.81101286e-02  8.00000000e-02 
 5.81601286e-02  8.00000000e-02 
 5.82101286e-02  8.00000000e-02 
 5.82601286e-02  8.00000000e-02 
 5.83101286e-02  8.00000000e-02 
 5.83601286e-02  8.00000000e-02 
 5.84101286e-02  8.00000000e-02 
 5.84601286e-02  8.00000000e-02 
 5.85101286e-02  8.00000000e-02 
 5.85601286e-02  8.00000000e-02 
 5.86101286e-02  8.00000000e-02 
 5.86601286e-02  8.00000000e-02 
 5.87101286e-02  8.00000000e-02 
 5.87601286e-02  8.00000000e-02 
 5.88101286e-02  8.00000000e-02 
 5.88601286e-02  8.00000000e-02 
 5.89101286e-02  8.00000000e-02 
 5.89601286e-02  8.00000000e-02 
 5.90101286e-02  8.00000000e-02 
 5.90601286e-02  8.00000000e-02 
 5.91101286e-02  8.00000000e-02 
 5.91601286e-02  8.00000000e-02 
 5.92101286e-02  8.00000000e-02 
 5.92601286e-02  8.00000000e-02 
 5.93101286e-02  8.00000000e-02 
 5.93601286e-02  8.00000000e-02 
 5.94101286e-02  8.00000000e-02 
 5.94601286e-02  8.00000000e-02 
 5.95101286e-02  8.00000000e-02 
 5.95601286e-02  8.00000000e-02 
 5.96101286e-02  8.00000000e-02 
 5.96601286e-02  8.00000000e-02 
 5.97101286e-02  8.00000000e-02 
 5.97601286e-02  8.00000000e-02 
 5.98101286e-02  8.00000000e-02 
 5.98601286e-02  8.00000000e-02 
 5.99101286e-02  8.00000000e-02 
 5.99601286e-02  8.00000000e-02 
 6.00101286e-02  8.00000000e-02 
 6.00601286e-02  8.00000000e-02 
 6.01101286e-02  8.00000000e-02 
 6.01601286e-02  8.00000000e-02 
 6.02101286e-02  8.00000000e-02 
 6.02601286e-02  8.00000000e-02 
 6.03101286e-02  8.00000000e-02 
 6.03601286e-02  8.00000000e-02 
 6.04101286e-02  8.00000000e-02 
 6.04601286e-02  8.00000000e-02 
 6.05101286e-02  8.00000000e-02 
 6.05601286e-02  8.00000000e-02 
 6.06101286e-02  8.00000000e-02 
 6.06601286e-02  8.00000000e-02 
 6.07101286e-02  8.00000000e-02 
 6.07601286e-02  8.00000000e-02 
 6.08101286e-02  8.00000000e-02 
 6.08601286e-02  8.00000000e-02 
 6.09101286e-02  8.00000000e-02 
 6.09601286e-02  8.00000000e-02 
 6.10101286e-02  8.00000000e-02 
 6.10601286e-02  8.00000000e-02 
 6.11101286e-02  8.00000000e-02 
 6.11601286e-02  8.00000000e-02 
 6.12101286e-02  8.00000000e-02 
 6.12601286e-02  8.00000000e-02 
 6.13101286e-02  8.00000000e-02 
 6.13601286e-02  8.00000000e-02 
 6.14101286e-02  8.00000000e-02 
 6.14601286e-02  8.00000000e-02 
 6.15101286e-02  8.00000000e-02 
 6.15601286e-02  8.00000000e-02 
 6.16101286e-02  8.00000000e-02 
 6.16601286e-02  8.00000000e-02 
 6.17101286e-02  8.00000000e-02 
 6.17601286e-02  8.00000000e-02 
 6.18101286e-02  8.00000000e-02 
 6.18601286e-02  8.00000000e-02 
 6.19101286e-02  8.00000000e-02 
 6.19601286e-02  8.00000000e-02 
 6.20101286e-02  8.00000000e-02 
 6.20601286e-02  8.00000000e-02 
 6.21101286e-02  8.00000000e-02 
 6.21601286e-02  8.00000000e-02 
 6.22101286e-02  8.00000000e-02 
 6.22601286e-02  8.00000000e-02 
 6.23101286e-02  8.00000000e-02 
 6.23601286e-02  8.00000000e-02 
 6.24101286e-02  8.00000000e-02 
 6.24601286e-02  8.00000000e-02 
 6.25101286e-02  8.00000000e-02 
 6.25601286e-02  8.00000000e-02 
 6.26101286e-02  8.00000000e-02 
 6.26601286e-02  8.00000000e-02 
 6.27101286e-02  8.00000000e-02 
 6.27601286e-02  8.00000000e-02 
 6.28101286e-02  8.00000000e-02 
 6.28601286e-02  8.00000000e-02 
 6.29101286e-02  8.00000000e-02 
 6.29601286e-02  8.00000000e-02 
 6.30101286e-02  8.00000000e-02 
 6.30601286e-02  8.00000000e-02 
 6.31101286e-02  8.00000000e-02 
 6.31601286e-02  8.00000000e-02 
 6.32101286e-02  8.00000000e-02 
 6.32601286e-02  8.00000000e-02 
 6.33101286e-02  8.00000000e-02 
 6.33601286e-02  8.00000000e-02 
 6.34101286e-02  8.00000000e-02 
 6.34601286e-02  8.00000000e-02 
 6.35101286e-02  8.00000000e-02 
 6.35601286e-02  8.00000000e-02 
 6.36101286e-02  8.00000000e-02 
 6.36601286e-02  8.00000000e-02 
 6.37101286e-02  8.00000000e-02 
 6.37601286e-02  8.00000000e-02 
 6.38101286e-02  8.00000000e-02 
 6.38601286e-02  8.00000000e-02 
 6.39101286e-02  8.00000000e-02 
 6.39426990e-02  8.00000000e-02 
 6.39755418e-02  8.00000000e-02 
 6.39882425e-02  8.00000000e-02 
 6.40032135e-02  8.00000000e-02 
 6.40181939e-02  8.00000000e-02 
 6.40424031e-02  8.00000000e-02 
 6.40809134e-02  8.00000000e-02 
 6.41309134e-02  8.00000000e-02 
 6.41809134e-02  8.00000000e-02 
 6.42309134e-02  8.00000000e-02 
 6.42809134e-02  8.00000000e-02 
 6.43309134e-02  8.00000000e-02 
 6.43809134e-02  8.00000000e-02 
 6.44309134e-02  8.00000000e-02 
 6.44809134e-02  8.00000000e-02 
 6.45309134e-02  8.00000000e-02 
 6.45809134e-02  8.00000000e-02 
 6.46309134e-02  8.00000000e-02 
 6.46809134e-02  8.00000000e-02 
 6.47309134e-02  8.00000000e-02 
 6.47809134e-02  8.00000000e-02 
 6.48309134e-02  8.00000000e-02 
 6.48809134e-02  8.00000000e-02 
 6.49309134e-02  8.00000000e-02 
 6.49809134e-02  8.00000000e-02 
 6.50309134e-02  8.00000000e-02 
 6.50809134e-02  8.00000000e-02 
 6.51309134e-02  8.00000000e-02 
 6.51809134e-02  8.00000000e-02 
 6.52309134e-02  8.00000000e-02 
 6.52809134e-02  8.00000000e-02 
 6.53309134e-02  8.00000000e-02 
 6.53809134e-02  8.00000000e-02 
 6.54309134e-02  8.00000000e-02 
 6.54809134e-02  8.00000000e-02 
 6.55309134e-02  8.00000000e-02 
 6.55809134e-02  8.00000000e-02 
 6.56309134e-02  8.00000000e-02 
 6.56809134e-02  8.00000000e-02 
 6.57309134e-02  8.00000000e-02 
 6.57809134e-02  8.00000000e-02 
 6.58309134e-02  8.00000000e-02 
 6.58809134e-02  8.00000000e-02 
 6.59309134e-02  8.00000000e-02 
 6.59809134e-02  8.00000000e-02 
 6.60309134e-02  8.00000000e-02 
 6.60809134e-02  8.00000000e-02 
 6.61309134e-02  8.00000000e-02 
 6.61809134e-02  8.00000000e-02 
 6.62309134e-02  8.00000000e-02 
 6.62809134e-02  8.00000000e-02 
 6.63309134e-02  8.00000000e-02 
 6.63809134e-02  8.00000000e-02 
 6.64309134e-02  8.00000000e-02 
 6.64809134e-02  8.00000000e-02 
 6.65309134e-02  8.00000000e-02 
 6.65809134e-02  8.00000000e-02 
 6.66309134e-02  8.00000000e-02 
 6.66809134e-02  8.00000000e-02 
 6.67309134e-02  8.00000000e-02 
 6.67809134e-02  8.00000000e-02 
 6.68309134e-02  8.00000000e-02 
 6.68809134e-02  8.00000000e-02 
 6.69309134e-02  8.00000000e-02 
 6.69809134e-02  8.00000000e-02 
 6.70309134e-02  8.00000000e-02 
 6.70809134e-02  8.00000000e-02 
 6.71309134e-02  8.00000000e-02 
 6.71809134e-02  8.00000000e-02 
 6.72309134e-02  8.00000000e-02 
 6.72809134e-02  8.00000000e-02 
 6.73309134e-02  8.00000000e-02 
 6.73809134e-02  8.00000000e-02 
 6.74309134e-02  8.00000000e-02 
 6.74809134e-02  8.00000000e-02 
 6.75309134e-02  8.00000000e-02 
 6.75809134e-02  8.00000000e-02 
 6.76309134e-02  8.00000000e-02 
 6.76809134e-02  8.00000000e-02 
 6.77309134e-02  8.00000000e-02 
 6.77809134e-02  8.00000000e-02 
 6.78309134e-02  8.00000000e-02 
 6.78809134e-02  8.00000000e-02 
 6.79309134e-02  8.00000000e-02 
 6.79809134e-02  8.00000000e-02 
 6.80309134e-02  8.00000000e-02 
 6.80809134e-02  8.00000000e-02 
 6.81309134e-02  8.00000000e-02 
 6.81809134e-02  8.00000000e-02 
 6.82309134e-02  8.00000000e-02 
 6.82809134e-02  8.00000000e-02 
 6.83309134e-02  8.00000000e-02 
 6.83809134e-02  8.00000000e-02 
 6.84309134e-02  8.00000000e-02 
 6.84809134e-02  8.00000000e-02 
 6.85309134e-02  8.00000000e-02 
 6.85809134e-02  8.00000000e-02 
 6.86309134e-02  8.00000000e-02 
 6.86809134e-02  8.00000000e-02 
 6.87309134e-02  8.00000000e-02 
 6.87809134e-02  8.00000000e-02 
 6.88309134e-02  8.00000000e-02 
 6.88809134e-02  8.00000000e-02 
 6.89309134e-02  8.00000000e-02 
 6.89809134e-02  8.00000000e-02 
 6.90309134e-02  8.00000000e-02 
 6.90809134e-02  8.00000000e-02 
 6.91309134e-02  8.00000000e-02 
 6.91809134e-02  8.00000000e-02 
 6.92309134e-02  8.00000000e-02 
 6.92809134e-02  8.00000000e-02 
 6.93309134e-02  8.00000000e-02 
 6.93809134e-02  8.00000000e-02 
 6.94309134e-02  8.00000000e-02 
 6.94809134e-02  8.00000000e-02 
 6.95309134e-02  8.00000000e-02 
 6.95809134e-02  8.00000000e-02 
 6.96309134e-02  8.00000000e-02 
 6.96809134e-02  8.00000000e-02 
 6.97309134e-02  8.00000000e-02 
 6.97809134e-02  8.00000000e-02 
 6.98309134e-02  8.00000000e-02 
 6.98809134e-02  8.00000000e-02 
 6.99309134e-02  8.00000000e-02 
 6.99809134e-02  8.00000000e-02 
 7.00309134e-02  8.00000000e-02 
 7.00809134e-02  8.00000000e-02 
 7.01309134e-02  8.00000000e-02 
 7.01809134e-02  8.00000000e-02 
 7.02309134e-02  8.00000000e-02 
 7.02809134e-02  8.00000000e-02 
 7.03309134e-02  8.00000000e-02 
 7.03809134e-02  8.00000000e-02 
 7.04309134e-02  8.00000000e-02 
 7.04809134e-02  8.00000000e-02 
 7.05309134e-02  8.00000000e-02 
 7.05809134e-02  8.00000000e-02 
 7.06309134e-02  8.00000000e-02 
 7.06809134e-02  8.00000000e-02 
 7.07309134e-02  8.00000000e-02 
 7.07809134e-02  8.00000000e-02 
 7.08309134e-02  8.00000000e-02 
 7.08809134e-02  8.00000000e-02 
 7.09309134e-02  8.00000000e-02 
 7.09809134e-02  8.00000000e-02 
 7.10309134e-02  8.00000000e-02 
 7.10809134e-02  8.00000000e-02 
 7.11309134e-02  8.00000000e-02 
 7.11809134e-02  8.00000000e-02 
 7.12309134e-02  8.00000000e-02 
 7.12809134e-02  8.00000000e-02 
 7.13309134e-02  8.00000000e-02 
 7.13809134e-02  8.00000000e-02 
 7.14309134e-02  8.00000000e-02 
 7.14809134e-02  8.00000000e-02 
 7.15309134e-02  8.00000000e-02 
 7.15809134e-02  8.00000000e-02 
 7.16309134e-02  8.00000000e-02 
 7.16809134e-02  8.00000000e-02 
 7.17309134e-02  8.00000000e-02 
 7.17809134e-02  8.00000000e-02 
 7.18309134e-02  8.00000000e-02 
 7.18809134e-02  8.00000000e-02 
 7.19309134e-02  8.00000000e-02 
 7.19809134e-02  8.00000000e-02 
 7.20309134e-02  8.00000000e-02 
 7.20809134e-02  8.00000000e-02 
 7.21309134e-02  8.00000000e-02 
 7.21809134e-02  8.00000000e-02 
 7.22309134e-02  8.00000000e-02 
 7.22809134e-02  8.00000000e-02 
 7.23309134e-02  8.00000000e-02 
 7.23809134e-02  8.00000000e-02 
 7.24309134e-02  8.00000000e-02 
 7.24809134e-02  8.00000000e-02 
 7.25309134e-02  8.00000000e-02 
 7.25809134e-02  8.00000000e-02 
 7.26309134e-02  8.00000000e-02 
 7.26809134e-02  8.00000000e-02 
 7.27309134e-02  8.00000000e-02 
 7.27809134e-02  8.00000000e-02 
 7.28309134e-02  8.00000000e-02 
 7.28809134e-02  8.00000000e-02 
 7.29309134e-02  8.00000000e-02 
 7.29809134e-02  8.00000000e-02 
 7.30309134e-02  8.00000000e-02 
 7.30809134e-02  8.00000000e-02 
 7.31309134e-02  8.00000000e-02 
 7.31809134e-02  8.00000000e-02 
 7.32309134e-02  8.00000000e-02 
 7.32809134e-02  8.00000000e-02 
 7.33309134e-02  8.00000000e-02 
 7.33809134e-02  8.00000000e-02 
 7.34309134e-02  8.00000000e-02 
 7.34809134e-02  8.00000000e-02 
 7.35309134e-02  8.00000000e-02 
 7.35809134e-02  8.00000000e-02 
 7.36309134e-02  8.00000000e-02 
 7.36809134e-02  8.00000000e-02 
 7.37309134e-02  8.00000000e-02 
 7.37809134e-02  8.00000000e-02 
 7.38309134e-02  8.00000000e-02 
 7.38809134e-02  8.00000000e-02 
 7.39309134e-02  8.00000000e-02 
 7.39809134e-02  8.00000000e-02 
 7.40309134e-02  8.00000000e-02 
 7.40809134e-02  8.00000000e-02 
 7.41309134e-02  8.00000000e-02 
 7.41809134e-02  8.00000000e-02 
 7.42309134e-02  8.00000000e-02 
 7.42809134e-02  8.00000000e-02 
 7.43309134e-02  8.00000000e-02 
 7.43809134e-02  8.00000000e-02 
 7.44309134e-02  8.00000000e-02 
 7.44809134e-02  8.00000000e-02 
 7.45309134e-02  8.00000000e-02 
 7.45809134e-02  8.00000000e-02 
 7.46309134e-02  8.00000000e-02 
 7.46809134e-02  8.00000000e-02 
 7.47309134e-02  8.00000000e-02 
 7.47809134e-02  8.00000000e-02 
 7.48309134e-02  8.00000000e-02 
 7.48809134e-02  8.00000000e-02 
 7.49309134e-02  8.00000000e-02 
 7.49809134e-02  8.00000000e-02 
 7.50309134e-02  8.00000000e-02 
 7.50809134e-02  8.00000000e-02 
 7.51309134e-02  8.00000000e-02 
 7.51809134e-02  8.00000000e-02 
 7.52309134e-02  8.00000000e-02 
 7.52809134e-02  8.00000000e-02 
 7.53309134e-02  8.00000000e-02 
 7.53809134e-02  8.00000000e-02 
 7.54309134e-02  8.00000000e-02 
 7.54809134e-02  8.00000000e-02 
 7.55309134e-02  8.00000000e-02 
 7.55809134e-02  8.00000000e-02 
 7.56309134e-02  8.00000000e-02 
 7.56809134e-02  8.00000000e-02 
 7.57309134e-02  8.00000000e-02 
 7.57809134e-02  8.00000000e-02 
 7.58309134e-02  8.00000000e-02 
 7.58809134e-02  8.00000000e-02 
 7.59309134e-02  8.00000000e-02 
 7.59809134e-02  8.00000000e-02 
 7.60309134e-02  8.00000000e-02 
 7.60809134e-02  8.00000000e-02 
 7.61309134e-02  8.00000000e-02 
 7.61809134e-02  8.00000000e-02 
 7.62309134e-02  8.00000000e-02 
 7.62809134e-02  8.00000000e-02 
 7.63309134e-02  8.00000000e-02 
 7.63809134e-02  8.00000000e-02 
 7.64309134e-02  8.00000000e-02 
 7.64809134e-02  8.00000000e-02 
 7.65309134e-02  8.00000000e-02 
 7.65809134e-02  8.00000000e-02 
 7.66309134e-02  8.00000000e-02 
 7.66809134e-02  8.00000000e-02 
 7.67309134e-02  8.00000000e-02 
 7.67809134e-02  8.00000000e-02 
 7.68309134e-02  8.00000000e-02 
 7.68809134e-02  8.00000000e-02 
 7.69309134e-02  8.00000000e-02 
 7.69809134e-02  8.00000000e-02 
 7.70309134e-02  8.00000000e-02 
 7.70809134e-02  8.00000000e-02 
 7.71309134e-02  8.00000000e-02 
 7.71809134e-02  8.00000000e-02 
 7.72309134e-02  8.00000000e-02 
 7.72809134e-02  8.00000000e-02 
 7.73309134e-02  8.00000000e-02 
 7.73809134e-02  8.00000000e-02 
 7.74309134e-02  8.00000000e-02 
 7.74809134e-02  8.00000000e-02 
 7.75309134e-02  8.00000000e-02 
 7.75809134e-02  8.00000000e-02 
 7.76309134e-02  8.00000000e-02 
 7.76809134e-02  8.00000000e-02 
 7.77309134e-02  8.00000000e-02 
 7.77809134e-02  8.00000000e-02 
 7.78309134e-02  8.00000000e-02 
 7.78809134e-02  8.00000000e-02 
 7.79309134e-02  8.00000000e-02 
 7.79809134e-02  8.00000000e-02 
 7.80309134e-02  8.00000000e-02 
 7.80809134e-02  8.00000000e-02 
 7.81309134e-02  8.00000000e-02 
 7.81809134e-02  8.00000000e-02 
 7.82309134e-02  8.00000000e-02 
 7.82809134e-02  8.00000000e-02 
 7.83309134e-02  8.00000000e-02 
 7.83809134e-02  8.00000000e-02 
 7.84309134e-02  8.00000000e-02 
 7.84809134e-02  8.00000000e-02 
 7.85309134e-02  8.00000000e-02 
 7.85809134e-02  8.00000000e-02 
 7.86309134e-02  8.00000000e-02 
 7.86809134e-02  8.00000000e-02 
 7.87309134e-02  8.00000000e-02 
 7.87809134e-02  8.00000000e-02 
 7.88309134e-02  8.00000000e-02 
 7.88809134e-02  8.00000000e-02 
 7.89309134e-02  8.00000000e-02 
 7.89809134e-02  8.00000000e-02 
 7.90309134e-02  8.00000000e-02 
 7.90809134e-02  8.00000000e-02 
 7.91309134e-02  8.00000000e-02 
 7.91809134e-02  8.00000000e-02 
 7.92309134e-02  8.00000000e-02 
 7.92809134e-02  8.00000000e-02 
 7.93309134e-02  8.00000000e-02 
 7.93809134e-02  8.00000000e-02 
 7.94309134e-02  8.00000000e-02 
 7.94809134e-02  8.00000000e-02 
 7.95309134e-02  8.00000000e-02 
 7.95809134e-02  8.00000000e-02 
 7.96309134e-02  8.00000000e-02 
 7.96809134e-02  8.00000000e-02 
 7.97309134e-02  8.00000000e-02 
 7.97809134e-02  8.00000000e-02 
 7.98309134e-02  8.00000000e-02 
 7.98809134e-02  8.00000000e-02 
 7.99309134e-02  8.00000000e-02 
 7.99809134e-02  8.00000000e-02 
 8.00000000e-02  8.00000000e-02 
