 0.00000000e+00  5.00275883e+00 
 1.00000000e-06  5.00275410e+00 
 2.00000000e-06  5.00274649e+00 
 4.00000000e-06  5.00272916e+00 
 8.00000000e-06  5.00270452e+00 
 1.60000000e-05  5.00269264e+00 
 3.20000000e-05  5.00269037e+00 
 6.40000000e-05  5.00268669e+00 
 1.28000000e-04  5.00268120e+00 
 2.28000000e-04  5.00267079e+00 
 3.28000000e-04  5.00265999e+00 
 4.28000000e-04  5.00264930e+00 
 5.28000000e-04  5.00263869e+00 
 6.28000000e-04  5.00262812e+00 
 7.28000000e-04  5.00261761e+00 
 8.28000000e-04  5.00260715e+00 
 9.28000000e-04  5.00259675e+00 
 1.02800000e-03  5.00258639e+00 
 1.12800000e-03  5.00257609e+00 
 1.22800000e-03  5.00256583e+00 
 1.32800000e-03  5.00255562e+00 
 1.42800000e-03  5.00254546e+00 
 1.52800000e-03  5.00253535e+00 
 1.62800000e-03  5.00252529e+00 
 1.72800000e-03  5.00251527e+00 
 1.82800000e-03  5.00250530e+00 
 1.92800000e-03  5.00249537e+00 
 2.02800000e-03  5.00248549e+00 
 2.12800000e-03  5.00247566e+00 
 2.22800000e-03  5.00246587e+00 
 2.32800000e-03  5.00245612e+00 
 2.42800000e-03  5.00244641e+00 
 2.52800000e-03  5.00243675e+00 
 2.62800000e-03  5.00242713e+00 
 2.72800000e-03  5.00241755e+00 
 2.82800000e-03  5.00240802e+00 
 2.92800000e-03  5.00239852e+00 
 3.02800000e-03  5.00238907e+00 
 3.12800000e-03  5.00237965e+00 
 3.22800000e-03  5.00237028e+00 
 3.32800000e-03  5.00236095e+00 
 3.42800000e-03  5.00235165e+00 
 3.52800000e-03  5.00234240e+00 
 3.62800000e-03  5.00233318e+00 
 3.72800000e-03  5.00232400e+00 
 3.82800000e-03  5.00231486e+00 
 3.92800000e-03  5.00230576e+00 
 4.02800000e-03  5.00229669e+00 
 4.12800000e-03  5.00228766e+00 
 4.22800000e-03  5.00227867e+00 
 4.32800000e-03  5.00226972e+00 
 4.42800000e-03  5.00226080e+00 
 4.52800000e-03  5.00225192e+00 
 4.62800000e-03  5.00224307e+00 
 4.72800000e-03  5.00223426e+00 
 4.82800000e-03  5.00222549e+00 
 4.92800000e-03  5.00221675e+00 
 5.02800000e-03  5.00220804e+00 
 5.12800000e-03  5.00219937e+00 
 5.22800000e-03  5.00219074e+00 
 5.32800000e-03  5.00218214e+00 
 5.42800000e-03  5.00217357e+00 
 5.52800000e-03  5.00216503e+00 
 5.62800000e-03  5.00215653e+00 
 5.72800000e-03  5.00214807e+00 
 5.82800000e-03  5.00213964e+00 
 5.92800000e-03  5.00213124e+00 
 6.02800000e-03  5.00212287e+00 
 6.12800000e-03  5.00211453e+00 
 6.22800000e-03  5.00210623e+00 
 6.32800000e-03  5.00209796e+00 
 6.42800000e-03  5.00208972e+00 
 6.52800000e-03  5.00208152e+00 
 6.62800000e-03  5.00207334e+00 
 6.72800000e-03  5.00206520e+00 
 6.82800000e-03  5.00205709e+00 
 6.92800000e-03  5.00204901e+00 
 7.02800000e-03  5.00204096e+00 
 7.12800000e-03  5.00203294e+00 
 7.22800000e-03  5.00202496e+00 
 7.32800000e-03  5.00201700e+00 
 7.42800000e-03  5.00200907e+00 
 7.52800000e-03  5.00200118e+00 
 7.62800000e-03  5.00199331e+00 
 7.72800000e-03  5.00198548e+00 
 7.82800000e-03  5.00197767e+00 
 7.92800000e-03  5.00196990e+00 
 8.02800000e-03  5.00196215e+00 
 8.12800000e-03  5.00195444e+00 
 8.22800000e-03  5.00194675e+00 
 8.32800000e-03  5.00193909e+00 
 8.42800000e-03  5.00193146e+00 
 8.52800000e-03  5.00192387e+00 
 8.62800000e-03  5.00191630e+00 
 8.72800000e-03  5.00190875e+00 
 8.82800000e-03  5.00190124e+00 
 8.92800000e-03  5.00189376e+00 
 9.02800000e-03  5.00188630e+00 
 9.12800000e-03  5.00187887e+00 
 9.22800000e-03  5.00187147e+00 
 9.32800000e-03  5.00186410e+00 
 9.42800000e-03  5.00185676e+00 
 9.52800000e-03  5.00184944e+00 
 9.62800000e-03  5.00184216e+00 
 9.72800000e-03  5.00183490e+00 
 9.82800000e-03  5.00182766e+00 
 9.92800000e-03  5.00182046e+00 
 1.00280000e-02  5.00181328e+00 
 1.01280000e-02  5.00180613e+00 
 1.02280000e-02  5.00179901e+00 
 1.03280000e-02  5.00179191e+00 
 1.04280000e-02  5.00178484e+00 
 1.05280000e-02  5.00177780e+00 
 1.06280000e-02  5.00177078e+00 
 1.07280000e-02  5.00176379e+00 
 1.08280000e-02  5.00175683e+00 
 1.09280000e-02  5.00174990e+00 
 1.10280000e-02  5.00174299e+00 
 1.11280000e-02  5.00173610e+00 
 1.12280000e-02  5.00172925e+00 
 1.13280000e-02  5.00172242e+00 
 1.14280000e-02  5.00171561e+00 
 1.15280000e-02  5.00170883e+00 
 1.16280000e-02  5.00170208e+00 
 1.17280000e-02  5.00169535e+00 
 1.18280000e-02  5.00168865e+00 
 1.19280000e-02  5.00168198e+00 
 1.20280000e-02  5.00167533e+00 
 1.21280000e-02  5.00166871e+00 
 1.22280000e-02  5.00166211e+00 
 1.23280000e-02  5.00165553e+00 
 1.24280000e-02  5.00164899e+00 
 1.25280000e-02  5.00164246e+00 
 1.26280000e-02  5.00163597e+00 
 1.27280000e-02  5.00162950e+00 
 1.28280000e-02  5.00162305e+00 
 1.29280000e-02  5.00161663e+00 
 1.30280000e-02  5.00161023e+00 
 1.31280000e-02  5.00160386e+00 
 1.32280000e-02  5.00159751e+00 
 1.33280000e-02  5.00159119e+00 
 1.34280000e-02  5.00158489e+00 
 1.35280000e-02  5.00157862e+00 
 1.36280000e-02  5.00157237e+00 
 1.37280000e-02  5.00156614e+00 
 1.38280000e-02  5.00155995e+00 
 1.39280000e-02  5.00155377e+00 
 1.40280000e-02  5.00154762e+00 
 1.41280000e-02  5.00154149e+00 
 1.42280000e-02  5.00153539e+00 
 1.43280000e-02  5.00152931e+00 
 1.44280000e-02  5.00152326e+00 
 1.45280000e-02  5.00151723e+00 
 1.46280000e-02  5.00151122e+00 
 1.47280000e-02  5.00150524e+00 
 1.48280000e-02  5.00149928e+00 
 1.49280000e-02  5.00149335e+00 
 1.50280000e-02  5.00148744e+00 
 1.51280000e-02  5.00148155e+00 
 1.52280000e-02  5.00147569e+00 
 1.53280000e-02  5.00146985e+00 
 1.54280000e-02  5.00146404e+00 
 1.55280000e-02  5.00145824e+00 
 1.56280000e-02  5.00145248e+00 
 1.57280000e-02  5.00144673e+00 
 1.58280000e-02  5.00144101e+00 
 1.59280000e-02  5.00143531e+00 
 1.60280000e-02  5.00142964e+00 
 1.61280000e-02  5.00142399e+00 
 1.62280000e-02  5.00141836e+00 
 1.63280000e-02  5.00141276e+00 
 1.64280000e-02  5.00140717e+00 
 1.65280000e-02  5.00140162e+00 
 1.66280000e-02  5.00139608e+00 
 1.67280000e-02  5.00139057e+00 
 1.68280000e-02  5.00138508e+00 
 1.69280000e-02  5.00137962e+00 
 1.70280000e-02  5.00137417e+00 
 1.71280000e-02  5.00136875e+00 
 1.72280000e-02  5.00136336e+00 
 1.73280000e-02  5.00135798e+00 
 1.74280000e-02  5.00135263e+00 
 1.75280000e-02  5.00134731e+00 
 1.76280000e-02  5.00134200e+00 
 1.77280000e-02  5.00133672e+00 
 1.78280000e-02  5.00133146e+00 
 1.79280000e-02  5.00132622e+00 
 1.80280000e-02  5.00132101e+00 
 1.81280000e-02  5.00131582e+00 
 1.82280000e-02  5.00131065e+00 
 1.83280000e-02  5.00130550e+00 
 1.84280000e-02  5.00130038e+00 
 1.85280000e-02  5.00129528e+00 
 1.86280000e-02  5.00129020e+00 
 1.87280000e-02  5.00128514e+00 
 1.88280000e-02  5.00128011e+00 
 1.89280000e-02  5.00127510e+00 
 1.90280000e-02  5.00127011e+00 
 1.91280000e-02  5.00126514e+00 
 1.92280000e-02  5.00126020e+00 
 1.93280000e-02  5.00125527e+00 
 1.94280000e-02  5.00125037e+00 
 1.95280000e-02  5.00124550e+00 
 1.96280000e-02  5.00124064e+00 
 1.97280000e-02  5.00123581e+00 
 1.98280000e-02  5.00123100e+00 
 1.99280000e-02  5.00122621e+00 
 2.00280000e-02  5.00122144e+00 
 2.01280000e-02  5.00121670e+00 
 2.02280000e-02  5.00121198e+00 
 2.03280000e-02  5.00120728e+00 
 2.04280000e-02  5.00120260e+00 
 2.05280000e-02  5.00119794e+00 
 2.06280000e-02  5.00119331e+00 
 2.07280000e-02  5.00118870e+00 
 2.08280000e-02  5.00118411e+00 
 2.09280000e-02  5.00117954e+00 
 2.10280000e-02  5.00117499e+00 
 2.11280000e-02  5.00117047e+00 
 2.12280000e-02  5.00116596e+00 
 2.13280000e-02  5.00116148e+00 
 2.14280000e-02  5.00115702e+00 
 2.15280000e-02  5.00115259e+00 
 2.16280000e-02  5.00114817e+00 
 2.17280000e-02  5.00114378e+00 
 2.18280000e-02  5.00113940e+00 
 2.19280000e-02  5.00113505e+00 
 2.20280000e-02  5.00113073e+00 
 2.21280000e-02  5.00112642e+00 
 2.22280000e-02  5.00112213e+00 
 2.23280000e-02  5.00111787e+00 
 2.24280000e-02  5.00111363e+00 
 2.25280000e-02  5.00110940e+00 
 2.26280000e-02  5.00110521e+00 
 2.27280000e-02  5.00110103e+00 
 2.28280000e-02  5.00109687e+00 
 2.29280000e-02  5.00109274e+00 
 2.30280000e-02  5.00108862e+00 
 2.31280000e-02  5.00108453e+00 
 2.32280000e-02  5.00108046e+00 
 2.33280000e-02  5.00107641e+00 
 2.34280000e-02  5.00107238e+00 
 2.35280000e-02  5.00106837e+00 
 2.36280000e-02  5.00106439e+00 
 2.37280000e-02  5.00106042e+00 
 2.38280000e-02  5.00105648e+00 
 2.39280000e-02  5.00105256e+00 
 2.40280000e-02  5.00104866e+00 
 2.41280000e-02  5.00104478e+00 
 2.42280000e-02  5.00104092e+00 
 2.43280000e-02  5.00103708e+00 
 2.44280000e-02  5.00103326e+00 
 2.45280000e-02  5.00102947e+00 
 2.46280000e-02  5.00102569e+00 
 2.47280000e-02  5.00102194e+00 
 2.48280000e-02  5.00101821e+00 
 2.49280000e-02  5.00101449e+00 
 2.50280000e-02  5.00101080e+00 
 2.51280000e-02  5.00100713e+00 
 2.52280000e-02  5.00100348e+00 
 2.53280000e-02  5.00099985e+00 
 2.54280000e-02  5.00099624e+00 
 2.55280000e-02  5.00099266e+00 
 2.56280000e-02  5.00098909e+00 
 2.57280000e-02  5.00098554e+00 
 2.58280000e-02  5.00098202e+00 
 2.59280000e-02  5.00097851e+00 
 2.60280000e-02  5.00097503e+00 
 2.61280000e-02  5.00097156e+00 
 2.62280000e-02  5.00096812e+00 
 2.63280000e-02  5.00096470e+00 
 2.64280000e-02  5.00096130e+00 
 2.65280000e-02  5.00095791e+00 
 2.66280000e-02  5.00095455e+00 
 2.67280000e-02  5.00095121e+00 
 2.68280000e-02  5.00094789e+00 
 2.69280000e-02  5.00094459e+00 
 2.70280000e-02  5.00094130e+00 
 2.71280000e-02  5.00093804e+00 
 2.72280000e-02  5.00093480e+00 
 2.73280000e-02  5.00093158e+00 
 2.74280000e-02  5.00092838e+00 
 2.75280000e-02  5.00092520e+00 
 2.76280000e-02  5.00092204e+00 
 2.77280000e-02  5.00091889e+00 
 2.78280000e-02  5.00091577e+00 
 2.79280000e-02  5.00091267e+00 
 2.80280000e-02  5.00090959e+00 
 2.81280000e-02  5.00090653e+00 
 2.82280000e-02  5.00090348e+00 
 2.83280000e-02  5.00090046e+00 
 2.84280000e-02  5.00089746e+00 
 2.85280000e-02  5.00089447e+00 
 2.86280000e-02  5.00089151e+00 
 2.87280000e-02  5.00088856e+00 
 2.88280000e-02  5.00088563e+00 
 2.89280000e-02  5.00088273e+00 
 2.90280000e-02  5.00087984e+00 
 2.91280000e-02  5.00087697e+00 
 2.92280000e-02  5.00087412e+00 
 2.93280000e-02  5.00087129e+00 
 2.94280000e-02  5.00086848e+00 
 2.95280000e-02  5.00086569e+00 
 2.96280000e-02  5.00086291e+00 
 2.97280000e-02  5.00086016e+00 
 2.98280000e-02  5.00085742e+00 
 2.99280000e-02  5.00085470e+00 
 3.00280000e-02  5.00085200e+00 
 3.01280000e-02  5.00084932e+00 
 3.02280000e-02  5.00084666e+00 
 3.03280000e-02  5.00084402e+00 
 3.04280000e-02  5.00084140e+00 
 3.05280000e-02  5.00083879e+00 
 3.06280000e-02  5.00083620e+00 
 3.07280000e-02  5.00083363e+00 
 3.08280000e-02  5.00083108e+00 
 3.09280000e-02  5.00082855e+00 
 3.10280000e-02  5.00082603e+00 
 3.11280000e-02  5.00082353e+00 
 3.12280000e-02  5.00082105e+00 
 3.13280000e-02  5.00081859e+00 
 3.14280000e-02  5.00081615e+00 
 3.15280000e-02  5.00081372e+00 
 3.16280000e-02  5.00081131e+00 
 3.17280000e-02  5.00080892e+00 
 3.18280000e-02  5.00080654e+00 
 3.19280000e-02  5.00080419e+00 
 3.20280000e-02  5.00080185e+00 
 3.21280000e-02  5.00079953e+00 
 3.22280000e-02  5.00079722e+00 
 3.23280000e-02  5.00079493e+00 
 3.24280000e-02  5.00079266e+00 
 3.25280000e-02  5.00079041e+00 
 3.26280000e-02  5.00078817e+00 
 3.27280000e-02  5.00078595e+00 
 3.28280000e-02  5.00078375e+00 
 3.29280000e-02  5.00078156e+00 
 3.30280000e-02  5.00077939e+00 
 3.31280000e-02  5.00077724e+00 
 3.32280000e-02  5.00077510e+00 
 3.33280000e-02  5.00077298e+00 
 3.34280000e-02  5.00077087e+00 
 3.35280000e-02  5.00076878e+00 
 3.36280000e-02  5.00076671e+00 
 3.37280000e-02  5.00076465e+00 
 3.38280000e-02  5.00076261e+00 
 3.39280000e-02  5.00076058e+00 
 3.40280000e-02  5.00075857e+00 
 3.41280000e-02  5.00075658e+00 
 3.42280000e-02  5.00075460e+00 
 3.43280000e-02  5.00075263e+00 
 3.44280000e-02  5.00075068e+00 
 3.45280000e-02  5.00074875e+00 
 3.46280000e-02  5.00074683e+00 
 3.47280000e-02  5.00074492e+00 
 3.48280000e-02  5.00074304e+00 
 3.49280000e-02  5.00074116e+00 
 3.50280000e-02  5.00073930e+00 
 3.51280000e-02  5.00073745e+00 
 3.52280000e-02  5.00073562e+00 
 3.53280000e-02  5.00073381e+00 
 3.54280000e-02  5.00073200e+00 
 3.55280000e-02  5.00073021e+00 
 3.56280000e-02  5.00072844e+00 
 3.57280000e-02  5.00072668e+00 
 3.58280000e-02  5.00072493e+00 
 3.59280000e-02  5.00072320e+00 
 3.60280000e-02  5.00072147e+00 
 3.61280000e-02  5.00071977e+00 
 3.62280000e-02  5.00071807e+00 
 3.63280000e-02  5.00071639e+00 
 3.64280000e-02  5.00071472e+00 
 3.65280000e-02  5.00071307e+00 
 3.66280000e-02  5.00071142e+00 
 3.67280000e-02  5.00070979e+00 
 3.68280000e-02  5.00070817e+00 
 3.69280000e-02  5.00070657e+00 
 3.70280000e-02  5.00070497e+00 
 3.71280000e-02  5.00070339e+00 
 3.72280000e-02  5.00070182e+00 
 3.73280000e-02  5.00070026e+00 
 3.74280000e-02  5.00069871e+00 
 3.75280000e-02  5.00069718e+00 
 3.76280000e-02  5.00069565e+00 
 3.77280000e-02  5.00069414e+00 
 3.78280000e-02  5.00069263e+00 
 3.79280000e-02  5.00069114e+00 
 3.80280000e-02  5.00068966e+00 
 3.81280000e-02  5.00068818e+00 
 3.82280000e-02  5.00068672e+00 
 3.83280000e-02  5.00068527e+00 
 3.84280000e-02  5.00068382e+00 
 3.85280000e-02  5.00068239e+00 
 3.86280000e-02  5.00068097e+00 
 3.87280000e-02  5.00067955e+00 
 3.88280000e-02  5.00067814e+00 
 3.89280000e-02  5.00067674e+00 
 3.90280000e-02  5.00067535e+00 
 3.91280000e-02  5.00067397e+00 
 3.92280000e-02  5.00067259e+00 
 3.93280000e-02  5.00067122e+00 
 3.94280000e-02  5.00066986e+00 
 3.95280000e-02  5.00066850e+00 
 3.96280000e-02  5.00066716e+00 
 3.97280000e-02  5.00066581e+00 
 3.98280000e-02  5.00066448e+00 
 3.99280000e-02  5.00066314e+00 
 4.00280000e-02  5.00066182e+00 
 4.01280000e-02  5.00066049e+00 
 4.02280000e-02  5.00065918e+00 
 4.03280000e-02  5.00065786e+00 
 4.04280000e-02  5.00065655e+00 
 4.05280000e-02  5.00065524e+00 
 4.06280000e-02  5.00065393e+00 
 4.07280000e-02  5.00065263e+00 
 4.08280000e-02  5.00065132e+00 
 4.09280000e-02  5.00065002e+00 
 4.10280000e-02  5.00064871e+00 
 4.11280000e-02  5.00064740e+00 
 4.12280000e-02  5.00064609e+00 
 4.13280000e-02  5.00064478e+00 
 4.14280000e-02  5.00064347e+00 
 4.15280000e-02  5.00064215e+00 
 4.16280000e-02  5.00064082e+00 
 4.17280000e-02  5.00063949e+00 
 4.18280000e-02  5.00063815e+00 
 4.19280000e-02  5.00063679e+00 
 4.20280000e-02  5.00063543e+00 
 4.21280000e-02  5.00063406e+00 
 4.22280000e-02  5.00063267e+00 
 4.23280000e-02  5.00063126e+00 
 4.24280000e-02  5.00062984e+00 
 4.25280000e-02  5.00062839e+00 
 4.26280000e-02  5.00062692e+00 
 4.27280000e-02  5.00062542e+00 
 4.28280000e-02  5.00062390e+00 
 4.29280000e-02  5.00062234e+00 
 4.30280000e-02  5.00062074e+00 
 4.31280000e-02  5.00061910e+00 
 4.32280000e-02  5.00061741e+00 
 4.33280000e-02  5.00061566e+00 
 4.34280000e-02  5.00061386e+00 
 4.35280000e-02  5.00061198e+00 
 4.36280000e-02  5.00061002e+00 
 4.37280000e-02  5.00060798e+00 
 4.38280000e-02  5.00060583e+00 
 4.39280000e-02  5.00060357e+00 
 4.40280000e-02  5.00060117e+00 
 4.41280000e-02  5.00059863e+00 
 4.42280000e-02  5.00059590e+00 
 4.43280000e-02  5.00059299e+00 
 4.44280000e-02  5.00058985e+00 
 4.45280000e-02  5.00058646e+00 
 4.46280000e-02  5.00058279e+00 
 4.47280000e-02  5.00057881e+00 
 4.48280000e-02  5.00057448e+00 
 4.49280000e-02  5.00056978e+00 
 4.50280000e-02  5.00056468e+00 
 4.51280000e-02  5.00055912e+00 
 4.52280000e-02  5.00055308e+00 
 4.53280000e-02  5.00054651e+00 
 4.54280000e-02  5.00053935e+00 
 4.55280000e-02  5.00053155e+00 
 4.56280000e-02  5.00052301e+00 
 4.57280000e-02  5.00051366e+00 
 4.58280000e-02  5.00050334e+00 
 4.59280000e-02  5.00049184e+00 
 4.60280000e-02  5.00047844e+00 
 4.61280000e-02  5.00049146e+00 
 4.62280000e-02  5.00045917e+00 
 4.63280000e-02  5.00044538e+00 
 4.64280000e-02  5.00043075e+00 
 4.65280000e-02  5.00041349e+00 
 4.66280000e-02  5.00039448e+00 
 4.67280000e-02  5.00037352e+00 
 4.68280000e-02  5.00035026e+00 
 4.69280000e-02  5.00032437e+00 
 4.70280000e-02  5.00029540e+00 
 4.71280000e-02  5.00026283e+00 
 4.72280000e-02  5.00022601e+00 
 4.73280000e-02  5.00018422e+00 
 4.74280000e-02  5.00013645e+00 
 4.75280000e-02  4.99594314e+00 
 4.76280000e-02  4.98687128e+00 
 4.77280000e-02  4.97713587e+00 
 4.78280000e-02  4.96744911e+00 
 4.78798715e-02  4.96243353e+00 
 4.79392218e-02  4.95669240e+00 
 4.79901680e-02  4.95176370e+00 
 4.80534946e-02  4.94563825e+00 
 4.81534946e-02  4.93596885e+00 
 4.82534946e-02  4.92630367e+00 
 4.83534946e-02  4.91664280e+00 
 4.84534946e-02  4.90698638e+00 
 4.85534946e-02  4.89733454e+00 
 4.86534946e-02  4.88768741e+00 
 4.87534946e-02  4.87804510e+00 
 4.88534946e-02  4.86840773e+00 
 4.89534946e-02  4.85877541e+00 
 4.90534946e-02  4.84914827e+00 
 4.91534946e-02  4.83952641e+00 
 4.92534946e-02  4.82990995e+00 
 4.93534946e-02  4.82029897e+00 
 4.94534946e-02  4.81069360e+00 
 4.95534946e-02  4.80109393e+00 
 4.96534946e-02  4.79150006e+00 
 4.97534946e-02  4.78191209e+00 
 4.98534946e-02  4.77233010e+00 
 4.99534946e-02  4.76275420e+00 
 5.00534946e-02  4.75318446e+00 
 5.01534946e-02  4.74362098e+00 
 5.02534946e-02  4.73406384e+00 
 5.03534946e-02  4.72451311e+00 
 5.04534946e-02  4.71496887e+00 
 5.05534946e-02  4.70543120e+00 
 5.06534946e-02  4.69590017e+00 
 5.07534946e-02  4.68637584e+00 
 5.08534946e-02  4.67685829e+00 
 5.09534946e-02  4.66734758e+00 
 5.10534946e-02  4.65784376e+00 
 5.11534946e-02  4.64834690e+00 
 5.12534946e-02  4.63885705e+00 
 5.13534946e-02  4.62937427e+00 
 5.14534946e-02  4.61989861e+00 
 5.15534946e-02  4.61043011e+00 
 5.16534946e-02  4.60096882e+00 
 5.17534946e-02  4.59151480e+00 
 5.18534946e-02  4.58206807e+00 
 5.19534946e-02  4.57262869e+00 
 5.20534946e-02  4.56319668e+00 
 5.21534946e-02  4.55377209e+00 
 5.22534946e-02  4.54435496e+00 
 5.23534946e-02  4.53494531e+00 
 5.24534946e-02  4.52554318e+00 
 5.25534946e-02  4.51614860e+00 
 5.26534946e-02  4.50676159e+00 
 5.27534946e-02  4.49738218e+00 
 5.28534946e-02  4.48801040e+00 
 5.29534946e-02  4.47864627e+00 
 5.30534946e-02  4.46928981e+00 
 5.31534946e-02  4.45994105e+00 
 5.32534946e-02  4.45060000e+00 
 5.33534946e-02  4.44126668e+00 
 5.34534946e-02  4.43194111e+00 
 5.35534946e-02  4.42262330e+00 
 5.36534946e-02  4.41331326e+00 
 5.37534946e-02  4.40401102e+00 
 5.38534946e-02  4.39471657e+00 
 5.39534946e-02  4.38542993e+00 
 5.40534946e-02  4.37615111e+00 
 5.41534946e-02  4.36688012e+00 
 5.42534946e-02  4.35761695e+00 
 5.43534946e-02  4.34836163e+00 
 5.44534946e-02  4.33911415e+00 
 5.45534946e-02  4.32987451e+00 
 5.46534946e-02  4.32064271e+00 
 5.47534946e-02  4.31141876e+00 
 5.48534946e-02  4.30220266e+00 
 5.49534946e-02  4.29299440e+00 
 5.50534946e-02  4.28379398e+00 
 5.51534946e-02  4.27460140e+00 
 5.52534946e-02  4.26541665e+00 
 5.53534946e-02  4.25623972e+00 
 5.54534946e-02  4.24707061e+00 
 5.55534946e-02  4.23790931e+00 
 5.56534946e-02  4.22875582e+00 
 5.57534946e-02  4.21961011e+00 
 5.58534946e-02  4.21047218e+00 
 5.59534946e-02  4.20134202e+00 
 5.60534946e-02  4.19221960e+00 
 5.61534946e-02  4.18310493e+00 
 5.62534946e-02  4.17399798e+00 
 5.63534946e-02  4.16489874e+00 
 5.64534946e-02  4.15580718e+00 
 5.65534946e-02  4.14672329e+00 
 5.66534946e-02  4.13764706e+00 
 5.67534946e-02  4.12857845e+00 
 5.68534946e-02  4.11951745e+00 
 5.69534946e-02  4.11046404e+00 
 5.70534946e-02  4.10141819e+00 
 5.71534946e-02  4.09237988e+00 
 5.72534946e-02  4.08334908e+00 
 5.73534946e-02  4.07432577e+00 
 5.74534946e-02  4.06530992e+00 
 5.75534946e-02  4.05630150e+00 
 5.76534946e-02  4.04730049e+00 
 5.77534946e-02  4.03830685e+00 
 5.78534946e-02  4.02932055e+00 
 5.79534946e-02  4.02034157e+00 
 5.80534946e-02  4.01136986e+00 
 5.81534946e-02  4.00240540e+00 
 5.82534946e-02  3.99344815e+00 
 5.83534946e-02  3.98449808e+00 
 5.84534946e-02  3.97555516e+00 
 5.85534946e-02  3.96661934e+00 
 5.86534946e-02  3.95769058e+00 
 5.87534946e-02  3.94876886e+00 
 5.88534946e-02  3.93985413e+00 
 5.89534946e-02  3.93094636e+00 
 5.90534946e-02  3.92204550e+00 
 5.91534946e-02  3.91315150e+00 
 5.92534946e-02  3.90426434e+00 
 5.93534946e-02  3.89538397e+00 
 5.94534946e-02  3.88651034e+00 
 5.95534946e-02  3.87764341e+00 
 5.96534946e-02  3.86878314e+00 
 5.97534946e-02  3.85992947e+00 
 5.98534946e-02  3.85108237e+00 
 5.99534946e-02  3.84224179e+00 
 6.00000000e-02  3.83813265e+00 
