 0.00000000e+00  1.00000000e+01 
 1.00000000e-06  9.99990000e+00 
 2.00000000e-06  9.99980000e+00 
 4.00000000e-06  9.99960000e+00 
 8.00000000e-06  9.99920000e+00 
 1.60000000e-05  9.99840000e+00 
 3.20000000e-05  9.99680000e+00 
 6.40000000e-05  9.99360000e+00 
 1.28000000e-04  9.98720000e+00 
 2.28000000e-04  9.97720000e+00 
 3.28000000e-04  9.96720000e+00 
 4.28000000e-04  9.95720000e+00 
 5.28000000e-04  9.94720000e+00 
 6.28000000e-04  9.93720000e+00 
 7.28000000e-04  9.92720000e+00 
 8.28000000e-04  9.91720000e+00 
 9.28000000e-04  9.90720000e+00 
 1.02800000e-03  9.89720000e+00 
 1.12800000e-03  9.88720000e+00 
 1.22800000e-03  9.87720000e+00 
 1.32800000e-03  9.86720000e+00 
 1.42800000e-03  9.85720000e+00 
 1.52800000e-03  9.84720000e+00 
 1.62800000e-03  9.83720000e+00 
 1.72800000e-03  9.82720000e+00 
 1.82800000e-03  9.81720000e+00 
 1.92800000e-03  9.80720000e+00 
 2.02800000e-03  9.79720000e+00 
 2.12800000e-03  9.78720000e+00 
 2.22800000e-03  9.77720000e+00 
 2.32800000e-03  9.76720000e+00 
 2.42800000e-03  9.75720000e+00 
 2.52800000e-03  9.74720000e+00 
 2.62800000e-03  9.73720000e+00 
 2.72800000e-03  9.72720000e+00 
 2.82800000e-03  9.71720000e+00 
 2.92800000e-03  9.70720000e+00 
 3.02800000e-03  9.69720000e+00 
 3.12800000e-03  9.68720000e+00 
 3.22800000e-03  9.67720000e+00 
 3.32800000e-03  9.66720000e+00 
 3.42800000e-03  9.65720000e+00 
 3.52800000e-03  9.64720000e+00 
 3.62800000e-03  9.63720000e+00 
 3.72800000e-03  9.62720000e+00 
 3.82800000e-03  9.61720000e+00 
 3.92800000e-03  9.60720000e+00 
 4.02800000e-03  9.59720000e+00 
 4.12800000e-03  9.58720000e+00 
 4.22800000e-03  9.57720000e+00 
 4.32800000e-03  9.56720000e+00 
 4.42800000e-03  9.55720000e+00 
 4.52800000e-03  9.54720000e+00 
 4.62800000e-03  9.53720000e+00 
 4.72800000e-03  9.52720000e+00 
 4.82800000e-03  9.51720000e+00 
 4.92800000e-03  9.50720000e+00 
 5.02800000e-03  9.49720000e+00 
 5.12800000e-03  9.48720000e+00 
 5.22800000e-03  9.47720000e+00 
 5.32800000e-03  9.46720000e+00 
 5.42800000e-03  9.45720000e+00 
 5.52800000e-03  9.44720000e+00 
 5.62800000e-03  9.43720000e+00 
 5.72800000e-03  9.42720000e+00 
 5.82800000e-03  9.41720000e+00 
 5.92800000e-03  9.40720000e+00 
 6.02800000e-03  9.39720000e+00 
 6.12800000e-03  9.38720000e+00 
 6.22800000e-03  9.37720000e+00 
 6.32800000e-03  9.36720000e+00 
 6.42800000e-03  9.35720000e+00 
 6.52800000e-03  9.34720000e+00 
 6.62800000e-03  9.33720000e+00 
 6.72800000e-03  9.32720000e+00 
 6.82800000e-03  9.31720000e+00 
 6.92800000e-03  9.30720000e+00 
 7.02800000e-03  9.29720000e+00 
 7.12800000e-03  9.28720000e+00 
 7.22800000e-03  9.27720000e+00 
 7.32800000e-03  9.26720000e+00 
 7.42800000e-03  9.25720000e+00 
 7.52800000e-03  9.24720000e+00 
 7.62800000e-03  9.23720000e+00 
 7.72800000e-03  9.22720000e+00 
 7.82800000e-03  9.21720000e+00 
 7.92800000e-03  9.20720000e+00 
 8.02800000e-03  9.19720000e+00 
 8.12800000e-03  9.18720000e+00 
 8.22800000e-03  9.17720000e+00 
 8.32800000e-03  9.16720000e+00 
 8.42800000e-03  9.15720000e+00 
 8.52800000e-03  9.14720000e+00 
 8.62800000e-03  9.13720000e+00 
 8.72800000e-03  9.12720000e+00 
 8.82800000e-03  9.11720000e+00 
 8.92800000e-03  9.10720000e+00 
 9.02800000e-03  9.09720000e+00 
 9.12800000e-03  9.08720000e+00 
 9.22800000e-03  9.07720000e+00 
 9.32800000e-03  9.06720000e+00 
 9.42800000e-03  9.05720000e+00 
 9.52800000e-03  9.04720000e+00 
 9.62800000e-03  9.03720000e+00 
 9.72800000e-03  9.02720000e+00 
 9.82800000e-03  9.01720000e+00 
 9.92800000e-03  9.00720000e+00 
 1.00280000e-02  8.99720000e+00 
 1.01280000e-02  8.98720000e+00 
 1.02280000e-02  8.97720000e+00 
 1.03280000e-02  8.96720000e+00 
 1.04280000e-02  8.95720000e+00 
 1.05280000e-02  8.94720000e+00 
 1.06280000e-02  8.93720000e+00 
 1.07280000e-02  8.92720000e+00 
 1.08280000e-02  8.91720000e+00 
 1.09280000e-02  8.90720000e+00 
 1.10280000e-02  8.89720000e+00 
 1.11280000e-02  8.88720000e+00 
 1.12280000e-02  8.87720000e+00 
 1.13280000e-02  8.86720000e+00 
 1.14280000e-02  8.85720000e+00 
 1.15280000e-02  8.84720000e+00 
 1.16280000e-02  8.83720000e+00 
 1.17280000e-02  8.82720000e+00 
 1.18280000e-02  8.81720000e+00 
 1.19280000e-02  8.80720000e+00 
 1.20280000e-02  8.79720000e+00 
 1.21280000e-02  8.78720000e+00 
 1.22280000e-02  8.77720000e+00 
 1.23280000e-02  8.76720000e+00 
 1.24280000e-02  8.75720000e+00 
 1.25280000e-02  8.74720000e+00 
 1.26280000e-02  8.73720000e+00 
 1.27280000e-02  8.72720000e+00 
 1.28280000e-02  8.71720000e+00 
 1.29280000e-02  8.70720000e+00 
 1.30280000e-02  8.69720000e+00 
 1.31280000e-02  8.68720000e+00 
 1.32280000e-02  8.67720000e+00 
 1.33280000e-02  8.66720000e+00 
 1.34280000e-02  8.65720000e+00 
 1.35280000e-02  8.64720000e+00 
 1.36280000e-02  8.63720000e+00 
 1.37280000e-02  8.62720000e+00 
 1.38280000e-02  8.61720000e+00 
 1.39280000e-02  8.60720000e+00 
 1.40280000e-02  8.59720000e+00 
 1.41280000e-02  8.58720000e+00 
 1.42280000e-02  8.57720000e+00 
 1.43280000e-02  8.56720000e+00 
 1.44280000e-02  8.55720000e+00 
 1.45280000e-02  8.54720000e+00 
 1.46280000e-02  8.53720000e+00 
 1.47280000e-02  8.52720000e+00 
 1.48280000e-02  8.51720000e+00 
 1.49280000e-02  8.50720000e+00 
 1.50280000e-02  8.49720000e+00 
 1.51280000e-02  8.48720000e+00 
 1.52280000e-02  8.47720000e+00 
 1.53280000e-02  8.46720000e+00 
 1.54280000e-02  8.45720000e+00 
 1.55280000e-02  8.44720000e+00 
 1.56280000e-02  8.43720000e+00 
 1.57280000e-02  8.42720000e+00 
 1.58280000e-02  8.41720000e+00 
 1.59280000e-02  8.40720000e+00 
 1.60280000e-02  8.39720000e+00 
 1.61280000e-02  8.38720000e+00 
 1.62280000e-02  8.37720000e+00 
 1.63280000e-02  8.36720000e+00 
 1.64280000e-02  8.35720000e+00 
 1.65280000e-02  8.34720000e+00 
 1.66280000e-02  8.33720000e+00 
 1.67280000e-02  8.32720000e+00 
 1.68280000e-02  8.31720000e+00 
 1.69280000e-02  8.30720000e+00 
 1.70280000e-02  8.29720000e+00 
 1.71280000e-02  8.28720000e+00 
 1.72280000e-02  8.27720000e+00 
 1.73280000e-02  8.26720000e+00 
 1.74280000e-02  8.25720000e+00 
 1.75280000e-02  8.24720000e+00 
 1.76280000e-02  8.23720000e+00 
 1.77280000e-02  8.22720000e+00 
 1.78280000e-02  8.21720000e+00 
 1.79280000e-02  8.20720000e+00 
 1.80280000e-02  8.19720000e+00 
 1.81280000e-02  8.18720000e+00 
 1.82280000e-02  8.17720000e+00 
 1.83280000e-02  8.16720000e+00 
 1.84280000e-02  8.15720000e+00 
 1.85280000e-02  8.14720000e+00 
 1.86280000e-02  8.13720000e+00 
 1.87280000e-02  8.12720000e+00 
 1.88280000e-02  8.11720000e+00 
 1.89280000e-02  8.10720000e+00 
 1.90280000e-02  8.09720000e+00 
 1.91280000e-02  8.08720000e+00 
 1.92280000e-02  8.07720000e+00 
 1.93280000e-02  8.06720000e+00 
 1.94280000e-02  8.05720000e+00 
 1.95280000e-02  8.04720000e+00 
 1.96280000e-02  8.03720000e+00 
 1.97280000e-02  8.02720000e+00 
 1.98280000e-02  8.01720000e+00 
 1.99280000e-02  8.00720000e+00 
 2.00280000e-02  7.99720000e+00 
 2.01280000e-02  7.98720000e+00 
 2.02280000e-02  7.97720000e+00 
 2.03280000e-02  7.96720000e+00 
 2.04280000e-02  7.95720000e+00 
 2.05280000e-02  7.94720000e+00 
 2.06280000e-02  7.93720000e+00 
 2.07280000e-02  7.92720000e+00 
 2.08280000e-02  7.91720000e+00 
 2.09280000e-02  7.90720000e+00 
 2.10280000e-02  7.89720000e+00 
 2.11280000e-02  7.88720000e+00 
 2.12280000e-02  7.87720000e+00 
 2.13280000e-02  7.86720000e+00 
 2.14280000e-02  7.85720000e+00 
 2.15280000e-02  7.84720000e+00 
 2.16280000e-02  7.83720000e+00 
 2.17280000e-02  7.82720000e+00 
 2.18280000e-02  7.81720000e+00 
 2.19280000e-02  7.80720000e+00 
 2.20280000e-02  7.79720000e+00 
 2.21280000e-02  7.78720000e+00 
 2.22280000e-02  7.77720000e+00 
 2.23280000e-02  7.76720000e+00 
 2.24280000e-02  7.75720000e+00 
 2.25280000e-02  7.74720000e+00 
 2.26280000e-02  7.73720000e+00 
 2.27280000e-02  7.72720000e+00 
 2.28280000e-02  7.71720000e+00 
 2.29280000e-02  7.70720000e+00 
 2.30280000e-02  7.69720000e+00 
 2.31280000e-02  7.68720000e+00 
 2.32280000e-02  7.67720000e+00 
 2.33280000e-02  7.66720000e+00 
 2.34280000e-02  7.65720000e+00 
 2.35280000e-02  7.64720000e+00 
 2.36280000e-02  7.63720000e+00 
 2.37280000e-02  7.62720000e+00 
 2.38280000e-02  7.61720000e+00 
 2.39280000e-02  7.60720000e+00 
 2.40280000e-02  7.59720000e+00 
 2.41280000e-02  7.58720000e+00 
 2.42280000e-02  7.57720000e+00 
 2.43280000e-02  7.56720000e+00 
 2.44280000e-02  7.55720000e+00 
 2.45280000e-02  7.54720000e+00 
 2.46280000e-02  7.53720000e+00 
 2.47280000e-02  7.52720000e+00 
 2.48280000e-02  7.51720000e+00 
 2.49280000e-02  7.50720000e+00 
 2.50280000e-02  7.49720000e+00 
 2.51280000e-02  7.48720000e+00 
 2.52280000e-02  7.47720000e+00 
 2.53280000e-02  7.46720000e+00 
 2.54280000e-02  7.45720000e+00 
 2.55280000e-02  7.44720000e+00 
 2.56280000e-02  7.43720000e+00 
 2.57280000e-02  7.42720000e+00 
 2.58280000e-02  7.41720000e+00 
 2.59280000e-02  7.40720000e+00 
 2.60280000e-02  7.39720000e+00 
 2.61280000e-02  7.38720000e+00 
 2.62280000e-02  7.37720000e+00 
 2.63280000e-02  7.36720000e+00 
 2.64280000e-02  7.35720000e+00 
 2.65280000e-02  7.34720000e+00 
 2.66280000e-02  7.33720000e+00 
 2.67280000e-02  7.32720000e+00 
 2.68280000e-02  7.31720000e+00 
 2.69280000e-02  7.30720000e+00 
 2.70280000e-02  7.29720000e+00 
 2.71280000e-02  7.28720000e+00 
 2.72280000e-02  7.27720000e+00 
 2.73280000e-02  7.26720000e+00 
 2.74280000e-02  7.25720000e+00 
 2.75280000e-02  7.24720000e+00 
 2.76280000e-02  7.23720000e+00 
 2.77280000e-02  7.22720000e+00 
 2.78280000e-02  7.21720000e+00 
 2.79280000e-02  7.20720000e+00 
 2.80280000e-02  7.19720000e+00 
 2.81280000e-02  7.18720000e+00 
 2.82280000e-02  7.17720000e+00 
 2.83280000e-02  7.16720000e+00 
 2.84280000e-02  7.15720000e+00 
 2.85280000e-02  7.14720000e+00 
 2.86280000e-02  7.13720000e+00 
 2.87280000e-02  7.12720000e+00 
 2.88280000e-02  7.11720000e+00 
 2.89280000e-02  7.10720000e+00 
 2.90280000e-02  7.09720000e+00 
 2.91280000e-02  7.08720000e+00 
 2.92280000e-02  7.07720000e+00 
 2.93280000e-02  7.06720000e+00 
 2.94280000e-02  7.05720000e+00 
 2.95280000e-02  7.04720000e+00 
 2.96280000e-02  7.03720000e+00 
 2.97280000e-02  7.02720000e+00 
 2.98280000e-02  7.01720000e+00 
 2.99280000e-02  7.00720000e+00 
 3.00280000e-02  6.99720000e+00 
 3.01280000e-02  6.98720000e+00 
 3.02280000e-02  6.97720000e+00 
 3.03280000e-02  6.96720000e+00 
 3.04280000e-02  6.95720000e+00 
 3.05280000e-02  6.94720000e+00 
 3.06280000e-02  6.93720000e+00 
 3.07280000e-02  6.92720000e+00 
 3.08280000e-02  6.91720000e+00 
 3.09280000e-02  6.90720000e+00 
 3.10280000e-02  6.89720000e+00 
 3.11280000e-02  6.88720000e+00 
 3.12280000e-02  6.87720000e+00 
 3.13280000e-02  6.86720000e+00 
 3.14280000e-02  6.85720000e+00 
 3.15280000e-02  6.84720000e+00 
 3.16280000e-02  6.83720000e+00 
 3.17280000e-02  6.82720000e+00 
 3.18280000e-02  6.81720000e+00 
 3.19280000e-02  6.80720000e+00 
 3.20280000e-02  6.79720000e+00 
 3.21280000e-02  6.78720000e+00 
 3.22280000e-02  6.77720000e+00 
 3.23280000e-02  6.76720000e+00 
 3.24280000e-02  6.75720000e+00 
 3.25280000e-02  6.74720000e+00 
 3.26280000e-02  6.73720000e+00 
 3.27280000e-02  6.72720000e+00 
 3.28280000e-02  6.71720000e+00 
 3.29280000e-02  6.70720000e+00 
 3.30280000e-02  6.69720000e+00 
 3.31280000e-02  6.68720000e+00 
 3.32280000e-02  6.67720000e+00 
 3.33280000e-02  6.66720000e+00 
 3.34280000e-02  6.65720000e+00 
 3.35280000e-02  6.64720000e+00 
 3.36280000e-02  6.63720000e+00 
 3.37280000e-02  6.62720000e+00 
 3.38280000e-02  6.61720000e+00 
 3.39280000e-02  6.60720000e+00 
 3.40280000e-02  6.59720000e+00 
 3.41280000e-02  6.58720000e+00 
 3.42280000e-02  6.57720000e+00 
 3.43280000e-02  6.56720000e+00 
 3.44280000e-02  6.55720000e+00 
 3.45280000e-02  6.54720000e+00 
 3.46280000e-02  6.53720000e+00 
 3.47280000e-02  6.52720000e+00 
 3.48280000e-02  6.51720000e+00 
 3.49280000e-02  6.50720000e+00 
 3.50280000e-02  6.49720000e+00 
 3.51280000e-02  6.48720000e+00 
 3.52280000e-02  6.47720000e+00 
 3.53280000e-02  6.46720000e+00 
 3.54280000e-02  6.45720000e+00 
 3.55280000e-02  6.44720000e+00 
 3.56280000e-02  6.43720000e+00 
 3.57280000e-02  6.42720000e+00 
 3.58280000e-02  6.41720000e+00 
 3.59280000e-02  6.40720000e+00 
 3.60280000e-02  6.39720000e+00 
 3.61280000e-02  6.38720000e+00 
 3.62280000e-02  6.37720000e+00 
 3.63280000e-02  6.36720000e+00 
 3.64280000e-02  6.35720000e+00 
 3.65280000e-02  6.34720000e+00 
 3.66280000e-02  6.33720000e+00 
 3.67280000e-02  6.32720000e+00 
 3.68280000e-02  6.31720000e+00 
 3.69280000e-02  6.30720000e+00 
 3.70280000e-02  6.29720000e+00 
 3.71280000e-02  6.28720000e+00 
 3.72280000e-02  6.27720000e+00 
 3.73280000e-02  6.26720000e+00 
 3.74280000e-02  6.25720000e+00 
 3.75280000e-02  6.24720000e+00 
 3.76280000e-02  6.23720000e+00 
 3.77280000e-02  6.22720000e+00 
 3.78280000e-02  6.21720000e+00 
 3.79280000e-02  6.20720000e+00 
 3.80280000e-02  6.19720000e+00 
 3.81280000e-02  6.18720000e+00 
 3.82280000e-02  6.17720000e+00 
 3.83280000e-02  6.16720000e+00 
 3.84280000e-02  6.15720000e+00 
 3.85280000e-02  6.14720000e+00 
 3.86280000e-02  6.13720000e+00 
 3.87280000e-02  6.12720000e+00 
 3.88280000e-02  6.11720000e+00 
 3.89280000e-02  6.10720000e+00 
 3.90280000e-02  6.09720000e+00 
 3.91280000e-02  6.08720000e+00 
 3.92280000e-02  6.07720000e+00 
 3.93280000e-02  6.06720000e+00 
 3.94280000e-02  6.05720000e+00 
 3.95280000e-02  6.04720000e+00 
 3.96280000e-02  6.03720000e+00 
 3.97280000e-02  6.02720000e+00 
 3.98280000e-02  6.01720000e+00 
 3.99280000e-02  6.00720000e+00 
 4.00280000e-02  5.99720000e+00 
 4.01280000e-02  5.98720000e+00 
 4.02280000e-02  5.97720000e+00 
 4.03280000e-02  5.96720000e+00 
 4.04280000e-02  5.95720000e+00 
 4.05280000e-02  5.94720000e+00 
 4.06280000e-02  5.93720000e+00 
 4.07280000e-02  5.92720000e+00 
 4.08280000e-02  5.91720000e+00 
 4.09280000e-02  5.90720000e+00 
 4.10280000e-02  5.89720000e+00 
 4.11280000e-02  5.88720000e+00 
 4.12280000e-02  5.87720000e+00 
 4.13280000e-02  5.86720000e+00 
 4.14280000e-02  5.85720000e+00 
 4.15280000e-02  5.84720000e+00 
 4.16280000e-02  5.83720000e+00 
 4.17280000e-02  5.82720000e+00 
 4.18280000e-02  5.81720000e+00 
 4.19280000e-02  5.80720000e+00 
 4.20280000e-02  5.79720000e+00 
 4.21280000e-02  5.78720000e+00 
 4.22280000e-02  5.77720000e+00 
 4.23280000e-02  5.76720000e+00 
 4.24280000e-02  5.75720000e+00 
 4.25280000e-02  5.74720000e+00 
 4.26280000e-02  5.73720000e+00 
 4.27280000e-02  5.72720000e+00 
 4.28280000e-02  5.71720000e+00 
 4.29280000e-02  5.70720000e+00 
 4.30280000e-02  5.69720000e+00 
 4.31280000e-02  5.68720000e+00 
 4.32280000e-02  5.67720000e+00 
 4.33280000e-02  5.66720000e+00 
 4.34280000e-02  5.65720000e+00 
 4.35280000e-02  5.64720000e+00 
 4.36280000e-02  5.63720000e+00 
 4.37280000e-02  5.62720000e+00 
 4.38280000e-02  5.61720000e+00 
 4.39280000e-02  5.60720000e+00 
 4.40280000e-02  5.59720000e+00 
 4.41280000e-02  5.58720000e+00 
 4.42280000e-02  5.57720000e+00 
 4.43280000e-02  5.56720000e+00 
 4.44280000e-02  5.55720000e+00 
 4.45280000e-02  5.54720000e+00 
 4.46280000e-02  5.53720000e+00 
 4.47280000e-02  5.52720000e+00 
 4.48280000e-02  5.51720000e+00 
 4.49280000e-02  5.50720000e+00 
 4.50280000e-02  5.49720000e+00 
 4.51280000e-02  5.48720000e+00 
 4.52280000e-02  5.47720000e+00 
 4.53280000e-02  5.46720000e+00 
 4.54280000e-02  5.45720000e+00 
 4.55280000e-02  5.44720000e+00 
 4.56280000e-02  5.43720000e+00 
 4.57280000e-02  5.42720000e+00 
 4.58280000e-02  5.41720000e+00 
 4.59280000e-02  5.40720000e+00 
 4.60280000e-02  5.39720000e+00 
 4.61280000e-02  5.38720000e+00 
 4.62280000e-02  5.37720000e+00 
 4.63280000e-02  5.36720000e+00 
 4.64280000e-02  5.35720000e+00 
 4.65280000e-02  5.34720000e+00 
 4.66280000e-02  5.33720000e+00 
 4.67280000e-02  5.32720000e+00 
 4.68280000e-02  5.31720000e+00 
 4.69280000e-02  5.30720000e+00 
 4.70280000e-02  5.29720000e+00 
 4.71280000e-02  5.28720000e+00 
 4.72280000e-02  5.27720000e+00 
 4.73280000e-02  5.26720000e+00 
 4.74280000e-02  5.25720000e+00 
 4.75280000e-02  5.24720000e+00 
 4.76280000e-02  5.23720000e+00 
 4.77280000e-02  5.22720000e+00 
 4.78280000e-02  5.21720000e+00 
 4.79280000e-02  5.20720000e+00 
 4.80280000e-02  5.19720000e+00 
 4.81280000e-02  5.18720000e+00 
 4.82280000e-02  5.17720000e+00 
 4.83280000e-02  5.16720000e+00 
 4.84280000e-02  5.15720000e+00 
 4.85280000e-02  5.14720000e+00 
 4.86280000e-02  5.13720000e+00 
 4.87280000e-02  5.12720000e+00 
 4.88280000e-02  5.11720000e+00 
 4.89280000e-02  5.10720000e+00 
 4.89405000e-02  5.10595000e+00 
 4.89655000e-02  5.10345000e+00 
 4.90155000e-02  5.09845000e+00 
 4.90275545e-02  5.09724455e+00 
 4.90516635e-02  5.09483365e+00 
 4.90998815e-02  5.09001185e+00 
 4.91963175e-02  5.08036825e+00 
 4.92963175e-02  5.07036825e+00 
 4.93574274e-02  5.06425726e+00 
 4.94079262e-02  5.05920738e+00 
 4.94617903e-02  5.05382097e+00 
 4.95122428e-02  5.04877572e+00 
 4.95975133e-02  5.04024867e+00 
 4.96975133e-02  5.03024867e+00 
 4.97975133e-02  5.02024867e+00 
 4.98975133e-02  5.01024867e+00 
 4.99975133e-02  5.00024867e+00 
 5.00975133e-02  4.99024867e+00 
 5.01975133e-02  4.98024867e+00 
 5.02975133e-02  4.97024867e+00 
 5.03975133e-02  4.96024867e+00 
 5.04975133e-02  4.95024867e+00 
 5.05975133e-02  4.94024867e+00 
 5.06975133e-02  4.93024867e+00 
 5.07975133e-02  4.92024867e+00 
 5.08975133e-02  4.91024867e+00 
 5.09975133e-02  4.90024867e+00 
 5.10975133e-02  4.89024867e+00 
 5.11975133e-02  4.88024867e+00 
 5.12975133e-02  4.87024867e+00 
 5.13975133e-02  4.86024867e+00 
 5.14975133e-02  4.85024867e+00 
 5.15975133e-02  4.84024867e+00 
 5.16975133e-02  4.83024867e+00 
 5.17975133e-02  4.82024867e+00 
 5.18975133e-02  4.81024867e+00 
 5.19975133e-02  4.80024867e+00 
 5.20975133e-02  4.79024867e+00 
 5.21975133e-02  4.78024867e+00 
 5.22975133e-02  4.77024867e+00 
 5.23975133e-02  4.76024867e+00 
 5.24975133e-02  4.75024867e+00 
 5.25975133e-02  4.74024867e+00 
 5.26975133e-02  4.73024867e+00 
 5.27975133e-02  4.72024867e+00 
 5.28975133e-02  4.71024867e+00 
 5.29975133e-02  4.70024867e+00 
 5.30975133e-02  4.69024867e+00 
 5.31975133e-02  4.68024867e+00 
 5.32975133e-02  4.67024867e+00 
 5.33975133e-02  4.66024867e+00 
 5.34975133e-02  4.65024867e+00 
 5.35975133e-02  4.64024867e+00 
 5.36975133e-02  4.63024867e+00 
 5.37975133e-02  4.62024867e+00 
 5.38975133e-02  4.61024867e+00 
 5.39975133e-02  4.60024867e+00 
 5.40975133e-02  4.59024867e+00 
 5.41975133e-02  4.58024867e+00 
 5.42975133e-02  4.57024867e+00 
 5.43975133e-02  4.56024867e+00 
 5.44975133e-02  4.55024867e+00 
 5.45975133e-02  4.54024867e+00 
 5.46975133e-02  4.53024867e+00 
 5.47975133e-02  4.52024867e+00 
 5.48975133e-02  4.51024867e+00 
 5.49975133e-02  4.50024867e+00 
 5.50975133e-02  4.49024867e+00 
 5.51975133e-02  4.48024867e+00 
 5.52975133e-02  4.47024867e+00 
 5.53975133e-02  4.46024867e+00 
 5.54975133e-02  4.45024867e+00 
 5.55975133e-02  4.44024867e+00 
 5.56975133e-02  4.43024867e+00 
 5.57975133e-02  4.42024867e+00 
 5.58975133e-02  4.41024867e+00 
 5.59975133e-02  4.40024867e+00 
 5.60975133e-02  4.39024867e+00 
 5.61975133e-02  4.38024867e+00 
 5.62975133e-02  4.37024867e+00 
 5.63975133e-02  4.36024867e+00 
 5.64975133e-02  4.35024867e+00 
 5.65975133e-02  4.34024867e+00 
 5.66975133e-02  4.33024867e+00 
 5.67100133e-02  4.32899867e+00 
 5.67350133e-02  4.32649867e+00 
 5.67357945e-02  4.32642055e+00 
 5.67373570e-02  4.32626430e+00 
 5.67404820e-02  4.32595180e+00 
 5.67409963e-02  4.32590037e+00 
 5.67420250e-02  4.32579750e+00 
 5.67426255e-02  4.32573745e+00 
 5.67427153e-02  4.32572847e+00 
 5.67428948e-02  4.32571052e+00 
 5.67432539e-02  4.32567461e+00 
 5.67436442e-02  4.32563558e+00 
 5.67438270e-02  4.32561730e+00 
 5.67440125e-02  4.32559875e+00 
 5.67441393e-02  4.32558607e+00 
 5.67443071e-02  4.32556929e+00 
 5.67446168e-02  4.32553832e+00 
 5.67452361e-02  4.32547639e+00 
 5.67464747e-02  4.32535253e+00 
 5.67489519e-02  4.32510481e+00 
 5.67539063e-02  4.32460937e+00 
 5.67638152e-02  4.32361848e+00 
 5.67836329e-02  4.32163671e+00 
 5.68232683e-02  4.31767317e+00 
 5.69025392e-02  4.30974608e+00 
 5.70025392e-02  4.29974608e+00 
 5.71025392e-02  4.28974608e+00 
 5.72025392e-02  4.27974608e+00 
 5.73025392e-02  4.26974608e+00 
 5.74025392e-02  4.25974608e+00 
 5.75025392e-02  4.24974608e+00 
 5.76025392e-02  4.23974608e+00 
 5.77025392e-02  4.22974608e+00 
 5.78025392e-02  4.21974608e+00 
 5.79025392e-02  4.20974608e+00 
 5.80025392e-02  4.19974608e+00 
 5.81025392e-02  4.18974608e+00 
 5.82025392e-02  4.17974608e+00 
 5.83025392e-02  4.16974608e+00 
 5.84025392e-02  4.15974608e+00 
 5.85025392e-02  4.14974608e+00 
 5.86025392e-02  4.13974608e+00 
 5.87025392e-02  4.12974608e+00 
 5.88025392e-02  4.11974608e+00 
 5.89025392e-02  4.10974608e+00 
 5.90025392e-02  4.09974608e+00 
 5.91025392e-02  4.08974608e+00 
 5.92025392e-02  4.07974608e+00 
 5.93025392e-02  4.06974608e+00 
 5.94025392e-02  4.05974608e+00 
 5.95025392e-02  4.04974608e+00 
 5.96025392e-02  4.03974608e+00 
 5.97025392e-02  4.02974608e+00 
 5.98025392e-02  4.01974608e+00 
 5.99025392e-02  4.00974608e+00 
 6.00000000e-02  4.00000000e+00 
