 0.00000000e+00  5.00000000e+00 
 1.00000000e-06  5.00010000e+00 
 2.00000000e-06  5.00020000e+00 
 4.00000000e-06  5.00040000e+00 
 8.00000000e-06  5.00080000e+00 
 1.60000000e-05  5.00160000e+00 
 3.20000000e-05  5.00320000e+00 
 6.40000000e-05  5.00640000e+00 
 1.28000000e-04  5.01280000e+00 
 2.28000000e-04  5.02280000e+00 
 3.28000000e-04  5.03280000e+00 
 4.28000000e-04  5.04280000e+00 
 5.28000000e-04  5.05280000e+00 
 6.28000000e-04  5.06280000e+00 
 7.28000000e-04  5.07280000e+00 
 8.28000000e-04  5.08280000e+00 
 9.28000000e-04  5.09280000e+00 
 1.02627833e-03  5.10262783e+00 
 1.12627833e-03  5.11262783e+00 
 1.13877833e-03  5.11387783e+00 
 1.16377833e-03  5.11637783e+00 
 1.16764743e-03  5.11676474e+00 
 1.17538564e-03  5.11753856e+00 
 1.18654995e-03  5.11865500e+00 
 1.20194690e-03  5.12019469e+00 
 1.22343034e-03  5.12234303e+00 
 1.26639721e-03  5.12663972e+00 
 1.32283273e-03  5.13228327e+00 
 1.42283273e-03  5.14228327e+00 
 1.52283273e-03  5.15228327e+00 
 1.62283273e-03  5.16228327e+00 
 1.72283273e-03  5.17228327e+00 
 1.82283273e-03  5.18228327e+00 
 1.92283273e-03  5.19228327e+00 
 2.02283273e-03  5.20228327e+00 
 2.12283273e-03  5.21228327e+00 
 2.22283273e-03  5.22228327e+00 
 2.32283273e-03  5.23228327e+00 
 2.42283273e-03  5.24228327e+00 
 2.52283273e-03  5.25228327e+00 
 2.62283273e-03  5.26228327e+00 
 2.72283273e-03  5.27228327e+00 
 2.82283273e-03  5.28228327e+00 
 2.92283273e-03  5.29228327e+00 
 3.02283273e-03  5.30228327e+00 
 3.12283273e-03  5.31228327e+00 
 3.22283273e-03  5.32228327e+00 
 3.32283273e-03  5.33228327e+00 
 3.42283273e-03  5.34228327e+00 
 3.52283273e-03  5.35228327e+00 
 3.62283273e-03  5.36228327e+00 
 3.72283273e-03  5.37228327e+00 
 3.82283273e-03  5.38228327e+00 
 3.92283273e-03  5.39228327e+00 
 4.02283273e-03  5.40228327e+00 
 4.12283273e-03  5.41228327e+00 
 4.22283273e-03  5.42228327e+00 
 4.32283273e-03  5.43228327e+00 
 4.42283273e-03  5.44228327e+00 
 4.52283273e-03  5.45228327e+00 
 4.62283273e-03  5.46228327e+00 
 4.72283273e-03  5.47228327e+00 
 4.82283273e-03  5.48228327e+00 
 4.92283273e-03  5.49228327e+00 
 5.02283273e-03  5.50228327e+00 
 5.12283273e-03  5.51228327e+00 
 5.22283273e-03  5.52228327e+00 
 5.32283273e-03  5.53228327e+00 
 5.42283273e-03  5.54228327e+00 
 5.52283273e-03  5.55228327e+00 
 5.62283273e-03  5.56228327e+00 
 5.72283273e-03  5.57228327e+00 
 5.82283273e-03  5.58228327e+00 
 5.92283273e-03  5.59228327e+00 
 6.02283273e-03  5.60228327e+00 
 6.12283273e-03  5.61228327e+00 
 6.22283273e-03  5.62228327e+00 
 6.32283273e-03  5.63228327e+00 
 6.42283273e-03  5.64228327e+00 
 6.52283273e-03  5.65228327e+00 
 6.62283273e-03  5.66228327e+00 
 6.72283273e-03  5.67228327e+00 
 6.82283273e-03  5.68228327e+00 
 6.92283273e-03  5.69228327e+00 
 7.02283273e-03  5.70228327e+00 
 7.12283273e-03  5.71228327e+00 
 7.22283273e-03  5.72228327e+00 
 7.32283273e-03  5.73228327e+00 
 7.42283273e-03  5.74228327e+00 
 7.52283273e-03  5.75228327e+00 
 7.62283273e-03  5.76228327e+00 
 7.72283273e-03  5.77228327e+00 
 7.82283273e-03  5.78228327e+00 
 7.92283273e-03  5.79228327e+00 
 8.02283273e-03  5.80228327e+00 
 8.12283273e-03  5.81228327e+00 
 8.22283273e-03  5.82228327e+00 
 8.32283273e-03  5.83228327e+00 
 8.42283273e-03  5.84228327e+00 
 8.52283273e-03  5.85228327e+00 
 8.62283273e-03  5.86228327e+00 
 8.72283273e-03  5.87228327e+00 
 8.82283273e-03  5.88228327e+00 
 8.92283273e-03  5.89228327e+00 
 9.02283273e-03  5.90228327e+00 
 9.12283273e-03  5.91228327e+00 
 9.22283273e-03  5.92228327e+00 
 9.32283273e-03  5.93228327e+00 
 9.42283273e-03  5.94228327e+00 
 9.52283273e-03  5.95228327e+00 
 9.62283273e-03  5.96228327e+00 
 9.72283273e-03  5.97228327e+00 
 9.82283273e-03  5.98228327e+00 
 9.92283273e-03  5.99228327e+00 
 1.00228327e-02  6.00228327e+00 
 1.01228327e-02  6.01228327e+00 
 1.02228327e-02  6.02228327e+00 
 1.03228327e-02  6.03228327e+00 
 1.04228327e-02  6.04228327e+00 
 1.05228327e-02  6.05228327e+00 
 1.06228327e-02  6.06228327e+00 
 1.07228327e-02  6.07228327e+00 
 1.08228327e-02  6.08228327e+00 
 1.09228327e-02  6.09228327e+00 
 1.10228327e-02  6.10228327e+00 
 1.11228327e-02  6.11228327e+00 
 1.12228327e-02  6.12228327e+00 
 1.13228327e-02  6.13228327e+00 
 1.14228327e-02  6.14228327e+00 
 1.15228327e-02  6.15228327e+00 
 1.16228327e-02  6.16228327e+00 
 1.17228327e-02  6.17228327e+00 
 1.18228327e-02  6.18228327e+00 
 1.19228327e-02  6.19228327e+00 
 1.20228327e-02  6.20228327e+00 
 1.21228327e-02  6.21228327e+00 
 1.22228327e-02  6.22228327e+00 
 1.23228327e-02  6.23228327e+00 
 1.24228327e-02  6.24228327e+00 
 1.25228327e-02  6.25228327e+00 
 1.26228327e-02  6.26228327e+00 
 1.27228327e-02  6.27228327e+00 
 1.28228327e-02  6.28228327e+00 
 1.29228327e-02  6.29228327e+00 
 1.30228327e-02  6.30228327e+00 
 1.31228327e-02  6.31228327e+00 
 1.32228327e-02  6.32228327e+00 
 1.33228327e-02  6.33228327e+00 
 1.34228327e-02  6.34228327e+00 
 1.35228327e-02  6.35228327e+00 
 1.36228327e-02  6.36228327e+00 
 1.37228327e-02  6.37228327e+00 
 1.38228327e-02  6.38228327e+00 
 1.39228327e-02  6.39228327e+00 
 1.40228327e-02  6.40228327e+00 
 1.41228327e-02  6.41228327e+00 
 1.42228327e-02  6.42228327e+00 
 1.43228327e-02  6.43228327e+00 
 1.44228327e-02  6.44228327e+00 
 1.45228327e-02  6.45228327e+00 
 1.46228327e-02  6.46228327e+00 
 1.47228327e-02  6.47228327e+00 
 1.48228327e-02  6.48228327e+00 
 1.49228327e-02  6.49228327e+00 
 1.50228327e-02  6.50228327e+00 
 1.51228327e-02  6.51228327e+00 
 1.52228327e-02  6.52228327e+00 
 1.53228327e-02  6.53228327e+00 
 1.54228327e-02  6.54228327e+00 
 1.55228327e-02  6.55228327e+00 
 1.56228327e-02  6.56228327e+00 
 1.57228327e-02  6.57228327e+00 
 1.58228327e-02  6.58228327e+00 
 1.59228327e-02  6.59228327e+00 
 1.60228327e-02  6.60228327e+00 
 1.61228327e-02  6.61228327e+00 
 1.62228327e-02  6.62228327e+00 
 1.63228327e-02  6.63228327e+00 
 1.64228327e-02  6.64228327e+00 
 1.65228327e-02  6.65228327e+00 
 1.66228327e-02  6.66228327e+00 
 1.67228327e-02  6.67228327e+00 
 1.68228327e-02  6.68228327e+00 
 1.69228327e-02  6.69228327e+00 
 1.70228327e-02  6.70228327e+00 
 1.71228327e-02  6.71228327e+00 
 1.72228327e-02  6.72228327e+00 
 1.73228327e-02  6.73228327e+00 
 1.74228327e-02  6.74228327e+00 
 1.75228327e-02  6.75228327e+00 
 1.76228327e-02  6.76228327e+00 
 1.77228327e-02  6.77228327e+00 
 1.78228327e-02  6.78228327e+00 
 1.79228327e-02  6.79228327e+00 
 1.80228327e-02  6.80228327e+00 
 1.81228327e-02  6.81228327e+00 
 1.82228327e-02  6.82228327e+00 
 1.83228327e-02  6.83228327e+00 
 1.84228327e-02  6.84228327e+00 
 1.85228327e-02  6.85228327e+00 
 1.86228327e-02  6.86228327e+00 
 1.87228327e-02  6.87228327e+00 
 1.88228327e-02  6.88228327e+00 
 1.89228327e-02  6.89228327e+00 
 1.90228327e-02  6.90228327e+00 
 1.91228327e-02  6.91228327e+00 
 1.92228327e-02  6.92228327e+00 
 1.93228327e-02  6.93228327e+00 
 1.94228327e-02  6.94228327e+00 
 1.95228327e-02  6.95228327e+00 
 1.96228327e-02  6.96228327e+00 
 1.97228327e-02  6.97228327e+00 
 1.98228327e-02  6.98228327e+00 
 1.99228327e-02  6.99228327e+00 
 2.00228327e-02  7.00228327e+00 
 2.01228327e-02  7.01228327e+00 
 2.02228327e-02  7.02228327e+00 
 2.03228327e-02  7.03228327e+00 
 2.04228327e-02  7.04228327e+00 
 2.05228327e-02  7.05228327e+00 
 2.06228327e-02  7.06228327e+00 
 2.07228327e-02  7.07228327e+00 
 2.08228327e-02  7.08228327e+00 
 2.09228327e-02  7.09228327e+00 
 2.10228327e-02  7.10228327e+00 
 2.11228327e-02  7.11228327e+00 
 2.12228327e-02  7.12228327e+00 
 2.13228327e-02  7.13228327e+00 
 2.14228327e-02  7.14228327e+00 
 2.15228327e-02  7.15228327e+00 
 2.16228327e-02  7.16228327e+00 
 2.17228327e-02  7.17228327e+00 
 2.18228327e-02  7.18228327e+00 
 2.19228327e-02  7.19228327e+00 
 2.20228327e-02  7.20228327e+00 
 2.21228327e-02  7.21228327e+00 
 2.22228327e-02  7.22228327e+00 
 2.23228327e-02  7.23228327e+00 
 2.24228327e-02  7.24228327e+00 
 2.25228327e-02  7.25228327e+00 
 2.26228327e-02  7.26228327e+00 
 2.27228327e-02  7.27228327e+00 
 2.28228327e-02  7.28228327e+00 
 2.29228327e-02  7.29228327e+00 
 2.30228327e-02  7.30228327e+00 
 2.31228327e-02  7.31228327e+00 
 2.32228327e-02  7.32228327e+00 
 2.33228327e-02  7.33228327e+00 
 2.34228327e-02  7.34228327e+00 
 2.35228327e-02  7.35228327e+00 
 2.36228327e-02  7.36228327e+00 
 2.37228327e-02  7.37228327e+00 
 2.38228327e-02  7.38228327e+00 
 2.39228327e-02  7.39228327e+00 
 2.40228327e-02  7.40228327e+00 
 2.41228327e-02  7.41228327e+00 
 2.42228327e-02  7.42228327e+00 
 2.43228327e-02  7.43228327e+00 
 2.44228327e-02  7.44228327e+00 
 2.45228327e-02  7.45228327e+00 
 2.46228327e-02  7.46228327e+00 
 2.47228327e-02  7.47228327e+00 
 2.48228327e-02  7.48228327e+00 
 2.49228327e-02  7.49228327e+00 
 2.50228327e-02  7.50228327e+00 
 2.51228327e-02  7.51228327e+00 
 2.52228327e-02  7.52228327e+00 
 2.53228327e-02  7.53228327e+00 
 2.54228327e-02  7.54228327e+00 
 2.55228327e-02  7.55228327e+00 
 2.56228327e-02  7.56228327e+00 
 2.57228327e-02  7.57228327e+00 
 2.58228327e-02  7.58228327e+00 
 2.59228327e-02  7.59228327e+00 
 2.60228327e-02  7.60228327e+00 
 2.61228327e-02  7.61228327e+00 
 2.62228327e-02  7.62228327e+00 
 2.63228327e-02  7.63228327e+00 
 2.64228327e-02  7.64228327e+00 
 2.65228327e-02  7.65228327e+00 
 2.66228327e-02  7.66228327e+00 
 2.67228327e-02  7.67228327e+00 
 2.68228327e-02  7.68228327e+00 
 2.69228327e-02  7.69228327e+00 
 2.70228327e-02  7.70228327e+00 
 2.71228327e-02  7.71228327e+00 
 2.72228327e-02  7.72228327e+00 
 2.73228327e-02  7.73228327e+00 
 2.74228327e-02  7.74228327e+00 
 2.75228327e-02  7.75228327e+00 
 2.76228327e-02  7.76228327e+00 
 2.77228327e-02  7.77228327e+00 
 2.78228327e-02  7.78228327e+00 
 2.79228327e-02  7.79228327e+00 
 2.80228327e-02  7.80228327e+00 
 2.81228327e-02  7.81228327e+00 
 2.82228327e-02  7.82228327e+00 
 2.83228327e-02  7.83228327e+00 
 2.84228327e-02  7.84228327e+00 
 2.85228327e-02  7.85228327e+00 
 2.86228327e-02  7.86228327e+00 
 2.87228327e-02  7.87228327e+00 
 2.88228327e-02  7.88228327e+00 
 2.89228327e-02  7.89228327e+00 
 2.90228327e-02  7.90228327e+00 
 2.91228327e-02  7.91228327e+00 
 2.92228327e-02  7.92228327e+00 
 2.93228327e-02  7.93228327e+00 
 2.94228327e-02  7.94228327e+00 
 2.95228327e-02  7.95228327e+00 
 2.96228327e-02  7.96228327e+00 
 2.97228327e-02  7.97228327e+00 
 2.98228327e-02  7.98228327e+00 
 2.99228327e-02  7.99228327e+00 
 3.00228327e-02  8.00228327e+00 
 3.01228327e-02  8.01228327e+00 
 3.02228327e-02  8.02228327e+00 
 3.03228327e-02  8.03228327e+00 
 3.04228327e-02  8.04228327e+00 
 3.05228327e-02  8.05228327e+00 
 3.06228327e-02  8.06228327e+00 
 3.07228327e-02  8.07228327e+00 
 3.08228327e-02  8.08228327e+00 
 3.09228327e-02  8.09228327e+00 
 3.10228327e-02  8.10228327e+00 
 3.11228327e-02  8.11228327e+00 
 3.12228327e-02  8.12228327e+00 
 3.13228327e-02  8.13228327e+00 
 3.14228327e-02  8.14228327e+00 
 3.15228327e-02  8.15228327e+00 
 3.16228327e-02  8.16228327e+00 
 3.17228327e-02  8.17228327e+00 
 3.18228327e-02  8.18228327e+00 
 3.19228327e-02  8.19228327e+00 
 3.20228327e-02  8.20228327e+00 
 3.21228327e-02  8.21228327e+00 
 3.22228327e-02  8.22228327e+00 
 3.23228327e-02  8.23228327e+00 
 3.24228327e-02  8.24228327e+00 
 3.25228327e-02  8.25228327e+00 
 3.26228327e-02  8.26228327e+00 
 3.27228327e-02  8.27228327e+00 
 3.28228327e-02  8.28228327e+00 
 3.29228327e-02  8.29228327e+00 
 3.30228327e-02  8.30228327e+00 
 3.31228327e-02  8.31228327e+00 
 3.32228327e-02  8.32228327e+00 
 3.33228327e-02  8.33228327e+00 
 3.34228327e-02  8.34228327e+00 
 3.35228327e-02  8.35228327e+00 
 3.36228327e-02  8.36228327e+00 
 3.37228327e-02  8.37228327e+00 
 3.38228327e-02  8.38228327e+00 
 3.39228327e-02  8.39228327e+00 
 3.40228327e-02  8.40228327e+00 
 3.41228327e-02  8.41228327e+00 
 3.42228327e-02  8.42228327e+00 
 3.43228327e-02  8.43228327e+00 
 3.44228327e-02  8.44228327e+00 
 3.45228327e-02  8.45228327e+00 
 3.46228327e-02  8.46228327e+00 
 3.47228327e-02  8.47228327e+00 
 3.48228327e-02  8.48228327e+00 
 3.49228327e-02  8.49228327e+00 
 3.50228327e-02  8.50228327e+00 
 3.51228327e-02  8.51228327e+00 
 3.52228327e-02  8.52228327e+00 
 3.53228327e-02  8.53228327e+00 
 3.54228327e-02  8.54228327e+00 
 3.55228327e-02  8.55228327e+00 
 3.56228327e-02  8.56228327e+00 
 3.57228327e-02  8.57228327e+00 
 3.58228327e-02  8.58228327e+00 
 3.59228327e-02  8.59228327e+00 
 3.60228327e-02  8.60228327e+00 
 3.61228327e-02  8.61228327e+00 
 3.62228327e-02  8.62228327e+00 
 3.63228327e-02  8.63228327e+00 
 3.64228327e-02  8.64228327e+00 
 3.65228327e-02  8.65228327e+00 
 3.66228327e-02  8.66228327e+00 
 3.67228327e-02  8.67228327e+00 
 3.68228327e-02  8.68228327e+00 
 3.69228327e-02  8.69228327e+00 
 3.70228327e-02  8.70228327e+00 
 3.71228327e-02  8.71228327e+00 
 3.72228327e-02  8.72228327e+00 
 3.73228327e-02  8.73228327e+00 
 3.74228327e-02  8.74228327e+00 
 3.75228327e-02  8.75228327e+00 
 3.76228327e-02  8.76228327e+00 
 3.77228327e-02  8.77228327e+00 
 3.78228327e-02  8.78228327e+00 
 3.79228327e-02  8.79228327e+00 
 3.80228327e-02  8.80228327e+00 
 3.81228327e-02  8.81228327e+00 
 3.82228327e-02  8.82228327e+00 
 3.83228327e-02  8.83228327e+00 
 3.84228327e-02  8.84228327e+00 
 3.85228327e-02  8.85228327e+00 
 3.86228327e-02  8.86228327e+00 
 3.87228327e-02  8.87228327e+00 
 3.88228327e-02  8.88228327e+00 
 3.89228327e-02  8.89228327e+00 
 3.90228327e-02  8.90228327e+00 
 3.91228327e-02  8.91228327e+00 
 3.92228327e-02  8.92228327e+00 
 3.93228327e-02  8.93228327e+00 
 3.94228327e-02  8.94228327e+00 
 3.95228327e-02  8.95228327e+00 
 3.96228327e-02  8.96228327e+00 
 3.97228327e-02  8.97228327e+00 
 3.98228327e-02  8.98228327e+00 
 3.99228327e-02  8.99228327e+00 
 4.00228327e-02  9.00228327e+00 
 4.01228327e-02  9.01228327e+00 
 4.02228327e-02  9.02228327e+00 
 4.03228327e-02  9.03228327e+00 
 4.04228327e-02  9.04228327e+00 
 4.05228327e-02  9.05228327e+00 
 4.06228327e-02  9.06228327e+00 
 4.07228327e-02  9.07228327e+00 
 4.08228327e-02  9.08228327e+00 
 4.09228327e-02  9.09228327e+00 
 4.10228327e-02  9.10228327e+00 
 4.11228327e-02  9.11228327e+00 
 4.12228327e-02  9.12228327e+00 
 4.13228327e-02  9.13228327e+00 
 4.14228327e-02  9.14228327e+00 
 4.15228327e-02  9.15228327e+00 
 4.16228327e-02  9.16228327e+00 
 4.17228327e-02  9.17228327e+00 
 4.18228327e-02  9.18228327e+00 
 4.19228327e-02  9.19228327e+00 
 4.20228327e-02  9.20228327e+00 
 4.21228327e-02  9.21228327e+00 
 4.22228327e-02  9.22228327e+00 
 4.23228327e-02  9.23228327e+00 
 4.24228327e-02  9.24228327e+00 
 4.25228327e-02  9.25228327e+00 
 4.26228327e-02  9.26228327e+00 
 4.27228327e-02  9.27228327e+00 
 4.28228327e-02  9.28228327e+00 
 4.29228327e-02  9.29228327e+00 
 4.30228327e-02  9.30228327e+00 
 4.31228327e-02  9.31228327e+00 
 4.32228327e-02  9.32228327e+00 
 4.33228327e-02  9.33228327e+00 
 4.34228327e-02  9.34228327e+00 
 4.35228327e-02  9.35228327e+00 
 4.36228327e-02  9.36228327e+00 
 4.37228327e-02  9.37228327e+00 
 4.38228327e-02  9.38228327e+00 
 4.39228327e-02  9.39228327e+00 
 4.40228327e-02  9.40228327e+00 
 4.41228327e-02  9.41228327e+00 
 4.42228327e-02  9.42228327e+00 
 4.43228327e-02  9.43228327e+00 
 4.44228327e-02  9.44228327e+00 
 4.45228327e-02  9.45228327e+00 
 4.46228327e-02  9.46228327e+00 
 4.47228327e-02  9.47228327e+00 
 4.48228327e-02  9.48228327e+00 
 4.49228327e-02  9.49228327e+00 
 4.50228327e-02  9.50228327e+00 
 4.51228327e-02  9.51228327e+00 
 4.52228327e-02  9.52228327e+00 
 4.53228327e-02  9.53228327e+00 
 4.54228327e-02  9.54228327e+00 
 4.55228327e-02  9.55228327e+00 
 4.56228327e-02  9.56228327e+00 
 4.57228327e-02  9.57228327e+00 
 4.58228327e-02  9.58228327e+00 
 4.59228327e-02  9.59228327e+00 
 4.60228327e-02  9.60228327e+00 
 4.61228327e-02  9.61228327e+00 
 4.62228327e-02  9.62228327e+00 
 4.63228327e-02  9.63228327e+00 
 4.64228327e-02  9.64228327e+00 
 4.65228327e-02  9.65228327e+00 
 4.66228327e-02  9.66228327e+00 
 4.67228327e-02  9.67228327e+00 
 4.68228327e-02  9.68228327e+00 
 4.69228327e-02  9.69228327e+00 
 4.70228327e-02  9.70228327e+00 
 4.71228327e-02  9.71228327e+00 
 4.72228327e-02  9.72228327e+00 
 4.73228327e-02  9.73228327e+00 
 4.74228327e-02  9.74228327e+00 
 4.75228327e-02  9.75228327e+00 
 4.76228327e-02  9.76228327e+00 
 4.77228327e-02  9.77228327e+00 
 4.78228327e-02  9.78228327e+00 
 4.79228327e-02  9.79228327e+00 
 4.80228327e-02  9.80228327e+00 
 4.81228327e-02  9.81228327e+00 
 4.82228327e-02  9.82228327e+00 
 4.83228327e-02  9.83228327e+00 
 4.84228327e-02  9.84228327e+00 
 4.85228327e-02  9.85228327e+00 
 4.86228327e-02  9.86228327e+00 
 4.87228327e-02  9.87228327e+00 
 4.88228327e-02  9.88228327e+00 
 4.89228327e-02  9.89228327e+00 
 4.90228327e-02  9.90228327e+00 
 4.91228327e-02  9.91228327e+00 
 4.92228327e-02  9.92228327e+00 
 4.93228327e-02  9.93228327e+00 
 4.94228327e-02  9.94228327e+00 
 4.95228327e-02  9.95228327e+00 
 4.96228327e-02  9.96228327e+00 
 4.97228327e-02  9.97228327e+00 
 4.98228327e-02  9.98228327e+00 
 4.99228327e-02  9.99228327e+00 
 5.00228327e-02  1.00022833e+01 
 5.01228327e-02  1.00122833e+01 
 5.02228327e-02  1.00222833e+01 
 5.03228327e-02  1.00322833e+01 
 5.04228327e-02  1.00422833e+01 
 5.05228327e-02  1.00522833e+01 
 5.06228327e-02  1.00622833e+01 
 5.07228327e-02  1.00722833e+01 
 5.08228327e-02  1.00822833e+01 
 5.09228327e-02  1.00922833e+01 
 5.10228327e-02  1.01022833e+01 
 5.11228327e-02  1.01122833e+01 
 5.12228327e-02  1.01222833e+01 
 5.13228327e-02  1.01322833e+01 
 5.14228327e-02  1.01422833e+01 
 5.15228327e-02  1.01522833e+01 
 5.16228327e-02  1.01622833e+01 
 5.17228327e-02  1.01722833e+01 
 5.18228327e-02  1.01822833e+01 
 5.19228327e-02  1.01922833e+01 
 5.20228327e-02  1.02022833e+01 
 5.21228327e-02  1.02122833e+01 
 5.22228327e-02  1.02222833e+01 
 5.23228327e-02  1.02322833e+01 
 5.24228327e-02  1.02422833e+01 
 5.25228327e-02  1.02522833e+01 
 5.26228327e-02  1.02622833e+01 
 5.27228327e-02  1.02722833e+01 
 5.28228327e-02  1.02822833e+01 
 5.29228327e-02  1.02922833e+01 
 5.30228327e-02  1.03022833e+01 
 5.31228327e-02  1.03122833e+01 
 5.32228327e-02  1.03222833e+01 
 5.33228327e-02  1.03322833e+01 
 5.34228327e-02  1.03422833e+01 
 5.35228327e-02  1.03522833e+01 
 5.36228327e-02  1.03622833e+01 
 5.37228327e-02  1.03722833e+01 
 5.38228327e-02  1.03822833e+01 
 5.39228327e-02  1.03922833e+01 
 5.40228327e-02  1.04022833e+01 
 5.41228327e-02  1.04122833e+01 
 5.42228327e-02  1.04222833e+01 
 5.43228327e-02  1.04322833e+01 
 5.44228327e-02  1.04422833e+01 
 5.45228327e-02  1.04522833e+01 
 5.46228327e-02  1.04622833e+01 
 5.47228327e-02  1.04722833e+01 
 5.48228327e-02  1.04822833e+01 
 5.49228327e-02  1.04922833e+01 
 5.50000000e-02  1.05000000e+01 
