 0.00000000e+00  4.90110771e+00 
 1.00000000e-06  4.90111642e+00 
 2.00000000e-06  4.90113307e+00 
 4.00000000e-06  4.90118342e+00 
 8.00000000e-06  4.90135055e+00 
 1.60000000e-05  4.90186504e+00 
 3.20000000e-05  4.90323205e+00 
 6.40000000e-05  4.90633174e+00 
 1.28000000e-04  4.91267432e+00 
 2.28000000e-04  4.92254560e+00 
 3.28000000e-04  4.93239760e+00 
 4.28000000e-04  4.94225002e+00 
 5.28000000e-04  4.95210510e+00 
 6.28000000e-04  4.96196232e+00 
 7.28000000e-04  4.97182148e+00 
 8.28000000e-04  4.98168267e+00 
 9.28000000e-04  4.99154529e+00 
 1.02627833e-03  5.00123399e+00 
 1.12627833e-03  5.01106784e+00 
 1.13877833e-03  5.01229116e+00 
 1.16377833e-03  5.01319924e+00 
 1.16764743e-03  5.01251118e+00 
 1.17538564e-03  5.01023881e+00 
 1.18654995e-03  5.00636059e+00 
 1.20194690e-03  5.00248112e+00 
 1.22343034e-03  5.00061514e+00 
 1.26639721e-03  5.00101429e+00 
 1.32283273e-03  5.00167923e+00 
 1.42283273e-03  5.00155538e+00 
 1.52283273e-03  5.00136044e+00 
 1.62283273e-03  5.00127522e+00 
 1.72283273e-03  5.00121431e+00 
 1.82283273e-03  5.00116126e+00 
 1.92283273e-03  5.00111722e+00 
 2.02283273e-03  5.00108076e+00 
 2.12283273e-03  5.00105014e+00 
 2.22283273e-03  5.00102419e+00 
 2.32283273e-03  5.00100204e+00 
 2.42283273e-03  5.00098302e+00 
 2.52283273e-03  5.00096658e+00 
 2.62283273e-03  5.00095231e+00 
 2.72283273e-03  5.00093989e+00 
 2.82283273e-03  5.00092903e+00 
 2.92283273e-03  5.00091953e+00 
 3.02283273e-03  5.00091122e+00 
 3.12283273e-03  5.00090395e+00 
 3.22283273e-03  5.00089762e+00 
 3.32283273e-03  5.00089212e+00 
 3.42283273e-03  5.00088737e+00 
 3.52283273e-03  5.00088331e+00 
 3.62283273e-03  5.00087984e+00 
 3.72283273e-03  5.00087689e+00 
 3.82283273e-03  5.00087432e+00 
 3.92283273e-03  5.00087195e+00 
 4.02283273e-03  5.00086962e+00 
 4.12283273e-03  5.00086728e+00 
 4.22283273e-03  5.00086505e+00 
 4.32283273e-03  5.00086306e+00 
 4.42283273e-03  5.00089618e+00 
 4.52283273e-03  5.00086531e+00 
 4.62283273e-03  5.00086750e+00 
 4.72283273e-03  5.00086883e+00 
 4.82283273e-03  5.00086866e+00 
 4.92283273e-03  5.00086862e+00 
 5.02283273e-03  5.00086871e+00 
 5.12283273e-03  5.00086888e+00 
 5.22283273e-03  5.00086913e+00 
 5.32283273e-03  5.00086942e+00 
 5.42283273e-03  5.00086977e+00 
 5.52283273e-03  5.00087016e+00 
 5.62283273e-03  5.00087059e+00 
 5.72283273e-03  5.00087105e+00 
 5.82283273e-03  5.00087155e+00 
 5.92283273e-03  5.00087207e+00 
 6.02283273e-03  5.00087262e+00 
 6.12283273e-03  5.00087319e+00 
 6.22283273e-03  5.00087379e+00 
 6.32283273e-03  5.00087441e+00 
 6.42283273e-03  5.00087505e+00 
 6.52283273e-03  5.00087571e+00 
 6.62283273e-03  5.00087640e+00 
 6.72283273e-03  5.00087710e+00 
 6.82283273e-03  5.00087782e+00 
 6.92283273e-03  5.00087856e+00 
 7.02283273e-03  5.00087931e+00 
 7.12283273e-03  5.00088009e+00 
 7.22283273e-03  5.00088088e+00 
 7.32283273e-03  5.00088168e+00 
 7.42283273e-03  5.00088250e+00 
 7.52283273e-03  5.00088334e+00 
 7.62283273e-03  5.00088419e+00 
 7.72283273e-03  5.00088506e+00 
 7.82283273e-03  5.00088595e+00 
 7.92283273e-03  5.00088684e+00 
 8.02283273e-03  5.00088776e+00 
 8.12283273e-03  5.00088868e+00 
 8.22283273e-03  5.00088962e+00 
 8.32283273e-03  5.00089058e+00 
 8.42283273e-03  5.00089155e+00 
 8.52283273e-03  5.00089253e+00 
 8.62283273e-03  5.00089353e+00 
 8.72283273e-03  5.00089454e+00 
 8.82283273e-03  5.00089557e+00 
 8.92283273e-03  5.00089661e+00 
 9.02283273e-03  5.00089766e+00 
 9.12283273e-03  5.00089873e+00 
 9.22283273e-03  5.00089981e+00 
 9.32283273e-03  5.00090090e+00 
 9.42283273e-03  5.00090201e+00 
 9.52283273e-03  5.00090313e+00 
 9.62283273e-03  5.00090427e+00 
 9.72283273e-03  5.00090542e+00 
 9.82283273e-03  5.00090658e+00 
 9.92283273e-03  5.00090776e+00 
 1.00228327e-02  5.00090895e+00 
 1.01228327e-02  5.00091015e+00 
 1.02228327e-02  5.00091137e+00 
 1.03228327e-02  5.00091260e+00 
 1.04228327e-02  5.00091385e+00 
 1.05228327e-02  5.00091511e+00 
 1.06228327e-02  5.00091638e+00 
 1.07228327e-02  5.00091767e+00 
 1.08228327e-02  5.00091897e+00 
 1.09228327e-02  5.00092029e+00 
 1.10228327e-02  5.00092161e+00 
 1.11228327e-02  5.00092296e+00 
 1.12228327e-02  5.00092432e+00 
 1.13228327e-02  5.00092569e+00 
 1.14228327e-02  5.00092707e+00 
 1.15228327e-02  5.00092847e+00 
 1.16228327e-02  5.00092989e+00 
 1.17228327e-02  5.00093132e+00 
 1.18228327e-02  5.00093276e+00 
 1.19228327e-02  5.00093422e+00 
 1.20228327e-02  5.00093569e+00 
 1.21228327e-02  5.00093718e+00 
 1.22228327e-02  5.00093868e+00 
 1.23228327e-02  5.00094019e+00 
 1.24228327e-02  5.00094172e+00 
 1.25228327e-02  5.00094327e+00 
 1.26228327e-02  5.00094483e+00 
 1.27228327e-02  5.00094640e+00 
 1.28228327e-02  5.00094799e+00 
 1.29228327e-02  5.00094960e+00 
 1.30228327e-02  5.00095122e+00 
 1.31228327e-02  5.00095286e+00 
 1.32228327e-02  5.00095451e+00 
 1.33228327e-02  5.00095617e+00 
 1.34228327e-02  5.00095785e+00 
 1.35228327e-02  5.00095955e+00 
 1.36228327e-02  5.00096126e+00 
 1.37228327e-02  5.00096299e+00 
 1.38228327e-02  5.00096473e+00 
 1.39228327e-02  5.00096649e+00 
 1.40228327e-02  5.00096826e+00 
 1.41228327e-02  5.00097005e+00 
 1.42228327e-02  5.00097185e+00 
 1.43228327e-02  5.00097367e+00 
 1.44228327e-02  5.00097551e+00 
 1.45228327e-02  5.00097736e+00 
 1.46228327e-02  5.00097923e+00 
 1.47228327e-02  5.00098111e+00 
 1.48228327e-02  5.00098301e+00 
 1.49228327e-02  5.00098493e+00 
 1.50228327e-02  5.00098686e+00 
 1.51228327e-02  5.00098881e+00 
 1.52228327e-02  5.00099078e+00 
 1.53228327e-02  5.00099276e+00 
 1.54228327e-02  5.00099475e+00 
 1.55228327e-02  5.00099677e+00 
 1.56228327e-02  5.00099880e+00 
 1.57228327e-02  5.00100084e+00 
 1.58228327e-02  5.00100291e+00 
 1.59228327e-02  5.00100499e+00 
 1.60228327e-02  5.00100708e+00 
 1.61228327e-02  5.00100920e+00 
 1.62228327e-02  5.00101133e+00 
 1.63228327e-02  5.00101347e+00 
 1.64228327e-02  5.00101564e+00 
 1.65228327e-02  5.00101782e+00 
 1.66228327e-02  5.00102001e+00 
 1.67228327e-02  5.00102223e+00 
 1.68228327e-02  5.00102446e+00 
 1.69228327e-02  5.00102671e+00 
 1.70228327e-02  5.00102897e+00 
 1.71228327e-02  5.00103126e+00 
 1.72228327e-02  5.00103356e+00 
 1.73228327e-02  5.00103587e+00 
 1.74228327e-02  5.00103821e+00 
 1.75228327e-02  5.00104056e+00 
 1.76228327e-02  5.00104293e+00 
 1.77228327e-02  5.00104532e+00 
 1.78228327e-02  5.00104772e+00 
 1.79228327e-02  5.00105014e+00 
 1.80228327e-02  5.00105258e+00 
 1.81228327e-02  5.00105504e+00 
 1.82228327e-02  5.00105751e+00 
 1.83228327e-02  5.00106000e+00 
 1.84228327e-02  5.00106251e+00 
 1.85228327e-02  5.00106504e+00 
 1.86228327e-02  5.00106759e+00 
 1.87228327e-02  5.00107015e+00 
 1.88228327e-02  5.00107273e+00 
 1.89228327e-02  5.00107533e+00 
 1.90228327e-02  5.00107795e+00 
 1.91228327e-02  5.00108058e+00 
 1.92228327e-02  5.00108324e+00 
 1.93228327e-02  5.00108591e+00 
 1.94228327e-02  5.00108860e+00 
 1.95228327e-02  5.00109131e+00 
 1.96228327e-02  5.00109403e+00 
 1.97228327e-02  5.00109677e+00 
 1.98228327e-02  5.00109954e+00 
 1.99228327e-02  5.00110232e+00 
 2.00228327e-02  5.00110512e+00 
 2.01228327e-02  5.00110793e+00 
 2.02228327e-02  5.00111077e+00 
 2.03228327e-02  5.00111362e+00 
 2.04228327e-02  5.00111649e+00 
 2.05228327e-02  5.00111938e+00 
 2.06228327e-02  5.00112229e+00 
 2.07228327e-02  5.00112522e+00 
 2.08228327e-02  5.00112817e+00 
 2.09228327e-02  5.00113113e+00 
 2.10228327e-02  5.00113412e+00 
 2.11228327e-02  5.00113712e+00 
 2.12228327e-02  5.00114014e+00 
 2.13228327e-02  5.00114318e+00 
 2.14228327e-02  5.00114624e+00 
 2.15228327e-02  5.00114931e+00 
 2.16228327e-02  5.00115241e+00 
 2.17228327e-02  5.00115552e+00 
 2.18228327e-02  5.00115866e+00 
 2.19228327e-02  5.00116181e+00 
 2.20228327e-02  5.00116498e+00 
 2.21228327e-02  5.00116817e+00 
 2.22228327e-02  5.00117138e+00 
 2.23228327e-02  5.00117461e+00 
 2.24228327e-02  5.00117785e+00 
 2.25228327e-02  5.00118112e+00 
 2.26228327e-02  5.00118441e+00 
 2.27228327e-02  5.00118771e+00 
 2.28228327e-02  5.00119103e+00 
 2.29228327e-02  5.00119437e+00 
 2.30228327e-02  5.00119774e+00 
 2.31228327e-02  5.00120112e+00 
 2.32228327e-02  5.00120452e+00 
 2.33228327e-02  5.00120793e+00 
 2.34228327e-02  5.00121137e+00 
 2.35228327e-02  5.00121483e+00 
 2.36228327e-02  5.00121830e+00 
 2.37228327e-02  5.00122180e+00 
 2.38228327e-02  5.00122532e+00 
 2.39228327e-02  5.00122885e+00 
 2.40228327e-02  5.00123240e+00 
 2.41228327e-02  5.00123598e+00 
 2.42228327e-02  5.00123957e+00 
 2.43228327e-02  5.00124318e+00 
 2.44228327e-02  5.00124681e+00 
 2.45228327e-02  5.00125046e+00 
 2.46228327e-02  5.00125413e+00 
 2.47228327e-02  5.00125782e+00 
 2.48228327e-02  5.00126153e+00 
 2.49228327e-02  5.00126526e+00 
 2.50228327e-02  5.00126900e+00 
 2.51228327e-02  5.00127277e+00 
 2.52228327e-02  5.00127656e+00 
 2.53228327e-02  5.00128036e+00 
 2.54228327e-02  5.00128419e+00 
 2.55228327e-02  5.00128803e+00 
 2.56228327e-02  5.00129190e+00 
 2.57228327e-02  5.00129578e+00 
 2.58228327e-02  5.00129969e+00 
 2.59228327e-02  5.00130361e+00 
 2.60228327e-02  5.00130755e+00 
 2.61228327e-02  5.00131152e+00 
 2.62228327e-02  5.00131550e+00 
 2.63228327e-02  5.00131950e+00 
 2.64228327e-02  5.00132352e+00 
 2.65228327e-02  5.00132757e+00 
 2.66228327e-02  5.00133163e+00 
 2.67228327e-02  5.00133571e+00 
 2.68228327e-02  5.00133981e+00 
 2.69228327e-02  5.00134393e+00 
 2.70228327e-02  5.00134807e+00 
 2.71228327e-02  5.00135223e+00 
 2.72228327e-02  5.00135641e+00 
 2.73228327e-02  5.00136062e+00 
 2.74228327e-02  5.00136484e+00 
 2.75228327e-02  5.00136908e+00 
 2.76228327e-02  5.00137334e+00 
 2.77228327e-02  5.00137762e+00 
 2.78228327e-02  5.00138192e+00 
 2.79228327e-02  5.00138624e+00 
 2.80228327e-02  5.00139058e+00 
 2.81228327e-02  5.00139494e+00 
 2.82228327e-02  5.00139932e+00 
 2.83228327e-02  5.00140372e+00 
 2.84228327e-02  5.00140814e+00 
 2.85228327e-02  5.00141258e+00 
 2.86228327e-02  5.00141704e+00 
 2.87228327e-02  5.00142152e+00 
 2.88228327e-02  5.00142603e+00 
 2.89228327e-02  5.00143055e+00 
 2.90228327e-02  5.00143509e+00 
 2.91228327e-02  5.00143965e+00 
 2.92228327e-02  5.00144423e+00 
 2.93228327e-02  5.00144884e+00 
 2.94228327e-02  5.00145346e+00 
 2.95228327e-02  5.00145810e+00 
 2.96228327e-02  5.00146276e+00 
 2.97228327e-02  5.00146745e+00 
 2.98228327e-02  5.00147215e+00 
 2.99228327e-02  5.00147688e+00 
 3.00228327e-02  5.00148162e+00 
 3.01228327e-02  5.00148639e+00 
 3.02228327e-02  5.00149117e+00 
 3.03228327e-02  5.00149598e+00 
 3.04228327e-02  5.00150081e+00 
 3.05228327e-02  5.00150566e+00 
 3.06228327e-02  5.00151052e+00 
 3.07228327e-02  5.00151541e+00 
 3.08228327e-02  5.00152032e+00 
 3.09228327e-02  5.00152525e+00 
 3.10228327e-02  5.00153020e+00 
 3.11228327e-02  5.00153518e+00 
 3.12228327e-02  5.00154017e+00 
 3.13228327e-02  5.00154518e+00 
 3.14228327e-02  5.00155022e+00 
 3.15228327e-02  5.00155527e+00 
 3.16228327e-02  5.00156035e+00 
 3.17228327e-02  5.00156545e+00 
 3.18228327e-02  5.00157056e+00 
 3.19228327e-02  5.00157570e+00 
 3.20228327e-02  5.00158086e+00 
 3.21228327e-02  5.00158604e+00 
 3.22228327e-02  5.00159125e+00 
 3.23228327e-02  5.00159647e+00 
 3.24228327e-02  5.00160171e+00 
 3.25228327e-02  5.00160698e+00 
 3.26228327e-02  5.00161227e+00 
 3.27228327e-02  5.00161757e+00 
 3.28228327e-02  5.00162290e+00 
 3.29228327e-02  5.00162825e+00 
 3.30228327e-02  5.00163363e+00 
 3.31228327e-02  5.00163902e+00 
 3.32228327e-02  5.00164444e+00 
 3.33228327e-02  5.00164987e+00 
 3.34228327e-02  5.00165533e+00 
 3.35228327e-02  5.00166081e+00 
 3.36228327e-02  5.00166631e+00 
 3.37228327e-02  5.00167184e+00 
 3.38228327e-02  5.00167738e+00 
 3.39228327e-02  5.00168295e+00 
 3.40228327e-02  5.00168854e+00 
 3.41228327e-02  5.00169415e+00 
 3.42228327e-02  5.00169978e+00 
 3.43228327e-02  5.00170543e+00 
 3.44228327e-02  5.00171111e+00 
 3.45228327e-02  5.00171681e+00 
 3.46228327e-02  5.00172253e+00 
 3.47228327e-02  5.00172827e+00 
 3.48228327e-02  5.00173404e+00 
 3.49228327e-02  5.00173983e+00 
 3.50228327e-02  5.00174564e+00 
 3.51228327e-02  5.00175147e+00 
 3.52228327e-02  5.00175732e+00 
 3.53228327e-02  5.00176320e+00 
 3.54228327e-02  5.00176910e+00 
 3.55228327e-02  5.00177502e+00 
 3.56228327e-02  5.00178097e+00 
 3.57228327e-02  5.00178694e+00 
 3.58228327e-02  5.00179293e+00 
 3.59228327e-02  5.00179894e+00 
 3.60228327e-02  5.00180498e+00 
 3.61228327e-02  5.00181104e+00 
 3.62228327e-02  5.00181712e+00 
 3.63228327e-02  5.00182322e+00 
 3.64228327e-02  5.00182935e+00 
 3.65228327e-02  5.00183550e+00 
 3.66228327e-02  5.00184168e+00 
 3.67228327e-02  5.00184788e+00 
 3.68228327e-02  5.00185410e+00 
 3.69228327e-02  5.00186035e+00 
 3.70228327e-02  5.00186662e+00 
 3.71228327e-02  5.00187291e+00 
 3.72228327e-02  5.00187923e+00 
 3.73228327e-02  5.00188557e+00 
 3.74228327e-02  5.00189193e+00 
 3.75228327e-02  5.00189832e+00 
 3.76228327e-02  5.00190473e+00 
 3.77228327e-02  5.00191117e+00 
 3.78228327e-02  5.00191763e+00 
 3.79228327e-02  5.00192411e+00 
 3.80228327e-02  5.00193062e+00 
 3.81228327e-02  5.00193716e+00 
 3.82228327e-02  5.00194371e+00 
 3.83228327e-02  5.00195030e+00 
 3.84228327e-02  5.00195690e+00 
 3.85228327e-02  5.00196354e+00 
 3.86228327e-02  5.00197019e+00 
 3.87228327e-02  5.00197687e+00 
 3.88228327e-02  5.00198358e+00 
 3.89228327e-02  5.00199031e+00 
 3.90228327e-02  5.00199707e+00 
 3.91228327e-02  5.00200385e+00 
 3.92228327e-02  5.00201066e+00 
 3.93228327e-02  5.00201749e+00 
 3.94228327e-02  5.00202435e+00 
 3.95228327e-02  5.00203124e+00 
 3.96228327e-02  5.00203815e+00 
 3.97228327e-02  5.00204508e+00 
 3.98228327e-02  5.00205205e+00 
 3.99228327e-02  5.00205904e+00 
 4.00228327e-02  5.00206605e+00 
 4.01228327e-02  5.00207309e+00 
 4.02228327e-02  5.00208016e+00 
 4.03228327e-02  5.00208725e+00 
 4.04228327e-02  5.00209437e+00 
 4.05228327e-02  5.00210152e+00 
 4.06228327e-02  5.00210869e+00 
 4.07228327e-02  5.00211589e+00 
 4.08228327e-02  5.00212312e+00 
 4.09228327e-02  5.00213037e+00 
 4.10228327e-02  5.00213765e+00 
 4.11228327e-02  5.00214496e+00 
 4.12228327e-02  5.00215230e+00 
 4.13228327e-02  5.00215966e+00 
 4.14228327e-02  5.00216705e+00 
 4.15228327e-02  5.00217447e+00 
 4.16228327e-02  5.00218192e+00 
 4.17228327e-02  5.00218940e+00 
 4.18228327e-02  5.00219690e+00 
 4.19228327e-02  5.00220443e+00 
 4.20228327e-02  5.00221199e+00 
 4.21228327e-02  5.00221958e+00 
 4.22228327e-02  5.00222720e+00 
 4.23228327e-02  5.00223484e+00 
 4.24228327e-02  5.00224252e+00 
 4.25228327e-02  5.00225022e+00 
 4.26228327e-02  5.00225795e+00 
 4.27228327e-02  5.00226572e+00 
 4.28228327e-02  5.00227351e+00 
 4.29228327e-02  5.00228133e+00 
 4.30228327e-02  5.00228918e+00 
 4.31228327e-02  5.00229706e+00 
 4.32228327e-02  5.00230497e+00 
 4.33228327e-02  5.00231291e+00 
 4.34228327e-02  5.00232088e+00 
 4.35228327e-02  5.00232888e+00 
 4.36228327e-02  5.00233691e+00 
 4.37228327e-02  5.00234497e+00 
 4.38228327e-02  5.00235307e+00 
 4.39228327e-02  5.00236119e+00 
 4.40228327e-02  5.00236934e+00 
 4.41228327e-02  5.00237753e+00 
 4.42228327e-02  5.00238575e+00 
 4.43228327e-02  5.00239400e+00 
 4.44228327e-02  5.00240228e+00 
 4.45228327e-02  5.00241059e+00 
 4.46228327e-02  5.00241893e+00 
 4.47228327e-02  5.00242731e+00 
 4.48228327e-02  5.00243572e+00 
 4.49228327e-02  5.00244416e+00 
 4.50228327e-02  5.00245263e+00 
 4.51228327e-02  5.00246114e+00 
 4.52228327e-02  5.00246968e+00 
 4.53228327e-02  5.00247825e+00 
 4.54228327e-02  5.00248685e+00 
 4.55228327e-02  5.00249549e+00 
 4.56228327e-02  5.00250416e+00 
 4.57228327e-02  5.00251287e+00 
 4.58228327e-02  5.00252161e+00 
 4.59228327e-02  5.00253038e+00 
 4.60228327e-02  5.00253919e+00 
 4.61228327e-02  5.00254803e+00 
 4.62228327e-02  5.00255691e+00 
 4.63228327e-02  5.00256582e+00 
 4.64228327e-02  5.00257477e+00 
 4.65228327e-02  5.00258375e+00 
 4.66228327e-02  5.00259277e+00 
 4.67228327e-02  5.00260182e+00 
 4.68228327e-02  5.00261091e+00 
 4.69228327e-02  5.00262003e+00 
 4.70228327e-02  5.00262919e+00 
 4.71228327e-02  5.00263839e+00 
 4.72228327e-02  5.00264762e+00 
 4.73228327e-02  5.00265689e+00 
 4.74228327e-02  5.00266620e+00 
 4.75228327e-02  5.00267554e+00 
 4.76228327e-02  5.00268492e+00 
 4.77228327e-02  5.00269434e+00 
 4.78228327e-02  5.00270379e+00 
 4.79228327e-02  5.00271328e+00 
 4.80228327e-02  5.00272281e+00 
 4.81228327e-02  5.00273238e+00 
 4.82228327e-02  5.00274199e+00 
 4.83228327e-02  5.00275163e+00 
 4.84228327e-02  5.00276132e+00 
 4.85228327e-02  5.00277104e+00 
 4.86228327e-02  5.00278080e+00 
 4.87228327e-02  5.00279061e+00 
 4.88228327e-02  5.00280045e+00 
 4.89228327e-02  5.00281033e+00 
 4.90228327e-02  5.00282025e+00 
 4.91228327e-02  5.00283021e+00 
 4.92228327e-02  5.00284021e+00 
 4.93228327e-02  5.00285025e+00 
 4.94228327e-02  5.00286034e+00 
 4.95228327e-02  5.00287046e+00 
 4.96228327e-02  5.00288063e+00 
 4.97228327e-02  5.00289083e+00 
 4.98228327e-02  5.00290108e+00 
 4.99228327e-02  5.00291137e+00 
 5.00228327e-02  5.00292170e+00 
 5.01228327e-02  5.00293208e+00 
 5.02228327e-02  5.00294250e+00 
 5.03228327e-02  5.00295296e+00 
 5.04228327e-02  5.00296346e+00 
 5.05228327e-02  5.00297401e+00 
 5.06228327e-02  5.00298460e+00 
 5.07228327e-02  5.00299523e+00 
 5.08228327e-02  5.00300591e+00 
 5.09228327e-02  5.00301663e+00 
 5.10228327e-02  5.00302740e+00 
 5.11228327e-02  5.00303821e+00 
 5.12228327e-02  5.00304907e+00 
 5.13228327e-02  5.00305997e+00 
 5.14228327e-02  5.00307092e+00 
 5.15228327e-02  5.00308191e+00 
 5.16228327e-02  5.00309295e+00 
 5.17228327e-02  5.00310404e+00 
 5.18228327e-02  5.00311517e+00 
 5.19228327e-02  5.00312635e+00 
 5.20228327e-02  5.00313758e+00 
 5.21228327e-02  5.00314885e+00 
 5.22228327e-02  5.00316017e+00 
 5.23228327e-02  5.00317154e+00 
 5.24228327e-02  5.00318296e+00 
 5.25228327e-02  5.00319442e+00 
 5.26228327e-02  5.00320593e+00 
 5.27228327e-02  5.00321750e+00 
 5.28228327e-02  5.00322911e+00 
 5.29228327e-02  5.00324077e+00 
 5.30228327e-02  5.00325248e+00 
 5.31228327e-02  5.00326424e+00 
 5.32228327e-02  5.00327605e+00 
 5.33228327e-02  5.00328792e+00 
 5.34228327e-02  5.00329983e+00 
 5.35228327e-02  5.00331179e+00 
 5.36228327e-02  5.00332381e+00 
 5.37228327e-02  5.00333587e+00 
 5.38228327e-02  5.00334799e+00 
 5.39228327e-02  5.00336016e+00 
 5.40228327e-02  5.00337238e+00 
 5.41228327e-02  5.00338466e+00 
 5.42228327e-02  5.00339699e+00 
 5.43228327e-02  5.00340937e+00 
 5.44228327e-02  5.00342181e+00 
 5.45228327e-02  5.00343430e+00 
 5.46228327e-02  5.00344684e+00 
 5.47228327e-02  5.00345944e+00 
 5.48228327e-02  5.00347210e+00 
 5.49228327e-02  5.00348480e+00 
 5.50000000e-02  5.00349465e+00 
