 1.00000000e+00 -1.40037887e+02 
 1.04712855e+00 -1.41367026e+02 
 1.09647820e+00 -1.42679444e+02 
 1.14815362e+00 -1.43972946e+02 
 1.20226443e+00 -1.45245492e+02 
 1.25892541e+00 -1.46495215e+02 
 1.31825674e+00 -1.47720431e+02 
 1.38038426e+00 -1.48919643e+02 
 1.44543977e+00 -1.50091549e+02 
 1.51356125e+00 -1.51235036e+02 
 1.58489319e+00 -1.52349184e+02 
 1.65958691e+00 -1.53433255e+02 
 1.73780083e+00 -1.54486690e+02 
 1.81970086e+00 -1.55509096e+02 
 1.90546072e+00 -1.56500238e+02 
 1.99526231e+00 -1.57460027e+02 
 2.08929613e+00 -1.58388507e+02 
 2.18776162e+00 -1.59285844e+02 
 2.29086765e+00 -1.60152312e+02 
 2.39883292e+00 -1.60988282e+02 
 2.51188643e+00 -1.61794210e+02 
 2.63026799e+00 -1.62570625e+02 
 2.75422870e+00 -1.63318117e+02 
 2.88403150e+00 -1.64037332e+02 
 3.01995172e+00 -1.64728955e+02 
 3.16227766e+00 -1.65393709e+02 
 3.31131121e+00 -1.66032343e+02 
 3.46736850e+00 -1.66645626e+02 
 3.63078055e+00 -1.67234340e+02 
 3.80189396e+00 -1.67799276e+02 
 3.98107171e+00 -1.68341228e+02 
 4.16869383e+00 -1.68860990e+02 
 4.36515832e+00 -1.69359350e+02 
 4.57088190e+00 -1.69837090e+02 
 4.78630092e+00 -1.70294980e+02 
 5.01187234e+00 -1.70733779e+02 
 5.24807460e+00 -1.71154229e+02 
 5.49540874e+00 -1.71557060e+02 
 5.75439937e+00 -1.71942981e+02 
 6.02559586e+00 -1.72312686e+02 
 6.30957344e+00 -1.72666847e+02 
 6.60693448e+00 -1.73006120e+02 
 6.91830971e+00 -1.73331140e+02 
 7.24435960e+00 -1.73642522e+02 
 7.58577575e+00 -1.73940863e+02 
 7.94328235e+00 -1.74226739e+02 
 8.31763771e+00 -1.74500706e+02 
 8.70963590e+00 -1.74763303e+02 
 9.12010839e+00 -1.75015049e+02 
 9.54992586e+00 -1.75256445e+02 
 1.00000000e+01 -1.75487975e+02 
 1.04712855e+01 -1.75710105e+02 
 1.09647820e+01 -1.75923284e+02 
 1.14815362e+01 -1.76127945e+02 
 1.20226443e+01 -1.76324506e+02 
 1.25892541e+01 -1.76513369e+02 
 1.31825674e+01 -1.76694923e+02 
 1.38038426e+01 -1.76869541e+02 
 1.44543977e+01 -1.77037584e+02 
 1.51356125e+01 -1.77199400e+02 
 1.58489319e+01 -1.77355325e+02 
 1.65958691e+01 -1.77505684e+02 
 1.73780083e+01 -1.77650789e+02 
 1.81970086e+01 -1.77790945e+02 
 1.90546072e+01 -1.77926443e+02 
 1.99526231e+01 -1.78057569e+02 
 2.08929613e+01 -1.78184596e+02 
 2.18776162e+01 -1.78307791e+02 
 2.29086765e+01 -1.78427414e+02 
 2.39883292e+01 -1.78543716e+02 
 2.51188643e+01 -1.78656941e+02 
 2.63026799e+01 -1.78767329e+02 
 2.75422870e+01 -1.78875113e+02 
 2.88403150e+01 -1.78980519e+02 
 3.01995172e+01 -1.79083770e+02 
 3.16227766e+01 -1.79185085e+02 
 3.31131121e+01 -1.79284678e+02 
 3.46736850e+01 -1.79382759e+02 
 3.63078055e+01 -1.79479535e+02 
 3.80189396e+01 -1.79575212e+02 
 3.98107171e+01 -1.79669992e+02 
 4.16869383e+01 -1.79764076e+02 
 4.36515832e+01 -1.79857662e+02 
 4.57088190e+01 -1.79950950e+02 
 4.78630092e+01  1.79955863e+02 
 5.01187234e+01  1.79862581e+02 
 5.24807460e+01  1.79769004e+02 
 5.49540874e+01  1.79674936e+02 
 5.75439937e+01  1.79580176e+02 
 6.02559586e+01  1.79484525e+02 
 6.30957344e+01  1.79387779e+02 
 6.60693448e+01  1.79289734e+02 
 6.91830971e+01  1.79190183e+02 
 7.24435960e+01  1.79088915e+02 
 7.58577575e+01  1.78985716e+02 
 7.94328235e+01  1.78880368e+02 
 8.31763771e+01  1.78772649e+02 
 8.70963590e+01  1.78662332e+02 
 9.12010839e+01  1.78549184e+02 
 9.54992586e+01  1.78432967e+02 
 1.00000000e+02  1.78313436e+02 
 1.04712855e+02  1.78190341e+02 
 1.09647820e+02  1.78063423e+02 
 1.14815362e+02  1.77932417e+02 
 1.20226443e+02  1.77797047e+02 
 1.25892541e+02  1.77657031e+02 
 1.31825674e+02  1.77512077e+02 
 1.38038426e+02  1.77361883e+02 
 1.44543977e+02  1.77206136e+02 
 1.51356125e+02  1.77044513e+02 
 1.58489319e+02  1.76876680e+02 
 1.65958691e+02  1.76702289e+02 
 1.73780083e+02  1.76520981e+02 
 1.81970086e+02  1.76332385e+02 
 1.90546072e+02  1.76136112e+02 
 1.99526231e+02  1.75931764e+02 
 2.08929613e+02  1.75718924e+02 
 2.18776162e+02  1.75497161e+02 
 2.29086765e+02  1.75266028e+02 
 2.39883292e+02  1.75025063e+02 
 2.51188643e+02  1.74773785e+02 
 2.63026799e+02  1.74511695e+02 
 2.75422870e+02  1.74238278e+02 
 2.88403150e+02  1.73953001e+02 
 3.01995172e+02  1.73655310e+02 
 3.16227766e+02  1.73344635e+02 
 3.31131121e+02  1.73020385e+02 
 3.46736850e+02  1.72681952e+02 
 3.63078055e+02  1.72328708e+02 
 3.80189396e+02  1.71960006e+02 
 3.98107171e+02  1.71575182e+02 
 4.16869383e+02  1.71173553e+02 
 4.36515832e+02  1.70754422e+02 
 4.57088190e+02  1.70317074e+02 
 4.78630092e+02  1.69860779e+02 
 5.01187234e+02  1.69384798e+02 
 5.24807460e+02  1.68888377e+02 
 5.49540874e+02  1.68370759e+02 
 5.75439937e+02  1.67831178e+02 
 6.02559586e+02  1.67268868e+02 
 6.30957344e+02  1.66683066e+02 
 6.60693448e+02  1.66073014e+02 
 6.91830971e+02  1.65437969e+02 
 7.24435960e+02  1.64777204e+02 
 7.58577575e+02  1.64090018e+02 
 7.94328235e+02  1.63375741e+02 
 8.31763771e+02  1.62633746e+02 
 8.70963590e+02  1.61863453e+02 
 9.12010839e+02  1.61064342e+02 
 9.54992586e+02  1.60235962e+02 
 1.00000000e+03  1.59377945e+02 
 1.04712855e+03  1.58490012e+02 
 1.09647820e+03  1.57571992e+02 
 1.14815362e+03  1.56623829e+02 
 1.20226443e+03  1.55645597e+02 
 1.25892541e+03  1.54637514e+02 
 1.31825674e+03  1.53599951e+02 
 1.38038426e+03  1.52533443e+02 
 1.44543977e+03  1.51438701e+02 
 1.51356125e+03  1.50316623e+02 
 1.58489319e+03  1.49168292e+02 
 1.65958691e+03  1.47994992e+02 
 1.73780083e+03  1.46798198e+02 
 1.81970086e+03  1.45579584e+02 
 1.90546072e+03  1.44341011e+02 
 1.99526231e+03  1.43084525e+02 
 2.08929613e+03  1.41812340e+02 
 2.18776162e+03  1.40526825e+02 
 2.29086765e+03  1.39230483e+02 
 2.39883292e+03  1.37925934e+02 
 2.51188643e+03  1.36615883e+02 
 2.63026799e+03  1.35303099e+02 
 2.75422870e+03  1.33990383e+02 
 2.88403150e+03  1.32680539e+02 
 3.01995172e+03  1.31376348e+02 
 3.16227766e+03  1.30080535e+02 
 3.31131121e+03  1.28795742e+02 
 3.46736850e+03  1.27524507e+02 
 3.63078055e+03  1.26269235e+02 
 3.80189396e+03  1.25032184e+02 
 3.98107171e+03  1.23815447e+02 
 4.16869383e+03  1.22620936e+02 
 4.36515832e+03  1.21450379e+02 
 4.57088190e+03  1.20305310e+02 
 4.78630092e+03  1.19187067e+02 
 5.01187234e+03  1.18096797e+02 
 5.24807460e+03  1.17035455e+02 
 5.49540874e+03  1.16003814e+02 
 5.75439937e+03  1.15002471e+02 
 6.02559586e+03  1.14031855e+02 
 6.30957344e+03  1.13092245e+02 
 6.60693448e+03  1.12183774e+02 
 6.91830971e+03  1.11306446e+02 
 7.24435960e+03  1.10460147e+02 
 7.58577575e+03  1.09644658e+02 
 7.94328235e+03  1.08859669e+02 
 8.31763771e+03  1.08104786e+02 
 8.70963590e+03  1.07379548e+02 
 9.12010839e+03  1.06683437e+02 
 9.54992586e+03  1.06015881e+02 
 1.00000000e+04  1.05376275e+02 
 1.04712855e+04  1.04763978e+02 
 1.09647820e+04  1.04178327e+02 
 1.14815362e+04  1.03618646e+02 
 1.20226443e+04  1.03084244e+02 
 1.25892541e+04  1.02574428e+02 
 1.31825674e+04  1.02088506e+02 
 1.38038426e+04  1.01625788e+02 
 1.44543977e+04  1.01185594e+02 
 1.51356125e+04  1.00767255e+02 
 1.58489319e+04  1.00370117e+02 
 1.65958691e+04  9.99935418e+01 
 1.73780083e+04  9.96369095e+01 
 1.81970086e+04  9.92996208e+01 
 1.90546072e+04  9.89810981e+01 
 1.99526231e+04  9.86807860e+01 
 2.08929613e+04  9.83981531e+01 
 2.18776162e+04  9.81326919e+01 
 2.29086765e+04  9.78839198e+01 
 2.39883292e+04  9.76513794e+01 
 2.51188643e+04  9.74346387e+01 
 2.63026799e+04  9.72332913e+01 
 2.75422870e+04  9.70469564e+01 
 2.88403150e+04  9.68752791e+01 
 3.01995172e+04  9.67179300e+01 
 3.16227766e+04  9.65746057e+01 
 3.31131121e+04  9.64450280e+01 
 3.46736850e+04  9.63289443e+01 
 3.63078055e+04  9.62261273e+01 
 3.80189396e+04  9.61363748e+01 
 3.98107171e+04  9.60595098e+01 
 4.16869383e+04  9.59953802e+01 
 4.36515832e+04  9.59438585e+01 
 4.57088190e+04  9.59048422e+01 
 4.78630092e+04  9.58782532e+01 
 5.01187234e+04  9.58640381e+01 
 5.24807460e+04  9.58621677e+01 
 5.49540874e+04  9.58726375e+01 
 5.75439937e+04  9.58954673e+01 
 6.02559586e+04  9.59307015e+01 
 6.30957344e+04  9.59784086e+01 
 6.60693448e+04  9.60386818e+01 
 6.91830971e+04  9.61116389e+01 
 7.24435960e+04  9.61974221e+01 
 7.58577575e+04  9.62961983e+01 
 7.94328235e+04  9.64081593e+01 
 8.31763771e+04  9.65335215e+01 
 8.70963590e+04  9.66725262e+01 
 9.12010839e+04  9.68254399e+01 
 9.54992586e+04  9.69925538e+01 
 1.00000000e+05  9.71741843e+01 
 1.04712855e+05  9.73706727e+01 
 1.09647820e+05  9.75823852e+01 
 1.14815362e+05  9.78097127e+01 
 1.20226443e+05  9.80530710e+01 
 1.25892541e+05  9.83128997e+01 
 1.31825674e+05  9.85896626e+01 
 1.38038426e+05  9.88838467e+01 
 1.44543977e+05  9.91959614e+01 
 1.51356125e+05  9.95265382e+01 
 1.58489319e+05  9.98761287e+01 
 1.65958691e+05  1.00245304e+02 
 1.73780083e+05  1.00634653e+02 
 1.81970086e+05  1.01044781e+02 
 1.90546072e+05  1.01476304e+02 
 1.99526231e+05  1.01929852e+02 
 2.08929613e+05  1.02406061e+02 
 2.18776162e+05  1.02905571e+02 
 2.29086765e+05  1.03429021e+02 
 2.39883292e+05  1.03977047e+02 
 2.51188643e+05  1.04550274e+02 
 2.63026799e+05  1.05149309e+02 
 2.75422870e+05  1.05774738e+02 
 2.88403150e+05  1.06427115e+02 
 3.01995172e+05  1.07106955e+02 
 3.16227766e+05  1.07814725e+02 
 3.31131121e+05  1.08550835e+02 
 3.46736850e+05  1.09315625e+02 
 3.63078055e+05  1.10109355e+02 
 3.80189396e+05  1.10932196e+02 
 3.98107171e+05  1.11784210e+02 
 4.16869383e+05  1.12665347e+02 
 4.36515832e+05  1.13575425e+02 
 4.57088190e+05  1.14514118e+02 
 4.78630092e+05  1.15480949e+02 
 5.01187234e+05  1.16475272e+02 
 5.24807460e+05  1.17496263e+02 
 5.49540874e+05  1.18542915e+02 
 5.75439937e+05  1.19614024e+02 
 6.02559586e+05  1.20708191e+02 
 6.30957344e+05  1.21823812e+02 
 6.60693448e+05  1.22959086e+02 
 6.91830971e+05  1.24112015e+02 
 7.24435960e+05  1.25280409e+02 
 7.58577575e+05  1.26461904e+02 
 7.94328235e+05  1.27653967e+02 
 8.31763771e+05  1.28853925e+02 
 8.70963590e+05  1.30058975e+02 
 9.12010839e+05  1.31266216e+02 
 9.54992586e+05  1.32472672e+02 
 1.00000000e+06  1.33675321e+02 
 1.04712855e+06  1.34871120e+02 
 1.09647820e+06  1.36057041e+02 
 1.14815362e+06  1.37230092e+02 
 1.20226443e+06  1.38387350e+02 
 1.25892541e+06  1.39525981e+02 
 1.31825674e+06  1.40643266e+02 
 1.38038426e+06  1.41736622e+02 
 1.44543977e+06  1.42803613e+02 
 1.51356125e+06  1.43841965e+02 
 1.58489319e+06  1.44849579e+02 
 1.65958691e+06  1.45824528e+02 
 1.73780083e+06  1.46765066e+02 
 1.81970086e+06  1.47669625e+02 
 1.90546072e+06  1.48536808e+02 
 1.99526231e+06  1.49365386e+02 
 2.08929613e+06  1.50154285e+02 
 2.18776162e+06  1.50902580e+02 
 2.29086765e+06  1.51609480e+02 
 2.39883292e+06  1.52274316e+02 
 2.51188643e+06  1.52896527e+02 
 2.63026799e+06  1.53475646e+02 
 2.75422870e+06  1.54011289e+02 
 2.88403150e+06  1.54503137e+02 
 3.01995172e+06  1.54950923e+02 
 3.16227766e+06  1.55354422e+02 
 3.31131121e+06  1.55713437e+02 
 3.46736850e+06  1.56027785e+02 
 3.63078055e+06  1.56297291e+02 
 3.80189396e+06  1.56521770e+02 
 3.98107171e+06  1.56701024e+02 
 4.16869383e+06  1.56834830e+02 
 4.36515832e+06  1.56922929e+02 
 4.57088190e+06  1.56965022e+02 
 4.78630092e+06  1.56960759e+02 
 5.01187234e+06  1.56909736e+02 
 5.24807460e+06  1.56811482e+02 
 5.49540874e+06  1.56665459e+02 
 5.75439937e+06  1.56471052e+02 
 6.02559586e+06  1.56227562e+02 
 6.30957344e+06  1.55934205e+02 
 6.60693448e+06  1.55590103e+02 
 6.91830971e+06  1.55194280e+02 
 7.24435960e+06  1.54745654e+02 
 7.58577575e+06  1.54243037e+02 
 7.94328235e+06  1.53685124e+02 
 8.31763771e+06  1.53070495e+02 
 8.70963590e+06  1.52397604e+02 
 9.12010839e+06  1.51664779e+02 
 9.54992586e+06  1.50870217e+02 
 1.00000000e+07  1.50011983e+02 
 1.04712855e+07  1.49088006e+02 
 1.09647820e+07  1.48096079e+02 
 1.14815362e+07  1.47033863e+02 
 1.20226443e+07  1.45898890e+02 
 1.25892541e+07  1.44688566e+02 
 1.31825674e+07  1.43400191e+02 
 1.38038426e+07  1.42030964e+02 
 1.44543977e+07  1.40578017e+02 
 1.51356125e+07  1.39038435e+02 
 1.58489319e+07  1.37409300e+02 
 1.65958691e+07  1.35687740e+02 
 1.73780083e+07  1.33870992e+02 
 1.81970086e+07  1.31956475e+02 
 1.90546072e+07  1.29941886e+02 
 1.99526231e+07  1.27825304e+02 
 2.08929613e+07  1.25605319e+02 
 2.18776162e+07  1.23281170e+02 
 2.29086765e+07  1.20852899e+02 
 2.39883292e+07  1.18321515e+02 
 2.51188643e+07  1.15689154e+02 
 2.63026799e+07  1.12959236e+02 
 2.75422870e+07  1.10136599e+02 
 2.88403150e+07  1.07227601e+02 
 3.01995172e+07  1.04240166e+02 
 3.16227766e+07  1.01183779e+02 
 3.31131121e+07  9.80693950e+01 
 3.46736850e+07  9.49092768e+01 
 3.63078055e+07  9.17167520e+01 
 3.80189396e+07  8.85059005e+01 
 3.98107171e+07  8.52911923e+01 
 4.16869383e+07  8.20870962e+01 
 4.36515832e+07  7.89076882e+01 
 4.57088190e+07  7.57662863e+01 
 4.78630092e+07  7.26751359e+01 
 5.01187234e+07  6.96451628e+01 
 5.24807460e+07  6.66858036e+01 
 5.49540874e+07  6.38049162e+01 
 5.75439937e+07  6.10087633e+01 
 6.02559586e+07  5.83020602e+01 
 6.30957344e+07  5.56880714e+01 
 6.60693448e+07  5.31687423e+01 
 6.91830971e+07  5.07448522e+01 
 7.24435960e+07  4.84161753e+01 
 7.58577575e+07  4.61816416e+01 
 7.94328235e+07  4.40394881e+01 
 8.31763771e+07  4.19873986e+01 
 8.70963590e+07  4.00226267e+01 
 9.12010839e+07  3.81421025e+01 
 9.54992586e+07  3.63425223e+01 
 1.00000000e+08  3.46204234e+01 
