 1.00000000e+00 -1.40035899e+02 
 1.04712855e+00 -1.41364945e+02 
 1.09647820e+00 -1.42677266e+02 
 1.14815362e+00 -1.43970666e+02 
 1.20226443e+00 -1.45243106e+02 
 1.25892541e+00 -1.46492718e+02 
 1.31825674e+00 -1.47717817e+02 
 1.38038426e+00 -1.48916907e+02 
 1.44543977e+00 -1.50088685e+02 
 1.51356125e+00 -1.51232038e+02 
 1.58489319e+00 -1.52346045e+02 
 1.65958691e+00 -1.53429970e+02 
 1.73780083e+00 -1.54483251e+02 
 1.81970086e+00 -1.55505496e+02 
 1.90546072e+00 -1.56496469e+02 
 1.99526231e+00 -1.57456081e+02 
 2.08929613e+00 -1.58384376e+02 
 2.18776162e+00 -1.59281519e+02 
 2.29086765e+00 -1.60147784e+02 
 2.39883292e+00 -1.60983542e+02 
 2.51188643e+00 -1.61789247e+02 
 2.63026799e+00 -1.62565428e+02 
 2.75422870e+00 -1.63312676e+02 
 2.88403150e+00 -1.64031635e+02 
 3.01995172e+00 -1.64722991e+02 
 3.16227766e+00 -1.65387464e+02 
 3.31131121e+00 -1.66025805e+02 
 3.46736850e+00 -1.66638780e+02 
 3.63078055e+00 -1.67227172e+02 
 3.80189396e+00 -1.67791770e+02 
 3.98107171e+00 -1.68333369e+02 
 4.16869383e+00 -1.68852761e+02 
 4.36515832e+00 -1.69350734e+02 
 4.57088190e+00 -1.69828068e+02 
 4.78630092e+00 -1.70285534e+02 
 5.01187234e+00 -1.70723887e+02 
 5.24807460e+00 -1.71143872e+02 
 5.49540874e+00 -1.71546215e+02 
 5.75439937e+00 -1.71931625e+02 
 6.02559586e+00 -1.72300795e+02 
 6.30957344e+00 -1.72654396e+02 
 6.60693448e+00 -1.72993083e+02 
 6.91830971e+00 -1.73317489e+02 
 7.24435960e+00 -1.73628228e+02 
 7.58577575e+00 -1.73925895e+02 
 7.94328235e+00 -1.74211066e+02 
 8.31763771e+00 -1.74484294e+02 
 8.70963590e+00 -1.74746118e+02 
 9.12010839e+00 -1.74997055e+02 
 9.54992586e+00 -1.75237603e+02 
 1.00000000e+01 -1.75468246e+02 
 1.04712855e+01 -1.75689446e+02 
 1.09647820e+01 -1.75901651e+02 
 1.14815362e+01 -1.76105293e+02 
 1.20226443e+01 -1.76300787e+02 
 1.25892541e+01 -1.76488533e+02 
 1.31825674e+01 -1.76668916e+02 
 1.38038426e+01 -1.76842308e+02 
 1.44543977e+01 -1.77009068e+02 
 1.51356125e+01 -1.77169540e+02 
 1.58489319e+01 -1.77324058e+02 
 1.65958691e+01 -1.77472944e+02 
 1.73780083e+01 -1.77616506e+02 
 1.81970086e+01 -1.77755047e+02 
 1.90546072e+01 -1.77888854e+02 
 1.99526231e+01 -1.78018208e+02 
 2.08929613e+01 -1.78143380e+02 
 2.18776162e+01 -1.78264633e+02 
 2.29086765e+01 -1.78382222e+02 
 2.39883292e+01 -1.78496395e+02 
 2.51188643e+01 -1.78607391e+02 
 2.63026799e+01 -1.78715444e+02 
 2.75422870e+01 -1.78820783e+02 
 2.88403150e+01 -1.78923629e+02 
 3.01995172e+01 -1.79024200e+02 
 3.16227766e+01 -1.79122708e+02 
 3.31131121e+01 -1.79219362e+02 
 3.46736850e+01 -1.79314365e+02 
 3.63078055e+01 -1.79407920e+02 
 3.80189396e+01 -1.79500223e+02 
 3.98107171e+01 -1.79591470e+02 
 4.16869383e+01 -1.79681855e+02 
 4.36515832e+01 -1.79771568e+02 
 4.57088190e+01 -1.79860801e+02 
 4.78630092e+01 -1.79949741e+02 
 5.01187234e+01  1.79961422e+02 
 5.24807460e+01  1.79872500e+02 
 5.49540874e+01  1.79783305e+02 
 5.75439937e+01  1.79693649e+02 
 6.02559586e+01  1.79603340e+02 
 6.30957344e+01  1.79512188e+02 
 6.60693448e+01  1.79420000e+02 
 6.91830971e+01  1.79326581e+02 
 7.24435960e+01  1.79231732e+02 
 7.58577575e+01  1.79135254e+02 
 7.94328235e+01  1.79036942e+02 
 8.31763771e+01  1.78936589e+02 
 8.70963590e+01  1.78833984e+02 
 9.12010839e+01  1.78728908e+02 
 9.54992586e+01  1.78621141e+02 
 1.00000000e+02  1.78510457e+02 
 1.04712855e+02  1.78396621e+02 
 1.09647820e+02  1.78279395e+02 
 1.14815362e+02  1.78158533e+02 
 1.20226443e+02  1.78033780e+02 
 1.25892541e+02  1.77904876e+02 
 1.31825674e+02  1.77771551e+02 
 1.38038426e+02  1.77633526e+02 
 1.44543977e+02  1.77490513e+02 
 1.51356125e+02  1.77342215e+02 
 1.58489319e+02  1.77188322e+02 
 1.65958691e+02  1.77028515e+02 
 1.73780083e+02  1.76862464e+02 
 1.81970086e+02  1.76689826e+02 
 1.90546072e+02  1.76510244e+02 
 1.99526231e+02  1.76323349e+02 
 2.08929613e+02  1.76128760e+02 
 2.18776162e+02  1.75926077e+02 
 2.29086765e+02  1.75714890e+02 
 2.39883292e+02  1.75494771e+02 
 2.51188643e+02  1.75265275e+02 
 2.63026799e+02  1.75025943e+02 
 2.75422870e+02  1.74776298e+02 
 2.88403150e+02  1.74515844e+02 
 3.01995172e+02  1.74244069e+02 
 3.16227766e+02  1.73960442e+02 
 3.31131121e+02  1.73664414e+02 
 3.46736850e+02  1.73355416e+02 
 3.63078055e+02  1.73032862e+02 
 3.80189396e+02  1.72696144e+02 
 3.98107171e+02  1.72344638e+02 
 4.16869383e+02  1.71977701e+02 
 4.36515832e+02  1.71594670e+02 
 4.57088190e+02  1.71194866e+02 
 4.78630092e+02  1.70777592e+02 
 5.01187234e+02  1.70342137e+02 
 5.24807460e+02  1.69887774e+02 
 5.49540874e+02  1.69413764e+02 
 5.75439937e+02  1.68919357e+02 
 6.02559586e+02  1.68403796e+02 
 6.30957344e+02  1.67866316e+02 
 6.60693448e+02  1.67306153e+02 
 6.91830971e+02  1.66722545e+02 
 7.24435960e+02  1.66114733e+02 
 7.58577575e+02  1.65481975e+02 
 7.94328235e+02  1.64823544e+02 
 8.31763771e+02  1.64138737e+02 
 8.70963590e+02  1.63426883e+02 
 9.12010839e+02  1.62687352e+02 
 9.54992586e+02  1.61919561e+02 
 1.00000000e+03  1.61122987e+02 
 1.04712855e+03  1.60297176e+02 
 1.09647820e+03  1.59441752e+02 
 1.14815362e+03  1.58556432e+02 
 1.20226443e+03  1.57641037e+02 
 1.25892541e+03  1.56695504e+02 
 1.31825674e+03  1.55719898e+02 
 1.38038426e+03  1.54714427e+02 
 1.44543977e+03  1.53679451e+02 
 1.51356125e+03  1.52615496e+02 
 1.58489319e+03  1.51523260e+02 
 1.65958691e+03  1.50403627e+02 
 1.73780083e+03  1.49257671e+02 
 1.81970086e+03  1.48086659e+02 
 1.90546072e+03  1.46892057e+02 
 1.99526231e+03  1.45675523e+02 
 2.08929613e+03  1.44438908e+02 
 2.18776162e+03  1.43184245e+02 
 2.29086765e+03  1.41913738e+02 
 2.39883292e+03  1.40629748e+02 
 2.51188643e+03  1.39334770e+02 
 2.63026799e+03  1.38031417e+02 
 2.75422870e+03  1.36722391e+02 
 2.88403150e+03  1.35410458e+02 
 3.01995172e+03  1.34098420e+02 
 3.16227766e+03  1.32789085e+02 
 3.31131121e+03  1.31485235e+02 
 3.46736850e+03  1.30189604e+02 
 3.63078055e+03  1.28904842e+02 
 3.80189396e+03  1.27633497e+02 
 3.98107171e+03  1.26377987e+02 
 4.16869383e+03  1.25140583e+02 
 4.36515832e+03  1.23923391e+02 
 4.57088190e+03  1.22728340e+02 
 4.78630092e+03  1.21557174e+02 
 5.01187234e+03  1.20411442e+02 
 5.24807460e+03  1.19292501e+02 
 5.49540874e+03  1.18201512e+02 
 5.75439937e+03  1.17139447e+02 
 6.02559586e+03  1.16107095e+02 
 6.30957344e+03  1.15105068e+02 
 6.60693448e+03  1.14133811e+02 
 6.91830971e+03  1.13193615e+02 
 7.24435960e+03  1.12284627e+02 
 7.58577575e+03  1.11406864e+02 
 7.94328235e+03  1.10560224e+02 
 8.31763771e+03  1.09744499e+02 
 8.70963590e+03  1.08959388e+02 
 9.12010839e+03  1.08204508e+02 
 9.54992586e+03  1.07479408e+02 
 1.00000000e+04  1.06783576e+02 
 1.04712855e+04  1.06116452e+02 
 1.09647820e+04  1.05477434e+02 
 1.14815362e+04  1.04865892e+02 
 1.20226443e+04  1.04281170e+02 
 1.25892541e+04  1.03722596e+02 
 1.31825674e+04  1.03189488e+02 
 1.38038426e+04  1.02681160e+02 
 1.44543977e+04  1.02196925e+02 
 1.51356125e+04  1.01736101e+02 
 1.58489319e+04  1.01298015e+02 
 1.65958691e+04  1.00882004e+02 
 1.73780083e+04  1.00487421e+02 
 1.81970086e+04  1.00113635e+02 
 1.90546072e+04  9.97600340e+01 
 1.99526231e+04  9.94260268e+01 
 2.08929613e+04  9.91110436e+01 
 2.18776162e+04  9.88145378e+01 
 2.29086765e+04  9.85359868e+01 
 2.39883292e+04  9.82748925e+01 
 2.51188643e+04  9.80307823e+01 
 2.63026799e+04  9.78032091e+01 
 2.75422870e+04  9.75917518e+01 
 2.88403150e+04  9.73960155e+01 
 3.01995172e+04  9.72156316e+01 
 3.16227766e+04  9.70502577e+01 
 3.31131121e+04  9.68995781e+01 
 3.46736850e+04  9.67633030e+01 
 3.63078055e+04  9.66411693e+01 
 3.80189396e+04  9.65329397e+01 
 3.98107171e+04  9.64384032e+01 
 4.16869383e+04  9.63573748e+01 
 4.36515832e+04  9.62896951e+01 
 4.57088190e+04  9.62352308e+01 
 4.78630092e+04  9.61938740e+01 
 5.01187234e+04  9.61655426e+01 
 5.24807460e+04  9.61501798e+01 
 5.49540874e+04  9.61477546e+01 
 5.75439937e+04  9.61582611e+01 
 6.02559586e+04  9.61817189e+01 
 6.30957344e+04  9.62181731e+01 
 6.60693448e+04  9.62676942e+01 
 6.91830971e+04  9.63303780e+01 
 7.24435960e+04  9.64063459e+01 
 7.58577575e+04  9.64957449e+01 
 7.94328235e+04  9.65987472e+01 
 8.31763771e+04  9.67155511e+01 
 8.70963590e+04  9.68463803e+01 
 9.12010839e+04  9.69914842e+01 
 9.54992586e+04  9.71511378e+01 
 1.00000000e+05  9.73256422e+01 
 1.04712855e+05  9.75153237e+01 
 1.09647820e+05  9.77205344e+01 
 1.14815362e+05  9.79416517e+01 
 1.20226443e+05  9.81790783e+01 
 1.25892541e+05  9.84332414e+01 
 1.31825674e+05  9.87045930e+01 
 1.38038426e+05  9.89936087e+01 
 1.44543977e+05  9.93007871e+01 
 1.51356125e+05  9.96266492e+01 
 1.58489319e+05  9.99717369e+01 
 1.65958691e+05  1.00336612e+02 
 1.73780083e+05  1.00721854e+02 
 1.81970086e+05  1.01128058e+02 
 1.90546072e+05  1.01555835e+02 
 1.99526231e+05  1.02005805e+02 
 2.08929613e+05  1.02478597e+02 
 2.18776162e+05  1.02974843e+02 
 2.29086765e+05  1.03495177e+02 
 2.39883292e+05  1.04040226e+02 
 2.51188643e+05  1.04610610e+02 
 2.63026799e+05  1.05206931e+02 
 2.75422870e+05  1.05829767e+02 
 2.88403150e+05  1.06479668e+02 
 3.01995172e+05  1.07157143e+02 
 3.16227766e+05  1.07862655e+02 
 3.31131121e+05  1.08596608e+02 
 3.46736850e+05  1.09359338e+02 
 3.63078055e+05  1.10151101e+02 
 3.80189396e+05  1.10972063e+02 
 3.98107171e+05  1.11822283e+02 
 4.16869383e+05  1.12701707e+02 
 4.36515832e+05  1.13610148e+02 
 4.57088190e+05  1.14547280e+02 
 4.78630092e+05  1.15512618e+02 
 5.01187234e+05  1.16505516e+02 
 5.24807460e+05  1.17525146e+02 
 5.49540874e+05  1.18570498e+02 
 5.75439937e+05  1.19640366e+02 
 6.02559586e+05  1.20733347e+02 
 6.30957344e+05  1.21847837e+02 
 6.60693448e+05  1.22982030e+02 
 6.91830971e+05  1.24133926e+02 
 7.24435960e+05  1.25301335e+02 
 7.58577575e+05  1.26481888e+02 
 7.94328235e+05  1.27673053e+02 
 8.31763771e+05  1.28872151e+02 
 8.70963590e+05  1.30076381e+02 
 9.12010839e+05  1.31282840e+02 
 9.54992586e+05  1.32488548e+02 
 1.00000000e+06  1.33690483e+02 
 1.04712855e+06  1.34885600e+02 
 1.09647820e+06  1.36070870e+02 
 1.14815362e+06  1.37243299e+02 
 1.20226443e+06  1.38399963e+02 
 1.25892541e+06  1.39538027e+02 
 1.31825674e+06  1.40654771e+02 
 1.38038426e+06  1.41747610e+02 
 1.44543977e+06  1.42814107e+02 
 1.51356125e+06  1.43851988e+02 
 1.58489319e+06  1.44859151e+02 
 1.65958691e+06  1.45833670e+02 
 1.73780083e+06  1.46773798e+02 
 1.81970086e+06  1.47677965e+02 
 1.90546072e+06  1.48544774e+02 
 1.99526231e+06  1.49372994e+02 
 2.08929613e+06  1.50161552e+02 
 2.18776162e+06  1.50909521e+02 
 2.29086765e+06  1.51616110e+02 
 2.39883292e+06  1.52280649e+02 
 2.51188643e+06  1.52902576e+02 
 2.63026799e+06  1.53481425e+02 
 2.75422870e+06  1.54016810e+02 
 2.88403150e+06  1.54508411e+02 
 3.01995172e+06  1.54955961e+02 
 3.16227766e+06  1.55359235e+02 
 3.31131121e+06  1.55718035e+02 
 3.46736850e+06  1.56032179e+02 
 3.63078055e+06  1.56301489e+02 
 3.80189396e+06  1.56525782e+02 
 3.98107171e+06  1.56704858e+02 
 4.16869383e+06  1.56838493e+02 
 4.36515832e+06  1.56926430e+02 
 4.57088190e+06  1.56968368e+02 
 4.78630092e+06  1.56963958e+02 
 5.01187234e+06  1.56912794e+02 
 5.24807460e+06  1.56814406e+02 
 5.49540874e+06  1.56668254e+02 
 5.75439937e+06  1.56473724e+02 
 6.02559586e+06  1.56230118e+02 
 6.30957344e+06  1.55936650e+02 
 6.60693448e+06  1.55592442e+02 
 6.91830971e+06  1.55196518e+02 
 7.24435960e+06  1.54747796e+02 
 7.58577575e+06  1.54245087e+02 
 7.94328235e+06  1.53687087e+02 
 8.31763771e+06  1.53072375e+02 
 8.70963590e+06  1.52399405e+02 
 9.12010839e+06  1.51666504e+02 
 9.54992586e+06  1.50871871e+02 
 1.00000000e+07  1.50013569e+02 
 1.04712855e+07  1.49089527e+02 
 1.09647820e+07  1.48097539e+02 
 1.14815362e+07  1.47035266e+02 
 1.20226443e+07  1.45900237e+02 
 1.25892541e+07  1.44689862e+02 
 1.31825674e+07  1.43401436e+02 
 1.38038426e+07  1.42032164e+02 
 1.44543977e+07  1.40579172e+02 
 1.51356125e+07  1.39039549e+02 
 1.58489319e+07  1.37410375e+02 
 1.65958691e+07  1.35688779e+02 
 1.73780083e+07  1.33871996e+02 
 1.81970086e+07  1.31957448e+02 
 1.90546072e+07  1.29942828e+02 
 1.99526231e+07  1.27826219e+02 
 2.08929613e+07  1.25606208e+02 
 2.18776162e+07  1.23282035e+02 
 2.29086765e+07  1.20853742e+02 
 2.39883292e+07  1.18322337e+02 
 2.51188643e+07  1.15689958e+02 
 2.63026799e+07  1.12960022e+02 
 2.75422870e+07  1.10137370e+02 
 2.88403150e+07  1.07228357e+02 
 3.01995172e+07  1.04240909e+02 
 3.16227766e+07  1.01184509e+02 
 3.31131121e+07  9.80701136e+01 
 3.46736850e+07  9.49099845e+01 
 3.63078055e+07  9.17174493e+01 
 3.80189396e+07  8.85065879e+01 
 3.98107171e+07  8.52918703e+01 
 4.16869383e+07  8.20877650e+01 
 4.36515832e+07  7.89083480e+01 
 4.57088190e+07  7.57669375e+01 
 4.78630092e+07  7.26757788e+01 
 5.01187234e+07  6.96457976e+01 
 5.24807460e+07  6.66864306e+01 
 5.49540874e+07  6.38055358e+01 
 5.75439937e+07  6.10093760e+01 
 6.02559586e+07  5.83026665e+01 
 6.30957344e+07  5.56886719e+01 
 6.60693448e+07  5.31693376e+01 
 6.91830971e+07  5.07454430e+01 
 7.24435960e+07  4.84167624e+01 
 7.58577575e+07  4.61822258e+01 
 7.94328235e+07  4.40400704e+01 
 8.31763771e+07  4.19879798e+01 
 8.70963590e+07  4.00232079e+01 
 9.12010839e+07  3.81426845e+01 
 9.54992586e+07  3.63431063e+01 
 1.00000000e+08  3.46210105e+01 
