 1.00000000e+00 -3.19200865e+01 
 1.04712855e+00 -3.17661556e+01 
 1.09647820e+00 -3.16208401e+01 
 1.14815362e+00 -3.14839269e+01 
 1.20226443e+00 -3.13551765e+01 
 1.25892541e+00 -3.12343265e+01 
 1.31825674e+00 -3.11210950e+01 
 1.38038426e+00 -3.10151844e+01 
 1.44543977e+00 -3.09162849e+01 
 1.51356125e+00 -3.08240784e+01 
 1.58489319e+00 -3.07382413e+01 
 1.65958691e+00 -3.06584479e+01 
 1.73780083e+00 -3.05843732e+01 
 1.81970086e+00 -3.05156955e+01 
 1.90546072e+00 -3.04520984e+01 
 1.99526231e+00 -3.03932729e+01 
 2.08929613e+00 -3.03389190e+01 
 2.18776162e+00 -3.02887468e+01 
 2.29086765e+00 -3.02424778e+01 
 2.39883292e+00 -3.01998454e+01 
 2.51188643e+00 -3.01605956e+01 
 2.63026799e+00 -3.01244871e+01 
 2.75422870e+00 -3.00912917e+01 
 2.88403150e+00 -3.00607941e+01 
 3.01995172e+00 -3.00327918e+01 
 3.16227766e+00 -3.00070949e+01 
 3.31131121e+00 -2.99835257e+01 
 3.46736850e+00 -2.99619181e+01 
 3.63078055e+00 -2.99421175e+01 
 3.80189396e+00 -2.99239801e+01 
 3.98107171e+00 -2.99073723e+01 
 4.16869383e+00 -2.98921702e+01 
 4.36515832e+00 -2.98782592e+01 
 4.57088190e+00 -2.98655333e+01 
 4.78630092e+00 -2.98538945e+01 
 5.01187234e+00 -2.98432527e+01 
 5.24807460e+00 -2.98335244e+01 
 5.49540874e+00 -2.98246332e+01 
 5.75439937e+00 -2.98165085e+01 
 6.02559586e+00 -2.98090855e+01 
 6.30957344e+00 -2.98023047e+01 
 6.60693448e+00 -2.97961114e+01 
 6.91830971e+00 -2.97904555e+01 
 7.24435960e+00 -2.97852910e+01 
 7.58577575e+00 -2.97805757e+01 
 7.94328235e+00 -2.97762711e+01 
 8.31763771e+00 -2.97723417e+01 
 8.70963590e+00 -2.97687551e+01 
 9.12010839e+00 -2.97654819e+01 
 9.54992586e+00 -2.97624948e+01 
 1.00000000e+01 -2.97597690e+01 
 1.04712855e+01 -2.97572819e+01 
 1.09647820e+01 -2.97550128e+01 
 1.14815362e+01 -2.97529428e+01 
 1.20226443e+01 -2.97510545e+01 
 1.25892541e+01 -2.97493321e+01 
 1.31825674e+01 -2.97477612e+01 
 1.38038426e+01 -2.97463287e+01 
 1.44543977e+01 -2.97450225e+01 
 1.51356125e+01 -2.97438316e+01 
 1.58489319e+01 -2.97427461e+01 
 1.65958691e+01 -2.97417567e+01 
 1.73780083e+01 -2.97408551e+01 
 1.81970086e+01 -2.97400338e+01 
 1.90546072e+01 -2.97392858e+01 
 1.99526231e+01 -2.97386048e+01 
 2.08929613e+01 -2.97379850e+01 
 2.18776162e+01 -2.97374213e+01 
 2.29086765e+01 -2.97369089e+01 
 2.39883292e+01 -2.97364433e+01 
 2.51188643e+01 -2.97360208e+01 
 2.63026799e+01 -2.97356378e+01 
 2.75422870e+01 -2.97352909e+01 
 2.88403150e+01 -2.97349773e+01 
 3.01995172e+01 -2.97346943e+01 
 3.16227766e+01 -2.97344396e+01 
 3.31131121e+01 -2.97342110e+01 
 3.46736850e+01 -2.97340066e+01 
 3.63078055e+01 -2.97338247e+01 
 3.80189396e+01 -2.97336638e+01 
 3.98107171e+01 -2.97335224e+01 
 4.16869383e+01 -2.97333996e+01 
 4.36515832e+01 -2.97332941e+01 
 4.57088190e+01 -2.97332053e+01 
 4.78630092e+01 -2.97331324e+01 
 5.01187234e+01 -2.97330748e+01 
 5.24807460e+01 -2.97330320e+01 
 5.49540874e+01 -2.97330039e+01 
 5.75439937e+01 -2.97329901e+01 
 6.02559586e+01 -2.97329908e+01 
 6.30957344e+01 -2.97330058e+01 
 6.60693448e+01 -2.97330356e+01 
 6.91830971e+01 -2.97330803e+01 
 7.24435960e+01 -2.97331404e+01 
 7.58577575e+01 -2.97332167e+01 
 7.94328235e+01 -2.97333097e+01 
 8.31763771e+01 -2.97334205e+01 
 8.70963590e+01 -2.97335500e+01 
 9.12010839e+01 -2.97336994e+01 
 9.54992586e+01 -2.97338702e+01 
 1.00000000e+02 -2.97340638e+01 
 1.04712855e+02 -2.97342820e+01 
 1.09647820e+02 -2.97345267e+01 
 1.14815362e+02 -2.97348002e+01 
 1.20226443e+02 -2.97351047e+01 
 1.25892541e+02 -2.97354430e+01 
 1.31825674e+02 -2.97358180e+01 
 1.38038426e+02 -2.97362329e+01 
 1.44543977e+02 -2.97366914e+01 
 1.51356125e+02 -2.97371972e+01 
 1.58489319e+02 -2.97377548e+01 
 1.65958691e+02 -2.97383689e+01 
 1.73780083e+02 -2.97390447e+01 
 1.81970086e+02 -2.97397879e+01 
 1.90546072e+02 -2.97406048e+01 
 1.99526231e+02 -2.97415024e+01 
 2.08929613e+02 -2.97424881e+01 
 2.18776162e+02 -2.97435703e+01 
 2.29086765e+02 -2.97447582e+01 
 2.39883292e+02 -2.97460616e+01 
 2.51188643e+02 -2.97474915e+01 
 2.63026799e+02 -2.97490600e+01 
 2.75422870e+02 -2.97507802e+01 
 2.88403150e+02 -2.97526664e+01 
 3.01995172e+02 -2.97547344e+01 
 3.16227766e+02 -2.97570016e+01 
 3.31131121e+02 -2.97594868e+01 
 3.46736850e+02 -2.97622107e+01 
 3.63078055e+02 -2.97651960e+01 
 3.80189396e+02 -2.97684673e+01 
 3.98107171e+02 -2.97720519e+01 
 4.16869383e+02 -2.97759792e+01 
 4.36515832e+02 -2.97802817e+01 
 4.57088190e+02 -2.97849947e+01 
 4.78630092e+02 -2.97901567e+01 
 5.01187234e+02 -2.97958099e+01 
 5.24807460e+02 -2.98020004e+01 
 5.49540874e+02 -2.98087780e+01 
 5.75439937e+02 -2.98161976e+01 
 6.02559586e+02 -2.98243187e+01 
 6.30957344e+02 -2.98332059e+01 
 6.60693448e+02 -2.98429298e+01 
 6.91830971e+02 -2.98535670e+01 
 7.24435960e+02 -2.98652006e+01 
 7.58577575e+02 -2.98779210e+01 
 7.94328235e+02 -2.98918260e+01 
 8.31763771e+02 -2.99070216e+01 
 8.70963590e+02 -2.99236224e+01 
 9.12010839e+02 -2.99417523e+01 
 9.54992586e+02 -2.99615446e+01 
 1.00000000e+03 -2.99831434e+01 
 1.04712855e+03 -3.00067033e+01 
 1.09647820e+03 -3.00323900e+01 
 1.14815362e+03 -3.00603815e+01 
 1.20226443e+03 -3.00908677e+01 
 1.25892541e+03 -3.01240509e+01 
 1.31825674e+03 -3.01601466e+01 
 1.38038426e+03 -3.01993829e+01 
 1.44543977e+03 -3.02420010e+01 
 1.51356125e+03 -3.02882552e+01 
 1.58489319e+03 -3.03384120e+01 
 1.65958691e+03 -3.03927502e+01 
 1.73780083e+03 -3.04515596e+01 
 1.81970086e+03 -3.05151404e+01 
 1.90546072e+03 -3.05838020e+01 
 1.99526231e+03 -3.06578607e+01 
 2.08929613e+03 -3.07376387e+01 
 2.18776162e+03 -3.08234614e+01 
 2.29086765e+03 -3.09156548e+01 
 2.39883292e+03 -3.10145429e+01 
 2.51188643e+03 -3.11204445e+01 
 2.63026799e+03 -3.12336701e+01 
 2.75422870e+03 -3.13545177e+01 
 2.88403150e+03 -3.14832703e+01 
 3.01995172e+03 -3.16201910e+01 
 3.16227766e+03 -3.17655205e+01 
 3.31131121e+03 -3.19194728e+01 
 3.46736850e+03 -3.20822326e+01 
 3.63078055e+03 -3.22539520e+01 
 3.80189396e+03 -3.24347482e+01 
 3.98107171e+03 -3.26247016e+01 
 4.16869383e+03 -3.28238548e+01 
 4.36515832e+03 -3.30322111e+01 
 4.57088190e+03 -3.32497351e+01 
 4.78630092e+03 -3.34763531e+01 
 5.01187234e+03 -3.37119543e+01 
 5.24807460e+03 -3.39563926e+01 
 5.49540874e+03 -3.42094891e+01 
 5.75439937e+03 -3.44710345e+01 
 6.02559586e+03 -3.47407929e+01 
 6.30957344e+03 -3.50185046e+01 
 6.60693448e+03 -3.53038900e+01 
 6.91830971e+03 -3.55966532e+01 
 7.24435960e+03 -3.58964856e+01 
 7.58577575e+03 -3.62030695e+01 
 7.94328235e+03 -3.65160813e+01 
 8.31763771e+03 -3.68351950e+01 
 8.70963590e+03 -3.71600845e+01 
 9.12010839e+03 -3.74904268e+01 
 9.54992586e+03 -3.78259038e+01 
 1.00000000e+04 -3.81662045e+01 
 1.04712855e+04 -3.85110267e+01 
 1.09647820e+04 -3.88600780e+01 
 1.14815362e+04 -3.92130773e+01 
 1.20226443e+04 -3.95697551e+01 
 1.25892541e+04 -3.99298545e+01 
 1.31825674e+04 -4.02931314e+01 
 1.38038426e+04 -4.06593546e+01 
 1.44543977e+04 -4.10283057e+01 
 1.51356125e+04 -4.13997791e+01 
 1.58489319e+04 -4.17735820e+01 
 1.65958691e+04 -4.21495335e+01 
 1.73780083e+04 -4.25274646e+01 
 1.81970086e+04 -4.29072175e+01 
 1.90546072e+04 -4.32886454e+01 
 1.99526231e+04 -4.36716116e+01 
 2.08929613e+04 -4.40559891e+01 
 2.18776162e+04 -4.44416603e+01 
 2.29086765e+04 -4.48285158e+01 
 2.39883292e+04 -4.52164547e+01 
 2.51188643e+04 -4.56053832e+01 
 2.63026799e+04 -4.59952147e+01 
 2.75422870e+04 -4.63858691e+01 
 2.88403150e+04 -4.67772721e+01 
 3.01995172e+04 -4.71693551e+01 
 3.16227766e+04 -4.75620544e+01 
 3.31131121e+04 -4.79553112e+01 
 3.46736850e+04 -4.83490707e+01 
 3.63078055e+04 -4.87432821e+01 
 3.80189396e+04 -4.91378979e+01 
 3.98107171e+04 -4.95328740e+01 
 4.16869383e+04 -4.99281690e+01 
 4.36515832e+04 -5.03237440e+01 
 4.57088190e+04 -5.07195623e+01 
 4.78630092e+04 -5.11155892e+01 
 5.01187234e+04 -5.15117916e+01 
 5.24807460e+04 -5.19081379e+01 
 5.49540874e+04 -5.23045976e+01 
 5.75439937e+04 -5.27011411e+01 
 6.02559586e+04 -5.30977395e+01 
 6.30957344e+04 -5.34943643e+01 
 6.60693448e+04 -5.38909872e+01 
 6.91830971e+04 -5.42875800e+01 
 7.24435960e+04 -5.46841142e+01 
 7.58577575e+04 -5.50805608e+01 
 7.94328235e+04 -5.54768901e+01 
 8.31763771e+04 -5.58730715e+01 
 8.70963590e+04 -5.62690732e+01 
 9.12010839e+04 -5.66648618e+01 
 9.54992586e+04 -5.70604026e+01 
 1.00000000e+05 -5.74556585e+01 
 1.04712855e+05 -5.78505904e+01 
 1.09647820e+05 -5.82451566e+01 
 1.14815362e+05 -5.86393124e+01 
 1.20226443e+05 -5.90330102e+01 
 1.25892541e+05 -5.94261986e+01 
 1.31825674e+05 -5.98188224e+01 
 1.38038426e+05 -6.02108221e+01 
 1.44543977e+05 -6.06021334e+01 
 1.51356125e+05 -6.09926870e+01 
 1.58489319e+05 -6.13824081e+01 
 1.65958691e+05 -6.17712156e+01 
 1.73780083e+05 -6.21590221e+01 
 1.81970086e+05 -6.25457331e+01 
 1.90546072e+05 -6.29312464e+01 
 1.99526231e+05 -6.33154518e+01 
 2.08929613e+05 -6.36982305e+01 
 2.18776162e+05 -6.40794543e+01 
 2.29086765e+05 -6.44589853e+01 
 2.39883292e+05 -6.48366753e+01 
 2.51188643e+05 -6.52123653e+01 
 2.63026799e+05 -6.55858847e+01 
 2.75422870e+05 -6.59570513e+01 
 2.88403150e+05 -6.63256706e+01 
 3.01995172e+05 -6.66915354e+01 
 3.16227766e+05 -6.70544260e+01 
 3.31131121e+05 -6.74141094e+01 
 3.46736850e+05 -6.77703401e+01 
 3.63078055e+05 -6.81228596e+01 
 3.80189396e+05 -6.84713971e+01 
 3.98107171e+05 -6.88156702e+01 
 4.16869383e+05 -6.91553853e+01 
 4.36515832e+05 -6.94902391e+01 
 4.57088190e+05 -6.98199200e+01 
 4.78630092e+05 -7.01441093e+01 
 5.01187234e+05 -7.04624837e+01 
 5.24807460e+05 -7.07747176e+01 
 5.49540874e+05 -7.10804852e+01 
 5.75439937e+05 -7.13794640e+01 
 6.02559586e+05 -7.16713377e+01 
 6.30957344e+05 -7.19557997e+01 
 6.60693448e+05 -7.22325564e+01 
 6.91830971e+05 -7.25013314e+01 
 7.24435960e+05 -7.27618685e+01 
 7.58577575e+05 -7.30139355e+01 
 7.94328235e+05 -7.32573280e+01 
 8.31763771e+05 -7.34918719e+01 
 8.70963590e+05 -7.37174266e+01 
 9.12010839e+05 -7.39338869e+01 
 9.54992586e+05 -7.41411853e+01 
 1.00000000e+06 -7.43392926e+01 
 1.04712855e+06 -7.45282187e+01 
 1.09647820e+06 -7.47080125e+01 
 1.14815362e+06 -7.48787609e+01 
 1.20226443e+06 -7.50405876e+01 
 1.25892541e+06 -7.51936511e+01 
 1.31825674e+06 -7.53381421e+01 
 1.38038426e+06 -7.54742808e+01 
 1.44543977e+06 -7.56023133e+01 
 1.51356125e+06 -7.57225086e+01 
 1.58489319e+06 -7.58351546e+01 
 1.65958691e+06 -7.59405550e+01 
 1.73780083e+06 -7.60390249e+01 
 1.81970086e+06 -7.61308883e+01 
 1.90546072e+06 -7.62164740e+01 
 1.99526231e+06 -7.62961131e+01 
 2.08929613e+06 -7.63701361e+01 
 2.18776162e+06 -7.64388704e+01 
 2.29086765e+06 -7.65026384e+01 
 2.39883292e+06 -7.65617553e+01 
 2.51188643e+06 -7.66165280e+01 
 2.63026799e+06 -7.66672538e+01 
 2.75422870e+06 -7.67142195e+01 
 2.88403150e+06 -7.67577007e+01 
 3.01995172e+06 -7.67979616e+01 
 3.16227766e+06 -7.68352545e+01 
 3.31131121e+06 -7.68698203e+01 
 3.46736850e+06 -7.69018882e+01 
 3.63078055e+06 -7.69316765e+01 
 3.80189396e+06 -7.69593925e+01 
 3.98107171e+06 -7.69852336e+01 
 4.16869383e+06 -7.70093876e+01 
 4.36515832e+06 -7.70320336e+01 
 4.57088190e+06 -7.70533429e+01 
 4.78630092e+06 -7.70734794e+01 
 5.01187234e+06 -7.70926011e+01 
 5.24807460e+06 -7.71108606e+01 
 5.49540874e+06 -7.71284065e+01 
 5.75439937e+06 -7.71453842e+01 
 6.02559586e+06 -7.71619369e+01 
 6.30957344e+06 -7.71782075e+01 
 6.60693448e+06 -7.71943390e+01 
 6.91830971e+06 -7.72104763e+01 
 7.24435960e+06 -7.72267678e+01 
 7.58577575e+06 -7.72433666e+01 
 7.94328235e+06 -7.72604328e+01 
 8.31763771e+06 -7.72781346e+01 
 8.70963590e+06 -7.72966512e+01 
 9.12010839e+06 -7.73161747e+01 
 9.54992586e+06 -7.73369125e+01 
 1.00000000e+07 -7.73590909e+01 
 1.04712855e+07 -7.73829573e+01 
 1.09647820e+07 -7.74087845e+01 
 1.14815362e+07 -7.74368744e+01 
 1.20226443e+07 -7.74675624e+01 
 1.25892541e+07 -7.75012222e+01 
 1.31825674e+07 -7.75382713e+01 
 1.38038426e+07 -7.75791767e+01 
 1.44543977e+07 -7.76244610e+01 
 1.51356125e+07 -7.76747095e+01 
 1.58489319e+07 -7.77305765e+01 
 1.65958691e+07 -7.77927927e+01 
 1.73780083e+07 -7.78621723e+01 
 1.81970086e+07 -7.79396185e+01 
 1.90546072e+07 -7.80261297e+01 
 1.99526231e+07 -7.81228027e+01 
 2.08929613e+07 -7.82308344e+01 
 2.18776162e+07 -7.83515200e+01 
 2.29086765e+07 -7.84862471e+01 
 2.39883292e+07 -7.86364851e+01 
 2.51188643e+07 -7.88037682e+01 
 2.63026799e+07 -7.89896722e+01 
 2.75422870e+07 -7.91957837e+01 
 2.88403150e+07 -7.94236639e+01 
 3.01995172e+07 -7.96748048e+01 
 3.16227766e+07 -7.99505832e+01 
 3.31131121e+07 -8.02522117e+01 
 3.46736850e+07 -8.05806919e+01 
 3.63078055e+07 -8.09367731e+01 
 3.80189396e+07 -8.13209186e+01 
 3.98107171e+07 -8.17332854e+01 
 4.16869383e+07 -8.21737155e+01 
 4.36515832e+07 -8.26417436e+01 
 4.57088190e+07 -8.31366171e+01 
 4.78630092e+07 -8.36573289e+01 
 5.01187234e+07 -8.42026585e+01 
 5.24807460e+07 -8.47712188e+01 
 5.49540874e+07 -8.53615041e+01 
 5.75439937e+07 -8.59719375e+01 
 6.02559586e+07 -8.66009135e+01 
 6.30957344e+07 -8.72468359e+01 
 6.60693448e+07 -8.79081475e+01 
 6.91830971e+07 -8.85833549e+01 
 7.24435960e+07 -8.92710449e+01 
 7.58577575e+07 -8.99698956e+01 
 7.94328235e+07 -9.06786832e+01 
 8.31763771e+07 -9.13962831e+01 
 8.70963590e+07 -9.21216693e+01 
 9.12010839e+07 -9.28539108e+01 
 9.54992586e+07 -9.35921664e+01 
 1.00000000e+08 -9.43356790e+01 
