 1.00000000e+00 -2.81046015e+01 
 1.04712855e+00 -2.79506710e+01 
 1.09647820e+00 -2.78053558e+01 
 1.14815362e+00 -2.76684429e+01 
 1.20226443e+00 -2.75396928e+01 
 1.25892541e+00 -2.74188431e+01 
 1.31825674e+00 -2.73056119e+01 
 1.38038426e+00 -2.71997016e+01 
 1.44543977e+00 -2.71008024e+01 
 1.51356125e+00 -2.70085962e+01 
 1.58489319e+00 -2.69227593e+01 
 1.65958691e+00 -2.68429662e+01 
 1.73780083e+00 -2.67688918e+01 
 1.81970086e+00 -2.67002144e+01 
 1.90546072e+00 -2.66366175e+01 
 1.99526231e+00 -2.65777923e+01 
 2.08929613e+00 -2.65234387e+01 
 2.18776162e+00 -2.64732669e+01 
 2.29086765e+00 -2.64269982e+01 
 2.39883292e+00 -2.63843661e+01 
 2.51188643e+00 -2.63451166e+01 
 2.63026799e+00 -2.63090084e+01 
 2.75422870e+00 -2.62758133e+01 
 2.88403150e+00 -2.62453160e+01 
 3.01995172e+00 -2.62173142e+01 
 3.16227766e+00 -2.61916177e+01 
 3.31131121e+00 -2.61680489e+01 
 3.46736850e+00 -2.61464418e+01 
 3.63078055e+00 -2.61266417e+01 
 3.80189396e+00 -2.61085048e+01 
 3.98107171e+00 -2.60918976e+01 
 4.16869383e+00 -2.60766961e+01 
 4.36515832e+00 -2.60627858e+01 
 4.57088190e+00 -2.60500606e+01 
 4.78630092e+00 -2.60384226e+01 
 5.01187234e+00 -2.60277816e+01 
 5.24807460e+00 -2.60180543e+01 
 5.49540874e+00 -2.60091641e+01 
 5.75439937e+00 -2.60010405e+01 
 6.02559586e+00 -2.59936188e+01 
 6.30957344e+00 -2.59868393e+01 
 6.60693448e+00 -2.59806475e+01 
 6.91830971e+00 -2.59749932e+01 
 7.24435960e+00 -2.59698304e+01 
 7.58577575e+00 -2.59651170e+01 
 7.94328235e+00 -2.59608145e+01 
 8.31763771e+00 -2.59568874e+01 
 8.70963590e+00 -2.59533034e+01 
 9.12010839e+00 -2.59500329e+01 
 9.54992586e+00 -2.59470488e+01 
 1.00000000e+01 -2.59443263e+01 
 1.04712855e+01 -2.59418429e+01 
 1.09647820e+01 -2.59395778e+01 
 1.14815362e+01 -2.59375121e+01 
 1.20226443e+01 -2.59356286e+01 
 1.25892541e+01 -2.59339115e+01 
 1.31825674e+01 -2.59323464e+01 
 1.38038426e+01 -2.59309202e+01 
 1.44543977e+01 -2.59296209e+01 
 1.51356125e+01 -2.59284376e+01 
 1.58489319e+01 -2.59273604e+01 
 1.65958691e+01 -2.59263801e+01 
 1.73780083e+01 -2.59254885e+01 
 1.81970086e+01 -2.59246782e+01 
 1.90546072e+01 -2.59239422e+01 
 1.99526231e+01 -2.59232744e+01 
 2.08929613e+01 -2.59226691e+01 
 2.18776162e+01 -2.59221212e+01 
 2.29086765e+01 -2.59216262e+01 
 2.39883292e+01 -2.59211797e+01 
 2.51188643e+01 -2.59207781e+01 
 2.63026799e+01 -2.59204179e+01 
 2.75422870e+01 -2.59200962e+01 
 2.88403150e+01 -2.59198101e+01 
 3.01995172e+01 -2.59195574e+01 
 3.16227766e+01 -2.59193358e+01 
 3.31131121e+01 -2.59191435e+01 
 3.46736850e+01 -2.59189789e+01 
 3.63078055e+01 -2.59188406e+01 
 3.80189396e+01 -2.59187275e+01 
 3.98107171e+01 -2.59186386e+01 
 4.16869383e+01 -2.59185733e+01 
 4.36515832e+01 -2.59185310e+01 
 4.57088190e+01 -2.59185113e+01 
 4.78630092e+01 -2.59185142e+01 
 5.01187234e+01 -2.59185397e+01 
 5.24807460e+01 -2.59185881e+01 
 5.49540874e+01 -2.59186599e+01 
 5.75439937e+01 -2.59187558e+01 
 6.02559586e+01 -2.59188766e+01 
 6.30957344e+01 -2.59190234e+01 
 6.60693448e+01 -2.59191975e+01 
 6.91830971e+01 -2.59194006e+01 
 7.24435960e+01 -2.59196344e+01 
 7.58577575e+01 -2.59199010e+01 
 7.94328235e+01 -2.59202027e+01 
 8.31763771e+01 -2.59205423e+01 
 8.70963590e+01 -2.59209226e+01 
 9.12010839e+01 -2.59213470e+01 
 9.54992586e+01 -2.59218193e+01 
 1.00000000e+02 -2.59223434e+01 
 1.04712855e+02 -2.59229239e+01 
 1.09647820e+02 -2.59235659e+01 
 1.14815362e+02 -2.59242748e+01 
 1.20226443e+02 -2.59250566e+01 
 1.25892541e+02 -2.59259182e+01 
 1.31825674e+02 -2.59268667e+01 
 1.38038426e+02 -2.59279103e+01 
 1.44543977e+02 -2.59290578e+01 
 1.51356125e+02 -2.59303189e+01 
 1.58489319e+02 -2.59317042e+01 
 1.65958691e+02 -2.59332255e+01 
 1.73780083e+02 -2.59348954e+01 
 1.81970086e+02 -2.59367281e+01 
 1.90546072e+02 -2.59387389e+01 
 1.99526231e+02 -2.59409445e+01 
 2.08929613e+02 -2.59433635e+01 
 2.18776162e+02 -2.59460159e+01 
 2.29086765e+02 -2.59489239e+01 
 2.39883292e+02 -2.59521116e+01 
 2.51188643e+02 -2.59556053e+01 
 2.63026799e+02 -2.59594340e+01 
 2.75422870e+02 -2.59636291e+01 
 2.88403150e+02 -2.59682253e+01 
 3.01995172e+02 -2.59732601e+01 
 3.16227766e+02 -2.59787747e+01 
 3.31131121e+02 -2.59848139e+01 
 3.46736850e+02 -2.59914266e+01 
 3.63078055e+02 -2.59986664e+01 
 3.80189396e+02 -2.60065912e+01 
 3.98107171e+02 -2.60152644e+01 
 4.16869383e+02 -2.60247548e+01 
 4.36515832e+02 -2.60351374e+01 
 4.57088190e+02 -2.60464935e+01 
 4.78630092e+02 -2.60589114e+01 
 5.01187234e+02 -2.60724870e+01 
 5.24807460e+02 -2.60873238e+01 
 5.49540874e+02 -2.61035342e+01 
 5.75439937e+02 -2.61212394e+01 
 6.02559586e+02 -2.61405704e+01 
 6.30957344e+02 -2.61616680e+01 
 6.60693448e+02 -2.61846840e+01 
 6.91830971e+02 -2.62097812e+01 
 7.24435960e+02 -2.62371341e+01 
 7.58577575e+02 -2.62669294e+01 
 7.94328235e+02 -2.62993661e+01 
 8.31763771e+02 -2.63346560e+01 
 8.70963590e+02 -2.63730239e+01 
 9.12010839e+02 -2.64147075e+01 
 9.54992586e+02 -2.64599576e+01 
 1.00000000e+03 -2.65090373e+01 
 1.04712855e+03 -2.65622223e+01 
 1.09647820e+03 -2.66197994e+01 
 1.14815362e+03 -2.66820664e+01 
 1.20226443e+03 -2.67493301e+01 
 1.25892541e+03 -2.68219052e+01 
 1.31825674e+03 -2.69001126e+01 
 1.38038426e+03 -2.69842770e+01 
 1.44543977e+03 -2.70747245e+01 
 1.51356125e+03 -2.71717800e+01 
 1.58489319e+03 -2.72757640e+01 
 1.65958691e+03 -2.73869895e+01 
 1.73780083e+03 -2.75057584e+01 
 1.81970086e+03 -2.76323580e+01 
 1.90546072e+03 -2.77670573e+01 
 1.99526231e+03 -2.79101031e+01 
 2.08929613e+03 -2.80617172e+01 
 2.18776162e+03 -2.82220924e+01 
 2.29086765e+03 -2.83913898e+01 
 2.39883292e+03 -2.85697363e+01 
 2.51188643e+03 -2.87572225e+01 
 2.63026799e+03 -2.89539011e+01 
 2.75422870e+03 -2.91597862e+01 
 2.88403150e+03 -2.93748527e+01 
 3.01995172e+03 -2.95990373e+01 
 3.16227766e+03 -2.98322390e+01 
 3.31131121e+03 -3.00743211e+01 
 3.46736850e+03 -3.03251132e+01 
 3.63078055e+03 -3.05844141e+01 
 3.80189396e+03 -3.08519946e+01 
 3.98107171e+03 -3.11276014e+01 
 4.16869383e+03 -3.14109597e+01 
 4.36515832e+03 -3.17017780e+01 
 4.57088190e+03 -3.19997506e+01 
 4.78630092e+03 -3.23045622e+01 
 5.01187234e+03 -3.26158905e+01 
 5.24807460e+03 -3.29334099e+01 
 5.49540874e+03 -3.32567944e+01 
 5.75439937e+03 -3.35857199e+01 
 6.02559586e+03 -3.39198671e+01 
 6.30957344e+03 -3.42589230e+01 
 6.60693448e+03 -3.46025831e+01 
 6.91830971e+03 -3.49505525e+01 
 7.24435960e+03 -3.53025471e+01 
 7.58577575e+03 -3.56582946e+01 
 7.94328235e+03 -3.60175350e+01 
 8.31763771e+03 -3.63800209e+01 
 8.70963590e+03 -3.67455180e+01 
 9.12010839e+03 -3.71138049e+01 
 9.54992586e+03 -3.74846730e+01 
 1.00000000e+04 -3.78579265e+01 
 1.04712855e+04 -3.82333818e+01 
 1.09647820e+04 -3.86108674e+01 
 1.14815362e+04 -3.89902231e+01 
 1.20226443e+04 -3.93712998e+01 
 1.25892541e+04 -3.97539589e+01 
 1.31825674e+04 -4.01380716e+01 
 1.38038426e+04 -4.05235188e+01 
 1.44543977e+04 -4.09101898e+01 
 1.51356125e+04 -4.12979826e+01 
 1.58489319e+04 -4.16868026e+01 
 1.65958691e+04 -4.20765626e+01 
 1.73780083e+04 -4.24671822e+01 
 1.81970086e+04 -4.28585871e+01 
 1.90546072e+04 -4.32507089e+01 
 1.99526231e+04 -4.36434844e+01 
 2.08929613e+04 -4.40368555e+01 
 2.18776162e+04 -4.44307686e+01 
 2.29086765e+04 -4.48251741e+01 
 2.39883292e+04 -4.52200264e+01 
 2.51188643e+04 -4.56152834e+01 
 2.63026799e+04 -4.60109060e+01 
 2.75422870e+04 -4.64068583e+01 
 2.88403150e+04 -4.68031066e+01 
 3.01995172e+04 -4.71996199e+01 
 3.16227766e+04 -4.75963694e+01 
 3.31131121e+04 -4.79933278e+01 
 3.46736850e+04 -4.83904698e+01 
 3.63078055e+04 -4.87877716e+01 
 3.80189396e+04 -4.91852105e+01 
 3.98107171e+04 -4.95827652e+01 
 4.16869383e+04 -4.99804150e+01 
 4.36515832e+04 -5.03781403e+01 
 4.57088190e+04 -5.07759219e+01 
 4.78630092e+04 -5.11737413e+01 
 5.01187234e+04 -5.15715800e+01 
 5.24807460e+04 -5.19694199e+01 
 5.49540874e+04 -5.23672429e+01 
 5.75439937e+04 -5.27650306e+01 
 6.02559586e+04 -5.31627644e+01 
 6.30957344e+04 -5.35604254e+01 
 6.60693448e+04 -5.39579939e+01 
 6.91830971e+04 -5.43554494e+01 
 7.24435960e+04 -5.47527709e+01 
 7.58577575e+04 -5.51499357e+01 
 7.94328235e+04 -5.55469203e+01 
 8.31763771e+04 -5.59436995e+01 
 8.70963590e+04 -5.63402466e+01 
 9.12010839e+04 -5.67365328e+01 
 9.54992586e+04 -5.71325275e+01 
 1.00000000e+05 -5.75281975e+01 
 1.04712855e+05 -5.79235071e+01 
 1.09647820e+05 -5.83184178e+01 
 1.14815362e+05 -5.87128880e+01 
 1.20226443e+05 -5.91068725e+01 
 1.25892541e+05 -5.95003224e+01 
 1.31825674e+05 -5.98931847e+01 
 1.38038426e+05 -6.02854019e+01 
 1.44543977e+05 -6.06769117e+01 
 1.51356125e+05 -6.10676463e+01 
 1.58489319e+05 -6.14575325e+01 
 1.65958691e+05 -6.18464906e+01 
 1.73780083e+05 -6.22344345e+01 
 1.81970086e+05 -6.26212707e+01 
 1.90546072e+05 -6.30068983e+01 
 1.99526231e+05 -6.33912079e+01 
 2.08929613e+05 -6.37740816e+01 
 2.18776162e+05 -6.41553921e+01 
 2.29086765e+05 -6.45350021e+01 
 2.39883292e+05 -6.49127643e+01 
 2.51188643e+05 -6.52885200e+01 
 2.63026799e+05 -6.56620994e+01 
 2.75422870e+05 -6.60333207e+01 
 2.88403150e+05 -6.64019898e+01 
 3.01995172e+05 -6.67679001e+01 
 3.16227766e+05 -6.71308321e+01 
 3.31131121e+05 -6.74905534e+01 
 3.46736850e+05 -6.78468186e+01 
 3.63078055e+05 -6.81993696e+01 
 3.80189396e+05 -6.85479358e+01 
 3.98107171e+05 -6.88922350e+01 
 4.16869383e+05 -6.92319739e+01 
 4.36515832e+05 -6.95668495e+01 
 4.57088190e+05 -6.98965502e+01 
 4.78630092e+05 -7.02207575e+01 
 5.01187234e+05 -7.05391485e+01 
 5.24807460e+05 -7.08513973e+01 
 5.49540874e+05 -7.11571786e+01 
 5.75439937e+05 -7.14561699e+01 
 6.02559586e+05 -7.17480550e+01 
 6.30957344e+05 -7.20325273e+01 
 6.60693448e+05 -7.23092935e+01 
 6.91830971e+05 -7.25780771e+01 
 7.24435960e+05 -7.28386220e+01 
 7.58577575e+05 -7.30906962e+01 
 7.94328235e+05 -7.33340952e+01 
 8.31763771e+05 -7.35686450e+01 
 8.70963590e+05 -7.37942051e+01 
 9.12010839e+05 -7.40106703e+01 
 9.54992586e+05 -7.42179732e+01 
 1.00000000e+06 -7.44160845e+01 
 1.04712855e+06 -7.46050143e+01 
 1.09647820e+06 -7.47848115e+01 
 1.14815362e+06 -7.49555629e+01 
 1.20226443e+06 -7.51173925e+01 
 1.25892541e+06 -7.52704585e+01 
 1.31825674e+06 -7.54149518e+01 
 1.38038426e+06 -7.55510926e+01 
 1.44543977e+06 -7.56791270e+01 
 1.51356125e+06 -7.57993240e+01 
 1.58489319e+06 -7.59119717e+01 
 1.65958691e+06 -7.60173734e+01 
 1.73780083e+06 -7.61158447e+01 
 1.81970086e+06 -7.62077092e+01 
 1.90546072e+06 -7.62932960e+01 
 1.99526231e+06 -7.63729361e+01 
 2.08929613e+06 -7.64469600e+01 
 2.18776162e+06 -7.65156952e+01 
 2.29086765e+06 -7.65794639e+01 
 2.39883292e+06 -7.66385814e+01 
 2.51188643e+06 -7.66933547e+01 
 2.63026799e+06 -7.67440811e+01 
 2.75422870e+06 -7.67910473e+01 
 2.88403150e+06 -7.68345289e+01 
 3.01995172e+06 -7.68747902e+01 
 3.16227766e+06 -7.69120835e+01 
 3.31131121e+06 -7.69466496e+01 
 3.46736850e+06 -7.69787178e+01 
 3.63078055e+06 -7.70085064e+01 
 3.80189396e+06 -7.70362226e+01 
 3.98107171e+06 -7.70620639e+01 
 4.16869383e+06 -7.70862181e+01 
 4.36515832e+06 -7.71088643e+01 
 4.57088190e+06 -7.71301737e+01 
 4.78630092e+06 -7.71503103e+01 
 5.01187234e+06 -7.71694321e+01 
 5.24807460e+06 -7.71876917e+01 
 5.49540874e+06 -7.72052377e+01 
 5.75439937e+06 -7.72222154e+01 
 6.02559586e+06 -7.72387682e+01 
 6.30957344e+06 -7.72550388e+01 
 6.60693448e+06 -7.72711703e+01 
 6.91830971e+06 -7.72873076e+01 
 7.24435960e+06 -7.73035991e+01 
 7.58577575e+06 -7.73201979e+01 
 7.94328235e+06 -7.73372640e+01 
 8.31763771e+06 -7.73549658e+01 
 8.70963590e+06 -7.73734824e+01 
 9.12010839e+06 -7.73930058e+01 
 9.54992586e+06 -7.74137436e+01 
 1.00000000e+07 -7.74359219e+01 
 1.04712855e+07 -7.74597883e+01 
 1.09647820e+07 -7.74856155e+01 
 1.14815362e+07 -7.75137054e+01 
 1.20226443e+07 -7.75443934e+01 
 1.25892541e+07 -7.75780533e+01 
 1.31825674e+07 -7.76151026e+01 
 1.38038426e+07 -7.76560081e+01 
 1.44543977e+07 -7.77012927e+01 
 1.51356125e+07 -7.77515414e+01 
 1.58489319e+07 -7.78074088e+01 
 1.65958691e+07 -7.78696257e+01 
 1.73780083e+07 -7.79390059e+01 
 1.81970086e+07 -7.80164531e+01 
 1.90546072e+07 -7.81029654e+01 
 1.99526231e+07 -7.81996398e+01 
 2.08929613e+07 -7.83076731e+01 
 2.18776162e+07 -7.84283606e+01 
 2.29086765e+07 -7.85630901e+01 
 2.39883292e+07 -7.87133309e+01 
 2.51188643e+07 -7.88806173e+01 
 2.63026799e+07 -7.90665249e+01 
 2.75422870e+07 -7.92726407e+01 
 2.88403150e+07 -7.95005256e+01 
 3.01995172e+07 -7.97516719e+01 
 3.16227766e+07 -8.00274562e+01 
 3.31131121e+07 -8.03290911e+01 
 3.46736850e+07 -8.06575781e+01 
 3.63078055e+07 -8.10136665e+01 
 3.80189396e+07 -8.13978198e+01 
 3.98107171e+07 -8.18101945e+01 
 4.16869383e+07 -8.22506327e+01 
 4.36515832e+07 -8.27186690e+01 
 4.57088190e+07 -8.32135506e+01 
 4.78630092e+07 -8.37342706e+01 
 5.01187234e+07 -8.42796082e+01 
 5.24807460e+07 -8.48481761e+01 
 5.49540874e+07 -8.54384689e+01 
 5.75439937e+07 -8.60489093e+01 
 6.02559586e+07 -8.66778921e+01 
 6.30957344e+07 -8.73238207e+01 
 6.60693448e+07 -8.79851383e+01 
 6.91830971e+07 -8.86603512e+01 
 7.24435960e+07 -8.93480462e+01 
 7.58577575e+07 -9.00469017e+01 
 7.94328235e+07 -9.07556936e+01 
 8.31763771e+07 -9.14732975e+01 
 8.70963590e+07 -9.21986873e+01 
 9.12010839e+07 -9.29309322e+01 
 9.54992586e+07 -9.36691909e+01 
 1.00000000e+08 -9.44127064e+01 
