 1.00000000e+00 -2.81999152e+01 
 1.04712855e+00 -2.80459847e+01 
 1.09647820e+00 -2.79006695e+01 
 1.14815362e+00 -2.77637566e+01 
 1.20226443e+00 -2.76350065e+01 
 1.25892541e+00 -2.75141568e+01 
 1.31825674e+00 -2.74009256e+01 
 1.38038426e+00 -2.72950152e+01 
 1.44543977e+00 -2.71961161e+01 
 1.51356125e+00 -2.71039098e+01 
 1.58489319e+00 -2.70180730e+01 
 1.65958691e+00 -2.69382799e+01 
 1.73780083e+00 -2.68642054e+01 
 1.81970086e+00 -2.67955280e+01 
 1.90546072e+00 -2.67319312e+01 
 1.99526231e+00 -2.66731060e+01 
 2.08929613e+00 -2.66187523e+01 
 2.18776162e+00 -2.65685805e+01 
 2.29086765e+00 -2.65223118e+01 
 2.39883292e+00 -2.64796797e+01 
 2.51188643e+00 -2.64404301e+01 
 2.63026799e+00 -2.64043219e+01 
 2.75422870e+00 -2.63711268e+01 
 2.88403150e+00 -2.63406296e+01 
 3.01995172e+00 -2.63126277e+01 
 3.16227766e+00 -2.62869312e+01 
 3.31131121e+00 -2.62633624e+01 
 3.46736850e+00 -2.62417553e+01 
 3.63078055e+00 -2.62219552e+01 
 3.80189396e+00 -2.62038183e+01 
 3.98107171e+00 -2.61872110e+01 
 4.16869383e+00 -2.61720095e+01 
 4.36515832e+00 -2.61580991e+01 
 4.57088190e+00 -2.61453739e+01 
 4.78630092e+00 -2.61337359e+01 
 5.01187234e+00 -2.61230949e+01 
 5.24807460e+00 -2.61133676e+01 
 5.49540874e+00 -2.61044773e+01 
 5.75439937e+00 -2.60963537e+01 
 6.02559586e+00 -2.60889319e+01 
 6.30957344e+00 -2.60821524e+01 
 6.60693448e+00 -2.60759605e+01 
 6.91830971e+00 -2.60703062e+01 
 7.24435960e+00 -2.60651433e+01 
 7.58577575e+00 -2.60604299e+01 
 7.94328235e+00 -2.60561273e+01 
 8.31763771e+00 -2.60522001e+01 
 8.70963590e+00 -2.60486160e+01 
 9.12010839e+00 -2.60453454e+01 
 9.54992586e+00 -2.60423612e+01 
 1.00000000e+01 -2.60396386e+01 
 1.04712855e+01 -2.60371550e+01 
 1.09647820e+01 -2.60348898e+01 
 1.14815362e+01 -2.60328239e+01 
 1.20226443e+01 -2.60309402e+01 
 1.25892541e+01 -2.60292229e+01 
 1.31825674e+01 -2.60276576e+01 
 1.38038426e+01 -2.60262312e+01 
 1.44543977e+01 -2.60249316e+01 
 1.51356125e+01 -2.60237480e+01 
 1.58489319e+01 -2.60226705e+01 
 1.65958691e+01 -2.60216899e+01 
 1.73780083e+01 -2.60207979e+01 
 1.81970086e+01 -2.60199872e+01 
 1.90546072e+01 -2.60192508e+01 
 1.99526231e+01 -2.60185825e+01 
 2.08929613e+01 -2.60179766e+01 
 2.18776162e+01 -2.60174282e+01 
 2.29086765e+01 -2.60169324e+01 
 2.39883292e+01 -2.60164853e+01 
 2.51188643e+01 -2.60160829e+01 
 2.63026799e+01 -2.60157219e+01 
 2.75422870e+01 -2.60153992e+01 
 2.88403150e+01 -2.60151121e+01 
 3.01995172e+01 -2.60148582e+01 
 3.16227766e+01 -2.60146354e+01 
 3.31131121e+01 -2.60144417e+01 
 3.46736850e+01 -2.60142757e+01 
 3.63078055e+01 -2.60141357e+01 
 3.80189396e+01 -2.60140209e+01 
 3.98107171e+01 -2.60139300e+01 
 4.16869383e+01 -2.60138626e+01 
 4.36515832e+01 -2.60138179e+01 
 4.57088190e+01 -2.60137956e+01 
 4.78630092e+01 -2.60137957e+01 
 5.01187234e+01 -2.60138181e+01 
 5.24807460e+01 -2.60138631e+01 
 5.49540874e+01 -2.60139312e+01 
 5.75439937e+01 -2.60140230e+01 
 6.02559586e+01 -2.60141393e+01 
 6.30957344e+01 -2.60142812e+01 
 6.60693448e+01 -2.60144499e+01 
 6.91830971e+01 -2.60146471e+01 
 7.24435960e+01 -2.60148744e+01 
 7.58577575e+01 -2.60151339e+01 
 7.94328235e+01 -2.60154279e+01 
 8.31763771e+01 -2.60157589e+01 
 8.70963590e+01 -2.60161299e+01 
 9.12010839e+01 -2.60165441e+01 
 9.54992586e+01 -2.60170051e+01 
 1.00000000e+02 -2.60175169e+01 
 1.04712855e+02 -2.60180839e+01 
 1.09647820e+02 -2.60187110e+01 
 1.14815362e+02 -2.60194037e+01 
 1.20226443e+02 -2.60201678e+01 
 1.25892541e+02 -2.60210098e+01 
 1.31825674e+02 -2.60219370e+01 
 1.38038426e+02 -2.60229572e+01 
 1.44543977e+02 -2.60240790e+01 
 1.51356125e+02 -2.60253120e+01 
 1.58489319e+02 -2.60266665e+01 
 1.65958691e+02 -2.60281540e+01 
 1.73780083e+02 -2.60297870e+01 
 1.81970086e+02 -2.60315791e+01 
 1.90546072e+02 -2.60335455e+01 
 1.99526231e+02 -2.60357025e+01 
 2.08929613e+02 -2.60380682e+01 
 2.18776162e+02 -2.60406623e+01 
 2.29086765e+02 -2.60435064e+01 
 2.39883292e+02 -2.60466241e+01 
 2.51188643e+02 -2.60500412e+01 
 2.63026799e+02 -2.60537860e+01 
 2.75422870e+02 -2.60578894e+01 
 2.88403150e+02 -2.60623852e+01 
 3.01995172e+02 -2.60673101e+01 
 3.16227766e+02 -2.60727045e+01 
 3.31131121e+02 -2.60786123e+01 
 3.46736850e+02 -2.60850814e+01 
 3.63078055e+02 -2.60921640e+01 
 3.80189396e+02 -2.60999172e+01 
 3.98107171e+02 -2.61084029e+01 
 4.16869383e+02 -2.61176887e+01 
 4.36515832e+02 -2.61278479e+01 
 4.57088190e+02 -2.61389602e+01 
 4.78630092e+02 -2.61511123e+01 
 5.01187234e+02 -2.61643980e+01 
 5.24807460e+02 -2.61789192e+01 
 5.49540874e+02 -2.61947859e+01 
 5.75439937e+02 -2.62121171e+01 
 6.02559586e+02 -2.62310415e+01 
 6.30957344e+02 -2.62516973e+01 
 6.60693448e+02 -2.62742338e+01 
 6.91830971e+02 -2.62988110e+01 
 7.24435960e+02 -2.63256005e+01 
 7.58577575e+02 -2.63547860e+01 
 7.94328235e+02 -2.63865634e+01 
 8.31763771e+02 -2.64211416e+01 
 8.70963590e+02 -2.64587421e+01 
 9.12010839e+02 -2.64995995e+01 
 9.54992586e+02 -2.65439613e+01 
 1.00000000e+03 -2.65920879e+01 
 1.04712855e+03 -2.66442519e+01 
 1.09647820e+03 -2.67007374e+01 
 1.14815362e+03 -2.67618398e+01 
 1.20226443e+03 -2.68278636e+01 
 1.25892541e+03 -2.68991220e+01 
 1.31825674e+03 -2.69759345e+01 
 1.38038426e+03 -2.70586249e+01 
 1.44543977e+03 -2.71475195e+01 
 1.51356125e+03 -2.72429436e+01 
 1.58489319e+03 -2.73452191e+01 
 1.65958691e+03 -2.74546611e+01 
 1.73780083e+03 -2.75715745e+01 
 1.81970086e+03 -2.76962505e+01 
 1.90546072e+03 -2.78289628e+01 
 1.99526231e+03 -2.79699641e+01 
 2.08929613e+03 -2.81194825e+01 
 2.18776162e+03 -2.82777179e+01 
 2.29086765e+03 -2.84448396e+01 
 2.39883292e+03 -2.86209829e+01 
 2.51188643e+03 -2.88062473e+01 
 2.63026799e+03 -2.90006949e+01 
 2.75422870e+03 -2.92043491e+01 
 2.88403150e+03 -2.94171944e+01 
 3.01995172e+03 -2.96391766e+01 
 3.16227766e+03 -2.98702037e+01 
 3.31131121e+03 -3.01101476e+01 
 3.46736850e+03 -3.03588456e+01 
 3.63078055e+03 -3.06161039e+01 
 3.80189396e+03 -3.08816999e+01 
 3.98107171e+03 -3.11553854e+01 
 4.16869383e+03 -3.14368909e+01 
 4.36515832e+03 -3.17259283e+01 
 4.57088190e+03 -3.20221952e+01 
 4.78630092e+03 -3.23253782e+01 
 5.01187234e+03 -3.26351565e+01 
 5.24807460e+03 -3.29512050e+01 
 5.49540874e+03 -3.32731974e+01 
 5.75439937e+03 -3.36008091e+01 
 6.02559586e+03 -3.39337192e+01 
 6.30957344e+03 -3.42716133e+01 
 6.60693448e+03 -3.46141844e+01 
 6.91830971e+03 -3.49611353e+01 
 7.24435960e+03 -3.53121792e+01 
 7.58577575e+03 -3.56670409e+01 
 7.94328235e+03 -3.60254572e+01 
 8.31763771e+03 -3.63871778e+01 
 8.70963590e+03 -3.67519651e+01 
 9.12010839e+03 -3.71195947e+01 
 9.54992586e+03 -3.74898547e+01 
 1.00000000e+04 -3.78625465e+01 
 1.04712855e+04 -3.82374833e+01 
 1.09647820e+04 -3.86144908e+01 
 1.14815362e+04 -3.89934061e+01 
 1.20226443e+04 -3.93740774e+01 
 1.25892541e+04 -3.97563637e+01 
 1.31825674e+04 -4.01401338e+01 
 1.38038426e+04 -4.05252663e+01 
 1.44543977e+04 -4.09116484e+01 
 1.51356125e+04 -4.12991762e+01 
 1.58489319e+04 -4.16877532e+01 
 1.65958691e+04 -4.20772905e+01 
 1.73780083e+04 -4.24677061e+01 
 1.81970086e+04 -4.28589241e+01 
 1.90546072e+04 -4.32508748e+01 
 1.99526231e+04 -4.36434938e+01 
 2.08929613e+04 -4.40367217e+01 
 2.18776162e+04 -4.44305038e+01 
 2.29086765e+04 -4.48247895e+01 
 2.39883292e+04 -4.52195323e+01 
 2.51188643e+04 -4.56146892e+01 
 2.63026799e+04 -4.60102204e+01 
 2.75422870e+04 -4.64060891e+01 
 2.88403150e+04 -4.68022611e+01 
 3.01995172e+04 -4.71987047e+01 
 3.16227766e+04 -4.75953904e+01 
 3.31131121e+04 -4.79922907e+01 
 3.46736850e+04 -4.83893796e+01 
 3.63078055e+04 -4.87866329e+01 
 3.80189396e+04 -4.91840276e+01 
 3.98107171e+04 -4.95815418e+01 
 4.16869383e+04 -4.99791548e+01 
 4.36515832e+04 -5.03768464e+01 
 4.57088190e+04 -5.07745974e+01 
 4.78630092e+04 -5.11723887e+01 
 5.01187234e+04 -5.15702019e+01 
 5.24807460e+04 -5.19680185e+01 
 5.49540874e+04 -5.23658201e+01 
 5.75439937e+04 -5.27635884e+01 
 6.02559586e+04 -5.31613045e+01 
 6.30957344e+04 -5.35589493e+01 
 6.60693448e+04 -5.39565030e+01 
 6.91830971e+04 -5.43539451e+01 
 7.24435960e+04 -5.47512543e+01 
 7.58577575e+04 -5.51484079e+01 
 7.94328235e+04 -5.55453823e+01 
 8.31763771e+04 -5.59421522e+01 
 8.70963590e+04 -5.63386908e+01 
 9.12010839e+04 -5.67349692e+01 
 9.54992586e+04 -5.71309568e+01 
 1.00000000e+05 -5.75266204e+01 
 1.04712855e+05 -5.79219241e+01 
 1.09647820e+05 -5.83168295e+01 
 1.14815362e+05 -5.87112948e+01 
 1.20226443e+05 -5.91052748e+01 
 1.25892541e+05 -5.94987206e+01 
 1.31825674e+05 -5.98915792e+01 
 1.38038426e+05 -6.02837930e+01 
 1.44543977e+05 -6.06752997e+01 
 1.51356125e+05 -6.10660315e+01 
 1.58489319e+05 -6.14559151e+01 
 1.65958691e+05 -6.18448709e+01 
 1.73780083e+05 -6.22328126e+01 
 1.81970086e+05 -6.26196469e+01 
 1.90546072e+05 -6.30052727e+01 
 1.99526231e+05 -6.33895807e+01 
 2.08929613e+05 -6.37724529e+01 
 2.18776162e+05 -6.41537620e+01 
 2.29086765e+05 -6.45333709e+01 
 2.39883292e+05 -6.49111319e+01 
 2.51188643e+05 -6.52868866e+01 
 2.63026799e+05 -6.56604650e+01 
 2.75422870e+05 -6.60316854e+01 
 2.88403150e+05 -6.64003538e+01 
 3.01995172e+05 -6.67662634e+01 
 3.16227766e+05 -6.71291948e+01 
 3.31131121e+05 -6.74889155e+01 
 3.46736850e+05 -6.78451802e+01 
 3.63078055e+05 -6.81977306e+01 
 3.80189396e+05 -6.85462964e+01 
 3.98107171e+05 -6.88905952e+01 
 4.16869383e+05 -6.92303337e+01 
 4.36515832e+05 -6.95652090e+01 
 4.57088190e+05 -6.98949093e+01 
 4.78630092e+05 -7.02191164e+01 
 5.01187234e+05 -7.05375071e+01 
 5.24807460e+05 -7.08497557e+01 
 5.49540874e+05 -7.11555368e+01 
 5.75439937e+05 -7.14545279e+01 
 6.02559586e+05 -7.17464128e+01 
 6.30957344e+05 -7.20308850e+01 
 6.60693448e+05 -7.23076510e+01 
 6.91830971e+05 -7.25764345e+01 
 7.24435960e+05 -7.28369792e+01 
 7.58577575e+05 -7.30890533e+01 
 7.94328235e+05 -7.33324522e+01 
 8.31763771e+05 -7.35670019e+01 
 8.70963590e+05 -7.37925619e+01 
 9.12010839e+05 -7.40090271e+01 
 9.54992586e+05 -7.42163299e+01 
 1.00000000e+06 -7.44144412e+01 
 1.04712855e+06 -7.46033709e+01 
 1.09647820e+06 -7.47831680e+01 
 1.14815362e+06 -7.49539194e+01 
 1.20226443e+06 -7.51157489e+01 
 1.25892541e+06 -7.52688149e+01 
 1.31825674e+06 -7.54133082e+01 
 1.38038426e+06 -7.55494489e+01 
 1.44543977e+06 -7.56774833e+01 
 1.51356125e+06 -7.57976803e+01 
 1.58489319e+06 -7.59103279e+01 
 1.65958691e+06 -7.60157297e+01 
 1.73780083e+06 -7.61142009e+01 
 1.81970086e+06 -7.62060654e+01 
 1.90546072e+06 -7.62916522e+01 
 1.99526231e+06 -7.63712923e+01 
 2.08929613e+06 -7.64453162e+01 
 2.18776162e+06 -7.65140513e+01 
 2.29086765e+06 -7.65778200e+01 
 2.39883292e+06 -7.66369375e+01 
 2.51188643e+06 -7.66917108e+01 
 2.63026799e+06 -7.67424372e+01 
 2.75422870e+06 -7.67894034e+01 
 2.88403150e+06 -7.68328850e+01 
 3.01995172e+06 -7.68731463e+01 
 3.16227766e+06 -7.69104395e+01 
 3.31131121e+06 -7.69450057e+01 
 3.46736850e+06 -7.69770739e+01 
 3.63078055e+06 -7.70068624e+01 
 3.80189396e+06 -7.70345786e+01 
 3.98107171e+06 -7.70604199e+01 
 4.16869383e+06 -7.70845741e+01 
 4.36515832e+06 -7.71072203e+01 
 4.57088190e+06 -7.71285297e+01 
 4.78630092e+06 -7.71486664e+01 
 5.01187234e+06 -7.71677881e+01 
 5.24807460e+06 -7.71860477e+01 
 5.49540874e+06 -7.72035937e+01 
 5.75439937e+06 -7.72205714e+01 
 6.02559586e+06 -7.72371242e+01 
 6.30957344e+06 -7.72533948e+01 
 6.60693448e+06 -7.72695263e+01 
 6.91830971e+06 -7.72856636e+01 
 7.24435960e+06 -7.73019551e+01 
 7.58577575e+06 -7.73185539e+01 
 7.94328235e+06 -7.73356200e+01 
 8.31763771e+06 -7.73533218e+01 
 8.70963590e+06 -7.73718384e+01 
 9.12010839e+06 -7.73913618e+01 
 9.54992586e+06 -7.74120996e+01 
 1.00000000e+07 -7.74342780e+01 
 1.04712855e+07 -7.74581443e+01 
 1.09647820e+07 -7.74839715e+01 
 1.14815362e+07 -7.75120614e+01 
 1.20226443e+07 -7.75427495e+01 
 1.25892541e+07 -7.75764093e+01 
 1.31825674e+07 -7.76134586e+01 
 1.38038426e+07 -7.76543641e+01 
 1.44543977e+07 -7.76996487e+01 
 1.51356125e+07 -7.77498974e+01 
 1.58489319e+07 -7.78057648e+01 
 1.65958691e+07 -7.78679816e+01 
 1.73780083e+07 -7.79373619e+01 
 1.81970086e+07 -7.80148090e+01 
 1.90546072e+07 -7.81013213e+01 
 1.99526231e+07 -7.81979956e+01 
 2.08929613e+07 -7.83060289e+01 
 2.18776162e+07 -7.84267164e+01 
 2.29086765e+07 -7.85614458e+01 
 2.39883292e+07 -7.87116866e+01 
 2.51188643e+07 -7.88789729e+01 
 2.63026799e+07 -7.90648804e+01 
 2.75422870e+07 -7.92709961e+01 
 2.88403150e+07 -7.94988810e+01 
 3.01995172e+07 -7.97500271e+01 
 3.16227766e+07 -8.00258113e+01 
 3.31131121e+07 -8.03274460e+01 
 3.46736850e+07 -8.06559329e+01 
 3.63078055e+07 -8.10120212e+01 
 3.80189396e+07 -8.13961743e+01 
 3.98107171e+07 -8.18085488e+01 
 4.16869383e+07 -8.22489869e+01 
 4.36515832e+07 -8.27170230e+01 
 4.57088190e+07 -8.32119045e+01 
 4.78630092e+07 -8.37326242e+01 
 5.01187234e+07 -8.42779617e+01 
 5.24807460e+07 -8.48465295e+01 
 5.49540874e+07 -8.54368221e+01 
 5.75439937e+07 -8.60472624e+01 
 6.02559586e+07 -8.66762450e+01 
 6.30957344e+07 -8.73221735e+01 
 6.60693448e+07 -8.79834910e+01 
 6.91830971e+07 -8.86587038e+01 
 7.24435960e+07 -8.93463987e+01 
 7.58577575e+07 -9.00452541e+01 
 7.94328235e+07 -9.07540459e+01 
 8.31763771e+07 -9.14716497e+01 
 8.70963590e+07 -9.21970395e+01 
 9.12010839e+07 -9.29292843e+01 
 9.54992586e+07 -9.36675430e+01 
 1.00000000e+08 -9.44110584e+01 
