 1.00000000e+00 -1.40030130e+02 
 1.04712855e+00 -1.41358909e+02 
 1.09647820e+00 -1.42670951e+02 
 1.14815362e+00 -1.43964058e+02 
 1.20226443e+00 -1.45236191e+02 
 1.25892541e+00 -1.46485482e+02 
 1.31825674e+00 -1.47710244e+02 
 1.38038426e+00 -1.48908982e+02 
 1.44543977e+00 -1.50080390e+02 
 1.51356125e+00 -1.51223357e+02 
 1.58489319e+00 -1.52336959e+02 
 1.65958691e+00 -1.53420459e+02 
 1.73780083e+00 -1.54473296e+02 
 1.81970086e+00 -1.55495076e+02 
 1.90546072e+00 -1.56485561e+02 
 1.99526231e+00 -1.57444663e+02 
 2.08929613e+00 -1.58372424e+02 
 2.18776162e+00 -1.59269007e+02 
 2.29086765e+00 -1.60134685e+02 
 2.39883292e+00 -1.60969829e+02 
 2.51188643e+00 -1.61774890e+02 
 2.63026799e+00 -1.62550398e+02 
 2.75422870e+00 -1.63296941e+02 
 2.88403150e+00 -1.64015160e+02 
 3.01995172e+00 -1.64705742e+02 
 3.16227766e+00 -1.65369406e+02 
 3.31131121e+00 -1.66006897e+02 
 3.46736850e+00 -1.66618984e+02 
 3.63078055e+00 -1.67206445e+02 
 3.80189396e+00 -1.67770069e+02 
 3.98107171e+00 -1.68310647e+02 
 4.16869383e+00 -1.68828970e+02 
 4.36515832e+00 -1.69325824e+02 
 4.57088190e+00 -1.69801986e+02 
 4.78630092e+00 -1.70258224e+02 
 5.01187234e+00 -1.70695292e+02 
 5.24807460e+00 -1.71113931e+02 
 5.49540874e+00 -1.71514864e+02 
 5.75439937e+00 -1.71898798e+02 
 6.02559586e+00 -1.72266422e+02 
 6.30957344e+00 -1.72618405e+02 
 6.60693448e+00 -1.72955396e+02 
 6.91830971e+00 -1.73278027e+02 
 7.24435960e+00 -1.73586908e+02 
 7.58577575e+00 -1.73882629e+02 
 7.94328235e+00 -1.74165762e+02 
 8.31763771e+00 -1.74436856e+02 
 8.70963590e+00 -1.74696445e+02 
 9.12010839e+00 -1.74945042e+02 
 9.54992586e+00 -1.75183140e+02 
 1.00000000e+01 -1.75411216e+02 
 1.04712855e+01 -1.75629730e+02 
 1.09647820e+01 -1.75839122e+02 
 1.14815362e+01 -1.76039818e+02 
 1.20226443e+01 -1.76232226e+02 
 1.25892541e+01 -1.76416741e+02 
 1.31825674e+01 -1.76593742e+02 
 1.38038426e+01 -1.76763592e+02 
 1.44543977e+01 -1.76926643e+02 
 1.51356125e+01 -1.77083231e+02 
 1.58489319e+01 -1.77233683e+02 
 1.65958691e+01 -1.77378309e+02 
 1.73780083e+01 -1.77517413e+02 
 1.81970086e+01 -1.77651284e+02 
 1.90546072e+01 -1.77780201e+02 
 1.99526231e+01 -1.77904435e+02 
 2.08929613e+01 -1.78024247e+02 
 2.18776162e+01 -1.78139886e+02 
 2.29086765e+01 -1.78251597e+02 
 2.39883292e+01 -1.78359614e+02 
 2.51188643e+01 -1.78464165e+02 
 2.63026799e+01 -1.78565469e+02 
 2.75422870e+01 -1.78663741e+02 
 2.88403150e+01 -1.78759188e+02 
 3.01995172e+01 -1.78852010e+02 
 3.16227766e+01 -1.78942405e+02 
 3.31131121e+01 -1.79030563e+02 
 3.46736850e+01 -1.79116671e+02 
 3.63078055e+01 -1.79200911e+02 
 3.80189396e+01 -1.79283460e+02 
 3.98107171e+01 -1.79364495e+02 
 4.16869383e+01 -1.79444186e+02 
 4.36515832e+01 -1.79522703e+02 
 4.57088190e+01 -1.79600211e+02 
 4.78630092e+01 -1.79676875e+02 
 5.01187234e+01 -1.79752858e+02 
 5.24807460e+01 -1.79828320e+02 
 5.49540874e+01 -1.79903422e+02 
 5.75439937e+01 -1.79978324e+02 
 6.02559586e+01  1.79946817e+02 
 6.30957344e+01  1.79871842e+02 
 6.60693448e+01  1.79796591e+02 
 6.91830971e+01  1.79720905e+02 
 7.24435960e+01  1.79644624e+02 
 7.58577575e+01  1.79567586e+02 
 7.94328235e+01  1.79489627e+02 
 8.31763771e+01  1.79410583e+02 
 8.70963590e+01  1.79330287e+02 
 9.12010839e+01  1.79248568e+02 
 9.54992586e+01  1.79165254e+02 
 1.00000000e+02  1.79080169e+02 
 1.04712855e+02  1.78993132e+02 
 1.09647820e+02  1.78903961e+02 
 1.14815362e+02  1.78812468e+02 
 1.20226443e+02  1.78718458e+02 
 1.25892541e+02  1.78621735e+02 
 1.31825674e+02  1.78522094e+02 
 1.38038426e+02  1.78419326e+02 
 1.44543977e+02  1.78313215e+02 
 1.51356125e+02  1.78203537e+02 
 1.58489319e+02  1.78090063e+02 
 1.65958691e+02  1.77972555e+02 
 1.73780083e+02  1.77850767e+02 
 1.81970086e+02  1.77724443e+02 
 1.90546072e+02  1.77593319e+02 
 1.99526231e+02  1.77457122e+02 
 2.08929613e+02  1.77315569e+02 
 2.18776162e+02  1.77168364e+02 
 2.29086765e+02  1.77015202e+02 
 2.39883292e+02  1.76855765e+02 
 2.51188643e+02  1.76689724e+02 
 2.63026799e+02  1.76516736e+02 
 2.75422870e+02  1.76336445e+02 
 2.88403150e+02  1.76148482e+02 
 3.01995172e+02  1.75952462e+02 
 3.16227766e+02  1.75747987e+02 
 3.31131121e+02  1.75534641e+02 
 3.46736850e+02  1.75311994e+02 
 3.63078055e+02  1.75079599e+02 
 3.80189396e+02  1.74836991e+02 
 3.98107171e+02  1.74583688e+02 
 4.16869383e+02  1.74319192e+02 
 4.36515832e+02  1.74042983e+02 
 4.57088190e+02  1.73754525e+02 
 4.78630092e+02  1.73453262e+02 
 5.01187234e+02  1.73138621e+02 
 5.24807460e+02  1.72810007e+02 
 5.49540874e+02  1.72466808e+02 
 5.75439937e+02  1.72108392e+02 
 6.02559586e+02  1.71734109e+02 
 6.30957344e+02  1.71343291e+02 
 6.60693448e+02  1.70935252e+02 
 6.91830971e+02  1.70509292e+02 
 7.24435960e+02  1.70064692e+02 
 7.58577575e+02  1.69600724e+02 
 7.94328235e+02  1.69116645e+02 
 8.31763771e+02  1.68611703e+02 
 8.70963590e+02  1.68085142e+02 
 9.12010839e+02  1.67536199e+02 
 9.54992586e+02  1.66964115e+02 
 1.00000000e+03  1.66368132e+02 
 1.04712855e+03  1.65747505e+02 
 1.09647820e+03  1.65101502e+02 
 1.14815362e+03  1.64429413e+02 
 1.20226443e+03  1.63730557e+02 
 1.25892541e+03  1.63004289e+02 
 1.31825674e+03  1.62250009e+02 
 1.38038426e+03  1.61467171e+02 
 1.44543977e+03  1.60655295e+02 
 1.51356125e+03  1.59813973e+02 
 1.58489319e+03  1.58942887e+02 
 1.65958691e+03  1.58041817e+02 
 1.73780083e+03  1.57110654e+02 
 1.81970086e+03  1.56149410e+02 
 1.90546072e+03  1.55158239e+02 
 1.99526231e+03  1.54137437e+02 
 2.08929613e+03  1.53087466e+02 
 2.18776162e+03  1.52008954e+02 
 2.29086765e+03  1.50902712e+02 
 2.39883292e+03  1.49769737e+02 
 2.51188643e+03  1.48611221e+02 
 2.63026799e+03  1.47428552e+02 
 2.75422870e+03  1.46223312e+02 
 2.88403150e+03  1.44997278e+02 
 3.01995172e+03  1.43752414e+02 
 3.16227766e+03  1.42490859e+02 
 3.31131121e+03  1.41214917e+02 
 3.46736850e+03  1.39927035e+02 
 3.63078055e+03  1.38629785e+02 
 3.80189396e+03  1.37325842e+02 
 3.98107171e+03  1.36017956e+02 
 4.16869383e+03  1.34708923e+02 
 4.36515832e+03  1.33401559e+02 
 4.57088190e+03  1.32098669e+02 
 4.78630092e+03  1.30803016e+02 
 5.01187234e+03  1.29517298e+02 
 5.24807460e+03  1.28244116e+02 
 5.49540874e+03  1.26985953e+02 
 5.75439937e+03  1.25745153e+02 
 6.02559586e+03  1.24523902e+02 
 6.30957344e+03  1.23324214e+02 
 6.60693448e+03  1.22147920e+02 
 6.91830971e+03  1.20996662e+02 
 7.24435960e+03  1.19871889e+02 
 7.58577575e+03  1.18774853e+02 
 7.94328235e+03  1.17706619e+02 
 8.31763771e+03  1.16668063e+02 
 8.70963590e+03  1.15659882e+02 
 9.12010839e+03  1.14682604e+02 
 9.54992586e+03  1.13736597e+02 
 1.00000000e+04  1.12822082e+02 
 1.04712855e+04  1.11939144e+02 
 1.09647820e+04  1.11087747e+02 
 1.14815362e+04  1.10267741e+02 
 1.20226443e+04  1.09478881e+02 
 1.25892541e+04  1.08720837e+02 
 1.31825674e+04  1.07993204e+02 
 1.38038426e+04  1.07295514e+02 
 1.44543977e+04  1.06627249e+02 
 1.51356125e+04  1.05987845e+02 
 1.58489319e+04  1.05376707e+02 
 1.65958691e+04  1.04793214e+02 
 1.73780083e+04  1.04236725e+02 
 1.81970086e+04  1.03706590e+02 
 1.90546072e+04  1.03202151e+02 
 1.99526231e+04  1.02722752e+02 
 2.08929613e+04  1.02267739e+02 
 2.18776162e+04  1.01836466e+02 
 2.29086765e+04  1.01428302e+02 
 2.39883292e+04  1.01042627e+02 
 2.51188643e+04  1.00678841e+02 
 2.63026799e+04  1.00336362e+02 
 2.75422870e+04  1.00014632e+02 
 2.88403150e+04  9.97131137e+01 
 3.01995172e+04  9.94312953e+01 
 3.16227766e+04  9.91686906e+01 
 3.31131121e+04  9.89248399e+01 
 3.46736850e+04  9.86993108e+01 
 3.63078055e+04  9.84916985e+01 
 3.80189396e+04  9.83016264e+01 
 3.98107171e+04  9.81287466e+01 
 4.16869383e+04  9.79727398e+01 
 4.36515832e+04  9.78333158e+01 
 4.57088190e+04  9.77102135e+01 
 4.78630092e+04  9.76032010e+01 
 5.01187234e+04  9.75120753e+01 
 5.24807460e+04  9.74366631e+01 
 5.49540874e+04  9.73768199e+01 
 5.75439937e+04  9.73324307e+01 
 6.02559586e+04  9.73034095e+01 
 6.30957344e+04  9.72896994e+01 
 6.60693448e+04  9.72912729e+01 
 6.91830971e+04  9.73081313e+01 
 7.24435960e+04  9.73403051e+01 
 7.58577575e+04  9.73878536e+01 
 7.94328235e+04  9.74508655e+01 
 8.31763771e+04  9.75294581e+01 
 8.70963590e+04  9.76237777e+01 
 9.12010839e+04  9.77339994e+01 
 9.54992586e+04  9.78603273e+01 
 1.00000000e+05  9.80029938e+01 
 1.04712855e+05  9.81622600e+01 
 1.09647820e+05  9.83384152e+01 
 1.14815362e+05  9.85317769e+01 
 1.20226443e+05  9.87426901e+01 
 1.25892541e+05  9.89715273e+01 
 1.31825674e+05  9.92186875e+01 
 1.38038426e+05  9.94845961e+01 
 1.44543977e+05  9.97697034e+01 
 1.51356125e+05  1.00074484e+02 
 1.58489319e+05  1.00399437e+02 
 1.65958691e+05  1.00745080e+02 
 1.73780083e+05  1.01111953e+02 
 1.81970086e+05  1.01500614e+02 
 1.90546072e+05  1.01911635e+02 
 1.99526231e+05  1.02345602e+02 
 2.08929613e+05  1.02803109e+02 
 2.18776162e+05  1.03284758e+02 
 2.29086765e+05  1.03791150e+02 
 2.39883292e+05  1.04322885e+02 
 2.51188643e+05  1.04880553e+02 
 2.63026799e+05  1.05464728e+02 
 2.75422870e+05  1.06075966e+02 
 2.88403150e+05  1.06714789e+02 
 3.01995172e+05  1.07381686e+02 
 3.16227766e+05  1.08077094e+02 
 3.31131121e+05  1.08801399e+02 
 3.46736850e+05  1.09554914e+02 
 3.63078055e+05  1.10337877e+02 
 3.80189396e+05  1.11150434e+02 
 3.98107171e+05  1.11992629e+02 
 4.16869383e+05  1.12864387e+02 
 4.36515832e+05  1.13765508e+02 
 4.57088190e+05  1.14695649e+02 
 4.78630092e+05  1.15654311e+02 
 5.01187234e+05  1.16640833e+02 
 5.24807460e+05  1.17654374e+02 
 5.49540874e+05  1.18693911e+02 
 5.75439937e+05  1.19758226e+02 
 6.02559586e+05  1.20845904e+02 
 6.30957344e+05  1.21955329e+02 
 6.60693448e+05  1.23084686e+02 
 6.91830971e+05  1.24231963e+02 
 7.24435960e+05  1.25394961e+02 
 7.58577575e+05  1.26571302e+02 
 7.94328235e+05  1.27758444e+02 
 8.31763771e+05  1.28953701e+02 
 8.70963590e+05  1.30154263e+02 
 9.12010839e+05  1.31357218e+02 
 9.54992586e+05  1.32559581e+02 
 1.00000000e+06  1.33758320e+02 
 1.04712855e+06  1.34950387e+02 
 1.09647820e+06  1.36132743e+02 
 1.14815362e+06  1.37302391e+02 
 1.20226443e+06  1.38456397e+02 
 1.25892541e+06  1.39591924e+02 
 1.31825674e+06  1.40706246e+02 
 1.38038426e+06  1.41796771e+02 
 1.44543977e+06  1.42861059e+02 
 1.51356125e+06  1.43896831e+02 
 1.58489319e+06  1.44901979e+02 
 1.65958691e+06  1.45874575e+02 
 1.73780083e+06  1.46812866e+02 
 1.81970086e+06  1.47715279e+02 
 1.90546072e+06  1.48580413e+02 
 1.99526231e+06  1.49407034e+02 
 2.08929613e+06  1.50194065e+02 
 2.18776162e+06  1.50940577e+02 
 2.29086765e+06  1.51645774e+02 
 2.39883292e+06  1.52308983e+02 
 2.51188643e+06  1.52929642e+02 
 2.63026799e+06  1.53507279e+02 
 2.75422870e+06  1.54041507e+02 
 2.88403150e+06  1.54532003e+02 
 3.01995172e+06  1.54978500e+02 
 3.16227766e+06  1.55380767e+02 
 3.31131121e+06  1.55738607e+02 
 3.46736850e+06  1.56051834e+02 
 3.63078055e+06  1.56320268e+02 
 3.80189396e+06  1.56543725e+02 
 3.98107171e+06  1.56722004e+02 
 4.16869383e+06  1.56854879e+02 
 4.36515832e+06  1.56942089e+02 
 4.57088190e+06  1.56983334e+02 
 4.78630092e+06  1.56978263e+02 
 5.01187234e+06  1.56926468e+02 
 5.24807460e+06  1.56827478e+02 
 5.49540874e+06  1.56680753e+02 
 5.75439937e+06  1.56485675e+02 
 6.02559586e+06  1.56241547e+02 
 6.30957344e+06  1.55947581e+02 
 6.60693448e+06  1.55602899e+02 
 6.91830971e+06  1.55206522e+02 
 7.24435960e+06  1.54757369e+02 
 7.58577575e+06  1.54254249e+02 
 7.94328235e+06  1.53695859e+02 
 8.31763771e+06  1.53080774e+02 
 8.70963590e+06  1.52407450e+02 
 9.12010839e+06  1.51674212e+02 
 9.54992586e+06  1.50879258e+02 
 1.00000000e+07  1.50020652e+02 
 1.04712855e+07  1.49096320e+02 
 1.09647820e+07  1.48104058e+02 
 1.14815362e+07  1.47041523e+02 
 1.20226443e+07  1.45906247e+02 
 1.25892541e+07  1.44695638e+02 
 1.31825674e+07  1.43406991e+02 
 1.38038426e+07  1.42037509e+02 
 1.44543977e+07  1.40584320e+02 
 1.51356125e+07  1.39044510e+02 
 1.58489319e+07  1.37415161e+02 
 1.65958691e+07  1.35693400e+02 
 1.73780083e+07  1.33876463e+02 
 1.81970086e+07  1.31961770e+02 
 1.90546072e+07  1.29947016e+02 
 1.99526231e+07  1.27830280e+02 
 2.08929613e+07  1.25610152e+02 
 2.18776162e+07  1.23285871e+02 
 2.29086765e+07  1.20857477e+02 
 2.39883292e+07  1.18325980e+02 
 2.51188643e+07  1.15693514e+02 
 2.63026799e+07  1.12963500e+02 
 2.75422870e+07  1.10140775e+02 
 2.88403150e+07  1.07231694e+02 
 3.01995172e+07  1.04244184e+02 
 3.16227766e+07  1.01187726e+02 
 3.31131121e+07  9.80732757e+01 
 3.46736850e+07  9.49130953e+01 
 3.63078055e+07  9.17205113e+01 
 3.80189396e+07  8.85096034e+01 
 3.98107171e+07  8.52948408e+01 
 4.16869383e+07  8.20906921e+01 
 4.36515832e+07  7.89112330e+01 
 4.57088190e+07  7.57697814e+01 
 4.78630092e+07  7.26785828e+01 
 5.01187234e+07  6.96485630e+01 
 5.24807460e+07  6.66891589e+01 
 5.49540874e+07  6.38082286e+01 
 5.75439937e+07  6.10120352e+01 
 6.02559586e+07  5.83052944e+01 
 6.30957344e+07  5.56912708e+01 
 6.60693448e+07  5.31719105e+01 
 6.91830971e+07  5.07479929e+01 
 7.24435960e+07  4.84192927e+01 
 7.58577575e+07  4.61847400e+01 
 7.94328235e+07  4.40425723e+01 
 8.31763771e+07  4.19904735e+01 
 8.70963590e+07  4.00256973e+01 
 9.12010839e+07  3.81451741e+01 
 9.54992586e+07  3.63456005e+01 
 1.00000000e+08  3.46235139e+01 
