 1.00000000e+00 -2.90139856e+01 
 1.04712855e+00 -2.88600550e+01 
 1.09647820e+00 -2.87147397e+01 
 1.14815362e+00 -2.85778268e+01 
 1.20226443e+00 -2.84490767e+01 
 1.25892541e+00 -2.83282269e+01 
 1.31825674e+00 -2.82149956e+01 
 1.38038426e+00 -2.81090852e+01 
 1.44543977e+00 -2.80101860e+01 
 1.51356125e+00 -2.79179797e+01 
 1.58489319e+00 -2.78321427e+01 
 1.65958691e+00 -2.77523496e+01 
 1.73780083e+00 -2.76782751e+01 
 1.81970086e+00 -2.76095976e+01 
 1.90546072e+00 -2.75460007e+01 
 1.99526231e+00 -2.74871754e+01 
 2.08929613e+00 -2.74328217e+01 
 2.18776162e+00 -2.73826498e+01 
 2.29086765e+00 -2.73363810e+01 
 2.39883292e+00 -2.72937488e+01 
 2.51188643e+00 -2.72544992e+01 
 2.63026799e+00 -2.72183909e+01 
 2.75422870e+00 -2.71851958e+01 
 2.88403150e+00 -2.71546984e+01 
 3.01995172e+00 -2.71266964e+01 
 3.16227766e+00 -2.71009998e+01 
 3.31131121e+00 -2.70774309e+01 
 3.46736850e+00 -2.70558236e+01 
 3.63078055e+00 -2.70360234e+01 
 3.80189396e+00 -2.70178863e+01 
 3.98107171e+00 -2.70012789e+01 
 4.16869383e+00 -2.69860772e+01 
 4.36515832e+00 -2.69721667e+01 
 4.57088190e+00 -2.69594413e+01 
 4.78630092e+00 -2.69478030e+01 
 5.01187234e+00 -2.69371618e+01 
 5.24807460e+00 -2.69274342e+01 
 5.49540874e+00 -2.69185437e+01 
 5.75439937e+00 -2.69104197e+01 
 6.02559586e+00 -2.69029976e+01 
 6.30957344e+00 -2.68962177e+01 
 6.60693448e+00 -2.68900254e+01 
 6.91830971e+00 -2.68843705e+01 
 7.24435960e+00 -2.68792072e+01 
 7.58577575e+00 -2.68744932e+01 
 7.94328235e+00 -2.68701900e+01 
 8.31763771e+00 -2.68662621e+01 
 8.70963590e+00 -2.68626773e+01 
 9.12010839e+00 -2.68594059e+01 
 9.54992586e+00 -2.68564208e+01 
 1.00000000e+01 -2.68536973e+01 
 1.04712855e+01 -2.68512127e+01 
 1.09647820e+01 -2.68489463e+01 
 1.14815362e+01 -2.68468792e+01 
 1.20226443e+01 -2.68449942e+01 
 1.25892541e+01 -2.68432753e+01 
 1.31825674e+01 -2.68417084e+01 
 1.38038426e+01 -2.68402801e+01 
 1.44543977e+01 -2.68389786e+01 
 1.51356125e+01 -2.68377928e+01 
 1.58489319e+01 -2.68367129e+01 
 1.65958691e+01 -2.68357297e+01 
 1.73780083e+01 -2.68348349e+01 
 1.81970086e+01 -2.68340210e+01 
 1.90546072e+01 -2.68332811e+01 
 1.99526231e+01 -2.68326090e+01 
 2.08929613e+01 -2.68319990e+01 
 2.18776162e+01 -2.68314460e+01 
 2.29086765e+01 -2.68309453e+01 
 2.39883292e+01 -2.68304926e+01 
 2.51188643e+01 -2.68300843e+01 
 2.63026799e+01 -2.68297167e+01 
 2.75422870e+01 -2.68293868e+01 
 2.88403150e+01 -2.68290918e+01 
 3.01995172e+01 -2.68288292e+01 
 3.16227766e+01 -2.68285969e+01 
 3.31131121e+01 -2.68283928e+01 
 3.46736850e+01 -2.68282153e+01 
 3.63078055e+01 -2.68280629e+01 
 3.80189396e+01 -2.68279343e+01 
 3.98107171e+01 -2.68278284e+01 
 4.16869383e+01 -2.68277444e+01 
 4.36515832e+01 -2.68276816e+01 
 4.57088190e+01 -2.68276395e+01 
 4.78630092e+01 -2.68276178e+01 
 5.01187234e+01 -2.68276164e+01 
 5.24807460e+01 -2.68276353e+01 
 5.49540874e+01 -2.68276747e+01 
 5.75439937e+01 -2.68277350e+01 
 6.02559586e+01 -2.68278168e+01 
 6.30957344e+01 -2.68279209e+01 
 6.60693448e+01 -2.68280482e+01 
 6.91830971e+01 -2.68281999e+01 
 7.24435960e+01 -2.68283775e+01 
 7.58577575e+01 -2.68285823e+01 
 7.94328235e+01 -2.68288164e+01 
 8.31763771e+01 -2.68290818e+01 
 8.70963590e+01 -2.68293808e+01 
 9.12010839e+01 -2.68297161e+01 
 9.54992586e+01 -2.68300906e+01 
 1.00000000e+02 -2.68305076e+01 
 1.04712855e+02 -2.68309707e+01 
 1.09647820e+02 -2.68314840e+01 
 1.14815362e+02 -2.68320517e+01 
 1.20226443e+02 -2.68326789e+01 
 1.25892541e+02 -2.68333709e+01 
 1.31825674e+02 -2.68341337e+01 
 1.38038426e+02 -2.68349736e+01 
 1.44543977e+02 -2.68358979e+01 
 1.51356125e+02 -2.68369144e+01 
 1.58489319e+02 -2.68380316e+01 
 1.65958691e+02 -2.68392592e+01 
 1.73780083e+02 -2.68406073e+01 
 1.81970086e+02 -2.68420873e+01 
 1.90546072e+02 -2.68437117e+01 
 1.99526231e+02 -2.68454941e+01 
 2.08929613e+02 -2.68474494e+01 
 2.18776162e+02 -2.68495940e+01 
 2.29086765e+02 -2.68519457e+01 
 2.39883292e+02 -2.68545243e+01 
 2.51188643e+02 -2.68573511e+01 
 2.63026799e+02 -2.68604496e+01 
 2.75422870e+02 -2.68638455e+01 
 2.88403150e+02 -2.68675669e+01 
 3.01995172e+02 -2.68716445e+01 
 3.16227766e+02 -2.68761117e+01 
 3.31131121e+02 -2.68810054e+01 
 3.46736850e+02 -2.68863654e+01 
 3.63078055e+02 -2.68922354e+01 
 3.80189396e+02 -2.68986632e+01 
 3.98107171e+02 -2.69057005e+01 
 4.16869383e+02 -2.69134041e+01 
 4.36515832e+02 -2.69218355e+01 
 4.57088190e+02 -2.69310619e+01 
 4.78630092e+02 -2.69411562e+01 
 5.01187234e+02 -2.69521976e+01 
 5.24807460e+02 -2.69642724e+01 
 5.49540874e+02 -2.69774738e+01 
 5.75439937e+02 -2.69919031e+01 
 6.02559586e+02 -2.70076696e+01 
 6.30957344e+02 -2.70248919e+01 
 6.60693448e+02 -2.70436977e+01 
 6.91830971e+02 -2.70642248e+01 
 7.24435960e+02 -2.70866214e+01 
 7.58577575e+02 -2.71110468e+01 
 7.94328235e+02 -2.71376718e+01 
 8.31763771e+02 -2.71666793e+01 
 8.70963590e+02 -2.71982642e+01 
 9.12010839e+02 -2.72326345e+01 
 9.54992586e+02 -2.72700108e+01 
 1.00000000e+03 -2.73106267e+01 
 1.04712855e+03 -2.73547289e+01 
 1.09647820e+03 -2.74025767e+01 
 1.14815362e+03 -2.74544420e+01 
 1.20226443e+03 -2.75106082e+01 
 1.25892541e+03 -2.75713696e+01 
 1.31825674e+03 -2.76370303e+01 
 1.38038426e+03 -2.77079030e+01 
 1.44543977e+03 -2.77843066e+01 
 1.51356125e+03 -2.78665649e+01 
 1.58489319e+03 -2.79550039e+01 
 1.65958691e+03 -2.80499492e+01 
 1.73780083e+03 -2.81517230e+01 
 1.81970086e+03 -2.82606410e+01 
 1.90546072e+03 -2.83770089e+01 
 1.99526231e+03 -2.85011191e+01 
 2.08929613e+03 -2.86332466e+01 
 2.18776162e+03 -2.87736458e+01 
 2.29086765e+03 -2.89225464e+01 
 2.39883292e+03 -2.90801509e+01 
 2.51188643e+03 -2.92466304e+01 
 2.63026799e+03 -2.94221231e+01 
 2.75422870e+03 -2.96067309e+01 
 2.88403150e+03 -2.98005186e+01 
 3.01995172e+03 -3.00035126e+01 
 3.16227766e+03 -3.02156999e+01 
 3.31131121e+03 -3.04370293e+01 
 3.46736850e+03 -3.06674113e+01 
 3.63078055e+03 -3.09067203e+01 
 3.80189396e+03 -3.11547962e+01 
 3.98107171e+03 -3.14114471e+01 
 4.16869383e+03 -3.16764523e+01 
 4.36515832e+03 -3.19495656e+01 
 4.57088190e+03 -3.22305186e+01 
 4.78630092e+03 -3.25190246e+01 
 5.01187234e+03 -3.28147820e+01 
 5.24807460e+03 -3.31174781e+01 
 5.49540874e+03 -3.34267925e+01 
 5.75439937e+03 -3.37424002e+01 
 6.02559586e+03 -3.40639749e+01 
 6.30957344e+03 -3.43911918e+01 
 6.60693448e+03 -3.47237298e+01 
 6.91830971e+03 -3.50612736e+01 
 7.24435960e+03 -3.54035159e+01 
 7.58577575e+03 -3.57501585e+01 
 7.94328235e+03 -3.61009140e+01 
 8.31763771e+03 -3.64555060e+01 
 8.70963590e+03 -3.68136707e+01 
 9.12010839e+03 -3.71751567e+01 
 9.54992586e+03 -3.75397254e+01 
 1.00000000e+04 -3.79071514e+01 
 1.04712855e+04 -3.82772219e+01 
 1.09647820e+04 -3.86497372e+01 
 1.14815362e+04 -3.90245097e+01 
 1.20226443e+04 -3.94013641e+01 
 1.25892541e+04 -3.97801366e+01 
 1.31825674e+04 -4.01606746e+01 
 1.38038426e+04 -4.05428360e+01 
 1.44543977e+04 -4.09264891e+01 
 1.51356125e+04 -4.13115115e+01 
 1.58489319e+04 -4.16977898e+01 
 1.65958691e+04 -4.20852192e+01 
 1.73780083e+04 -4.24737025e+01 
 1.81970086e+04 -4.28631503e+01 
 1.90546072e+04 -4.32534797e+01 
 1.99526231e+04 -4.36446143e+01 
 2.08929613e+04 -4.40364837e+01 
 2.18776162e+04 -4.44290228e+01 
 2.29086765e+04 -4.48221717e+01 
 2.39883292e+04 -4.52158748e+01 
 2.51188643e+04 -4.56100812e+01 
 2.63026799e+04 -4.60047436e+01 
 2.75422870e+04 -4.63998183e+01 
 2.88403150e+04 -4.67952649e+01 
 3.01995172e+04 -4.71910458e+01 
 3.16227766e+04 -4.75871262e+01 
 3.31131121e+04 -4.79834735e+01 
 3.46736850e+04 -4.83800576e+01 
 3.63078055e+04 -4.87768499e+01 
 3.80189396e+04 -4.91738237e+01 
 3.98107171e+04 -4.95709537e+01 
 4.16869383e+04 -4.99682159e+01 
 4.36515832e+04 -5.03655874e+01 
 4.57088190e+04 -5.07630462e+01 
 4.78630092e+04 -5.11605709e+01 
 5.01187234e+04 -5.15581407e+01 
 5.24807460e+04 -5.19557352e+01 
 5.49540874e+04 -5.23533342e+01 
 5.75439937e+04 -5.27509176e+01 
 6.02559586e+04 -5.31484650e+01 
 6.30957344e+04 -5.35459559e+01 
 6.60693448e+04 -5.39433692e+01 
 6.91830971e+04 -5.43406832e+01 
 7.24435960e+04 -5.47378755e+01 
 7.58577575e+04 -5.51349225e+01 
 7.94328235e+04 -5.55317996e+01 
 8.31763771e+04 -5.59284808e+01 
 8.70963590e+04 -5.63249384e+01 
 9.12010839e+04 -5.67211431e+01 
 9.54992586e+04 -5.71170634e+01 
 1.00000000e+05 -5.75126655e+01 
 1.04712855e+05 -5.79079132e+01 
 1.09647820e+05 -5.83027674e+01 
 1.14815362e+05 -5.86971861e+01 
 1.20226443e+05 -5.90911236e+01 
 1.25892541e+05 -5.94845306e+01 
 1.31825674e+05 -5.98773539e+01 
 1.38038426e+05 -6.02695354e+01 
 1.44543977e+05 -6.06610127e+01 
 1.51356125e+05 -6.10517177e+01 
 1.58489319e+05 -6.14415768e+01 
 1.65958691e+05 -6.18305102e+01 
 1.73780083e+05 -6.22184316e+01 
 1.81970086e+05 -6.26052473e+01 
 1.90546072e+05 -6.29908561e+01 
 1.99526231e+05 -6.33751487e+01 
 2.08929613e+05 -6.37580068e+01 
 2.18776162e+05 -6.41393031e+01 
 2.29086765e+05 -6.45189002e+01 
 2.39883292e+05 -6.48966505e+01 
 2.51188643e+05 -6.52723955e+01 
 2.63026799e+05 -6.56459650e+01 
 2.75422870e+05 -6.60171774e+01 
 2.88403150e+05 -6.63858383e+01 
 3.01995172e+05 -6.67517412e+01 
 3.16227766e+05 -6.71146664e+01 
 3.31131121e+05 -6.74743815e+01 
 3.46736850e+05 -6.78306411e+01 
 3.63078055e+05 -6.81831869e+01 
 3.80189396e+05 -6.85317484e+01 
 3.98107171e+05 -6.88760433e+01 
 4.16869383e+05 -6.92157783e+01 
 4.36515832e+05 -6.95506504e+01 
 4.57088190e+05 -6.98803478e+01 
 4.78630092e+05 -7.02045522e+01 
 5.01187234e+05 -7.05229404e+01 
 5.24807460e+05 -7.08351868e+01 
 5.49540874e+05 -7.11409659e+01 
 5.75439937e+05 -7.14399551e+01 
 6.02559586e+05 -7.17318383e+01 
 6.30957344e+05 -7.20163090e+01 
 6.60693448e+05 -7.22930737e+01 
 6.91830971e+05 -7.25618558e+01 
 7.24435960e+05 -7.28223994e+01 
 7.58577575e+05 -7.30744725e+01 
 7.94328235e+05 -7.33178704e+01 
 8.31763771e+05 -7.35524192e+01 
 8.70963590e+05 -7.37779784e+01 
 9.12010839e+05 -7.39944429e+01 
 9.54992586e+05 -7.42017450e+01 
 1.00000000e+06 -7.43998557e+01 
 1.04712855e+06 -7.45887849e+01 
 1.09647820e+06 -7.47685815e+01 
 1.14815362e+06 -7.49393325e+01 
 1.20226443e+06 -7.51011615e+01 
 1.25892541e+06 -7.52542272e+01 
 1.31825674e+06 -7.53987201e+01 
 1.38038426e+06 -7.55348605e+01 
 1.44543977e+06 -7.56628946e+01 
 1.51356125e+06 -7.57830913e+01 
 1.58489319e+06 -7.58957387e+01 
 1.65958691e+06 -7.60011403e+01 
 1.73780083e+06 -7.60996113e+01 
 1.81970086e+06 -7.61914757e+01 
 1.90546072e+06 -7.62770623e+01 
 1.99526231e+06 -7.63567022e+01 
 2.08929613e+06 -7.64307260e+01 
 2.18776162e+06 -7.64994610e+01 
 2.29086765e+06 -7.65632296e+01 
 2.39883292e+06 -7.66223470e+01 
 2.51188643e+06 -7.66771203e+01 
 2.63026799e+06 -7.67278465e+01 
 2.75422870e+06 -7.67748126e+01 
 2.88403150e+06 -7.68182942e+01 
 3.01995172e+06 -7.68585554e+01 
 3.16227766e+06 -7.68958486e+01 
 3.31131121e+06 -7.69304147e+01 
 3.46736850e+06 -7.69624829e+01 
 3.63078055e+06 -7.69922714e+01 
 3.80189396e+06 -7.70199876e+01 
 3.98107171e+06 -7.70458288e+01 
 4.16869383e+06 -7.70699830e+01 
 4.36515832e+06 -7.70926292e+01 
 4.57088190e+06 -7.71139386e+01 
 4.78630092e+06 -7.71340752e+01 
 5.01187234e+06 -7.71531969e+01 
 5.24807460e+06 -7.71714566e+01 
 5.49540874e+06 -7.71890025e+01 
 5.75439937e+06 -7.72059802e+01 
 6.02559586e+06 -7.72225330e+01 
 6.30957344e+06 -7.72388036e+01 
 6.60693448e+06 -7.72549351e+01 
 6.91830971e+06 -7.72710724e+01 
 7.24435960e+06 -7.72873639e+01 
 7.58577575e+06 -7.73039627e+01 
 7.94328235e+06 -7.73210288e+01 
 8.31763771e+06 -7.73387306e+01 
 8.70963590e+06 -7.73572472e+01 
 9.12010839e+06 -7.73767706e+01 
 9.54992586e+06 -7.73975085e+01 
 1.00000000e+07 -7.74196868e+01 
 1.04712855e+07 -7.74435532e+01 
 1.09647820e+07 -7.74693804e+01 
 1.14815362e+07 -7.74974703e+01 
 1.20226443e+07 -7.75281583e+01 
 1.25892541e+07 -7.75618182e+01 
 1.31825674e+07 -7.75988674e+01 
 1.38038426e+07 -7.76397729e+01 
 1.44543977e+07 -7.76850574e+01 
 1.51356125e+07 -7.77353061e+01 
 1.58489319e+07 -7.77911734e+01 
 1.65958691e+07 -7.78533902e+01 
 1.73780083e+07 -7.79227703e+01 
 1.81970086e+07 -7.80002173e+01 
 1.90546072e+07 -7.80867293e+01 
 1.99526231e+07 -7.81834034e+01 
 2.08929613e+07 -7.82914364e+01 
 2.18776162e+07 -7.84121236e+01 
 2.29086765e+07 -7.85468526e+01 
 2.39883292e+07 -7.86970928e+01 
 2.51188643e+07 -7.88643785e+01 
 2.63026799e+07 -7.90502854e+01 
 2.75422870e+07 -7.92564003e+01 
 2.88403150e+07 -7.94842843e+01 
 3.01995172e+07 -7.97354295e+01 
 3.16227766e+07 -8.00112126e+01 
 3.31131121e+07 -8.03128461e+01 
 3.46736850e+07 -8.06413318e+01 
 3.63078055e+07 -8.09974187e+01 
 3.80189396e+07 -8.13815704e+01 
 3.98107171e+07 -8.17939435e+01 
 4.16869383e+07 -8.22343801e+01 
 4.36515832e+07 -8.27024147e+01 
 4.57088190e+07 -8.31972947e+01 
 4.78630092e+07 -8.37180130e+01 
 5.01187234e+07 -8.42633489e+01 
 5.24807460e+07 -8.48319154e+01 
 5.49540874e+07 -8.54222066e+01 
 5.75439937e+07 -8.60326456e+01 
 6.02559586e+07 -8.66616270e+01 
 6.30957344e+07 -8.73075544e+01 
 6.60693448e+07 -8.79688707e+01 
 6.91830971e+07 -8.86440825e+01 
 7.24435960e+07 -8.93317765e+01 
 7.58577575e+07 -9.00306311e+01 
 7.94328235e+07 -9.07394221e+01 
 8.31763771e+07 -9.14570251e+01 
 8.70963590e+07 -9.21824142e+01 
 9.12010839e+07 -9.29146584e+01 
 9.54992586e+07 -9.36529165e+01 
 1.00000000e+08 -9.43964314e+01 
