 1.00000000e+00 -1.40038132e+02 
 1.04712855e+00 -1.41367282e+02 
 1.09647820e+00 -1.42679712e+02 
 1.14815362e+00 -1.43973227e+02 
 1.20226443e+00 -1.45245786e+02 
 1.25892541e+00 -1.46495523e+02 
 1.31825674e+00 -1.47720753e+02 
 1.38038426e+00 -1.48919980e+02 
 1.44543977e+00 -1.50091901e+02 
 1.51356125e+00 -1.51235405e+02 
 1.58489319e+00 -1.52349570e+02 
 1.65958691e+00 -1.53433660e+02 
 1.73780083e+00 -1.54487114e+02 
 1.81970086e+00 -1.55509540e+02 
 1.90546072e+00 -1.56500703e+02 
 1.99526231e+00 -1.57460513e+02 
 2.08929613e+00 -1.58389016e+02 
 2.18776162e+00 -1.59286377e+02 
 2.29086765e+00 -1.60152870e+02 
 2.39883292e+00 -1.60988867e+02 
 2.51188643e+00 -1.61794822e+02 
 2.63026799e+00 -1.62571265e+02 
 2.75422870e+00 -1.63318788e+02 
 2.88403150e+00 -1.64038034e+02 
 3.01995172e+00 -1.64729690e+02 
 3.16227766e+00 -1.65394479e+02 
 3.31131121e+00 -1.66033150e+02 
 3.46736850e+00 -1.66646470e+02 
 3.63078055e+00 -1.67235224e+02 
 3.80189396e+00 -1.67800202e+02 
 3.98107171e+00 -1.68342198e+02 
 4.16869383e+00 -1.68862005e+02 
 4.36515832e+00 -1.69360413e+02 
 4.57088190e+00 -1.69838203e+02 
 4.78630092e+00 -1.70296145e+02 
 5.01187234e+00 -1.70734999e+02 
 5.24807460e+00 -1.71155507e+02 
 5.49540874e+00 -1.71558398e+02 
 5.75439937e+00 -1.71944382e+02 
 6.02559586e+00 -1.72314152e+02 
 6.30957344e+00 -1.72668383e+02 
 6.60693448e+00 -1.73007728e+02 
 6.91830971e+00 -1.73332824e+02 
 7.24435960e+00 -1.73644286e+02 
 7.58577575e+00 -1.73942709e+02 
 7.94328235e+00 -1.74228672e+02 
 8.31763771e+00 -1.74502730e+02 
 8.70963590e+00 -1.74765422e+02 
 9.12010839e+00 -1.75017268e+02 
 9.54992586e+00 -1.75258769e+02 
 1.00000000e+01 -1.75490409e+02 
 1.04712855e+01 -1.75712653e+02 
 1.09647820e+01 -1.75925953e+02 
 1.14815362e+01 -1.76130739e+02 
 1.20226443e+01 -1.76327432e+02 
 1.25892541e+01 -1.76516433e+02 
 1.31825674e+01 -1.76698131e+02 
 1.38038426e+01 -1.76872900e+02 
 1.44543977e+01 -1.77041101e+02 
 1.51356125e+01 -1.77203083e+02 
 1.58489319e+01 -1.77359182e+02 
 1.65958691e+01 -1.77509722e+02 
 1.73780083e+01 -1.77655018e+02 
 1.81970086e+01 -1.77795373e+02 
 1.90546072e+01 -1.77931080e+02 
 1.99526231e+01 -1.78062424e+02 
 2.08929613e+01 -1.78189680e+02 
 2.18776162e+01 -1.78313115e+02 
 2.29086765e+01 -1.78432989e+02 
 2.39883292e+01 -1.78549553e+02 
 2.51188643e+01 -1.78663054e+02 
 2.63026799e+01 -1.78773730e+02 
 2.75422870e+01 -1.78881815e+02 
 2.88403150e+01 -1.78987537e+02 
 3.01995172e+01 -1.79091119e+02 
 3.16227766e+01 -1.79192780e+02 
 3.31131121e+01 -1.79292735e+02 
 3.46736850e+01 -1.79391196e+02 
 3.63078055e+01 -1.79488370e+02 
 3.80189396e+01 -1.79584463e+02 
 3.98107171e+01 -1.79679678e+02 
 4.16869383e+01 -1.79774218e+02 
 4.36515832e+01 -1.79868283e+02 
 4.57088190e+01 -1.79962071e+02 
 4.78630092e+01  1.79944219e+02 
 5.01187234e+01  1.79850388e+02 
 5.24807460e+01  1.79756237e+02 
 5.49540874e+01  1.79661568e+02 
 5.75439937e+01  1.79566179e+02 
 6.02559586e+01  1.79469868e+02 
 6.30957344e+01  1.79372432e+02 
 6.60693448e+01  1.79273665e+02 
 6.91830971e+01  1.79173358e+02 
 7.24435960e+01  1.79071298e+02 
 7.58577575e+01  1.78967270e+02 
 7.94328235e+01  1.78861054e+02 
 8.31763771e+01  1.78752427e+02 
 8.70963590e+01  1.78641159e+02 
 9.12010839e+01  1.78527015e+02 
 9.54992586e+01  1.78409756e+02 
 1.00000000e+02  1.78289135e+02 
 1.04712855e+02  1.78164898e+02 
 1.09647820e+02  1.78036785e+02 
 1.14815362e+02  1.77904528e+02 
 1.20226443e+02  1.77767849e+02 
 1.25892541e+02  1.77626463e+02 
 1.31825674e+02  1.77480076e+02 
 1.38038426e+02  1.77328381e+02 
 1.44543977e+02  1.77171065e+02 
 1.51356125e+02  1.77007800e+02 
 1.58489319e+02  1.76838249e+02 
 1.65958691e+02  1.76662061e+02 
 1.73780083e+02  1.76478873e+02 
 1.81970086e+02  1.76288311e+02 
 1.90546072e+02  1.76089982e+02 
 1.99526231e+02  1.75883484e+02 
 2.08929613e+02  1.75668397e+02 
 2.18776162e+02  1.75444285e+02 
 2.29086765e+02  1.75210697e+02 
 2.39883292e+02  1.74967166e+02 
 2.51188643e+02  1.74713207e+02 
 2.63026799e+02  1.74448318e+02 
 2.75422870e+02  1.74171978e+02 
 2.88403150e+02  1.73883648e+02 
 3.01995172e+02  1.73582772e+02 
 3.16227766e+02  1.73268774e+02 
 3.31131121e+02  1.72941058e+02 
 3.46736850e+02  1.72599012e+02 
 3.63078055e+02  1.72242002e+02 
 3.80189396e+02  1.71869377e+02 
 3.98107171e+02  1.71480469e+02 
 4.16869383e+02  1.71074591e+02 
 4.36515832e+02  1.70651041e+02 
 4.57088190e+02  1.70209100e+02 
 4.78630092e+02  1.69748036e+02 
 5.01187234e+02  1.69267106e+02 
 5.24807460e+02  1.68765555e+02 
 5.49540874e+02  1.68242622e+02 
 5.75439937e+02  1.67697543e+02 
 6.02559586e+02  1.67129550e+02 
 6.30957344e+02  1.66537881e+02 
 6.60693448e+02  1.65921782e+02 
 6.91830971e+02  1.65280513e+02 
 7.24435960e+02  1.64613352e+02 
 7.58577575e+02  1.63919604e+02 
 7.94328235e+02  1.63198611e+02 
 8.31763771e+02  1.62449754e+02 
 8.70963590e+02  1.61672467e+02 
 9.12010839e+02  1.60866247e+02 
 9.54992586e+02  1.60030660e+02 
 1.00000000e+03  1.59165359e+02 
 1.04712855e+03  1.58270091e+02 
 1.09647820e+03  1.57344711e+02 
 1.14815362e+03  1.56389193e+02 
 1.20226443e+03  1.55403645e+02 
 1.25892541e+03  1.54388320e+02 
 1.31825674e+03  1.53343628e+02 
 1.38038426e+03  1.52270147e+02 
 1.44543977e+03  1.51168631e+02 
 1.51356125e+03  1.50040022e+02 
 1.58489319e+03  1.48885453e+02 
 1.65958691e+03  1.47706252e+02 
 1.73780083e+03  1.46503944e+02 
 1.81970086e+03  1.45280248e+02 
 1.90546072e+03  1.44037071e+02 
 1.99526231e+03  1.42776501e+02 
 2.08929613e+03  1.41500789e+02 
 2.18776162e+03  1.40212341e+02 
 2.29086765e+03  1.38913689e+02 
 2.39883292e+03  1.37607476e+02 
 2.51188643e+03  1.36296425e+02 
 2.63026799e+03  1.34983314e+02 
 2.75422870e+03  1.33670949e+02 
 2.88403150e+03  1.32362131e+02 
 3.01995172e+03  1.31059628e+02 
 3.16227766e+03  1.29766148e+02 
 3.31131121e+03  1.28484311e+02 
 3.46736850e+03  1.27216622e+02 
 3.63078055e+03  1.25965455e+02 
 3.80189396e+03  1.24733027e+02 
 3.98107171e+03  1.23521388e+02 
 4.16869383e+03  1.22332407e+02 
 4.36515832e+03  1.21167763e+02 
 4.57088190e+03  1.20028944e+02 
 4.78630092e+03  1.18917242e+02 
 5.01187234e+03  1.17833754e+02 
 5.24807460e+03  1.16779393e+02 
 5.49540874e+03  1.15754885e+02 
 5.75439937e+03  1.14760787e+02 
 6.02559586e+03  1.13797490e+02 
 6.30957344e+03  1.12865236e+02 
 6.60693448e+03  1.11964124e+02 
 6.91830971e+03  1.11094130e+02 
 7.24435960e+03  1.10255112e+02 
 7.58577575e+03  1.09446827e+02 
 7.94328235e+03  1.08668942e+02 
 8.31763771e+03  1.07921048e+02 
 8.70963590e+03  1.07202668e+02 
 9.12010839e+03  1.06513267e+02 
 9.54992586e+03  1.05852267e+02 
 1.00000000e+04  1.05219051e+02 
 1.04712855e+04  1.04612971e+02 
 1.09647820e+04  1.04033362e+02 
 1.14815362e+04  1.03479540e+02 
 1.20226443e+04  1.02950814e+02 
 1.25892541e+04  1.02446490e+02 
 1.31825674e+04  1.01965875e+02 
 1.38038426e+04  1.01508281e+02 
 1.44543977e+04  1.01073030e+02 
 1.51356125e+04  1.00659454e+02 
 1.58489319e+04  1.00266902e+02 
 1.65958691e+04  9.98947393e+01 
 1.73780083e+04  9.95423502e+01 
 1.81970086e+04  9.92091394e+01 
 1.90546072e+04  9.88945333e+01 
 1.99526231e+04  9.85979813e+01 
 2.08929613e+04  9.83189564e+01 
 2.18776162e+04  9.80569558e+01 
 2.29086765e+04  9.78115018e+01 
 2.39883292e+04  9.75821416e+01 
 2.51188643e+04  9.73684480e+01 
 2.63026799e+04  9.71700194e+01 
 2.75422870e+04  9.69864796e+01 
 2.88403150e+04  9.68174783e+01 
 3.01995172e+04  9.66626907e+01 
 3.16227766e+04  9.65218176e+01 
 3.31131121e+04  9.63945853e+01 
 3.46736850e+04  9.62807453e+01 
 3.63078055e+04  9.61800744e+01 
 3.80189396e+04  9.60923745e+01 
 3.98107171e+04  9.60174723e+01 
 4.16869383e+04  9.59552193e+01 
 4.36515832e+04  9.59054918e+01 
 4.57088190e+04  9.58681906e+01 
 4.78630092e+04  9.58432411e+01 
 5.01187234e+04  9.58305928e+01 
 5.24807460e+04  9.58302200e+01 
 5.49540874e+04  9.58421210e+01 
 5.75439937e+04  9.58663185e+01 
 6.02559586e+04  9.59028594e+01 
 6.30957344e+04  9.59518152e+01 
 6.60693448e+04  9.60132814e+01 
 6.91830971e+04  9.60873783e+01 
 7.24435960e+04  9.61742505e+01 
 7.58577575e+04  9.62740670e+01 
 7.94328235e+04  9.63870218e+01 
 8.31763771e+04  9.65133334e+01 
 8.70963590e+04  9.66532451e+01 
 9.12010839e+04  9.68070251e+01 
 9.54992586e+04  9.69749665e+01 
 1.00000000e+05  9.71573874e+01 
 1.04712855e+05  9.73546308e+01 
 1.09647820e+05  9.75670644e+01 
 1.14815362e+05  9.77950808e+01 
 1.20226443e+05  9.80390969e+01 
 1.25892541e+05  9.82995540e+01 
 1.31825674e+05  9.85769171e+01 
 1.38038426e+05  9.88716744e+01 
 1.44543977e+05  9.91843366e+01 
 1.51356125e+05  9.95154362e+01 
 1.58489319e+05  9.98655261e+01 
 1.65958691e+05  1.00235179e+02 
 1.73780083e+05  1.00624983e+02 
 1.81970086e+05  1.01035546e+02 
 1.90546072e+05  1.01467485e+02 
 1.99526231e+05  1.01921429e+02 
 2.08929613e+05  1.02398017e+02 
 2.18776162e+05  1.02897889e+02 
 2.29086765e+05  1.03421685e+02 
 2.39883292e+05  1.03970041e+02 
 2.51188643e+05  1.04543583e+02 
 2.63026799e+05  1.05142919e+02 
 2.75422870e+05  1.05768636e+02 
 2.88403150e+05  1.06421287e+02 
 3.01995172e+05  1.07101390e+02 
 3.16227766e+05  1.07809410e+02 
 3.31131121e+05  1.08545759e+02 
 3.46736850e+05  1.09310777e+02 
 3.63078055e+05  1.10104726e+02 
 3.80189396e+05  1.10927774e+02 
 3.98107171e+05  1.11779988e+02 
 4.16869383e+05  1.12661315e+02 
 4.36515832e+05  1.13571574e+02 
 4.57088190e+05  1.14510441e+02 
 4.78630092e+05  1.15477437e+02 
 5.01187234e+05  1.16471918e+02 
 5.24807460e+05  1.17493060e+02 
 5.49540874e+05  1.18539856e+02 
 5.75439937e+05  1.19611103e+02 
 6.02559586e+05  1.20705401e+02 
 6.30957344e+05  1.21821148e+02 
 6.60693448e+05  1.22956542e+02 
 6.91830971e+05  1.24109585e+02 
 7.24435960e+05  1.25278089e+02 
 7.58577575e+05  1.26459687e+02 
 7.94328235e+05  1.27651851e+02 
 8.31763771e+05  1.28851903e+02 
 8.70963590e+05  1.30057044e+02 
 9.12010839e+05  1.31264373e+02 
 9.54992586e+05  1.32470912e+02 
 1.00000000e+06  1.33673639e+02 
 1.04712855e+06  1.34869515e+02 
 1.09647820e+06  1.36055507e+02 
 1.14815362e+06  1.37228628e+02 
 1.20226443e+06  1.38385951e+02 
 1.25892541e+06  1.39524645e+02 
 1.31825674e+06  1.40641990e+02 
 1.38038426e+06  1.41735404e+02 
 1.44543977e+06  1.42802449e+02 
 1.51356125e+06  1.43840854e+02 
 1.58489319e+06  1.44848517e+02 
 1.65958691e+06  1.45823514e+02 
 1.73780083e+06  1.46764098e+02 
 1.81970086e+06  1.47668700e+02 
 1.90546072e+06  1.48535925e+02 
 1.99526231e+06  1.49364542e+02 
 2.08929613e+06  1.50153479e+02 
 2.18776162e+06  1.50901810e+02 
 2.29086765e+06  1.51608744e+02 
 2.39883292e+06  1.52273613e+02 
 2.51188643e+06  1.52895856e+02 
 2.63026799e+06  1.53475005e+02 
 2.75422870e+06  1.54010677e+02 
 2.88403150e+06  1.54502552e+02 
 3.01995172e+06  1.54950364e+02 
 3.16227766e+06  1.55353888e+02 
 3.31131121e+06  1.55712926e+02 
 3.46736850e+06  1.56027298e+02 
 3.63078055e+06  1.56296825e+02 
 3.80189396e+06  1.56521325e+02 
 3.98107171e+06  1.56700599e+02 
 4.16869383e+06  1.56834424e+02 
 4.36515832e+06  1.56922540e+02 
 4.57088190e+06  1.56964650e+02 
 4.78630092e+06  1.56960404e+02 
 5.01187234e+06  1.56909397e+02 
 5.24807460e+06  1.56811158e+02 
 5.49540874e+06  1.56665149e+02 
 5.75439937e+06  1.56470755e+02 
 6.02559586e+06  1.56227278e+02 
 6.30957344e+06  1.55933934e+02 
 6.60693448e+06  1.55589844e+02 
 6.91830971e+06  1.55194031e+02 
 7.24435960e+06  1.54745416e+02 
 7.58577575e+06  1.54242809e+02 
 7.94328235e+06  1.53684906e+02 
 8.31763771e+06  1.53070286e+02 
 8.70963590e+06  1.52397404e+02 
 9.12010839e+06  1.51664587e+02 
 9.54992586e+06  1.50870033e+02 
 1.00000000e+07  1.50011807e+02 
 1.04712855e+07  1.49087836e+02 
 1.09647820e+07  1.48095917e+02 
 1.14815362e+07  1.47033707e+02 
 1.20226443e+07  1.45898740e+02 
 1.25892541e+07  1.44688422e+02 
 1.31825674e+07  1.43400052e+02 
 1.38038426e+07  1.42030831e+02 
 1.44543977e+07  1.40577888e+02 
 1.51356125e+07  1.39038311e+02 
 1.58489319e+07  1.37409180e+02 
 1.65958691e+07  1.35687625e+02 
 1.73780083e+07  1.33870880e+02 
 1.81970086e+07  1.31956367e+02 
 1.90546072e+07  1.29941781e+02 
 1.99526231e+07  1.27825202e+02 
 2.08929613e+07  1.25605220e+02 
 2.18776162e+07  1.23281073e+02 
 2.29086765e+07  1.20852805e+02 
 2.39883292e+07  1.18321423e+02 
 2.51188643e+07  1.15689064e+02 
 2.63026799e+07  1.12959148e+02 
 2.75422870e+07  1.10136513e+02 
 2.88403150e+07  1.07227516e+02 
 3.01995172e+07  1.04240083e+02 
 3.16227766e+07  1.01183698e+02 
 3.31131121e+07  9.80693149e+01 
 3.46736850e+07  9.49091980e+01 
 3.63078055e+07  9.17166743e+01 
 3.80189396e+07  8.85058240e+01 
 3.98107171e+07  8.52911169e+01 
 4.16869383e+07  8.20870219e+01 
 4.36515832e+07  7.89076148e+01 
 4.57088190e+07  7.57662139e+01 
 4.78630092e+07  7.26750646e+01 
 5.01187234e+07  6.96450924e+01 
 5.24807460e+07  6.66857341e+01 
 5.49540874e+07  6.38048475e+01 
 5.75439937e+07  6.10086954e+01 
 6.02559586e+07  5.83019930e+01 
 6.30957344e+07  5.56880049e+01 
 6.60693448e+07  5.31686763e+01 
 6.91830971e+07  5.07447867e+01 
 7.24435960e+07  4.84161103e+01 
 7.58577575e+07  4.61815769e+01 
 7.94328235e+07  4.40394236e+01 
 8.31763771e+07  4.19873343e+01 
 8.70963590e+07  4.00225624e+01 
 9.12010839e+07  3.81420380e+01 
 9.54992586e+07  3.63424576e+01 
 1.00000000e+08  3.46203584e+01 
