 1.00000000e+00 -7.07951735e+01 
 1.04712855e+00 -7.07949479e+01 
 1.09647820e+00 -7.07947004e+01 
 1.14815362e+00 -7.07944292e+01 
 1.20226443e+00 -7.07941317e+01 
 1.25892541e+00 -7.07938057e+01 
 1.31825674e+00 -7.07934481e+01 
 1.38038426e+00 -7.07930562e+01 
 1.44543977e+00 -7.07926264e+01 
 1.51356125e+00 -7.07921553e+01 
 1.58489319e+00 -7.07916388e+01 
 1.65958691e+00 -7.07910725e+01 
 1.73780083e+00 -7.07904517e+01 
 1.81970086e+00 -7.07897711e+01 
 1.90546072e+00 -7.07890251e+01 
 1.99526231e+00 -7.07882072e+01 
 2.08929613e+00 -7.07873106e+01 
 2.18776162e+00 -7.07863277e+01 
 2.29086765e+00 -7.07852504e+01 
 2.39883292e+00 -7.07840695e+01 
 2.51188643e+00 -7.07827750e+01 
 2.63026799e+00 -7.07813562e+01 
 2.75422870e+00 -7.07798012e+01 
 2.88403150e+00 -7.07780969e+01 
 3.01995172e+00 -7.07762291e+01 
 3.16227766e+00 -7.07741822e+01 
 3.31131121e+00 -7.07719391e+01 
 3.46736850e+00 -7.07694812e+01 
 3.63078055e+00 -7.07667881e+01 
 3.80189396e+00 -7.07638374e+01 
 3.98107171e+00 -7.07606048e+01 
 4.16869383e+00 -7.07570636e+01 
 4.36515832e+00 -7.07531847e+01 
 4.57088190e+00 -7.07489363e+01 
 4.78630092e+00 -7.07442837e+01 
 5.01187234e+00 -7.07391890e+01 
 5.24807460e+00 -7.07336110e+01 
 5.49540874e+00 -7.07275046e+01 
 5.75439937e+00 -7.07208209e+01 
 6.02559586e+00 -7.07135063e+01 
 6.30957344e+00 -7.07055029e+01 
 6.60693448e+00 -7.06967475e+01 
 6.91830971e+00 -7.06871714e+01 
 7.24435960e+00 -7.06767003e+01 
 7.58577575e+00 -7.06652535e+01 
 7.94328235e+00 -7.06527435e+01 
 8.31763771e+00 -7.06390757e+01 
 8.70963590e+00 -7.06241479e+01 
 9.12010839e+00 -7.06078500e+01 
 9.54992586e+00 -7.05900630e+01 
 1.00000000e+01 -7.05706593e+01 
 1.04712855e+01 -7.05495018e+01 
 1.09647820e+01 -7.05264434e+01 
 1.14815362e+01 -7.05013271e+01 
 1.20226443e+01 -7.04739854e+01 
 1.25892541e+01 -7.04442401e+01 
 1.31825674e+01 -7.04119021e+01 
 1.38038426e+01 -7.03767715e+01 
 1.44543977e+01 -7.03386376e+01 
 1.51356125e+01 -7.02972792e+01 
 1.58489319e+01 -7.02524651e+01 
 1.65958691e+01 -7.02039543e+01 
 1.73780083e+01 -7.01514973e+01 
 1.81970086e+01 -7.00948368e+01 
 1.90546072e+01 -7.00337095e+01 
 1.99526231e+01 -6.99678467e+01 
 2.08929613e+01 -6.98969772e+01 
 2.18776162e+01 -6.98208287e+01 
 2.29086765e+01 -6.97391303e+01 
 2.39883292e+01 -6.96516148e+01 
 2.51188643e+01 -6.95580218e+01 
 2.63026799e+01 -6.94581004e+01 
 2.75422870e+01 -6.93516117e+01 
 2.88403150e+01 -6.92383322e+01 
 3.01995172e+01 -6.91180563e+01 
 3.16227766e+01 -6.89905990e+01 
 3.31131121e+01 -6.88557982e+01 
 3.46736850e+01 -6.87135166e+01 
 3.63078055e+01 -6.85636433e+01 
 3.80189396e+01 -6.84060949e+01 
 3.98107171e+01 -6.82408157e+01 
 4.16869383e+01 -6.80677778e+01 
 4.36515832e+01 -6.78869802e+01 
 4.57088190e+01 -6.76984478e+01 
 4.78630092e+01 -6.75022291e+01 
 5.01187234e+01 -6.72983945e+01 
 5.24807460e+01 -6.70870336e+01 
 5.49540874e+01 -6.68682524e+01 
 5.75439937e+01 -6.66421706e+01 
 6.02559586e+01 -6.64089188e+01 
 6.30957344e+01 -6.61686359e+01 
 6.60693448e+01 -6.59214671e+01 
 6.91830971e+01 -6.56675615e+01 
 7.24435960e+01 -6.54070711e+01 
 7.58577575e+01 -6.51401490e+01 
 7.94328235e+01 -6.48669494e+01 
 8.31763771e+01 -6.45876271e+01 
 8.70963590e+01 -6.43023372e+01 
 9.12010839e+01 -6.40112356e+01 
 9.54992586e+01 -6.37144797e+01 
 1.00000000e+02 -6.34122284e+01 
 1.04712855e+02 -6.31046432e+01 
 1.09647820e+02 -6.27918882e+01 
 1.14815362e+02 -6.24741306e+01 
 1.20226443e+02 -6.21515412e+01 
 1.25892541e+02 -6.18242938e+01 
 1.31825674e+02 -6.14925658e+01 
 1.38038426e+02 -6.11565369e+01 
 1.44543977e+02 -6.08163892e+01 
 1.51356125e+02 -6.04723064e+01 
 1.58489319e+02 -6.01244730e+01 
 1.65958691e+02 -5.97730731e+01 
 1.73780083e+02 -5.94182899e+01 
 1.81970086e+02 -5.90603048e+01 
 1.90546072e+02 -5.86992962e+01 
 1.99526231e+02 -5.83354390e+01 
 2.08929613e+02 -5.79689037e+01 
 2.18776162e+02 -5.75998558e+01 
 2.29086765e+02 -5.72284553e+01 
 2.39883292e+02 -5.68548559e+01 
 2.51188643e+02 -5.64792052e+01 
 2.63026799e+02 -5.61016441e+01 
 2.75422870e+02 -5.57223064e+01 
 2.88403150e+02 -5.53413194e+01 
 3.01995172e+02 -5.49588032e+01 
 3.16227766e+02 -5.45748711e+01 
 3.31131121e+02 -5.41896295e+01 
 3.46736850e+02 -5.38031786e+01 
 3.63078055e+02 -5.34156118e+01 
 3.80189396e+02 -5.30270165e+01 
 3.98107171e+02 -5.26374742e+01 
 4.16869383e+02 -5.22470608e+01 
 4.36515832e+02 -5.18558466e+01 
 4.57088190e+02 -5.14638972e+01 
 4.78630092e+02 -5.10712730e+01 
 5.01187234e+02 -5.06780304e+01 
 5.24807460e+02 -5.02842211e+01 
 5.49540874e+02 -4.98898932e+01 
 5.75439937e+02 -4.94950910e+01 
 6.02559586e+02 -4.90998554e+01 
 6.30957344e+02 -4.87042241e+01 
 6.60693448e+02 -4.83082321e+01 
 6.91830971e+02 -4.79119114e+01 
 7.24435960e+02 -4.75152917e+01 
 7.58577575e+02 -4.71184004e+01 
 7.94328235e+02 -4.67212628e+01 
 8.31763771e+02 -4.63239023e+01 
 8.70963590e+02 -4.59263405e+01 
 9.12010839e+02 -4.55285974e+01 
 9.54992586e+02 -4.51306917e+01 
 1.00000000e+03 -4.47326407e+01 
 1.04712855e+03 -4.43344606e+01 
 1.09647820e+03 -4.39361665e+01 
 1.14815362e+03 -4.35377725e+01 
 1.20226443e+03 -4.31392922e+01 
 1.25892541e+03 -4.27407382e+01 
 1.31825674e+03 -4.23421225e+01 
 1.38038426e+03 -4.19434569e+01 
 1.44543977e+03 -4.15447523e+01 
 1.51356125e+03 -4.11460199e+01 
 1.58489319e+03 -4.07472700e+01 
 1.65958691e+03 -4.03485133e+01 
 1.73780083e+03 -3.99497601e+01 
 1.81970086e+03 -3.95510208e+01 
 1.90546072e+03 -3.91523060e+01 
 1.99526231e+03 -3.87536265e+01 
 2.08929613e+03 -3.83549931e+01 
 2.18776162e+03 -3.79564173e+01 
 2.29086765e+03 -3.75579108e+01 
 2.39883292e+03 -3.71594859e+01 
 2.51188643e+03 -3.67611557e+01 
 2.63026799e+03 -3.63629338e+01 
 2.75422870e+03 -3.59648346e+01 
 2.88403150e+03 -3.55668736e+01 
 3.01995172e+03 -3.51690673e+01 
 3.16227766e+03 -3.47714333e+01 
 3.31131121e+03 -3.43739904e+01 
 3.46736850e+03 -3.39767589e+01 
 3.63078055e+03 -3.35797606e+01 
 3.80189396e+03 -3.31830188e+01 
 3.98107171e+03 -3.27865587e+01 
 4.16869383e+03 -3.23904073e+01 
 4.36515832e+03 -3.19945938e+01 
 4.57088190e+03 -3.15991493e+01 
 4.78630092e+03 -3.12041076e+01 
 5.01187234e+03 -3.08095045e+01 
 5.24807460e+03 -3.04153786e+01 
 5.49540874e+03 -3.00217710e+01 
 5.75439937e+03 -2.96287257e+01 
 6.02559586e+03 -2.92362894e+01 
 6.30957344e+03 -2.88445116e+01 
 6.60693448e+03 -2.84534448e+01 
 6.91830971e+03 -2.80631439e+01 
 7.24435960e+03 -2.76736670e+01 
 7.58577575e+03 -2.72850741e+01 
 7.94328235e+03 -2.68974279e+01 
 8.31763771e+03 -2.65107925e+01 
 8.70963590e+03 -2.61252337e+01 
 9.12010839e+03 -2.57408178e+01 
 9.54992586e+03 -2.53576111e+01 
 1.00000000e+04 -2.49756786e+01 
 1.04712855e+04 -2.45950833e+01 
 1.09647820e+04 -2.42158845e+01 
 1.14815362e+04 -2.38381362e+01 
 1.20226443e+04 -2.34618852e+01 
 1.25892541e+04 -2.30871692e+01 
 1.31825674e+04 -2.27140140e+01 
 1.38038426e+04 -2.23424314e+01 
 1.44543977e+04 -2.19724161e+01 
 1.51356125e+04 -2.16039430e+01 
 1.58489319e+04 -2.12369645e+01 
 1.65958691e+04 -2.08714073e+01 
 1.73780083e+04 -2.05071710e+01 
 1.81970086e+04 -2.01441258e+01 
 1.90546072e+04 -1.97821125e+01 
 1.99526231e+04 -1.94209438e+01 
 2.08929613e+04 -1.90604081e+01 
 2.18776162e+04 -1.87002766e+01 
 2.29086765e+04 -1.83403155e+01 
 2.39883292e+04 -1.79803046e+01 
 2.51188643e+04 -1.76200644e+01 
 2.63026799e+04 -1.72594950e+01 
 2.75422870e+04 -1.68986307e+01 
 2.88403150e+04 -1.65377144e+01 
 3.01995172e+04 -1.61772975e+01 
 3.16227766e+04 -1.58183722e+01 
 3.31131121e+04 -1.54625417e+01 
 3.46736850e+04 -1.51122331e+01 
 3.63078055e+04 -1.47709522e+01 
 3.80189396e+04 -1.44435682e+01 
 3.98107171e+04 -1.41365950e+01 
 4.16869383e+04 -1.38584066e+01 
 4.36515832e+04 -1.36192799e+01 
 4.57088190e+04 -1.34311238e+01 
 4.78630092e+04 -1.33067489e+01 
 5.01187234e+04 -1.32586059e+01 
 5.24807460e+04 -1.32970975e+01 
 5.49540874e+04 -1.34288149e+01 
 5.75439937e+04 -1.36552254e+01 
 6.02559586e+04 -1.39722847e+01 
 6.30957344e+04 -1.43711267e+01 
 6.60693448e+04 -1.48395684e+01 
 6.91830971e+04 -1.53639126e+01 
 7.24435960e+04 -1.59305516e+01 
 7.58577575e+04 -1.65270924e+01 
 7.94328235e+04 -1.71429552e+01 
 8.31763771e+04 -1.77695487e+01 
 8.70963590e+04 -1.84001722e+01 
 9.12010839e+04 -1.90297774e+01 
 9.54992586e+04 -1.96546843e+01 
 1.00000000e+05 -2.02723040e+01 
 1.04712855e+05 -2.08808951e+01 
 1.09647820e+05 -2.14793613e+01 
 1.14815362e+05 -2.20670896e+01 
 1.20226443e+05 -2.26438247e+01 
 1.25892541e+05 -2.32095713e+01 
 1.31825674e+05 -2.37645211e+01 
 1.38038426e+05 -2.43089967e+01 
 1.44543977e+05 -2.48434097e+01 
 1.51356125e+05 -2.53682299e+01 
 1.58489319e+05 -2.58839618e+01 
 1.65958691e+05 -2.63911269e+01 
 1.73780083e+05 -2.68902517e+01 
 1.81970086e+05 -2.73818577e+01 
 1.90546072e+05 -2.78664549e+01 
 1.99526231e+05 -2.83445372e+01 
 2.08929613e+05 -2.88165792e+01 
 2.18776162e+05 -2.92830336e+01 
 2.29086765e+05 -2.97443304e+01 
 2.39883292e+05 -3.02008764e+01 
 2.51188643e+05 -3.06530545e+01 
 2.63026799e+05 -3.11012245e+01 
 2.75422870e+05 -3.15457234e+01 
 2.88403150e+05 -3.19868661e+01 
 3.01995172e+05 -3.24249460e+01 
 3.16227766e+05 -3.28602363e+01 
 3.31131121e+05 -3.32929905e+01 
 3.46736850e+05 -3.37234436e+01 
 3.63078055e+05 -3.41518129e+01 
 3.80189396e+05 -3.45782989e+01 
 3.98107171e+05 -3.50030860e+01 
 4.16869383e+05 -3.54263438e+01 
 4.36515832e+05 -3.58482271e+01 
 4.57088190e+05 -3.62688774e+01 
 4.78630092e+05 -3.66884230e+01 
 5.01187234e+05 -3.71069802e+01 
 5.24807460e+05 -3.75246535e+01 
 5.49540874e+05 -3.79415362e+01 
 5.75439937e+05 -3.83577115e+01 
 6.02559586e+05 -3.87732528e+01 
 6.30957344e+05 -3.91882243e+01 
 6.60693448e+05 -3.96026821e+01 
 6.91830971e+05 -4.00166743e+01 
 7.24435960e+05 -4.04302424e+01 
 7.58577575e+05 -4.08434215e+01 
 7.94328235e+05 -4.12562418e+01 
 8.31763771e+05 -4.16687286e+01 
 8.70963590e+05 -4.20809040e+01 
 9.12010839e+05 -4.24927869e+01 
 9.54992586e+05 -4.29043947e+01 
 1.00000000e+06 -4.33157434e+01 
 1.04712855e+06 -4.37268486e+01 
 1.09647820e+06 -4.41377263e+01 
 1.14815362e+06 -4.45483933e+01 
 1.20226443e+06 -4.49588682e+01 
 1.25892541e+06 -4.53691711e+01 
 1.31825674e+06 -4.57793250e+01 
 1.38038426e+06 -4.61893554e+01 
 1.44543977e+06 -4.65992908e+01 
 1.51356125e+06 -4.70091631e+01 
 1.58489319e+06 -4.74190077e+01 
 1.65958691e+06 -4.78288636e+01 
 1.73780083e+06 -4.82387736e+01 
 1.81970086e+06 -4.86487845e+01 
 1.90546072e+06 -4.90589471e+01 
 1.99526231e+06 -4.94693162e+01 
 2.08929613e+06 -4.98799513e+01 
 2.18776162e+06 -5.02909161e+01 
 2.29086765e+06 -5.07022793e+01 
 2.39883292e+06 -5.11141142e+01 
 2.51188643e+06 -5.15264996e+01 
 2.63026799e+06 -5.19395195e+01 
 2.75422870e+06 -5.23532638e+01 
 2.88403150e+06 -5.27678284e+01 
 3.01995172e+06 -5.31833158e+01 
 3.16227766e+06 -5.35998351e+01 
 3.31131121e+06 -5.40175027e+01 
 3.46736850e+06 -5.44364425e+01 
 3.63078055e+06 -5.48567863e+01 
 3.80189396e+06 -5.52786744e+01 
 3.98107171e+06 -5.57022555e+01 
 4.16869383e+06 -5.61276873e+01 
 4.36515832e+06 -5.65551366e+01 
 4.57088190e+06 -5.69847798e+01 
 4.78630092e+06 -5.74168025e+01 
 5.01187234e+06 -5.78514000e+01 
 5.24807460e+06 -5.82887766e+01 
 5.49540874e+06 -5.87291461e+01 
 5.75439937e+06 -5.91727305e+01 
 6.02559586e+06 -5.96197601e+01 
 6.30957344e+06 -6.00704726e+01 
 6.60693448e+06 -6.05251118e+01 
 6.91830971e+06 -6.09839265e+01 
 7.24435960e+06 -6.14471692e+01 
 7.58577575e+06 -6.19150946e+01 
 7.94328235e+06 -6.23879571e+01 
 8.31763771e+06 -6.28660096e+01 
 8.70963590e+06 -6.33495006e+01 
 9.12010839e+06 -6.38386721e+01 
 9.54992586e+06 -6.43337571e+01 
 1.00000000e+07 -6.48349774e+01 
