 1.00000000e+00  4.76640359e-03 
 1.04712855e+00  4.76661302e-03 
 1.09647820e+00  4.76684264e-03 
 1.14815362e+00  4.76709441e-03 
 1.20226443e+00  4.76737044e-03 
 1.25892541e+00  4.76767310e-03 
 1.31825674e+00  4.76800493e-03 
 1.38038426e+00  4.76836874e-03 
 1.44543977e+00  4.76876763e-03 
 1.51356125e+00  4.76920496e-03 
 1.58489319e+00  4.76968444e-03 
 1.65958691e+00  4.77021012e-03 
 1.73780083e+00  4.77078645e-03 
 1.81970086e+00  4.77141831e-03 
 1.90546072e+00  4.77211103e-03 
 1.99526231e+00  4.77287047e-03 
 2.08929613e+00  4.77370303e-03 
 2.18776162e+00  4.77461576e-03 
 2.29086765e+00  4.77561634e-03 
 2.39883292e+00  4.77671321e-03 
 2.51188643e+00  4.77791563e-03 
 2.63026799e+00  4.77923370e-03 
 2.75422870e+00  4.78067851e-03 
 2.88403150e+00  4.78226222e-03 
 3.01995172e+00  4.78399812e-03 
 3.16227766e+00  4.78590077e-03 
 3.31131121e+00  4.78798612e-03 
 3.46736850e+00  4.79027161e-03 
 3.63078055e+00  4.79277636e-03 
 3.80189396e+00  4.79552125e-03 
 3.98107171e+00  4.79852916e-03 
 4.16869383e+00  4.80182510e-03 
 4.36515832e+00  4.80543643e-03 
 4.57088190e+00  4.80939306e-03 
 4.78630092e+00  4.81372767e-03 
 5.01187234e+00  4.81847601e-03 
 5.24807460e+00  4.82367708e-03 
 5.49540874e+00  4.82937350e-03 
 5.75439937e+00  4.83561179e-03 
 6.02559586e+00  4.84244271e-03 
 6.30957344e+00  4.84992160e-03 
 6.60693448e+00  4.85810881e-03 
 6.91830971e+00  4.86707007e-03 
 7.24435960e+00  4.87687698e-03 
 7.58577575e+00  4.88760742e-03 
 7.94328235e+00  4.89934611e-03 
 8.31763771e+00  4.91218508e-03 
 8.70963590e+00  4.92622428e-03 
 9.12010839e+00  4.94157211e-03 
 9.54992586e+00  4.95834607e-03 
 1.00000000e+01  4.97667338e-03 
 1.04712855e+01  4.99669161e-03 
 1.09647820e+01  5.01854939e-03 
 1.14815362e+01  5.04240707e-03 
 1.20226443e+01  5.06843743e-03 
 1.25892541e+01  5.09682636e-03 
 1.31825674e+01  5.12777357e-03 
 1.38038426e+01  5.16149325e-03 
 1.44543977e+01  5.19821475e-03 
 1.51356125e+01  5.23818322e-03 
 1.58489319e+01  5.28166016e-03 
 1.65958691e+01  5.32892401e-03 
 1.73780083e+01  5.38027062e-03 
 1.81970086e+01  5.43601365e-03 
 1.90546072e+01  5.49648497e-03 
 1.99526231e+01  5.56203488e-03 
 2.08929613e+01  5.63303231e-03 
 2.18776162e+01  5.70986491e-03 
 2.29086765e+01  5.79293908e-03 
 2.39883292e+01  5.88267991e-03 
 2.51188643e+01  5.97953103e-03 
 2.63026799e+01  6.08395441e-03 
 2.75422870e+01  6.19643016e-03 
 2.88403150e+01  6.31745625e-03 
 3.01995172e+01  6.44754823e-03 
 3.16227766e+01  6.58723907e-03 
 3.31131121e+01  6.73707889e-03 
 3.46736850e+01  6.89763490e-03 
 3.63078055e+01  7.06949139e-03 
 3.80189396e+01  7.25324981e-03 
 3.98107171e+01  7.44952906e-03 
 4.16869383e+01  7.65896587e-03 
 4.36515832e+01  7.88221543e-03 
 4.57088190e+01  8.11995214e-03 
 4.78630092e+01  8.37287058e-03 
 5.01187234e+01  8.64168666e-03 
 5.24807460e+01  8.92713897e-03 
 5.49540874e+01  9.22999030e-03 
 5.75439937e+01  9.55102937e-03 
 6.02559586e+01  9.89107263e-03 
 6.30957344e+01  1.02509664e-02 
 6.60693448e+01  1.06315888e-02 
 6.91830971e+01  1.10338524e-02 
 7.24435960e+01  1.14587063e-02 
 7.58577575e+01  1.19071388e-02 
 7.94328235e+01  1.23801803e-02 
 8.31763771e+01  1.28789053e-02 
 8.70963590e+01  1.34044363e-02 
 9.12010839e+01  1.39579455e-02 
 9.54992586e+01  1.45406591e-02 
 1.00000000e+02  1.51538592e-02 
 1.04712855e+02  1.57988880e-02 
 1.09647820e+02  1.64771505e-02 
 1.14815362e+02  1.71901180e-02 
 1.20226443e+02  1.79393319e-02 
 1.25892541e+02  1.87264070e-02 
 1.31825674e+02  1.95530355e-02 
 1.38038426e+02  2.04209909e-02 
 1.44543977e+02  2.13321317e-02 
 1.51356125e+02  2.22884060e-02 
 1.58489319e+02  2.32918559e-02 
 1.65958691e+02  2.43446215e-02 
 1.73780083e+02  2.54489462e-02 
 1.81970086e+02  2.66071814e-02 
 1.90546072e+02  2.78217915e-02 
 1.99526231e+02  2.90953595e-02 
 2.08929613e+02  3.04305923e-02 
 2.18776162e+02  3.18303270e-02 
 2.29086765e+02  3.32975363e-02 
 2.39883292e+02  3.48353356e-02 
 2.51188643e+02  3.64469891e-02 
 2.63026799e+02  3.81359171e-02 
 2.75422870e+02  3.99057031e-02 
 2.88403150e+02  4.17601016e-02 
 3.01995172e+02  4.37030459e-02 
 3.16227766e+02  4.57386564e-02 
 3.31131121e+02  4.78712495e-02 
 3.46736850e+02  5.01053467e-02 
 3.63078055e+02  5.24456841e-02 
 3.80189396e+02  5.48972222e-02 
 3.98107171e+02  5.74651568e-02 
 4.16869383e+02  6.01549295e-02 
 4.36515832e+02  6.29722394e-02 
 4.57088190e+02  6.59230549e-02 
 4.78630092e+02  6.90136265e-02 
 5.01187234e+02  7.22504995e-02 
 5.24807460e+02  7.56405279e-02 
 5.49540874e+02  7.91908889e-02 
 5.75439937e+02  8.29090975e-02 
 6.02559586e+02  8.68030222e-02 
 6.30957344e+02  9.08809018e-02 
 6.60693448e+02  9.51513618e-02 
 6.91830971e+02  9.96234326e-02 
 7.24435960e+02  1.04306568e-01 
 7.58577575e+02  1.09210666e-01 
 7.94328235e+02  1.14346085e-01 
 8.31763771e+02  1.19723671e-01 
 8.70963590e+02  1.25354774e-01 
 9.12010839e+02  1.31251275e-01 
 9.54992586e+02  1.37425609e-01 
 1.00000000e+03  1.43890787e-01 
 1.04712855e+03  1.50660427e-01 
 1.09647820e+03  1.57748777e-01 
 1.14815362e+03  1.65170745e-01 
 1.20226443e+03  1.72941930e-01 
 1.25892541e+03  1.81078647e-01 
 1.31825674e+03  1.89597963e-01 
 1.38038426e+03  1.98517729e-01 
 1.44543977e+03  2.07856614e-01 
 1.51356125e+03  2.17634135e-01 
 1.58489319e+03  2.27870701e-01 
 1.65958691e+03  2.38587644e-01 
 1.73780083e+03  2.49807260e-01 
 1.81970086e+03  2.61552846e-01 
 1.90546072e+03  2.73848743e-01 
 1.99526231e+03  2.86720376e-01 
 2.08929613e+03  3.00194293e-01 
 2.18776162e+03  3.14298212e-01 
 2.29086765e+03  3.29061062e-01 
 2.39883292e+03  3.44513026e-01 
 2.51188643e+03  3.60685585e-01 
 2.63026799e+03  3.77611562e-01 
 2.75422870e+03  3.95325164e-01 
 2.88403150e+03  4.13862027e-01 
 3.01995172e+03  4.33259254e-01 
 3.16227766e+03  4.53555459e-01 
 3.31131121e+03  4.74790803e-01 
 3.46736850e+03  4.97007029e-01 
 3.63078055e+03  5.20247496e-01 
 3.80189396e+03  5.44557209e-01 
 3.98107171e+03  5.69982843e-01 
 4.16869383e+03  5.96572762e-01 
 4.36515832e+03  6.24377034e-01 
 4.57088190e+03  6.53447440e-01 
 4.78630092e+03  6.83837470e-01 
 5.01187234e+03  7.15602317e-01 
 5.24807460e+03  7.48798861e-01 
 5.49540874e+03  7.83485638e-01 
 5.75439937e+03  8.19722806e-01 
 6.02559586e+03  8.57572095e-01 
 6.30957344e+03  8.97096749e-01 
 6.60693448e+03  9.38361458e-01 
 6.91830971e+03  9.81432279e-01 
 7.24435960e+03  1.02637655e+00 
 7.58577575e+03  1.07326280e+00 
 7.94328235e+03  1.12216067e+00 
 8.31763771e+03  1.17314079e+00 
 8.70963590e+03  1.22627474e+00 
 9.12010839e+03  1.28163499e+00 
 9.54992586e+03  1.33929485e+00 
 1.00000000e+04  1.39932850e+00 
 1.04712855e+04  1.46181108e+00 
 1.09647820e+04  1.52681880e+00 
 1.14815362e+04  1.59442926e+00 
 1.20226443e+04  1.66472179e+00 
 1.25892541e+04  1.73777799e+00 
 1.31825674e+04  1.81368242e+00 
 1.38038426e+04  1.89252356e+00 
 1.44543977e+04  1.97439492e+00 
 1.51356125e+04  2.05939643e+00 
 1.58489319e+04  2.14763608e+00 
 1.65958691e+04  2.23923185e+00 
 1.73780083e+04  2.33431371e+00 
 1.81970086e+04  2.43302588e+00 
 1.90546072e+04  2.53552896e+00 
 1.99526231e+04  2.64200184e+00 
 2.08929613e+04  2.75264293e+00 
 2.18776162e+04  2.86767029e+00 
 2.29086765e+04  2.98731971e+00 
 2.39883292e+04  3.11183975e+00 
 2.51188643e+04  3.24148198e+00 
 2.63026799e+04  3.37648418e+00 
 2.75422870e+04  3.51704331e+00 
 2.88403150e+04  3.66327378e+00 
 3.01995172e+04  3.81514547e+00 
 3.16227766e+04  3.97239414e+00 
 3.31131121e+04  4.13439591e+00 
 3.46736850e+04  4.29999759e+00 
 3.63078055e+04  4.46729795e+00 
 3.80189396e+04  4.63338448e+00 
 3.98107171e+04  4.79405037e+00 
 4.16869383e+04  4.94355123e+00 
 4.36515832e+04  5.07451050e+00 
 4.57088190e+04  5.17813185e+00 
 4.78630092e+04  5.24488849e+00 
 5.01187234e+04  5.26577521e+00 
 5.24807460e+04  5.23398761e+00 
 5.49540874e+04  5.14659155e+00 
 5.75439937e+04  5.00555443e+00 
 6.02559586e+04  4.81764577e+00 
 6.30957344e+04  4.59318368e+00 
 6.60693448e+04  4.34411387e+00 
 6.91830971e+04  4.08211394e+00 
 7.24435960e+04  3.81723890e+00 
 7.58577575e+04  3.55727133e+00 
 7.94328235e+04  3.30765798e+00 
 8.31763771e+04  3.07180217e+00 
 8.70963590e+04  2.85150034e+00 
 9.12010839e+04  2.64738372e+00 
 9.54992586e+04  2.45929601e+00 
 1.00000000e+05  2.28658610e+00 
 1.04712855e+05  2.12832002e+00 
 1.09647820e+05  1.98342673e+00 
 1.14815362e+05  1.85079372e+00 
 1.20226443e+05  1.72932689e+00 
 1.25892541e+05  1.61798564e+00 
 1.31825674e+05  1.51580157e+00 
 1.38038426e+05  1.42188658e+00 
 1.44543977e+05  1.33543430e+00 
 1.51356125e+05  1.25571758e+00 
 1.58489319e+05  1.18208375e+00 
 1.65958691e+05  1.11394881e+00 
 1.73780083e+05  1.05079118e+00 
 1.81970086e+05  9.92145540e-01 
 1.90546072e+05  9.37596923e-01 
 1.99526231e+05  8.86775224e-01 
 2.08929613e+05  8.39350184e-01 
 2.18776162e+05  7.95026862e-01 
 2.29086765e+05  7.53541574e-01 
 2.39883292e+05  7.14658283e-01 
 2.51188643e+05  6.78165392e-01 
 2.63026799e+05  6.43872914e-01 
 2.75422870e+05  6.11609972e-01 
 2.88403150e+05  5.81222604e-01 
 3.01995172e+05  5.52571820e-01 
 3.16227766e+05  5.25531910e-01 
 3.31131121e+05  4.99988937e-01 
 3.46736850e+05  4.75839432e-01 
 3.63078055e+05  4.52989231e-01 
 3.80189396e+05  4.31352461e-01 
 3.98107171e+05  4.10850646e-01 
 4.16869383e+05  3.91411918e-01 
 4.36515832e+05  3.72970324e-01 
 4.57088190e+05  3.55465215e-01 
 4.78630092e+05  3.38840704e-01 
 5.01187234e+05  3.23045193e-01 
 5.24807460e+05  3.08030950e-01 
 5.49540874e+05  2.93753735e-01 
 5.75439937e+05  2.80172468e-01 
 6.02559586e+05  2.67248943e-01 
 6.30957344e+05  2.54947556e-01 
 6.60693448e+05  2.43235084e-01 
 6.91830971e+05  2.32080470e-01 
 7.24435960e+05  2.21454645e-01 
 7.58577575e+05  2.11330357e-01 
 7.94328235e+05  2.01682026e-01 
 8.31763771e+05  1.92485614e-01 
 8.70963590e+05  1.83718499e-01 
 9.12010839e+05  1.75359374e-01 
 9.54992586e+05  1.67388147e-01 
 1.00000000e+06  1.59785852e-01 
 1.04712855e+06  1.52534573e-01 
 1.09647820e+06  1.45617369e-01 
 1.14815362e+06  1.39018208e-01 
 1.20226443e+06  1.32721909e-01 
 1.25892541e+06  1.26714087e-01 
 1.31825674e+06  1.20981099e-01 
 1.38038426e+06  1.15510005e-01 
 1.44543977e+06  1.10288518e-01 
 1.51356125e+06  1.05304969e-01 
 1.58489319e+06  1.00548272e-01 
 1.65958691e+06  9.60078875e-02 
 1.73780083e+06  9.16737924e-02 
 1.81970086e+06  8.75364526e-02 
 1.90546072e+06  8.35867951e-02 
 1.99526231e+06  7.98161834e-02 
 2.08929613e+06  7.62163942e-02 
 2.18776162e+06  7.27795953e-02 
 2.29086765e+06  6.94983261e-02 
 2.39883292e+06  6.63654774e-02 
 2.51188643e+06  6.33742744e-02 
 2.63026799e+06  6.05182593e-02 
 2.75422870e+06  5.77912756e-02 
 2.88403150e+06  5.51874533e-02 
 3.01995172e+06  5.27011946e-02 
 3.16227766e+06  5.03271607e-02 
 3.31131121e+06  4.80602592e-02 
 3.46736850e+06  4.58956322e-02 
 3.63078055e+06  4.38286451e-02 
 3.80189396e+06  4.18548761e-02 
 3.98107171e+06  3.99701057e-02 
 4.16869383e+06  3.81703074e-02 
 4.36515832e+06  3.64516387e-02 
 4.57088190e+06  3.48104324e-02 
 4.78630092e+06  3.32431880e-02 
 5.01187234e+06  3.17465648e-02 
 5.24807460e+06  3.03173735e-02 
 5.49540874e+06  2.89525700e-02 
 5.75439937e+06  2.76492482e-02 
 6.02559586e+06  2.64046338e-02 
 6.30957344e+06  2.52160782e-02 
 6.60693448e+06  2.40810528e-02 
 6.91830971e+06  2.29971435e-02 
 7.24435960e+06  2.19620452e-02 
 7.58577575e+06  2.09735571e-02 
 7.94328235e+06  2.00295782e-02 
 8.31763771e+06  1.91281020e-02 
 8.70963590e+06  1.82672129e-02 
 9.12010839e+06  1.74450816e-02 
 9.54992586e+06  1.66599617e-02 
 1.00000000e+07  1.59101852e-02 
