 1.00000000e+00 -6.94677749e+01 
 1.04712855e+00 -6.94677165e+01 
 1.09647820e+00 -6.94676525e+01 
 1.14815362e+00 -6.94675824e+01 
 1.20226443e+00 -6.94675054e+01 
 1.25892541e+00 -6.94674211e+01 
 1.31825674e+00 -6.94673286e+01 
 1.38038426e+00 -6.94672272e+01 
 1.44543977e+00 -6.94671160e+01 
 1.51356125e+00 -6.94669941e+01 
 1.58489319e+00 -6.94668604e+01 
 1.65958691e+00 -6.94667139e+01 
 1.73780083e+00 -6.94665532e+01 
 1.81970086e+00 -6.94663771e+01 
 1.90546072e+00 -6.94661840e+01 
 1.99526231e+00 -6.94659722e+01 
 2.08929613e+00 -6.94657401e+01 
 2.18776162e+00 -6.94654856e+01 
 2.29086765e+00 -6.94652067e+01 
 2.39883292e+00 -6.94649008e+01 
 2.51188643e+00 -6.94645655e+01 
 2.63026799e+00 -6.94641980e+01 
 2.75422870e+00 -6.94637950e+01 
 2.88403150e+00 -6.94633533e+01 
 3.01995172e+00 -6.94628692e+01 
 3.16227766e+00 -6.94623384e+01 
 3.31131121e+00 -6.94617567e+01 
 3.46736850e+00 -6.94611191e+01 
 3.63078055e+00 -6.94604202e+01 
 3.80189396e+00 -6.94596543e+01 
 3.98107171e+00 -6.94588148e+01 
 4.16869383e+00 -6.94578949e+01 
 4.36515832e+00 -6.94568867e+01 
 4.57088190e+00 -6.94557820e+01 
 4.78630092e+00 -6.94545716e+01 
 5.01187234e+00 -6.94532454e+01 
 5.24807460e+00 -6.94517924e+01 
 5.49540874e+00 -6.94502007e+01 
 5.75439937e+00 -6.94484572e+01 
 6.02559586e+00 -6.94465475e+01 
 6.30957344e+00 -6.94444561e+01 
 6.60693448e+00 -6.94421660e+01 
 6.91830971e+00 -6.94396584e+01 
 7.24435960e+00 -6.94369133e+01 
 7.58577575e+00 -6.94339084e+01 
 7.94328235e+00 -6.94306198e+01 
 8.31763771e+00 -6.94270214e+01 
 8.70963590e+00 -6.94230846e+01 
 9.12010839e+00 -6.94187786e+01 
 9.54992586e+00 -6.94140698e+01 
 1.00000000e+01 -6.94089219e+01 
 1.04712855e+01 -6.94032954e+01 
 1.09647820e+01 -6.93971477e+01 
 1.14815362e+01 -6.93904326e+01 
 1.20226443e+01 -6.93831004e+01 
 1.25892541e+01 -6.93750973e+01 
 1.31825674e+01 -6.93663658e+01 
 1.38038426e+01 -6.93568437e+01 
 1.44543977e+01 -6.93464644e+01 
 1.51356125e+01 -6.93351569e+01 
 1.58489319e+01 -6.93228451e+01 
 1.65958691e+01 -6.93094481e+01 
 1.73780083e+01 -6.92948799e+01 
 1.81970086e+01 -6.92790494e+01 
 1.90546072e+01 -6.92618605e+01 
 1.99526231e+01 -6.92432118e+01 
 2.08929613e+01 -6.92229974e+01 
 2.18776162e+01 -6.92011061e+01 
 2.29086765e+01 -6.91774228e+01 
 2.39883292e+01 -6.91518280e+01 
 2.51188643e+01 -6.91241984e+01 
 2.63026799e+01 -6.90944077e+01 
 2.75422870e+01 -6.90623272e+01 
 2.88403150e+01 -6.90278259e+01 
 3.01995172e+01 -6.89907719e+01 
 3.16227766e+01 -6.89510329e+01 
 3.31131121e+01 -6.89084770e+01 
 3.46736850e+01 -6.88629731e+01 
 3.63078055e+01 -6.88143923e+01 
 3.80189396e+01 -6.87626078e+01 
 3.98107171e+01 -6.87074959e+01 
 4.16869383e+01 -6.86489356e+01 
 4.36515832e+01 -6.85868095e+01 
 4.57088190e+01 -6.85210026e+01 
 4.78630092e+01 -6.84514027e+01 
 5.01187234e+01 -6.83778988e+01 
 5.24807460e+01 -6.83003806e+01 
 5.49540874e+01 -6.82187367e+01 
 5.75439937e+01 -6.81328534e+01 
 6.02559586e+01 -6.80426126e+01 
 6.30957344e+01 -6.79478905e+01 
 6.60693448e+01 -6.78485554e+01 
 6.91830971e+01 -6.77444663e+01 
 7.24435960e+01 -6.76354716e+01 
 7.58577575e+01 -6.75214084e+01 
 7.94328235e+01 -6.74021015e+01 
 8.31763771e+01 -6.72773640e+01 
 8.70963590e+01 -6.71469976e+01 
 9.12010839e+01 -6.70107945e+01 
 9.54992586e+01 -6.68685388e+01 
 1.00000000e+02 -6.67200097e+01 
 1.04712855e+02 -6.65649844e+01 
 1.09647820e+02 -6.64032417e+01 
 1.14815362e+02 -6.62345662e+01 
 1.20226443e+02 -6.60587524e+01 
 1.25892541e+02 -6.58756090e+01 
 1.31825674e+02 -6.56849628e+01 
 1.38038426e+02 -6.54866632e+01 
 1.44543977e+02 -6.52805850e+01 
 1.51356125e+02 -6.50666321e+01 
 1.58489319e+02 -6.48447394e+01 
 1.65958691e+02 -6.46148749e+01 
 1.73780083e+02 -6.43770404e+01 
 1.81970086e+02 -6.41312720e+01 
 1.90546072e+02 -6.38776397e+01 
 1.99526231e+02 -6.36162461e+01 
 2.08929613e+02 -6.33472246e+01 
 2.18776162e+02 -6.30707376e+01 
 2.29086765e+02 -6.27869733e+01 
 2.39883292e+02 -6.24961428e+01 
 2.51188643e+02 -6.21984772e+01 
 2.63026799e+02 -6.18942237e+01 
 2.75422870e+02 -6.15836426e+01 
 2.88403150e+02 -6.12670039e+01 
 3.01995172e+02 -6.09445840e+01 
 3.16227766e+02 -6.06166628e+01 
 3.31131121e+02 -6.02835207e+01 
 3.46736850e+02 -5.99454364e+01 
 3.63078055e+02 -5.96026845e+01 
 3.80189396e+02 -5.92555335e+01 
 3.98107171e+02 -5.89042443e+01 
 4.16869383e+02 -5.85490686e+01 
 4.36515832e+02 -5.81902482e+01 
 4.57088190e+02 -5.78280135e+01 
 4.78630092e+02 -5.74625835e+01 
 5.01187234e+02 -5.70941647e+01 
 5.24807460e+02 -5.67229513e+01 
 5.49540874e+02 -5.63491250e+01 
 5.75439937e+02 -5.59728545e+01 
 6.02559586e+02 -5.55942962e+01 
 6.30957344e+02 -5.52135938e+01 
 6.60693448e+02 -5.48308788e+01 
 6.91830971e+02 -5.44462706e+01 
 7.24435960e+02 -5.40598766e+01 
 7.58577575e+02 -5.36717930e+01 
 7.94328235e+02 -5.32821043e+01 
 8.31763771e+02 -5.28908840e+01 
 8.70963590e+02 -5.24981948e+01 
 9.12010839e+02 -5.21040885e+01 
 9.54992586e+02 -5.17086065e+01 
 1.00000000e+03 -5.13117795e+01 
 1.04712855e+03 -5.09136277e+01 
 1.09647820e+03 -5.05141609e+01 
 1.14815362e+03 -5.01133782e+01 
 1.20226443e+03 -4.97112677e+01 
 1.25892541e+03 -4.93078065e+01 
 1.31825674e+03 -4.89029604e+01 
 1.38038426e+03 -4.84966830e+01 
 1.44543977e+03 -4.80889155e+01 
 1.51356125e+03 -4.76795859e+01 
 1.58489319e+03 -4.72686083e+01 
 1.65958691e+03 -4.68558816e+01 
 1.73780083e+03 -4.64412887e+01 
 1.81970086e+03 -4.60246950e+01 
 1.90546072e+03 -4.56059471e+01 
 1.99526231e+03 -4.51848706e+01 
 2.08929613e+03 -4.47612685e+01 
 2.18776162e+03 -4.43349186e+01 
 2.29086765e+03 -4.39055707e+01 
 2.39883292e+03 -4.34729440e+01 
 2.51188643e+03 -4.30367228e+01 
 2.63026799e+03 -4.25965527e+01 
 2.75422870e+03 -4.21520356e+01 
 2.88403150e+03 -4.17027242e+01 
 3.01995172e+03 -4.12481152e+01 
 3.16227766e+03 -4.07876414e+01 
 3.31131121e+03 -4.03206628e+01 
 3.46736850e+03 -3.98464555e+01 
 3.63078055e+03 -3.93641984e+01 
 3.80189396e+03 -3.88729580e+01 
 3.98107171e+03 -3.83716691e+01 
 4.16869383e+03 -3.78591116e+01 
 4.36515832e+03 -3.73338821e+01 
 4.57088190e+03 -3.67943588e+01 
 4.78630092e+03 -3.62386570e+01 
 5.01187234e+03 -3.56645729e+01 
 5.24807460e+03 -3.50695121e+01 
 5.49540874e+03 -3.44503956e+01 
 5.75439937e+03 -3.38035372e+01 
 6.02559586e+03 -3.31244778e+01 
 6.30957344e+03 -3.24077605e+01 
 6.60693448e+03 -3.16466150e+01 
 6.91830971e+03 -3.08325091e+01 
 7.24435960e+03 -2.99544872e+01 
 7.58577575e+03 -2.89981680e+01 
 7.94328235e+03 -2.79441612e+01 
 8.31763771e+03 -2.67654475e+01 
 8.70963590e+03 -2.54227845e+01 
 9.12010839e+03 -2.38560272e+01 
 9.54992586e+03 -2.19660470e+01 
 1.00000000e+04 -1.95715598e+01 
 1.04712855e+04 -1.62824307e+01 
 1.09647820e+04 -1.09647366e+01 
 1.14815362e+04  4.47228944e+00 
 1.20226443e+04 -7.77586916e+00 
 1.25892541e+04 -1.46895213e+01 
 1.31825674e+04 -1.85066172e+01 
 1.38038426e+04 -2.11637106e+01 
 1.44543977e+04 -2.32103293e+01 
 1.51356125e+04 -2.48807840e+01 
 1.58489319e+04 -2.62969103e+01 
 1.65958691e+04 -2.75302028e+01 
 1.73780083e+04 -2.86262085e+01 
 1.81970086e+04 -2.96157295e+01 
 1.90546072e+04 -3.05205641e+01 
 1.99526231e+04 -3.13566997e+01 
 2.08929613e+04 -3.21362040e+01 
 2.18776162e+04 -3.28684047e+01 
 2.29086765e+04 -3.35606556e+01 
 2.39883292e+04 -3.42188522e+01 
 2.51188643e+04 -3.48477893e+01 
 2.63026799e+04 -3.54514149e+01 
 2.75422870e+04 -3.60330151e+01 
 2.88403150e+04 -3.65953506e+01 
 3.01995172e+04 -3.71407602e+01 
 3.16227766e+04 -3.76712398e+01 
 3.31131121e+04 -3.81885036e+01 
 3.46736850e+04 -3.86940324e+01 
 3.63078055e+04 -3.91891119e+01 
 3.80189396e+04 -3.96748635e+01 
 3.98107171e+04 -4.01522694e+01 
 4.16869383e+04 -4.06221928e+01 
 4.36515832e+04 -4.10853947e+01 
 4.57088190e+04 -4.15425483e+01 
 4.78630092e+04 -4.19942503e+01 
 5.01187234e+04 -4.24410307e+01 
 5.24807460e+04 -4.28833615e+01 
 5.49540874e+04 -4.33216634e+01 
 5.75439937e+04 -4.37563120e+01 
 6.02559586e+04 -4.41876432e+01 
 6.30957344e+04 -4.46159574e+01 
 6.60693448e+04 -4.50415233e+01 
 6.91830971e+04 -4.54645818e+01 
 7.24435960e+04 -4.58853482e+01 
 7.58577575e+04 -4.63040155e+01 
 7.94328235e+04 -4.67207562e+01 
 8.31763771e+04 -4.71357243e+01 
 8.70963590e+04 -4.75490573e+01 
 9.12010839e+04 -4.79608772e+01 
 9.54992586e+04 -4.83712928e+01 
 1.00000000e+05 -4.87803998e+01 
 1.04712855e+05 -4.91882826e+01 
 1.09647820e+05 -4.95950150e+01 
 1.14815362e+05 -5.00006613e+01 
 1.20226443e+05 -5.04052765e+01 
 1.25892541e+05 -5.08089076e+01 
 1.31825674e+05 -5.12115939e+01 
 1.38038426e+05 -5.16133677e+01 
 1.44543977e+05 -5.20142547e+01 
 1.51356125e+05 -5.24142747e+01 
 1.58489319e+05 -5.28134419e+01 
 1.65958691e+05 -5.32117655e+01 
 1.73780083e+05 -5.36092503e+01 
 1.81970086e+05 -5.40058967e+01 
 1.90546072e+05 -5.44017020e+01 
 1.99526231e+05 -5.47966599e+01 
 2.08929613e+05 -5.51907621e+01 
 2.18776162e+05 -5.55839981e+01 
 2.29086765e+05 -5.59763563e+01 
 2.39883292e+05 -5.63678245e+01 
 2.51188643e+05 -5.67583905e+01 
 2.63026799e+05 -5.71480433e+01 
 2.75422870e+05 -5.75367735e+01 
 2.88403150e+05 -5.79245743e+01 
 3.01995172e+05 -5.83114425e+01 
 3.16227766e+05 -5.86973792e+01 
 3.31131121e+05 -5.90823908e+01 
 3.46736850e+05 -5.94664896e+01 
 3.63078055e+05 -5.98496950e+01 
 3.80189396e+05 -6.02320336e+01 
 3.98107171e+05 -6.06135403e+01 
 4.16869383e+05 -6.09942583e+01 
 4.36515832e+05 -6.13742394e+01 
 4.57088190e+05 -6.17535442e+01 
 4.78630092e+05 -6.21322414e+01 
 5.01187234e+05 -6.25104078e+01 
 5.24807460e+05 -6.28881274e+01 
 5.49540874e+05 -6.32654905e+01 
 5.75439937e+05 -6.36425927e+01 
 6.02559586e+05 -6.40195332e+01 
 6.30957344e+05 -6.43964141e+01 
 6.60693448e+05 -6.47733380e+01 
 6.91830971e+05 -6.51504073e+01 
 7.24435960e+05 -6.55277223e+01 
 7.58577575e+05 -6.59053797e+01 
 7.94328235e+05 -6.62834714e+01 
 8.31763771e+05 -6.66620834e+01 
 8.70963590e+05 -6.70412947e+01 
 9.12010839e+05 -6.74211765e+01 
 9.54992586e+05 -6.78017918e+01 
 1.00000000e+06 -6.81831950e+01 
 1.04712855e+06 -6.85654317e+01 
 1.09647820e+06 -6.89485389e+01 
 1.14815362e+06 -6.93325452e+01 
 1.20226443e+06 -6.97174713e+01 
 1.25892541e+06 -7.01033306e+01 
 1.31825674e+06 -7.04901297e+01 
 1.38038426e+06 -7.08778693e+01 
 1.44543977e+06 -7.12665449e+01 
 1.51356125e+06 -7.16561478e+01 
 1.58489319e+06 -7.20466660e+01 
 1.65958691e+06 -7.24380847e+01 
 1.73780083e+06 -7.28303875e+01 
 1.81970086e+06 -7.32235571e+01 
 1.90546072e+06 -7.36175760e+01 
 1.99526231e+06 -7.40124274e+01 
 2.08929613e+06 -7.44080957e+01 
 2.18776162e+06 -7.48045673e+01 
 2.29086765e+06 -7.52018309e+01 
 2.39883292e+06 -7.55998787e+01 
 2.51188643e+06 -7.59987061e+01 
 2.63026799e+06 -7.63983128e+01 
 2.75422870e+06 -7.67987030e+01 
 2.88403150e+06 -7.71998859e+01 
 3.01995172e+06 -7.76018760e+01 
 3.16227766e+06 -7.80046937e+01 
 3.31131121e+06 -7.84083659e+01 
 3.46736850e+06 -7.88129258e+01 
 3.63078055e+06 -7.92184139e+01 
 3.80189396e+06 -7.96248785e+01 
 3.98107171e+06 -8.00323757e+01 
 4.16869383e+06 -8.04409704e+01 
 4.36515832e+06 -8.08507368e+01 
 4.57088190e+06 -8.12617589e+01 
 4.78630092e+06 -8.16741309e+01 
 5.01187234e+06 -8.20879585e+01 
 5.24807460e+06 -8.25033591e+01 
 5.49540874e+06 -8.29204626e+01 
 5.75439937e+06 -8.33394124e+01 
 6.02559586e+06 -8.37603659e+01 
 6.30957344e+06 -8.41834952e+01 
 6.60693448e+06 -8.46089881e+01 
 6.91830971e+06 -8.50370483e+01 
 7.24435960e+06 -8.54678961e+01 
 7.58577575e+06 -8.59017688e+01 
 7.94328235e+06 -8.63389209e+01 
 8.31763771e+06 -8.67796238e+01 
 8.70963590e+06 -8.72241658e+01 
 9.12010839e+06 -8.76728515e+01 
 9.54992586e+06 -8.81260005e+01 
 1.00000000e+07 -8.85839463e+01 
