 1.00000000e+00 -7.34543292e+01 
 1.04712855e+00 -7.34541945e+01 
 1.09647820e+00 -7.34540468e+01 
 1.14815362e+00 -7.34538849e+01 
 1.20226443e+00 -7.34537074e+01 
 1.25892541e+00 -7.34535127e+01 
 1.31825674e+00 -7.34532993e+01 
 1.38038426e+00 -7.34530653e+01 
 1.44543977e+00 -7.34528088e+01 
 1.51356125e+00 -7.34525275e+01 
 1.58489319e+00 -7.34522192e+01 
 1.65958691e+00 -7.34518811e+01 
 1.73780083e+00 -7.34515105e+01 
 1.81970086e+00 -7.34511041e+01 
 1.90546072e+00 -7.34506587e+01 
 1.99526231e+00 -7.34501703e+01 
 2.08929613e+00 -7.34496349e+01 
 2.18776162e+00 -7.34490480e+01 
 2.29086765e+00 -7.34484046e+01 
 2.39883292e+00 -7.34476993e+01 
 2.51188643e+00 -7.34469262e+01 
 2.63026799e+00 -7.34460788e+01 
 2.75422870e+00 -7.34451498e+01 
 2.88403150e+00 -7.34441316e+01 
 3.01995172e+00 -7.34430157e+01 
 3.16227766e+00 -7.34417925e+01 
 3.31131121e+00 -7.34404520e+01 
 3.46736850e+00 -7.34389830e+01 
 3.63078055e+00 -7.34373731e+01 
 3.80189396e+00 -7.34356089e+01 
 3.98107171e+00 -7.34336759e+01 
 4.16869383e+00 -7.34315580e+01 
 4.36515832e+00 -7.34292376e+01 
 4.57088190e+00 -7.34266956e+01 
 4.78630092e+00 -7.34239111e+01 
 5.01187234e+00 -7.34208612e+01 
 5.24807460e+00 -7.34175209e+01 
 5.49540874e+00 -7.34138631e+01 
 5.75439937e+00 -7.34098580e+01 
 6.02559586e+00 -7.34054732e+01 
 6.30957344e+00 -7.34006735e+01 
 6.60693448e+00 -7.33954204e+01 
 6.91830971e+00 -7.33896721e+01 
 7.24435960e+00 -7.33833830e+01 
 7.58577575e+00 -7.33765039e+01 
 7.94328235e+00 -7.33689809e+01 
 8.31763771e+00 -7.33607559e+01 
 8.70963590e+00 -7.33517658e+01 
 9.12010839e+00 -7.33419423e+01 
 9.54992586e+00 -7.33312116e+01 
 1.00000000e+01 -7.33194940e+01 
 1.04712855e+01 -7.33067035e+01 
 1.09647820e+01 -7.32927476e+01 
 1.14815362e+01 -7.32775271e+01 
 1.20226443e+01 -7.32609354e+01 
 1.25892541e+01 -7.32428585e+01 
 1.31825674e+01 -7.32231745e+01 
 1.38038426e+01 -7.32017540e+01 
 1.44543977e+01 -7.31784592e+01 
 1.51356125e+01 -7.31531444e+01 
 1.58489319e+01 -7.31256558e+01 
 1.65958691e+01 -7.30958314e+01 
 1.73780083e+01 -7.30635020e+01 
 1.81970086e+01 -7.30284907e+01 
 1.90546072e+01 -7.29906139e+01 
 1.99526231e+01 -7.29496822e+01 
 2.08929613e+01 -7.29055007e+01 
 2.18776162e+01 -7.28578708e+01 
 2.29086765e+01 -7.28065906e+01 
 2.39883292e+01 -7.27514571e+01 
 2.51188643e+01 -7.26922675e+01 
 2.63026799e+01 -7.26288208e+01 
 2.75422870e+01 -7.25609199e+01 
 2.88403150e+01 -7.24883736e+01 
 3.01995172e+01 -7.24109982e+01 
 3.16227766e+01 -7.23286198e+01 
 3.31131121e+01 -7.22410761e+01 
 3.46736850e+01 -7.21482176e+01 
 3.63078055e+01 -7.20499096e+01 
 3.80189396e+01 -7.19460326e+01 
 3.98107171e+01 -7.18364835e+01 
 4.16869383e+01 -7.17211753e+01 
 4.36515832e+01 -7.16000367e+01 
 4.57088190e+01 -7.14730117e+01 
 4.78630092e+01 -7.13400577e+01 
 5.01187234e+01 -7.12011439e+01 
 5.24807460e+01 -7.10562492e+01 
 5.49540874e+01 -7.09053592e+01 
 5.75439937e+01 -7.07484640e+01 
 6.02559586e+01 -7.05855553e+01 
 6.30957344e+01 -7.04166240e+01 
 6.60693448e+01 -7.02416577e+01 
 6.91830971e+01 -7.00606390e+01 
 7.24435960e+01 -6.98735446e+01 
 7.58577575e+01 -6.96803438e+01 
 7.94328235e+01 -6.94809997e+01 
 8.31763771e+01 -6.92754688e+01 
 8.70963590e+01 -6.90637036e+01 
 9.12010839e+01 -6.88456538e+01 
 9.54992586e+01 -6.86212692e+01 
 1.00000000e+02 -6.83905024e+01 
 1.04712855e+02 -6.81533124e+01 
 1.09647820e+02 -6.79096670e+01 
 1.14815362e+02 -6.76595464e+01 
 1.20226443e+02 -6.74029459e+01 
 1.25892541e+02 -6.71398778e+01 
 1.31825674e+02 -6.68703741e+01 
 1.38038426e+02 -6.65944869e+01 
 1.44543977e+02 -6.63122900e+01 
 1.51356125e+02 -6.60238784e+01 
 1.58489319e+02 -6.57293681e+01 
 1.65958691e+02 -6.54288953e+01 
 1.73780083e+02 -6.51226148e+01 
 1.81970086e+02 -6.48106983e+01 
 1.90546072e+02 -6.44933323e+01 
 1.99526231e+02 -6.41707158e+01 
 2.08929613e+02 -6.38430582e+01 
 2.18776162e+02 -6.35105765e+01 
 2.29086765e+02 -6.31734931e+01 
 2.39883292e+02 -6.28320337e+01 
 2.51188643e+02 -6.24864252e+01 
 2.63026799e+02 -6.21368932e+01 
 2.75422870e+02 -6.17836613e+01 
 2.88403150e+02 -6.14269484e+01 
 3.01995172e+02 -6.10669684e+01 
 3.16227766e+02 -6.07039285e+01 
 3.31131121e+02 -6.03380287e+01 
 3.46736850e+02 -5.99694608e+01 
 3.63078055e+02 -5.95984083e+01 
 3.80189396e+02 -5.92250456e+01 
 3.98107171e+02 -5.88495382e+01 
 4.16869383e+02 -5.84720426e+01 
 4.36515832e+02 -5.80927060e+01 
 4.57088190e+02 -5.77116668e+01 
 4.78630092e+02 -5.73290546e+01 
 5.01187234e+02 -5.69449905e+01 
 5.24807460e+02 -5.65595876e+01 
 5.49540874e+02 -5.61729509e+01 
 5.75439937e+02 -5.57851781e+01 
 6.02559586e+02 -5.53963595e+01 
 6.30957344e+02 -5.50065791e+01 
 6.60693448e+02 -5.46159140e+01 
 6.91830971e+02 -5.42244357e+01 
 7.24435960e+02 -5.38322100e+01 
 7.58577575e+02 -5.34392973e+01 
 7.94328235e+02 -5.30457532e+01 
 8.31763771e+02 -5.26516285e+01 
 8.70963590e+02 -5.22569699e+01 
 9.12010839e+02 -5.18618202e+01 
 9.54992586e+02 -5.14662180e+01 
 1.00000000e+03 -5.10701991e+01 
 1.04712855e+03 -5.06737954e+01 
 1.09647820e+03 -5.02770363e+01 
 1.14815362e+03 -4.98799482e+01 
 1.20226443e+03 -4.94825548e+01 
 1.25892541e+03 -4.90848776e+01 
 1.31825674e+03 -4.86869356e+01 
 1.38038426e+03 -4.82887457e+01 
 1.44543977e+03 -4.78903229e+01 
 1.51356125e+03 -4.74916801e+01 
 1.58489319e+03 -4.70928287e+01 
 1.65958691e+03 -4.66937780e+01 
 1.73780083e+03 -4.62945359e+01 
 1.81970086e+03 -4.58951087e+01 
 1.90546072e+03 -4.54955010e+01 
 1.99526231e+03 -4.50957161e+01 
 2.08929613e+03 -4.46957556e+01 
 2.18776162e+03 -4.42956198e+01 
 2.29086765e+03 -4.38953073e+01 
 2.39883292e+03 -4.34948155e+01 
 2.51188643e+03 -4.30941401e+01 
 2.63026799e+03 -4.26932752e+01 
 2.75422870e+03 -4.22922135e+01 
 2.88403150e+03 -4.18909457e+01 
 3.01995172e+03 -4.14894610e+01 
 3.16227766e+03 -4.10877466e+01 
 3.31131121e+03 -4.06857879e+01 
 3.46736850e+03 -4.02835680e+01 
 3.63078055e+03 -3.98810678e+01 
 3.80189396e+03 -3.94782659e+01 
 3.98107171e+03 -3.90751382e+01 
 4.16869383e+03 -3.86716577e+01 
 4.36515832e+03 -3.82677944e+01 
 4.57088190e+03 -3.78635150e+01 
 4.78630092e+03 -3.74587826e+01 
 5.01187234e+03 -3.70535561e+01 
 5.24807460e+03 -3.66477904e+01 
 5.49540874e+03 -3.62414352e+01 
 5.75439937e+03 -3.58344354e+01 
 6.02559586e+03 -3.54267298e+01 
 6.30957344e+03 -3.50182511e+01 
 6.60693448e+03 -3.46089250e+01 
 6.91830971e+03 -3.41986695e+01 
 7.24435960e+03 -3.37873939e+01 
 7.58577575e+03 -3.33749986e+01 
 7.94328235e+03 -3.29613733e+01 
 8.31763771e+03 -3.25463962e+01 
 8.70963590e+03 -3.21299330e+01 
 9.12010839e+03 -3.17118351e+01 
 9.54992586e+03 -3.12919382e+01 
 1.00000000e+04 -3.08700606e+01 
 1.04712855e+04 -3.04460010e+01 
 1.09647820e+04 -3.00195363e+01 
 1.14815362e+04 -2.95904191e+01 
 1.20226443e+04 -2.91583744e+01 
 1.25892541e+04 -2.87230968e+01 
 1.31825674e+04 -2.82842458e+01 
 1.38038426e+04 -2.78414421e+01 
 1.44543977e+04 -2.73942619e+01 
 1.51356125e+04 -2.69422311e+01 
 1.58489319e+04 -2.64848180e+01 
 1.65958691e+04 -2.60214254e+01 
 1.73780083e+04 -2.55513806e+01 
 1.81970086e+04 -2.50739236e+01 
 1.90546072e+04 -2.45881938e+01 
 1.99526231e+04 -2.40932127e+01 
 2.08929613e+04 -2.35878644e+01 
 2.18776162e+04 -2.30708705e+01 
 2.29086765e+04 -2.25407596e+01 
 2.39883292e+04 -2.19958302e+01 
 2.51188643e+04 -2.14341029e+01 
 2.63026799e+04 -2.08532599e+01 
 2.75422870e+04 -2.02505682e+01 
 2.88403150e+04 -1.96227782e+01 
 3.01995172e+04 -1.89659904e+01 
 3.16227766e+04 -1.82754754e+01 
 3.31131121e+04 -1.75454275e+01 
 3.46736850e+04 -1.67686190e+01 
 3.63078055e+04 -1.59359038e+01 
 3.80189396e+04 -1.50354839e+01 
 3.98107171e+04 -1.40517880e+01 
 4.16869383e+04 -1.29636898e+01 
 4.36515832e+04 -1.17415372e+01 
 4.57088190e+04 -1.03419020e+01 
 4.78630092e+04 -8.69759386e+00 
 5.01187234e+04 -6.69678788e+00 
 5.24807460e+04 -4.13362227e+00 
 5.49540874e+04 -5.71088556e-01 
 5.75439937e+04  5.06094908e+00 
 6.02559586e+04  1.01372777e+01 
 6.30957344e+04  3.06669662e+00 
 6.60693448e+04 -1.77459295e+00 
 6.91830971e+04 -4.96722012e+00 
 7.24435960e+04 -7.33044038e+00 
 7.58577575e+04 -9.20750678e+00 
 7.94328235e+04 -1.07679446e+01 
 8.31763771e+04 -1.21069870e+01 
 8.70963590e+04 -1.32832423e+01 
 9.12010839e+04 -1.43352685e+01 
 9.54992586e+04 -1.52897504e+01 
 1.00000000e+05 -1.61659018e+01 
 1.04712855e+05 -1.69780035e+01 
 1.09647820e+05 -1.77369484e+01 
 1.14815362e+05 -1.84512268e+01 
 1.20226443e+05 -1.91275767e+01 
 1.25892541e+05 -1.97714286e+01 
 1.31825674e+05 -2.03872173e+01 
 1.38038426e+05 -2.09786060e+01 
 1.44543977e+05 -2.15486502e+01 
 1.51356125e+05 -2.20999208e+01 
 1.58489319e+05 -2.26345970e+01 
 1.65958691e+05 -2.31545384e+01 
 1.73780083e+05 -2.36613410e+01 
 1.81970086e+05 -2.41563816e+01 
 1.90546072e+05 -2.46408533e+01 
 1.99526231e+05 -2.51157945e+01 
 2.08929613e+05 -2.55821121e+01 
 2.18776162e+05 -2.60406012e+01 
 2.29086765e+05 -2.64919612e+01 
 2.39883292e+05 -2.69368094e+01 
 2.51188643e+05 -2.73756928e+01 
 2.63026799e+05 -2.78090978e+01 
 2.75422870e+05 -2.82374590e+01 
 2.88403150e+05 -2.86611665e+01 
 3.01995172e+05 -2.90805727e+01 
 3.16227766e+05 -2.94959979e+01 
 3.31131121e+05 -2.99077356e+01 
 3.46736850e+05 -3.03160568e+01 
 3.63078055e+05 -3.07212140e+01 
 3.80189396e+05 -3.11234450e+01 
 3.98107171e+05 -3.15229755e+01 
 4.16869383e+05 -3.19200219e+01 
 4.36515832e+05 -3.23147930e+01 
 4.57088190e+05 -3.27074924e+01 
 4.78630092e+05 -3.30983190e+01 
 5.01187234e+05 -3.34874683e+01 
 5.24807460e+05 -3.38751325e+01 
 5.49540874e+05 -3.42615010e+01 
 5.75439937e+05 -3.46467597e+01 
 6.02559586e+05 -3.50310910e+01 
 6.30957344e+05 -3.54146726e+01 
 6.60693448e+05 -3.57976769e+01 
 6.91830971e+05 -3.61802701e+01 
 7.24435960e+05 -3.65626112e+01 
 7.58577575e+05 -3.69448507e+01 
 7.94328235e+05 -3.73271302e+01 
 8.31763771e+05 -3.77095813e+01 
 8.70963590e+05 -3.80923254e+01 
 9.12010839e+05 -3.84754728e+01 
 9.54992586e+05 -3.88591229e+01 
 1.00000000e+06 -3.92433644e+01 
 1.04712855e+06 -3.96282750e+01 
 1.09647820e+06 -4.00139221e+01 
 1.14815362e+06 -4.04003636e+01 
 1.20226443e+06 -4.07876481e+01 
 1.25892541e+06 -4.11758166e+01 
 1.31825674e+06 -4.15649024e+01 
 1.38038426e+06 -4.19549330e+01 
 1.44543977e+06 -4.23459308e+01 
 1.51356125e+06 -4.27379141e+01 
 1.58489319e+06 -4.31308984e+01 
 1.65958691e+06 -4.35248970e+01 
 1.73780083e+06 -4.39199228e+01 
 1.81970086e+06 -4.43159886e+01 
 1.90546072e+06 -4.47131081e+01 
 1.99526231e+06 -4.51112972e+01 
 2.08929613e+06 -4.55105746e+01 
 2.18776162e+06 -4.59109626e+01 
 2.29086765e+06 -4.63124878e+01 
 2.39883292e+06 -4.67151819e+01 
 2.51188643e+06 -4.71190824e+01 
 2.63026799e+06 -4.75242332e+01 
 2.75422870e+06 -4.79306853e+01 
 2.88403150e+06 -4.83384974e+01 
 3.01995172e+06 -4.87477361e+01 
 3.16227766e+06 -4.91584773e+01 
 3.31131121e+06 -4.95708059e+01 
 3.46736850e+06 -4.99848168e+01 
 3.63078055e+06 -5.04006153e+01 
 3.80189396e+06 -5.08183178e+01 
 3.98107171e+06 -5.12380518e+01 
 4.16869383e+06 -5.16599568e+01 
 4.36515832e+06 -5.20841848e+01 
 4.57088190e+06 -5.25108999e+01 
 4.78630092e+06 -5.29402796e+01 
 5.01187234e+06 -5.33725142e+01 
 5.24807460e+06 -5.38078071e+01 
 5.49540874e+06 -5.42463751e+01 
 5.75439937e+06 -5.46884477e+01 
 6.02559586e+06 -5.51342669e+01 
 6.30957344e+06 -5.55840866e+01 
 6.60693448e+06 -5.60381717e+01 
 6.91830971e+06 -5.64967971e+01 
 7.24435960e+06 -5.69602461e+01 
 7.58577575e+06 -5.74288085e+01 
 7.94328235e+06 -5.79027789e+01 
 8.31763771e+06 -5.83824537e+01 
 8.70963590e+06 -5.88681287e+01 
 9.12010839e+06 -5.93600956e+01 
 9.54992586e+06 -5.98586385e+01 
 1.00000000e+07 -6.03640302e+01 
