 1.00000000e+00 -7.07967357e+01 
 1.04712855e+00 -7.07966607e+01 
 1.09647820e+00 -7.07965785e+01 
 1.14815362e+00 -7.07964883e+01 
 1.20226443e+00 -7.07963894e+01 
 1.25892541e+00 -7.07962810e+01 
 1.31825674e+00 -7.07961622e+01 
 1.38038426e+00 -7.07960318e+01 
 1.44543977e+00 -7.07958890e+01 
 1.51356125e+00 -7.07957323e+01 
 1.58489319e+00 -7.07955606e+01 
 1.65958691e+00 -7.07953723e+01 
 1.73780083e+00 -7.07951658e+01 
 1.81970086e+00 -7.07949395e+01 
 1.90546072e+00 -7.07946913e+01 
 1.99526231e+00 -7.07944193e+01 
 2.08929613e+00 -7.07941210e+01 
 2.18776162e+00 -7.07937941e+01 
 2.29086765e+00 -7.07934356e+01 
 2.39883292e+00 -7.07930426e+01 
 2.51188643e+00 -7.07926118e+01 
 2.63026799e+00 -7.07921396e+01 
 2.75422870e+00 -7.07916219e+01 
 2.88403150e+00 -7.07910544e+01 
 3.01995172e+00 -7.07904324e+01 
 3.16227766e+00 -7.07897506e+01 
 3.31131121e+00 -7.07890032e+01 
 3.46736850e+00 -7.07881841e+01 
 3.63078055e+00 -7.07872864e+01 
 3.80189396e+00 -7.07863025e+01 
 3.98107171e+00 -7.07852242e+01 
 4.16869383e+00 -7.07840426e+01 
 4.36515832e+00 -7.07827478e+01 
 4.57088190e+00 -7.07813290e+01 
 4.78630092e+00 -7.07797746e+01 
 5.01187234e+00 -7.07780715e+01 
 5.24807460e+00 -7.07762059e+01 
 5.49540874e+00 -7.07741622e+01 
 5.75439937e+00 -7.07719238e+01 
 6.02559586e+00 -7.07694724e+01 
 6.30957344e+00 -7.07667879e+01 
 6.60693448e+00 -7.07638487e+01 
 6.91830971e+00 -7.07606308e+01 
 7.24435960e+00 -7.07571085e+01 
 7.58577575e+00 -7.07532535e+01 
 7.94328235e+00 -7.07490353e+01 
 8.31763771e+00 -7.07444203e+01 
 8.70963590e+00 -7.07393724e+01 
 9.12010839e+00 -7.07338523e+01 
 9.54992586e+00 -7.07278172e+01 
 1.00000000e+01 -7.07212209e+01 
 1.04712855e+01 -7.07140134e+01 
 1.09647820e+01 -7.07061405e+01 
 1.14815362e+01 -7.06975438e+01 
 1.20226443e+01 -7.06881603e+01 
 1.25892541e+01 -7.06779224e+01 
 1.31825674e+01 -7.06667571e+01 
 1.38038426e+01 -7.06545865e+01 
 1.44543977e+01 -7.06413269e+01 
 1.51356125e+01 -7.06268892e+01 
 1.58489319e+01 -7.06111783e+01 
 1.65958691e+01 -7.05940934e+01 
 1.73780083e+01 -7.05755275e+01 
 1.81970086e+01 -7.05553679e+01 
 1.90546072e+01 -7.05334957e+01 
 1.99526231e+01 -7.05097865e+01 
 2.08929613e+01 -7.04841104e+01 
 2.18776162e+01 -7.04563321e+01 
 2.29086765e+01 -7.04263119e+01 
 2.39883292e+01 -7.03939059e+01 
 2.51188643e+01 -7.03589665e+01 
 2.63026799e+01 -7.03213437e+01 
 2.75422870e+01 -7.02808854e+01 
 2.88403150e+01 -7.02374390e+01 
 3.01995172e+01 -7.01908516e+01 
 3.16227766e+01 -7.01409720e+01 
 3.31131121e+01 -7.00876510e+01 
 3.46736850e+01 -7.00307428e+01 
 3.63078055e+01 -6.99701059e+01 
 3.80189396e+01 -6.99056038e+01 
 3.98107171e+01 -6.98371056e+01 
 4.16869383e+01 -6.97644866e+01 
 4.36515832e+01 -6.96876279e+01 
 4.57088190e+01 -6.96064166e+01 
 4.78630092e+01 -6.95207449e+01 
 5.01187234e+01 -6.94305094e+01 
 5.24807460e+01 -6.93356096e+01 
 5.49540874e+01 -6.92359467e+01 
 5.75439937e+01 -6.91314212e+01 
 6.02559586e+01 -6.90219317e+01 
 6.30957344e+01 -6.89073727e+01 
 6.60693448e+01 -6.87876327e+01 
 6.91830971e+01 -6.86625927e+01 
 7.24435960e+01 -6.85321252e+01 
 7.58577575e+01 -6.83960929e+01 
 7.94328235e+01 -6.82543489e+01 
 8.31763771e+01 -6.81067373e+01 
 8.70963590e+01 -6.79530936e+01 
 9.12010839e+01 -6.77932472e+01 
 9.54992586e+01 -6.76270234e+01 
 1.00000000e+02 -6.74542462e+01 
 1.04712855e+02 -6.72747424e+01 
 1.09647820e+02 -6.70883444e+01 
 1.14815362e+02 -6.68948952e+01 
 1.20226443e+02 -6.66942516e+01 
 1.25892541e+02 -6.64862882e+01 
 1.31825674e+02 -6.62709012e+01 
 1.38038426e+02 -6.60480116e+01 
 1.44543977e+02 -6.58175675e+01 
 1.51356125e+02 -6.55795462e+01 
 1.58489319e+02 -6.53339556e+01 
 1.65958691e+02 -6.50808349e+01 
 1.73780083e+02 -6.48202541e+01 
 1.81970086e+02 -6.45523137e+01 
 1.90546072e+02 -6.42771428e+01 
 1.99526231e+02 -6.39948977e+01 
 2.08929613e+02 -6.37057591e+01 
 2.18776162e+02 -6.34099296e+01 
 2.29086765e+02 -6.31076306e+01 
 2.39883292e+02 -6.27990992e+01 
 2.51188643e+02 -6.24845855e+01 
 2.63026799e+02 -6.21643486e+01 
 2.75422870e+02 -6.18386545e+01 
 2.88403150e+02 -6.15077727e+01 
 3.01995172e+02 -6.11719740e+01 
 3.16227766e+02 -6.08315278e+01 
 3.31131121e+02 -6.04867002e+01 
 3.46736850e+02 -6.01377522e+01 
 3.63078055e+02 -5.97849380e+01 
 3.80189396e+02 -5.94285039e+01 
 3.98107171e+02 -5.90686873e+01 
 4.16869383e+02 -5.87057159e+01 
 4.36515832e+02 -5.83398069e+01 
 4.57088190e+02 -5.79711671e+01 
 4.78630092e+02 -5.75999921e+01 
 5.01187234e+02 -5.72264669e+01 
 5.24807460e+02 -5.68507654e+01 
 5.49540874e+02 -5.64730509e+01 
 5.75439937e+02 -5.60934763e+01 
 6.02559586e+02 -5.57121842e+01 
 6.30957344e+02 -5.53293076e+01 
 6.60693448e+02 -5.49449701e+01 
 6.91830971e+02 -5.45592861e+01 
 7.24435960e+02 -5.41723620e+01 
 7.58577575e+02 -5.37842955e+01 
 7.94328235e+02 -5.33951773e+01 
 8.31763771e+02 -5.30050906e+01 
 8.70963590e+02 -5.26141118e+01 
 9.12010839e+02 -5.22223112e+01 
 9.54992586e+02 -5.18297529e+01 
 1.00000000e+03 -5.14364958e+01 
 1.04712855e+03 -5.10425932e+01 
 1.09647820e+03 -5.06480938e+01 
 1.14815362e+03 -5.02530416e+01 
 1.20226443e+03 -4.98574766e+01 
 1.25892541e+03 -4.94614344e+01 
 1.31825674e+03 -4.90649472e+01 
 1.38038426e+03 -4.86680435e+01 
 1.44543977e+03 -4.82707485e+01 
 1.51356125e+03 -4.78730843e+01 
 1.58489319e+03 -4.74750700e+01 
 1.65958691e+03 -4.70767217e+01 
 1.73780083e+03 -4.66780529e+01 
 1.81970086e+03 -4.62790746e+01 
 1.90546072e+03 -4.58797949e+01 
 1.99526231e+03 -4.54802196e+01 
 2.08929613e+03 -4.50803521e+01 
 2.18776162e+03 -4.46801931e+01 
 2.29086765e+03 -4.42797411e+01 
 2.39883292e+03 -4.38789920e+01 
 2.51188643e+03 -4.34779391e+01 
 2.63026799e+03 -4.30765734e+01 
 2.75422870e+03 -4.26748828e+01 
 2.88403150e+03 -4.22728529e+01 
 3.01995172e+03 -4.18704659e+01 
 3.16227766e+03 -4.14677014e+01 
 3.31131121e+03 -4.10645353e+01 
 3.46736850e+03 -4.06609404e+01 
 3.63078055e+03 -4.02568855e+01 
 3.80189396e+03 -3.98523355e+01 
 3.98107171e+03 -3.94472509e+01 
 4.16869383e+03 -3.90415876e+01 
 4.36515832e+03 -3.86352963e+01 
 4.57088190e+03 -3.82283222e+01 
 4.78630092e+03 -3.78206043e+01 
 5.01187234e+03 -3.74120750e+01 
 5.24807460e+03 -3.70026595e+01 
 5.49540874e+03 -3.65922748e+01 
 5.75439937e+03 -3.61808291e+01 
 6.02559586e+03 -3.57682210e+01 
 6.30957344e+03 -3.53543380e+01 
 6.60693448e+03 -3.49390559e+01 
 6.91830971e+03 -3.45222375e+01 
 7.24435960e+03 -3.41037305e+01 
 7.58577575e+03 -3.36833667e+01 
 7.94328235e+03 -3.32609596e+01 
 8.31763771e+03 -3.28363026e+01 
 8.70963590e+03 -3.24091664e+01 
 9.12010839e+03 -3.19792966e+01 
 9.54992586e+03 -3.15464104e+01 
 1.00000000e+04 -3.11101931e+01 
 1.04712855e+04 -3.06702941e+01 
 1.09647820e+04 -3.02263222e+01 
 1.14815362e+04 -2.97778403e+01 
 1.20226443e+04 -2.93243588e+01 
 1.25892541e+04 -2.88653285e+01 
 1.31825674e+04 -2.84001320e+01 
 1.38038426e+04 -2.79280730e+01 
 1.44543977e+04 -2.74483646e+01 
 1.51356125e+04 -2.69601146e+01 
 1.58489319e+04 -2.64623078e+01 
 1.65958691e+04 -2.59537846e+01 
 1.73780083e+04 -2.54332152e+01 
 1.81970086e+04 -2.48990672e+01 
 1.90546072e+04 -2.43495653e+01 
 1.99526231e+04 -2.37826409e+01 
 2.08929613e+04 -2.31958671e+01 
 2.18776162e+04 -2.25863763e+01 
 2.29086765e+04 -2.19507502e+01 
 2.39883292e+04 -2.12848758e+01 
 2.51188643e+04 -2.05837493e+01 
 2.63026799e+04 -1.98412061e+01 
 2.75422870e+04 -1.90495403e+01 
 2.88403150e+04 -1.81989541e+01 
 3.01995172e+04 -1.72767385e+01 
 3.16227766e+04 -1.62660094e+01 
 3.31131121e+04 -1.51436787e+01 
 3.46736850e+04 -1.38770308e+01 
 3.63078055e+04 -1.24175869e+01 
 3.80189396e+04 -1.06892450e+01 
 3.98107171e+04 -8.56305030e+00 
 4.16869383e+04 -5.79671417e+00 
 4.36515832e+04 -1.87250821e+00 
 4.57088190e+04  4.16142412e+00 
 4.78630092e+04  4.91509582e+00 
 5.01187234e+04 -1.31864732e+00 
 5.24807460e+04 -5.42666558e+00 
 5.49540874e+04 -8.28778538e+00 
 5.75439937e+04 -1.04692424e+01 
 6.02559586e+04 -1.22330554e+01 
 6.30957344e+04 -1.37168032e+01 
 6.60693448e+04 -1.50008603e+01 
 6.91830971e+04 -1.61360413e+01 
 7.24435960e+04 -1.71564381e+01 
 7.58577575e+04 -1.80859987e+01 
 7.94328235e+04 -1.89421686e+01 
 8.31763771e+04 -1.97380371e+01 
 8.70963590e+04 -2.04836662e+01 
 9.12010839e+04 -2.11869492e+01 
 9.54992586e+04 -2.18541858e+01 
 1.00000000e+05 -2.24904774e+01 
 1.04712855e+05 -2.31000075e+01 
 1.09647820e+05 -2.36862448e+01 
 1.14815362e+05 -2.42520921e+01 
 1.20226443e+05 -2.47999990e+01 
 1.25892541e+05 -2.53320477e+01 
 1.31825674e+05 -2.58500190e+01 
 1.38038426e+05 -2.63554446e+01 
 1.44543977e+05 -2.68496480e+01 
 1.51356125e+05 -2.73337780e+01 
 1.58489319e+05 -2.78088351e+01 
 1.65958691e+05 -2.82756935e+01 
 1.73780083e+05 -2.87351194e+01 
 1.81970086e+05 -2.91877855e+01 
 1.90546072e+05 -2.96342844e+01 
 1.99526231e+05 -3.00751387e+01 
 2.08929613e+05 -3.05108106e+01 
 2.18776162e+05 -3.09417092e+01 
 2.29086765e+05 -3.13681983e+01 
 2.39883292e+05 -3.17906017e+01 
 2.51188643e+05 -3.22092085e+01 
 2.63026799e+05 -3.26242787e+01 
 2.75422870e+05 -3.30360465e+01 
 2.88403150e+05 -3.34447250e+01 
 3.01995172e+05 -3.38505091e+01 
 3.16227766e+05 -3.42535793e+01 
 3.31131121e+05 -3.46541041e+01 
 3.46736850e+05 -3.50522431e+01 
 3.63078055e+05 -3.54481490e+01 
 3.80189396e+05 -3.58419699e+01 
 3.98107171e+05 -3.62338513e+01 
 4.16869383e+05 -3.66239369e+01 
 4.36515832e+05 -3.70123708e+01 
 4.57088190e+05 -3.73992973e+01 
 4.78630092e+05 -3.77848623e+01 
 5.01187234e+05 -3.81692131e+01 
 5.24807460e+05 -3.85524984e+01 
 5.49540874e+05 -3.89348677e+01 
 5.75439937e+05 -3.93164710e+01 
 6.02559586e+05 -3.96974578e+01 
 6.30957344e+05 -4.00779759e+01 
 6.60693448e+05 -4.04581704e+01 
 6.91830971e+05 -4.08381823e+01 
 7.24435960e+05 -4.12181476e+01 
 7.58577575e+05 -4.15981958e+01 
 7.94328235e+05 -4.19784490e+01 
 8.31763771e+05 -4.23590209e+01 
 8.70963590e+05 -4.27400161e+01 
 9.12010839e+05 -4.31215296e+01 
 9.54992586e+05 -4.35036466e+01 
 1.00000000e+06 -4.38864422e+01 
 1.04712855e+06 -4.42699813e+01 
 1.09647820e+06 -4.46543196e+01 
 1.14815362e+06 -4.50395036e+01 
 1.20226443e+06 -4.54255711e+01 
 1.25892541e+06 -4.58125525e+01 
 1.31825674e+06 -4.62004711e+01 
 1.38038426e+06 -4.65893446e+01 
 1.44543977e+06 -4.69791854e+01 
 1.51356125e+06 -4.73700023e+01 
 1.58489319e+06 -4.77618008e+01 
 1.65958691e+06 -4.81545847e+01 
 1.73780083e+06 -4.85483568e+01 
 1.81970086e+06 -4.89431196e+01 
 1.90546072e+06 -4.93388764e+01 
 1.99526231e+06 -4.97356323e+01 
 2.08929613e+06 -5.01333946e+01 
 2.18776162e+06 -5.05321739e+01 
 2.29086765e+06 -5.09319843e+01 
 2.39883292e+06 -5.13328447e+01 
 2.51188643e+06 -5.17347789e+01 
 2.63026799e+06 -5.21378165e+01 
 2.75422870e+06 -5.25419934e+01 
 2.88403150e+06 -5.29473523e+01 
 3.01995172e+06 -5.33539433e+01 
 3.16227766e+06 -5.37618244e+01 
 3.31131121e+06 -5.41710622e+01 
 3.46736850e+06 -5.45817322e+01 
 3.63078055e+06 -5.49939195e+01 
 3.80189396e+06 -5.54077196e+01 
 3.98107171e+06 -5.58232384e+01 
 4.16869383e+06 -5.62405930e+01 
 4.36515832e+06 -5.66599125e+01 
 4.57088190e+06 -5.70813382e+01 
 4.78630092e+06 -5.75050243e+01 
 5.01187234e+06 -5.79311380e+01 
 5.24807460e+06 -5.83598606e+01 
 5.49540874e+06 -5.87913870e+01 
 5.75439937e+06 -5.92259266e+01 
 6.02559586e+06 -5.96637031e+01 
 6.30957344e+06 -6.01049544e+01 
 6.60693448e+06 -6.05499326e+01 
 6.91830971e+06 -6.09989035e+01 
 7.24435960e+06 -6.14521456e+01 
 7.58577575e+06 -6.19099494e+01 
 7.94328235e+06 -6.23726161e+01 
 8.31763771e+06 -6.28404558e+01 
 8.70963590e+06 -6.33137851e+01 
 9.12010839e+06 -6.37929254e+01 
 9.54992586e+06 -6.42781991e+01 
 1.00000000e+07 -6.47699271e+01 
