 1.00000000e+00 -5.27100438e+01 
 1.04712855e+00 -5.27100438e+01 
 1.09647820e+00 -5.27100439e+01 
 1.14815362e+00 -5.27100439e+01 
 1.20226443e+00 -5.27100439e+01 
 1.25892541e+00 -5.27100440e+01 
 1.31825674e+00 -5.27100440e+01 
 1.38038426e+00 -5.27100441e+01 
 1.44543977e+00 -5.27100441e+01 
 1.51356125e+00 -5.27100442e+01 
 1.58489319e+00 -5.27100442e+01 
 1.65958691e+00 -5.27100443e+01 
 1.73780083e+00 -5.27100444e+01 
 1.81970086e+00 -5.27100444e+01 
 1.90546072e+00 -5.27100445e+01 
 1.99526231e+00 -5.27100446e+01 
 2.08929613e+00 -5.27100447e+01 
 2.18776162e+00 -5.27100448e+01 
 2.29086765e+00 -5.27100450e+01 
 2.39883292e+00 -5.27100451e+01 
 2.51188643e+00 -5.27100453e+01 
 2.63026799e+00 -5.27100454e+01 
 2.75422870e+00 -5.27100456e+01 
 2.88403150e+00 -5.27100458e+01 
 3.01995172e+00 -5.27100460e+01 
 3.16227766e+00 -5.27100463e+01 
 3.31131121e+00 -5.27100465e+01 
 3.46736850e+00 -5.27100468e+01 
 3.63078055e+00 -5.27100471e+01 
 3.80189396e+00 -5.27100475e+01 
 3.98107171e+00 -5.27100478e+01 
 4.16869383e+00 -5.27100483e+01 
 4.36515832e+00 -5.27100487e+01 
 4.57088190e+00 -5.27100492e+01 
 4.78630092e+00 -5.27100498e+01 
 5.01187234e+00 -5.27100504e+01 
 5.24807460e+00 -5.27100510e+01 
 5.49540874e+00 -5.27100517e+01 
 5.75439937e+00 -5.27100525e+01 
 6.02559586e+00 -5.27100534e+01 
 6.30957344e+00 -5.27100543e+01 
 6.60693448e+00 -5.27100554e+01 
 6.91830971e+00 -5.27100565e+01 
 7.24435960e+00 -5.27100578e+01 
 7.58577575e+00 -5.27100592e+01 
 7.94328235e+00 -5.27100607e+01 
 8.31763771e+00 -5.27100623e+01 
 8.70963590e+00 -5.27100641e+01 
 9.12010839e+00 -5.27100661e+01 
 9.54992586e+00 -5.27100683e+01 
 1.00000000e+01 -5.27100707e+01 
 1.04712855e+01 -5.27100733e+01 
 1.09647820e+01 -5.27100762e+01 
 1.14815362e+01 -5.27100793e+01 
 1.20226443e+01 -5.27100828e+01 
 1.25892541e+01 -5.27100866e+01 
 1.31825674e+01 -5.27100907e+01 
 1.38038426e+01 -5.27100953e+01 
 1.44543977e+01 -5.27101002e+01 
 1.51356125e+01 -5.27101057e+01 
 1.58489319e+01 -5.27101117e+01 
 1.65958691e+01 -5.27101183e+01 
 1.73780083e+01 -5.27101255e+01 
 1.81970086e+01 -5.27101334e+01 
 1.90546072e+01 -5.27101421e+01 
 1.99526231e+01 -5.27101516e+01 
 2.08929613e+01 -5.27101620e+01 
 2.18776162e+01 -5.27101734e+01 
 2.29086765e+01 -5.27101860e+01 
 2.39883292e+01 -5.27101997e+01 
 2.51188643e+01 -5.27102148e+01 
 2.63026799e+01 -5.27102313e+01 
 2.75422870e+01 -5.27102494e+01 
 2.88403150e+01 -5.27102693e+01 
 3.01995172e+01 -5.27102911e+01 
 3.16227766e+01 -5.27103149e+01 
 3.31131121e+01 -5.27103411e+01 
 3.46736850e+01 -5.27103698e+01 
 3.63078055e+01 -5.27104013e+01 
 3.80189396e+01 -5.27104358e+01 
 3.98107171e+01 -5.27104737e+01 
 4.16869383e+01 -5.27105152e+01 
 4.36515832e+01 -5.27105607e+01 
 4.57088190e+01 -5.27106106e+01 
 4.78630092e+01 -5.27106653e+01 
 5.01187234e+01 -5.27107252e+01 
 5.24807460e+01 -5.27107910e+01 
 5.49540874e+01 -5.27108631e+01 
 5.75439937e+01 -5.27109422e+01 
 6.02559586e+01 -5.27110288e+01 
 6.30957344e+01 -5.27111239e+01 
 6.60693448e+01 -5.27112281e+01 
 6.91830971e+01 -5.27113424e+01 
 7.24435960e+01 -5.27114676e+01 
 7.58577575e+01 -5.27116050e+01 
 7.94328235e+01 -5.27117556e+01 
 8.31763771e+01 -5.27119207e+01 
 8.70963590e+01 -5.27121018e+01 
 9.12010839e+01 -5.27123003e+01 
 9.54992586e+01 -5.27125180e+01 
 1.00000000e+02 -5.27127566e+01 
 1.04712855e+02 -5.27130182e+01 
 1.09647820e+02 -5.27133051e+01 
 1.14815362e+02 -5.27136196e+01 
 1.20226443e+02 -5.27139644e+01 
 1.25892541e+02 -5.27143424e+01 
 1.31825674e+02 -5.27147569e+01 
 1.38038426e+02 -5.27152113e+01 
 1.44543977e+02 -5.27157094e+01 
 1.51356125e+02 -5.27162556e+01 
 1.58489319e+02 -5.27168543e+01 
 1.65958691e+02 -5.27175106e+01 
 1.73780083e+02 -5.27182302e+01 
 1.81970086e+02 -5.27190190e+01 
 1.90546072e+02 -5.27198836e+01 
 1.99526231e+02 -5.27208315e+01 
 2.08929613e+02 -5.27218705e+01 
 2.18776162e+02 -5.27230093e+01 
 2.29086765e+02 -5.27242576e+01 
 2.39883292e+02 -5.27256258e+01 
 2.51188643e+02 -5.27271254e+01 
 2.63026799e+02 -5.27287688e+01 
 2.75422870e+02 -5.27305699e+01 
 2.88403150e+02 -5.27325437e+01 
 3.01995172e+02 -5.27347066e+01 
 3.16227766e+02 -5.27370765e+01 
 3.31131121e+02 -5.27396732e+01 
 3.46736850e+02 -5.27425181e+01 
 3.63078055e+02 -5.27456347e+01 
 3.80189396e+02 -5.27490487e+01 
 3.98107171e+02 -5.27527881e+01 
 4.16869383e+02 -5.27568836e+01 
 4.36515832e+02 -5.27613684e+01 
 4.57088190e+02 -5.27662791e+01 
 4.78630092e+02 -5.27716553e+01 
 5.01187234e+02 -5.27775404e+01 
 5.24807460e+02 -5.27839814e+01 
 5.49540874e+02 -5.27910297e+01 
 5.75439937e+02 -5.27987411e+01 
 6.02559586e+02 -5.28071762e+01 
 6.30957344e+02 -5.28164009e+01 
 6.60693448e+02 -5.28264865e+01 
 6.91830971e+02 -5.28375104e+01 
 7.24435960e+02 -5.28495564e+01 
 7.58577575e+02 -5.28627150e+01 
 7.94328235e+02 -5.28770839e+01 
 8.31763771e+02 -5.28927685e+01 
 8.70963590e+02 -5.29098823e+01 
 9.12010839e+02 -5.29285468e+01 
 9.54992586e+02 -5.29488928e+01 
 1.00000000e+03 -5.29710599e+01 
 1.04712855e+03 -5.29951970e+01 
 1.09647820e+03 -5.30214629e+01 
 1.14815362e+03 -5.30500258e+01 
 1.20226443e+03 -5.30810637e+01 
 1.25892541e+03 -5.31147643e+01 
 1.31825674e+03 -5.31513246e+01 
 1.38038426e+03 -5.31909506e+01 
 1.44543977e+03 -5.32338566e+01 
 1.51356125e+03 -5.32802642e+01 
 1.58489319e+03 -5.33304015e+01 
 1.65958691e+03 -5.33845014e+01 
 1.73780083e+03 -5.34428002e+01 
 1.81970086e+03 -5.35055352e+01 
 1.90546072e+03 -5.35729429e+01 
 1.99526231e+03 -5.36452557e+01 
 2.08929613e+03 -5.37226992e+01 
 2.18776162e+03 -5.38054891e+01 
 2.29086765e+03 -5.38938269e+01 
 2.39883292e+03 -5.39878969e+01 
 2.51188643e+03 -5.40878613e+01 
 2.63026799e+03 -5.41938568e+01 
 2.75422870e+03 -5.43059899e+01 
 2.88403150e+03 -5.44243330e+01 
 3.01995172e+03 -5.45489205e+01 
 3.16227766e+03 -5.46797451e+01 
 3.31131121e+03 -5.48167545e+01 
 3.46736850e+03 -5.49598491e+01 
 3.63078055e+03 -5.51088793e+01 
 3.80189396e+03 -5.52636448e+01 
 3.98107171e+03 -5.54238933e+01 
 4.16869383e+03 -5.55893217e+01 
 4.36515832e+03 -5.57595763e+01 
 4.57088190e+03 -5.59342556e+01 
 4.78630092e+03 -5.61129125e+01 
 5.01187234e+03 -5.62950587e+01 
 5.24807460e+03 -5.64801685e+01 
 5.49540874e+03 -5.66676845e+01 
 5.75439937e+03 -5.68570227e+01 
 6.02559586e+03 -5.70475795e+01 
 6.30957344e+03 -5.72387377e+01 
 6.60693448e+03 -5.74298732e+01 
 6.91830971e+03 -5.76203625e+01 
 7.24435960e+03 -5.78095893e+01 
 7.58577575e+03 -5.79969512e+01 
 7.94328235e+03 -5.81818666e+01 
 8.31763771e+03 -5.83637803e+01 
 8.70963590e+03 -5.85421700e+01 
 9.12010839e+03 -5.87165505e+01 
 9.54992586e+03 -5.88864789e+01 
 1.00000000e+04 -5.90515575e+01 
 1.04712855e+04 -5.92114374e+01 
 1.09647820e+04 -5.93658198e+01 
 1.14815362e+04 -5.95144572e+01 
 1.20226443e+04 -5.96571542e+01 
 1.25892541e+04 -5.97937659e+01 
 1.31825674e+04 -5.99241974e+01 
 1.38038426e+04 -6.00484009e+01 
 1.44543977e+04 -6.01663738e+01 
 1.51356125e+04 -6.02781546e+01 
 1.58489319e+04 -6.03838200e+01 
 1.65958691e+04 -6.04834802e+01 
 1.73780083e+04 -6.05772757e+01 
 1.81970086e+04 -6.06653724e+01 
 1.90546072e+04 -6.07479577e+01 
 1.99526231e+04 -6.08252365e+01 
 2.08929613e+04 -6.08974276e+01 
 2.18776162e+04 -6.09647596e+01 
 2.29086765e+04 -6.10274681e+01 
 2.39883292e+04 -6.10857925e+01 
 2.51188643e+04 -6.11399735e+01 
 2.63026799e+04 -6.11902505e+01 
 2.75422870e+04 -6.12368600e+01 
 2.88403150e+04 -6.12800338e+01 
 3.01995172e+04 -6.13199978e+01 
 3.16227766e+04 -6.13569706e+01 
 3.31131121e+04 -6.13911631e+01 
 3.46736850e+04 -6.14227777e+01 
 3.63078055e+04 -6.14520082e+01 
 3.80189396e+04 -6.14790390e+01 
 3.98107171e+04 -6.15040461e+01 
 4.16869383e+04 -6.15271959e+01 
 4.36515832e+04 -6.15486468e+01 
 4.57088190e+04 -6.15685482e+01 
 4.78630092e+04 -6.15870419e+01 
 5.01187234e+04 -6.16042618e+01 
 5.24807460e+04 -6.16203349e+01 
 5.49540874e+04 -6.16353813e+01 
 5.75439937e+04 -6.16495154e+01 
 6.02559586e+04 -6.16628456e+01 
 6.30957344e+04 -6.16754756e+01 
 6.60693448e+04 -6.16875047e+01 
 6.91830971e+04 -6.16990283e+01 
 7.24435960e+04 -6.17101385e+01 
 7.58577575e+04 -6.17209249e+01 
 7.94328235e+04 -6.17314750e+01 
 8.31763771e+04 -6.17418747e+01 
 8.70963590e+04 -6.17522092e+01 
 9.12010839e+04 -6.17625632e+01 
 9.54992586e+04 -6.17730219e+01 
 1.00000000e+05 -6.17836714e+01 
 1.04712855e+05 -6.17945993e+01 
 1.09647820e+05 -6.18058954e+01 
 1.14815362e+05 -6.18176524e+01 
 1.20226443e+05 -6.18299665e+01 
 1.25892541e+05 -6.18429380e+01 
 1.31825674e+05 -6.18566721e+01 
 1.38038426e+05 -6.18712797e+01 
 1.44543977e+05 -6.18868779e+01 
 1.51356125e+05 -6.19035911e+01 
 1.58489319e+05 -6.19215515e+01 
 1.65958691e+05 -6.19408999e+01 
 1.73780083e+05 -6.19617869e+01 
 1.81970086e+05 -6.19843732e+01 
 1.90546072e+05 -6.20088311e+01 
 1.99526231e+05 -6.20353447e+01 
 2.08929613e+05 -6.20641113e+01 
 2.18776162e+05 -6.20953420e+01 
 2.29086765e+05 -6.21292627e+01 
 2.39883292e+05 -6.21661147e+01 
 2.51188643e+05 -6.22061558e+01 
 2.63026799e+05 -6.22496608e+01 
 2.75422870e+05 -6.22969221e+01 
 2.88403150e+05 -6.23482504e+01 
 3.01995172e+05 -6.24039752e+01 
 3.16227766e+05 -6.24644447e+01 
 3.31131121e+05 -6.25300263e+01 
 3.46736850e+05 -6.26011061e+01 
 3.63078055e+05 -6.26780889e+01 
 3.80189396e+05 -6.27613974e+01 
 3.98107171e+05 -6.28514714e+01 
 4.16869383e+05 -6.29487666e+01 
 4.36515832e+05 -6.30537528e+01 
 4.57088190e+05 -6.31669125e+01 
 4.78630092e+05 -6.32887386e+01 
 5.01187234e+05 -6.34197315e+01 
 5.24807460e+05 -6.35603968e+01 
 5.49540874e+05 -6.37112421e+01 
 5.75439937e+05 -6.38727734e+01 
 6.02559586e+05 -6.40454921e+01 
 6.30957344e+05 -6.42298908e+01 
 6.60693448e+05 -6.44264502e+01 
 6.91830971e+05 -6.46356353e+01 
 7.24435960e+05 -6.48578914e+01 
 7.58577575e+05 -6.50936415e+01 
 7.94328235e+05 -6.53432826e+01 
 8.31763771e+05 -6.56071830e+01 
 8.70963590e+05 -6.58856797e+01 
 9.12010839e+05 -6.61790760e+01 
 9.54992586e+05 -6.64876401e+01 
 1.00000000e+06 -6.68116028e+01 
 1.04712855e+06 -6.71511570e+01 
 1.09647820e+06 -6.75064561e+01 
 1.14815362e+06 -6.78776137e+01 
 1.20226443e+06 -6.82647030e+01 
 1.25892541e+06 -6.86677564e+01 
 1.31825674e+06 -6.90867654e+01 
 1.38038426e+06 -6.95216808e+01 
 1.44543977e+06 -6.99724126e+01 
 1.51356125e+06 -7.04388307e+01 
 1.58489319e+06 -7.09207651e+01 
 1.65958691e+06 -7.14180072e+01 
 1.73780083e+06 -7.19303103e+01 
 1.81970086e+06 -7.24573916e+01 
 1.90546072e+06 -7.29989332e+01 
 1.99526231e+06 -7.35545849e+01 
 2.08929613e+06 -7.41239658e+01 
 2.18776162e+06 -7.47066678e+01 
 2.29086765e+06 -7.53022578e+01 
 2.39883292e+06 -7.59102819e+01 
 2.51188643e+06 -7.65302678e+01 
 2.63026799e+06 -7.71617294e+01 
 2.75422870e+06 -7.78041700e+01 
 2.88403150e+06 -7.84570861e+01 
 3.01995172e+06 -7.91199708e+01 
 3.16227766e+06 -7.97923179e+01 
 3.31131121e+06 -8.04736247e+01 
 3.46736850e+06 -8.11633953e+01 
 3.63078055e+06 -8.18611432e+01 
 3.80189396e+06 -8.25663943e+01 
 3.98107171e+06 -8.32786889e+01 
 4.16869383e+06 -8.39975835e+01 
 4.36515832e+06 -8.47226527e+01 
 4.57088190e+06 -8.54534908e+01 
 4.78630092e+06 -8.61897125e+01 
 5.01187234e+06 -8.69309540e+01 
 5.24807460e+06 -8.76768742e+01 
 5.49540874e+06 -8.84271548e+01 
 5.75439937e+06 -8.91815012e+01 
 6.02559586e+06 -8.99396428e+01 
 6.30957344e+06 -9.07013336e+01 
 6.60693448e+06 -9.14663522e+01 
 6.91830971e+06 -9.22345030e+01 
 7.24435960e+06 -9.30056161e+01 
 7.58577575e+06 -9.37795483e+01 
 7.94328235e+06 -9.45561835e+01 
 8.31763771e+06 -9.53354340e+01 
 8.70963590e+06 -9.61172407e+01 
 9.12010839e+06 -9.69015749e+01 
 9.54992586e+06 -9.76884390e+01 
 1.00000000e+07 -9.84778680e+01 
