 1.00000000e+00 -6.98997493e+01 
 1.04712855e+00 -6.98995662e+01 
 1.09647820e+00 -6.98993655e+01 
 1.14815362e+00 -6.98991455e+01 
 1.20226443e+00 -6.98989043e+01 
 1.25892541e+00 -6.98986398e+01 
 1.31825674e+00 -6.98983498e+01 
 1.38038426e+00 -6.98980318e+01 
 1.44543977e+00 -6.98976832e+01 
 1.51356125e+00 -6.98973010e+01 
 1.58489319e+00 -6.98968820e+01 
 1.65958691e+00 -6.98964227e+01 
 1.73780083e+00 -6.98959190e+01 
 1.81970086e+00 -6.98953669e+01 
 1.90546072e+00 -6.98947616e+01 
 1.99526231e+00 -6.98940981e+01 
 2.08929613e+00 -6.98933706e+01 
 2.18776162e+00 -6.98925732e+01 
 2.29086765e+00 -6.98916990e+01 
 2.39883292e+00 -6.98907407e+01 
 2.51188643e+00 -6.98896903e+01 
 2.63026799e+00 -6.98885389e+01 
 2.75422870e+00 -6.98872768e+01 
 2.88403150e+00 -6.98858935e+01 
 3.01995172e+00 -6.98843774e+01 
 3.16227766e+00 -6.98827158e+01 
 3.31131121e+00 -6.98808948e+01 
 3.46736850e+00 -6.98788991e+01 
 3.63078055e+00 -6.98767123e+01 
 3.80189396e+00 -6.98743160e+01 
 3.98107171e+00 -6.98716905e+01 
 4.16869383e+00 -6.98688139e+01 
 4.36515832e+00 -6.98656625e+01 
 4.57088190e+00 -6.98622103e+01 
 4.78630092e+00 -6.98584290e+01 
 5.01187234e+00 -6.98542876e+01 
 5.24807460e+00 -6.98497522e+01 
 5.49540874e+00 -6.98447861e+01 
 5.75439937e+00 -6.98393490e+01 
 6.02559586e+00 -6.98333970e+01 
 6.30957344e+00 -6.98268824e+01 
 6.60693448e+00 -6.98197533e+01 
 6.91830971e+00 -6.98119530e+01 
 7.24435960e+00 -6.98034202e+01 
 7.58577575e+00 -6.97940881e+01 
 7.94328235e+00 -6.97838843e+01 
 8.31763771e+00 -6.97727302e+01 
 8.70963590e+00 -6.97605409e+01 
 9.12010839e+00 -6.97472243e+01 
 9.54992586e+00 -6.97326811e+01 
 1.00000000e+01 -6.97168043e+01 
 1.04712855e+01 -6.96994783e+01 
 1.09647820e+01 -6.96805792e+01 
 1.14815362e+01 -6.96599738e+01 
 1.20226443e+01 -6.96375194e+01 
 1.25892541e+01 -6.96130638e+01 
 1.31825674e+01 -6.95864443e+01 
 1.38038426e+01 -6.95574884e+01 
 1.44543977e+01 -6.95260128e+01 
 1.51356125e+01 -6.94918239e+01 
 1.58489319e+01 -6.94547178e+01 
 1.65958691e+01 -6.94144806e+01 
 1.73780083e+01 -6.93708885e+01 
 1.81970086e+01 -6.93237089e+01 
 1.90546072e+01 -6.92727005e+01 
 1.99526231e+01 -6.92176152e+01 
 2.08929613e+01 -6.91581986e+01 
 2.18776162e+01 -6.90941917e+01 
 2.29086765e+01 -6.90253327e+01 
 2.39883292e+01 -6.89513590e+01 
 2.51188643e+01 -6.88720092e+01 
 2.63026799e+01 -6.87870254e+01 
 2.75422870e+01 -6.86961560e+01 
 2.88403150e+01 -6.85991577e+01 
 3.01995172e+01 -6.84957988e+01 
 3.16227766e+01 -6.83858613e+01 
 3.31131121e+01 -6.82691433e+01 
 3.46736850e+01 -6.81454618e+01 
 3.63078055e+01 -6.80146540e+01 
 3.80189396e+01 -6.78765792e+01 
 3.98107171e+01 -6.77311203e+01 
 4.16869383e+01 -6.75781840e+01 
 4.36515832e+01 -6.74177012e+01 
 4.57088190e+01 -6.72496271e+01 
 4.78630092e+01 -6.70739398e+01 
 5.01187234e+01 -6.68906395e+01 
 5.24807460e+01 -6.66997469e+01 
 5.49540874e+01 -6.65013013e+01 
 5.75439937e+01 -6.62953585e+01 
 6.02559586e+01 -6.60819887e+01 
 6.30957344e+01 -6.58612745e+01 
 6.60693448e+01 -6.56333090e+01 
 6.91830971e+01 -6.53981943e+01 
 7.24435960e+01 -6.51560395e+01 
 7.58577575e+01 -6.49069605e+01 
 7.94328235e+01 -6.46510785e+01 
 8.31763771e+01 -6.43885202e+01 
 8.70963590e+01 -6.41194174e+01 
 9.12010839e+01 -6.38439070e+01 
 9.54992586e+01 -6.35621317e+01 
 1.00000000e+02 -6.32742399e+01 
 1.04712855e+02 -6.29803862e+01 
 1.09647820e+02 -6.26807318e+01 
 1.14815362e+02 -6.23754443e+01 
 1.20226443e+02 -6.20646980e+01 
 1.25892541e+02 -6.17486735e+01 
 1.31825674e+02 -6.14275572e+01 
 1.38038426e+02 -6.11015408e+01 
 1.44543977e+02 -6.07708203e+01 
 1.51356125e+02 -6.04355953e+01 
 1.58489319e+02 -6.00960676e+01 
 1.65958691e+02 -5.97524405e+01 
 1.73780083e+02 -5.94049170e+01 
 1.81970086e+02 -5.90536992e+01 
 1.90546072e+02 -5.86989870e+01 
 1.99526231e+02 -5.83409769e+01 
 2.08929613e+02 -5.79798610e+01 
 2.18776162e+02 -5.76158265e+01 
 2.29086765e+02 -5.72490547e+01 
 2.39883292e+02 -5.68797202e+01 
 2.51188643e+02 -5.65079907e+01 
 2.63026799e+02 -5.61340267e+01 
 2.75422870e+02 -5.57579808e+01 
 2.88403150e+02 -5.53799978e+01 
 3.01995172e+02 -5.50002147e+01 
 3.16227766e+02 -5.46187606e+01 
 3.31131121e+02 -5.42357566e+01 
 3.46736850e+02 -5.38513163e+01 
 3.63078055e+02 -5.34655458e+01 
 3.80189396e+02 -5.30785437e+01 
 3.98107171e+02 -5.26904018e+01 
 4.16869383e+02 -5.23012051e+01 
 4.36515832e+02 -5.19110318e+01 
 4.57088190e+02 -5.15199544e+01 
 4.78630092e+02 -5.11280392e+01 
 5.01187234e+02 -5.07353468e+01 
 5.24807460e+02 -5.03419327e+01 
 5.49540874e+02 -4.99478473e+01 
 5.75439937e+02 -4.95531360e+01 
 6.02559586e+02 -4.91578399e+01 
 6.30957344e+02 -4.87619956e+01 
 6.60693448e+02 -4.83656356e+01 
 6.91830971e+02 -4.79687885e+01 
 7.24435960e+02 -4.75714790e+01 
 7.58577575e+02 -4.71737286e+01 
 7.94328235e+02 -4.67755547e+01 
 8.31763771e+02 -4.63769718e+01 
 8.70963590e+02 -4.59779909e+01 
 9.12010839e+02 -4.55786197e+01 
 9.54992586e+02 -4.51788629e+01 
 1.00000000e+03 -4.47787219e+01 
 1.04712855e+03 -4.43781949e+01 
 1.09647820e+03 -4.39772767e+01 
 1.14815362e+03 -4.35759592e+01 
 1.20226443e+03 -4.31742307e+01 
 1.25892541e+03 -4.27720758e+01 
 1.31825674e+03 -4.23694758e+01 
 1.38038426e+03 -4.19664080e+01 
 1.44543977e+03 -4.15628456e+01 
 1.51356125e+03 -4.11587577e+01 
 1.58489319e+03 -4.07541087e+01 
 1.65958691e+03 -4.03488581e+01 
 1.73780083e+03 -3.99429602e+01 
 1.81970086e+03 -3.95363634e+01 
 1.90546072e+03 -3.91290100e+01 
 1.99526231e+03 -3.87208355e+01 
 2.08929613e+03 -3.83117682e+01 
 2.18776162e+03 -3.79017281e+01 
 2.29086765e+03 -3.74906265e+01 
 2.39883292e+03 -3.70783648e+01 
 2.51188643e+03 -3.66648340e+01 
 2.63026799e+03 -3.62499128e+01 
 2.75422870e+03 -3.58334672e+01 
 2.88403150e+03 -3.54153487e+01 
 3.01995172e+03 -3.49953925e+01 
 3.16227766e+03 -3.45734160e+01 
 3.31131121e+03 -3.41492168e+01 
 3.46736850e+03 -3.37225702e+01 
 3.63078055e+03 -3.32932267e+01 
 3.80189396e+03 -3.28609089e+01 
 3.98107171e+03 -3.24253081e+01 
 4.16869383e+03 -3.19860804e+01 
 4.36515832e+03 -3.15428420e+01 
 4.57088190e+03 -3.10951643e+01 
 4.78630092e+03 -3.06425672e+01 
 5.01187234e+03 -3.01845123e+01 
 5.24807460e+03 -2.97203946e+01 
 5.49540874e+03 -2.92495322e+01 
 5.75439937e+03 -2.87711549e+01 
 6.02559586e+03 -2.82843896e+01 
 6.30957344e+03 -2.77882442e+01 
 6.60693448e+03 -2.72815861e+01 
 6.91830971e+03 -2.67631179e+01 
 7.24435960e+03 -2.62313462e+01 
 7.58577575e+03 -2.56845436e+01 
 7.94328235e+03 -2.51207001e+01 
 8.31763771e+03 -2.45374625e+01 
 8.70963590e+03 -2.39320558e+01 
 9.12010839e+03 -2.33011814e+01 
 9.54992586e+03 -2.26408824e+01 
 1.00000000e+04 -2.19463631e+01 
 1.04712855e+04 -2.12117423e+01 
 1.09647820e+04 -2.04297104e+01 
 1.14815362e+04 -1.95910393e+01 
 1.20226443e+04 -1.86838674e+01 
 1.25892541e+04 -1.76926229e+01 
 1.31825674e+04 -1.65963501e+01 
 1.38038426e+04 -1.53660098e+01 
 1.44543977e+04 -1.39599487e+01 
 1.51356125e+04 -1.23160089e+01 
 1.58489319e+04 -1.03375883e+01 
 1.65958691e+04 -7.87176616e+00 
 1.73780083e+04 -4.71249036e+00 
 1.81970086e+04 -1.08630909e+00 
 1.90546072e+04 -3.62861097e-01 
 1.99526231e+04 -3.74597041e+00 
 2.08929613e+04 -7.11295625e+00 
 2.18776162e+04 -9.74893786e+00 
 2.29086765e+04 -1.18448431e+01 
 2.39883292e+04 -1.35720354e+01 
 2.51188643e+04 -1.50398485e+01 
 2.63026799e+04 -1.63180079e+01 
 2.75422870e+04 -1.74527367e+01 
 2.88403150e+04 -1.84759516e+01 
 3.01995172e+04 -1.94105011e+01 
 3.16227766e+04 -2.02732554e+01 
 3.31131121e+04 -2.10770016e+01 
 3.46736850e+04 -2.18316519e+01 
 3.63078055e+04 -2.25450392e+01 
 3.80189396e+04 -2.32234585e+01 
 3.98107171e+04 -2.38720436e+01 
 4.16869383e+04 -2.44950369e+01 
 4.36515832e+04 -2.50959852e+01 
 4.57088190e+04 -2.56778861e+01 
 4.78630092e+04 -2.62432979e+01 
 5.01187234e+04 -2.67944242e+01 
 5.24807460e+04 -2.73331794e+01 
 5.49540874e+04 -2.78612411e+01 
 5.75439937e+04 -2.83800903e+01 
 6.02559586e+04 -2.88910455e+01 
 6.30957344e+04 -2.93952893e+01 
 6.60693448e+04 -2.98938904e+01 
 6.91830971e+04 -3.03878221e+01 
 7.24435960e+04 -3.08779770e+01 
 7.58577575e+04 -3.13651804e+01 
 7.94328235e+04 -3.18502000e+01 
 8.31763771e+04 -3.23337556e+01 
 8.70963590e+04 -3.28165259e+01 
 9.12010839e+04 -3.32991549e+01 
 9.54992586e+04 -3.37822569e+01 
 1.00000000e+05 -3.42664210e+01 
 1.04712855e+05 -3.47522137e+01 
 1.09647820e+05 -3.52401815e+01 
 1.14815362e+05 -3.57308532e+01 
 1.20226443e+05 -3.62247399e+01 
 1.25892541e+05 -3.67223364e+01 
 1.31825674e+05 -3.72241201e+01 
 1.38038426e+05 -3.77305508e+01 
 1.44543977e+05 -3.82420693e+01 
 1.51356125e+05 -3.87590955e+01 
 1.58489319e+05 -3.92820266e+01 
 1.65958691e+05 -3.98112349e+01 
 1.73780083e+05 -4.03470649e+01 
 1.81970086e+05 -4.08898308e+01 
 1.90546072e+05 -4.14398144e+01 
 1.99526231e+05 -4.19972619e+01 
 2.08929613e+05 -4.25623824e+01 
 2.18776162e+05 -4.31353457e+01 
 2.29086765e+05 -4.37162811e+01 
 2.39883292e+05 -4.43052762e+01 
 2.51188643e+05 -4.49023773e+01 
 2.63026799e+05 -4.55075892e+01 
 2.75422870e+05 -4.61208767e+01 
 2.88403150e+05 -4.67421659e+01 
 3.01995172e+05 -4.73713472e+01 
 3.16227766e+05 -4.80082775e+01 
 3.31131121e+05 -4.86527841e+01 
 3.46736850e+05 -4.93046681e+01 
 3.63078055e+05 -4.99637090e+01 
 3.80189396e+05 -5.06296680e+01 
 3.98107171e+05 -5.13022930e+01 
 4.16869383e+05 -5.19813221e+01 
 4.36515832e+05 -5.26664878e+01 
 4.57088190e+05 -5.33575204e+01 
 4.78630092e+05 -5.40541510e+01 
 5.01187234e+05 -5.47561146e+01 
 5.24807460e+05 -5.54631517e+01 
 5.49540874e+05 -5.61750105e+01 
 5.75439937e+05 -5.68914479e+01 
 6.02559586e+05 -5.76122299e+01 
 6.30957344e+05 -5.83371324e+01 
 6.60693448e+05 -5.90659404e+01 
 6.91830971e+05 -5.97984483e+01 
 7.24435960e+05 -6.05344585e+01 
 7.58577575e+05 -6.12737811e+01 
 7.94328235e+05 -6.20162324e+01 
 8.31763771e+05 -6.27616342e+01 
 8.70963590e+05 -6.35098129e+01 
 9.12010839e+05 -6.42605979e+01 
 9.54992586e+05 -6.50138215e+01 
 1.00000000e+06 -6.57693175e+01 
 1.04712855e+06 -6.65269208e+01 
 1.09647820e+06 -6.72864667e+01 
 1.14815362e+06 -6.80477904e+01 
 1.20226443e+06 -6.88107268e+01 
 1.25892541e+06 -6.95751098e+01 
 1.31825674e+06 -7.03407722e+01 
 1.38038426e+06 -7.11075455e+01 
 1.44543977e+06 -7.18752595e+01 
 1.51356125e+06 -7.26437419e+01 
 1.58489319e+06 -7.34128183e+01 
 1.65958691e+06 -7.41823117e+01 
 1.73780083e+06 -7.49520419e+01 
 1.81970086e+06 -7.57218255e+01 
 1.90546072e+06 -7.64914752e+01 
 1.99526231e+06 -7.72607990e+01 
 2.08929613e+06 -7.80296002e+01 
 2.18776162e+06 -7.87976766e+01 
 2.29086765e+06 -7.95648197e+01 
 2.39883292e+06 -8.03308146e+01 
 2.51188643e+06 -8.10954389e+01 
 2.63026799e+06 -8.18584629e+01 
 2.75422870e+06 -8.26196483e+01 
 2.88403150e+06 -8.33787488e+01 
 3.01995172e+06 -8.41355091e+01 
 3.16227766e+06 -8.48896651e+01 
 3.31131121e+06 -8.56409441e+01 
 3.46736850e+06 -8.63890650e+01 
 3.63078055e+06 -8.71337386e+01 
 3.80189396e+06 -8.78746684e+01 
 3.98107171e+06 -8.86115518e+01 
 4.16869383e+06 -8.93440812e+01 
 4.36515832e+06 -9.00719457e+01 
 4.57088190e+06 -9.07948329e+01 
 4.78630092e+06 -9.15124317e+01 
 5.01187234e+06 -9.22244341e+01 
 5.24807460e+06 -9.29305389e+01 
 5.49540874e+06 -9.36304544e+01 
 5.75439937e+06 -9.43239022e+01 
 6.02559586e+06 -9.50106207e+01 
 6.30957344e+06 -9.56903689e+01 
 6.60693448e+06 -9.63629301e+01 
 6.91830971e+06 -9.70281155e+01 
 7.24435960e+06 -9.76857678e+01 
 7.58577575e+06 -9.83357640e+01 
 7.94328235e+06 -9.89780183e+01 
 8.31763771e+06 -9.96124835e+01 
 8.70963590e+06 -1.00239153e+02 
 9.12010839e+06 -1.00858060e+02 
 9.54992586e+06 -1.01469279e+02 
 1.00000000e+07 -1.02072920e+02 
