 5.00000000e-09  4.84710827e-09 
 5.15036123e-09  4.94013312e-09 
 5.45108368e-09  5.11347778e-09 
 6.05252858e-09  5.43304904e-09 
 6.89039498e-09  5.83997885e-09 
 8.16088054e-09  6.39127710e-09 
 1.07018516e-08  7.36027133e-09 
 1.30967104e-08  8.22532597e-09 
 1.57620801e-08  9.13585888e-09 
 1.86296288e-08  1.00505530e-08 
 2.18728284e-08  1.10750477e-08 
 2.51221029e-08  1.20804350e-08 
 2.81401277e-08  1.29836616e-08 
 3.30348403e-08  1.44359778e-08 
 3.75404741e-08  1.57834776e-08 
 4.60018550e-08  1.83593500e-08 
 5.95457495e-08  2.25991382e-08 
 8.39514682e-08  3.05522177e-08 
 1.32762906e-07  4.73379367e-08 
 2.30385780e-07  8.27115923e-08 
 3.25345762e-07  1.17935399e-07 
 4.52834483e-07  1.64873073e-07 
 5.00000000e-07  1.82028819e-07 
 5.09256756e-07  1.85378229e-07 
 5.27770269e-07  1.92058824e-07 
 5.63367835e-07  2.04829672e-07 
 6.34562968e-07  2.30103209e-07 
 6.74393710e-07  2.44099367e-07 
 7.02972505e-07  2.54083459e-07 
 7.24662768e-07  2.61630348e-07 
 7.37684937e-07  2.66148906e-07 
 7.45431425e-07  2.68832525e-07 
 7.50197544e-07  2.70482060e-07 
 7.54624891e-07  2.72013265e-07 
 7.58776928e-07  2.73448307e-07 
 7.62602154e-07  2.74769585e-07 
 7.70252606e-07  2.77409803e-07 
 7.85146031e-07  2.82540643e-07 
 8.12428816e-07  2.91908549e-07 
 8.52180953e-07  3.05484167e-07 
 9.18875869e-07  3.28059003e-07 
 1.00000000e-06  3.55177529e-07 
 1.01084021e-06  3.58771827e-07 
 1.03252064e-06  3.65945083e-07 
 1.07588149e-06  3.80223627e-07 
 1.16260320e-06  4.08440358e-07 
 1.27938526e-06  4.45451445e-07 
 1.36444401e-06  4.71624106e-07 
 1.44612601e-06  4.95985929e-07 
 1.55143596e-06  5.25532387e-07 
 1.65370231e-06  5.51457642e-07 
 1.85823501e-06  5.94432233e-07 
 2.10990267e-06  6.54351960e-07 
 2.27614801e-06  8.86186345e-07 
 2.38538049e-06  1.66641707e-06 
 2.46307183e-06  3.39376450e-06 
 2.53069814e-06  7.17623400e-06 
 2.59756898e-06  1.59564677e-05 
 2.66724909e-06  3.66394130e-05 
 2.73927986e-06  8.19023466e-05 
 2.82068070e-06  1.85530397e-04 
 2.87371584e-06  2.96247217e-04 
 2.90304589e-06  3.60672498e-04 
 2.92085889e-06  3.93075884e-04 
 2.93773265e-06  4.14776677e-04 
 2.94905131e-06  4.24663168e-04 
 2.96119325e-06  4.32585170e-04 
 2.97400145e-06  4.39746084e-04 
 2.98654852e-06  4.47162397e-04 
 3.00651091e-06  4.64309153e-04 
 3.01751923e-06  4.78132096e-04 
 3.02714635e-06  4.93359697e-04 
 3.03988130e-06  5.16915244e-04 
 3.05303709e-06  5.42114759e-04 
 3.06623976e-06  5.64572819e-04 
 3.07924365e-06  5.81484734e-04 
 3.09457062e-06  5.94244766e-04 
 3.12182618e-06  6.05154766e-04 
 3.16690293e-06  6.12282069e-04 
 3.22810010e-06  6.15860296e-04 
 3.28826693e-06  6.17060430e-04 
 3.35387572e-06  6.17540309e-04 
 3.47620349e-06  6.17923184e-04 
 3.60704168e-06  6.18084566e-04 
 3.76828520e-06  6.18177033e-04 
 3.91359426e-06  6.18222643e-04 
 4.18073260e-06  6.18283391e-04 
 4.48803971e-06  6.18342811e-04 
 4.90715114e-06  6.18419670e-04 
 5.69806489e-06  6.18560066e-04 
 6.55778666e-06  6.18708137e-04 
 7.75580270e-06  6.18909622e-04 
 9.47644422e-06  6.19141631e-04 
 1.00000000e-05  6.19219604e-04 
 1.00747124e-05  6.19242394e-04 
 1.02241371e-05  6.21698198e-04 
 1.03317712e-05  6.60914525e-04 
 1.04254385e-05  8.80171639e-04 
 1.05203740e-05  1.55959240e-03 
 1.06191375e-05  3.00556886e-03 
 1.07641285e-05  6.83996952e-03 
 1.09908441e-05  1.72055555e-02 
 1.11061928e-05  2.44631464e-02 
 1.12214226e-05  3.24890445e-02 
 1.12830952e-05  3.66714105e-02 
 1.13277263e-05  3.96481321e-02 
 1.13778600e-05  4.29921644e-02 
 1.14421207e-05  4.72887974e-02 
 1.15128734e-05  5.20183239e-02 
 1.16543788e-05  6.14483599e-02 
 1.18587759e-05  7.49886422e-02 
 1.22675701e-05  1.01338914e-01 
 1.25292348e-05  1.14117310e-01 
 1.27731487e-05  1.21072895e-01 
 1.30446575e-05  1.23903015e-01 
 1.33510909e-05  1.25004720e-01 
 1.36569864e-05  1.25365884e-01 
 1.39551189e-05  1.25477058e-01 
 1.42265764e-05  1.25504980e-01 
 1.45009378e-05  1.25509710e-01 
 1.47832021e-05  1.25506517e-01 
 1.51213280e-05  1.25499525e-01 
 1.54516858e-05  1.25491564e-01 
 1.59091201e-05  1.25480054e-01 
 1.66850987e-05  1.25460235e-01 
 1.82370559e-05  1.25420382e-01 
 2.13409703e-05  1.25340538e-01 
 2.64375171e-05  1.25209405e-01 
 3.16713320e-05  1.46951953e-01 
 3.51765259e-05  1.77315187e-01 
 3.90794916e-05  1.96184432e-01 
 4.34824115e-05  2.13136368e-01 
 4.84414082e-05  2.37471203e-01 
 5.70356350e-05  2.79118208e-01 
 6.70356350e-05  3.25652869e-01 
 7.70356350e-05  3.72108641e-01 
 8.70356350e-05  4.18158025e-01 
 9.70356350e-05  4.63703357e-01 
 1.07035635e-04  5.08803406e-01 
 1.17035635e-04  5.53458872e-01 
 1.27035635e-04  5.97669127e-01 
 1.37035635e-04  6.41440303e-01 
 1.47035635e-04  6.84776894e-01 
 1.57035635e-04  7.27683027e-01 
 1.67035635e-04  7.70162654e-01 
 1.77035635e-04  8.12221019e-01 
 1.87035635e-04  8.53861352e-01 
 1.97035635e-04  8.95088005e-01 
 2.07035635e-04  9.35905173e-01 
 2.17035635e-04  9.76316896e-01 
 2.27035635e-04  1.01632717e+00 
 2.37035635e-04  1.05593999e+00 
 2.47035635e-04  1.09515930e+00 
 2.57035635e-04  1.13398900e+00 
 2.67035635e-04  1.17243294e+00 
 2.77035635e-04  1.21049496e+00 
 2.87035635e-04  1.24817884e+00 
 2.97035635e-04  1.28548832e+00 
 3.07035635e-04  1.32242688e+00 
 3.17035635e-04  1.35899868e+00 
 3.27035635e-04  1.39520715e+00 
 3.37035635e-04  1.43105585e+00 
 3.47035635e-04  1.46654836e+00 
 3.57035635e-04  1.50168822e+00 
 3.67035635e-04  1.53647892e+00 
 3.77035635e-04  1.57092392e+00 
 3.87035635e-04  1.60502667e+00 
 3.97035635e-04  1.63879054e+00 
 4.07035635e-04  1.67221891e+00 
 4.17035635e-04  1.70531510e+00 
 4.27035635e-04  1.73808240e+00 
 4.37035635e-04  1.77052409e+00 
 4.47035635e-04  1.80264340e+00 
 4.57035635e-04  1.83444351e+00 
 4.67035635e-04  1.86592760e+00 
 4.77035635e-04  1.89709881e+00 
 4.87035635e-04  1.92796024e+00 
 4.97035635e-04  1.95851496e+00 
 5.07035635e-04  1.98876602e+00 
 5.17035635e-04  2.01871644e+00 
 5.27035635e-04  2.04836919e+00 
 5.37035635e-04  2.07772723e+00 
 5.47035635e-04  2.10679349e+00 
 5.57035635e-04  2.13557086e+00 
 5.67035635e-04  2.16406222e+00 
 5.77035635e-04  2.19227039e+00 
 5.87035635e-04  2.22019819e+00 
 5.97035635e-04  2.24784841e+00 
 6.07035635e-04  2.27522380e+00 
 6.17035635e-04  2.30232709e+00 
 6.27035635e-04  2.32916098e+00 
 6.37035635e-04  2.35572814e+00 
 6.47035635e-04  2.38203123e+00 
 6.57035635e-04  2.40807286e+00 
 6.67035635e-04  2.43385564e+00 
 6.77035635e-04  2.45938212e+00 
 6.87035635e-04  2.48465487e+00 
 6.97035635e-04  2.50967638e+00 
 7.07035635e-04  2.53444917e+00 
 7.17035635e-04  2.55897571e+00 
 7.27035635e-04  2.58325842e+00 
 7.37035635e-04  2.60729975e+00 
 7.47035635e-04  2.63110208e+00 
 7.57035635e-04  2.65466779e+00 
 7.67035635e-04  2.67799923e+00 
 7.77035635e-04  2.70109872e+00 
 7.87035635e-04  2.72396857e+00 
 7.97035635e-04  2.74661107e+00 
 8.07035635e-04  2.76902846e+00 
 8.17035635e-04  2.79122298e+00 
 8.27035635e-04  2.81319686e+00 
 8.37035635e-04  2.83495227e+00 
 8.47035635e-04  2.85649139e+00 
 8.57035635e-04  2.87781637e+00 
 8.67035635e-04  2.89892933e+00 
 8.77035635e-04  2.91983239e+00 
 8.87035635e-04  2.94052762e+00 
 8.97035635e-04  2.96101709e+00 
 9.07035635e-04  2.98130285e+00 
 9.17035635e-04  3.00138691e+00 
 9.27035635e-04  3.02127129e+00 
 9.37035635e-04  3.04095797e+00 
 9.47035635e-04  3.06044890e+00 
 9.57035635e-04  3.07974604e+00 
 9.67035635e-04  3.09885131e+00 
 9.77035635e-04  3.11776662e+00 
 9.87035635e-04  3.13649385e+00 
 9.97035635e-04  3.15503487e+00 
 1.00703563e-03  3.17339154e+00 
 1.01703563e-03  3.19156568e+00 
 1.02703563e-03  3.20955911e+00 
 1.03703563e-03  3.22737363e+00 
 1.04703563e-03  3.24501100e+00 
 1.05703563e-03  3.26247300e+00 
 1.06703563e-03  3.27976136e+00 
 1.07703563e-03  3.29687781e+00 
 1.08703563e-03  3.31382406e+00 
 1.09703563e-03  3.33060180e+00 
 1.10703563e-03  3.34721270e+00 
 1.11703563e-03  3.36365843e+00 
 1.12703563e-03  3.37994061e+00 
 1.13703563e-03  3.39606089e+00 
 1.14703563e-03  3.41202087e+00 
 1.15703563e-03  3.42782213e+00 
 1.16703563e-03  3.44346626e+00 
 1.17703563e-03  3.45895483e+00 
 1.18703563e-03  3.47428936e+00 
 1.19703563e-03  3.48947141e+00 
 1.20703563e-03  3.50450247e+00 
 1.21703563e-03  3.51938406e+00 
 1.22703563e-03  3.53411766e+00 
 1.23703563e-03  3.54870473e+00 
 1.24703563e-03  3.56314674e+00 
 1.25703563e-03  3.57744513e+00 
 1.26703563e-03  3.59160132e+00 
 1.27703563e-03  3.60561673e+00 
 1.28703563e-03  3.61949276e+00 
 1.29703563e-03  3.63323079e+00 
 1.30703563e-03  3.64683219e+00 
 1.31703563e-03  3.66029833e+00 
 1.32703563e-03  3.67363054e+00 
 1.33703563e-03  3.68683016e+00 
 1.34703563e-03  3.69989851e+00 
 1.35703563e-03  3.71283688e+00 
 1.36703563e-03  3.72564658e+00 
 1.37703563e-03  3.73832888e+00 
 1.38703563e-03  3.75088505e+00 
 1.39703563e-03  3.76331635e+00 
 1.40703563e-03  3.77562400e+00 
 1.41703563e-03  3.78780925e+00 
 1.42703563e-03  3.79987331e+00 
 1.43703563e-03  3.81181738e+00 
 1.44703563e-03  3.82364266e+00 
 1.45703563e-03  3.83535033e+00 
 1.46703563e-03  3.84694155e+00 
 1.47703563e-03  3.85841749e+00 
 1.48703563e-03  3.86977929e+00 
 1.49703563e-03  3.88102809e+00 
 1.50703563e-03  3.89216500e+00 
 1.51703563e-03  3.90319115e+00 
 1.52703563e-03  3.91410763e+00 
 1.53703563e-03  3.92491553e+00 
 1.54703563e-03  3.93561594e+00 
 1.55703563e-03  3.94620991e+00 
 1.56703563e-03  3.95669852e+00 
 1.57703563e-03  3.96708280e+00 
 1.58703563e-03  3.97736380e+00 
 1.59703563e-03  3.98754255e+00 
 1.60703563e-03  3.99762005e+00 
 1.61703563e-03  4.00759731e+00 
 1.62703563e-03  4.01747533e+00 
 1.63703563e-03  4.02725509e+00 
 1.64703563e-03  4.03693759e+00 
 1.65703563e-03  4.04652376e+00 
 1.66703563e-03  4.05601459e+00 
 1.67703563e-03  4.06541102e+00 
 1.68703563e-03  4.07471399e+00 
 1.69703563e-03  4.08392442e+00 
 1.70703563e-03  4.09304324e+00 
 1.71703563e-03  4.10207136e+00 
 1.72703563e-03  4.11100967e+00 
 1.73703563e-03  4.11985908e+00 
 1.74703563e-03  4.12862046e+00 
 1.75703563e-03  4.13729469e+00 
 1.76703563e-03  4.14588264e+00 
 1.77703563e-03  4.15438516e+00 
 1.78703563e-03  4.16280311e+00 
 1.79703563e-03  4.17113733e+00 
 1.80703563e-03  4.17938864e+00 
 1.81703563e-03  4.18755787e+00 
 1.82703563e-03  4.19564585e+00 
 1.83703563e-03  4.20365337e+00 
 1.84703563e-03  4.21158124e+00 
 1.85703563e-03  4.21943025e+00 
 1.86703563e-03  4.22720118e+00 
 1.87703563e-03  4.23489481e+00 
 1.88703563e-03  4.24251192e+00 
 1.89703563e-03  4.25005325e+00 
 1.90703563e-03  4.25751956e+00 
 1.91703563e-03  4.26491160e+00 
 1.92703563e-03  4.27223010e+00 
 1.93703563e-03  4.27947581e+00 
 1.94703563e-03  4.28664944e+00 
 1.95703563e-03  4.29375171e+00 
 1.96703563e-03  4.30078333e+00 
 1.97703563e-03  4.30774500e+00 
 1.98703563e-03  4.31463742e+00 
 1.99703563e-03  4.32146127e+00 
 2.00703563e-03  4.32821725e+00 
 2.01703563e-03  4.33490602e+00 
 2.02703563e-03  4.34152825e+00 
 2.02828563e-03  4.34235084e+00 
 2.03078563e-03  4.34399356e+00 
 2.03141063e-03  4.34440358e+00 
 2.03266063e-03  4.34522309e+00 
 2.03416461e-03  4.34620780e+00 
 2.03554755e-03  4.34711188e+00 
 2.03811956e-03  4.34878986e+00 
 2.04326357e-03  4.35213321e+00 
 2.05326357e-03  4.35858409e+00 
 2.06326357e-03  4.36497072e+00 
 2.07326357e-03  4.37129384e+00 
 2.08326357e-03  4.37755408e+00 
 2.09326357e-03  4.38375206e+00 
 2.10326357e-03  4.38988837e+00 
 2.11326357e-03  4.39596364e+00 
 2.12326357e-03  4.40197847e+00 
 2.13326357e-03  4.40793347e+00 
 2.14326357e-03  4.41382923e+00 
 2.15326357e-03  4.41966634e+00 
 2.16326357e-03  4.42544538e+00 
 2.17326357e-03  4.43116693e+00 
 2.18326357e-03  4.43683155e+00 
 2.19326357e-03  4.44243983e+00 
 2.20326357e-03  4.44799232e+00 
 2.21326357e-03  4.45348956e+00 
 2.22326357e-03  4.45893212e+00 
 2.23326357e-03  4.46432054e+00 
 2.24326357e-03  4.46965535e+00 
 2.25326357e-03  4.47493709e+00 
 2.26326357e-03  4.48016628e+00 
 2.27326357e-03  4.48534346e+00 
 2.28326357e-03  4.49046912e+00 
 2.29326357e-03  4.49554380e+00 
 2.30326357e-03  4.50056799e+00 
 2.31326357e-03  4.50554220e+00 
 2.32326357e-03  4.51046692e+00 
 2.33326357e-03  4.51534265e+00 
 2.34326357e-03  4.52016988e+00 
 2.35326357e-03  4.52494908e+00 
 2.36326357e-03  4.52968074e+00 
 2.37326357e-03  4.53436532e+00 
 2.38326357e-03  4.53900330e+00 
 2.39326357e-03  4.54359513e+00 
 2.40326357e-03  4.54814129e+00 
 2.41326357e-03  4.55264221e+00 
 2.42326357e-03  4.55709836e+00 
 2.43326357e-03  4.56151018e+00 
 2.44326357e-03  4.56587810e+00 
 2.45326357e-03  4.57020257e+00 
 2.46326357e-03  4.57448402e+00 
 2.47326357e-03  4.57872287e+00 
 2.48326357e-03  4.58291955e+00 
 2.49326357e-03  4.58707449e+00 
 2.50326357e-03  4.59118808e+00 
 2.51326357e-03  4.59526075e+00 
 2.52326357e-03  4.59929290e+00 
 2.53326357e-03  4.60328494e+00 
 2.54326357e-03  4.60723726e+00 
 2.55326357e-03  4.61115026e+00 
 2.56326357e-03  4.61502433e+00 
 2.57326357e-03  4.61885985e+00 
 2.58326357e-03  4.62265722e+00 
 2.59326357e-03  4.62641681e+00 
 2.60326357e-03  4.63013900e+00 
 2.61326357e-03  4.63382415e+00 
 2.62326357e-03  4.63747264e+00 
 2.63326357e-03  4.64108483e+00 
 2.64326357e-03  4.64466109e+00 
 2.65326357e-03  4.64820176e+00 
 2.66326357e-03  4.65170721e+00 
 2.67326357e-03  4.65517778e+00 
 2.68326357e-03  4.65861383e+00 
 2.69326357e-03  4.66201569e+00 
 2.70326357e-03  4.66538370e+00 
 2.71326357e-03  4.66871821e+00 
 2.72326357e-03  4.67201954e+00 
 2.73326357e-03  4.67528803e+00 
 2.74326357e-03  4.67852399e+00 
 2.75326357e-03  4.68172777e+00 
 2.76326357e-03  4.68489967e+00 
 2.77326357e-03  4.68804001e+00 
 2.78326357e-03  4.69114910e+00 
 2.79326357e-03  4.69422727e+00 
 2.80326357e-03  4.69727481e+00 
 2.81326357e-03  4.70029203e+00 
 2.82326357e-03  4.70327923e+00 
 2.83326357e-03  4.70623671e+00 
 2.84326357e-03  4.70916477e+00 
 2.85326357e-03  4.71206369e+00 
 2.86326357e-03  4.71493377e+00 
 2.87326357e-03  4.71777530e+00 
 2.88326357e-03  4.72058856e+00 
 2.89326357e-03  4.72337382e+00 
 2.90326357e-03  4.72613138e+00 
 2.91326357e-03  4.72886150e+00 
 2.92326357e-03  4.73156446e+00 
 2.93326357e-03  4.73424052e+00 
 2.94326357e-03  4.73688996e+00 
 2.95326357e-03  4.73951304e+00 
 2.96326357e-03  4.74211002e+00 
 2.97326357e-03  4.74468117e+00 
 2.98326357e-03  4.74722673e+00 
 2.99326357e-03  4.74974697e+00 
 3.00326357e-03  4.75224213e+00 
 3.01326357e-03  4.75471247e+00 
 3.02326357e-03  4.75715823e+00 
 3.03326357e-03  4.75957965e+00 
 3.04326357e-03  4.76197698e+00 
 3.05326357e-03  4.76435047e+00 
 3.06326357e-03  4.76670033e+00 
 3.07326357e-03  4.76902682e+00 
 3.08326357e-03  4.77133016e+00 
 3.09326357e-03  4.77361058e+00 
 3.10326357e-03  4.77586832e+00 
 3.11326357e-03  4.77810359e+00 
 3.12326357e-03  4.78031662e+00 
 3.13326357e-03  4.78250763e+00 
 3.14326357e-03  4.78467685e+00 
 3.15326357e-03  4.78682448e+00 
 3.16326357e-03  4.78895074e+00 
 3.17326357e-03  4.79105585e+00 
 3.18326357e-03  4.79314001e+00 
 3.19326357e-03  4.79520344e+00 
 3.20326357e-03  4.79724634e+00 
 3.21326357e-03  4.79926891e+00 
 3.22326357e-03  4.80127135e+00 
 3.23326357e-03  4.80325388e+00 
 3.24326357e-03  4.80521668e+00 
 3.25326357e-03  4.80715995e+00 
 3.26326357e-03  4.80908388e+00 
 3.27326357e-03  4.81098868e+00 
 3.28326357e-03  4.81287452e+00 
 3.29326357e-03  4.81474160e+00 
 3.30326357e-03  4.81659010e+00 
 3.31326357e-03  4.81842021e+00 
 3.32326357e-03  4.82023211e+00 
 3.33326357e-03  4.82202598e+00 
 3.34326357e-03  4.82380201e+00 
 3.35326357e-03  4.82556036e+00 
 3.36326357e-03  4.82730122e+00 
 3.37326357e-03  4.82902476e+00 
 3.38326357e-03  4.83073115e+00 
 3.39326357e-03  4.83242056e+00 
 3.40326357e-03  4.83409317e+00 
 3.41326357e-03  4.83574913e+00 
 3.42326357e-03  4.83738861e+00 
 3.43326357e-03  4.83901179e+00 
 3.44326357e-03  4.84061881e+00 
 3.45326357e-03  4.84220984e+00 
 3.46326357e-03  4.84378505e+00 
 3.47326357e-03  4.84534458e+00 
 3.48326357e-03  4.84688859e+00 
 3.49326357e-03  4.84841724e+00 
 3.50326357e-03  4.84993068e+00 
 3.51326357e-03  4.85142907e+00 
 3.52326357e-03  4.85291254e+00 
 3.53326357e-03  4.85438126e+00 
 3.54326357e-03  4.85583536e+00 
 3.55326357e-03  4.85727499e+00 
 3.56326357e-03  4.85870030e+00 
 3.57326357e-03  4.86011143e+00 
 3.58326357e-03  4.86150852e+00 
 3.59326357e-03  4.86289170e+00 
 3.60326357e-03  4.86426113e+00 
 3.61326357e-03  4.86561693e+00 
 3.62326357e-03  4.86695924e+00 
 3.63326357e-03  4.86828819e+00 
 3.64326357e-03  4.86960392e+00 
 3.65326357e-03  4.87090656e+00 
 3.66326357e-03  4.87219624e+00 
 3.67326357e-03  4.87347309e+00 
 3.68326357e-03  4.87473723e+00 
 3.69326357e-03  4.87598880e+00 
 3.70326357e-03  4.87722791e+00 
 3.71326357e-03  4.87845469e+00 
 3.72326357e-03  4.87966927e+00 
 3.73326357e-03  4.88087176e+00 
 3.74326357e-03  4.88206229e+00 
 3.75326357e-03  4.88324097e+00 
 3.76326357e-03  4.88440792e+00 
 3.77326357e-03  4.88556327e+00 
 3.78326357e-03  4.88670711e+00 
 3.79326357e-03  4.88783958e+00 
 3.80326357e-03  4.88896078e+00 
 3.81326357e-03  4.89007082e+00 
 3.82326357e-03  4.89116982e+00 
 3.83326357e-03  4.89225788e+00 
 3.84326357e-03  4.89333512e+00 
 3.85326357e-03  4.89440164e+00 
 3.86326357e-03  4.89545755e+00 
 3.87326357e-03  4.89650295e+00 
 3.88326357e-03  4.89753795e+00 
 3.89326357e-03  4.89856265e+00 
 3.90326357e-03  4.89957716e+00 
 3.91326357e-03  4.90058157e+00 
 3.92326357e-03  4.90157599e+00 
 3.93326357e-03  4.90256051e+00 
 3.94326357e-03  4.90353524e+00 
 3.95326357e-03  4.90450027e+00 
 3.96326357e-03  4.90545569e+00 
 3.97326357e-03  4.90640161e+00 
 3.98326357e-03  4.90733812e+00 
 3.99326357e-03  4.90826531e+00 
 4.00326357e-03  4.90918328e+00 
 4.01326357e-03  4.91009211e+00 
 4.02326357e-03  4.91099190e+00 
 4.03326357e-03  4.91188274e+00 
 4.04326357e-03  4.91276471e+00 
 4.05326357e-03  4.91363791e+00 
 4.06326357e-03  4.91450241e+00 
 4.07326357e-03  4.91535832e+00 
 4.08326357e-03  4.91620571e+00 
 4.09326357e-03  4.91704467e+00 
 4.10326357e-03  4.91787528e+00 
 4.11326357e-03  4.91869763e+00 
 4.12326357e-03  4.91951179e+00 
 4.13326357e-03  4.92031786e+00 
 4.14326357e-03  4.92111590e+00 
 4.15326357e-03  4.92190600e+00 
 4.16326357e-03  4.92268824e+00 
 4.17326357e-03  4.92346270e+00 
 4.18326357e-03  4.92422946e+00 
 4.19326357e-03  4.92498858e+00 
 4.20326357e-03  4.92574015e+00 
 4.21326357e-03  4.92648424e+00 
 4.22326357e-03  4.92722093e+00 
 4.23326357e-03  4.92795029e+00 
 4.24326357e-03  4.92867239e+00 
 4.25326357e-03  4.92938730e+00 
 4.26326357e-03  4.93009511e+00 
 4.27326357e-03  4.93079587e+00 
 4.28326357e-03  4.93148965e+00 
 4.29326357e-03  4.93217654e+00 
 4.30326357e-03  4.93285659e+00 
 4.31326357e-03  4.93352987e+00 
 4.32326357e-03  4.93419646e+00 
 4.33326357e-03  4.93485641e+00 
 4.34326357e-03  4.93550979e+00 
 4.35326357e-03  4.93615668e+00 
 4.36326357e-03  4.93679712e+00 
 4.37326357e-03  4.93743120e+00 
 4.38326357e-03  4.93805896e+00 
 4.39326357e-03  4.93868048e+00 
 4.40326357e-03  4.93929582e+00 
 4.41326357e-03  4.93990503e+00 
 4.42326357e-03  4.94050818e+00 
 4.43326357e-03  4.94110533e+00 
 4.44326357e-03  4.94169654e+00 
 4.45326357e-03  4.94228187e+00 
 4.46326357e-03  4.94286137e+00 
 4.47326357e-03  4.94343511e+00 
 4.48326357e-03  4.94400313e+00 
 4.49326357e-03  4.94456551e+00 
 4.50326357e-03  4.94512229e+00 
 4.51326357e-03  4.94567353e+00 
 4.52326357e-03  4.94621928e+00 
 4.53326357e-03  4.94675960e+00 
 4.54326357e-03  4.94729455e+00 
 4.55326357e-03  4.94782418e+00 
 4.56326357e-03  4.94834853e+00 
 4.57326357e-03  4.94886767e+00 
 4.58326357e-03  4.94938164e+00 
 4.59326357e-03  4.94989050e+00 
 4.60326357e-03  4.95039430e+00 
 4.61326357e-03  4.95089308e+00 
 4.62326357e-03  4.95138690e+00 
 4.63326357e-03  4.95187581e+00 
 4.64326357e-03  4.95235985e+00 
 4.65326357e-03  4.95283907e+00 
 4.66326357e-03  4.95331353e+00 
 4.67326357e-03  4.95378327e+00 
 4.68326357e-03  4.95424833e+00 
 4.69326357e-03  4.95470876e+00 
 4.70326357e-03  4.95516462e+00 
 4.71326357e-03  4.95561593e+00 
 4.72326357e-03  4.95606276e+00 
 4.73326357e-03  4.95650514e+00 
 4.74326357e-03  4.95694312e+00 
 4.75326357e-03  4.95737674e+00 
 4.76326357e-03  4.95780605e+00 
 4.77326357e-03  4.95823108e+00 
 4.78326357e-03  4.95865189e+00 
 4.79326357e-03  4.95906851e+00 
 4.80326357e-03  4.95948098e+00 
 4.81326357e-03  4.95988935e+00 
 4.82326357e-03  4.96029366e+00 
 4.83326357e-03  4.96069394e+00 
 4.84326357e-03  4.96109024e+00 
 4.85326357e-03  4.96148260e+00 
 4.86326357e-03  4.96187105e+00 
 4.87326357e-03  4.96225564e+00 
 4.88326357e-03  4.96263640e+00 
 4.89326357e-03  4.96301337e+00 
 4.90326357e-03  4.96338659e+00 
 4.91326357e-03  4.96375610e+00 
 4.92326357e-03  4.96412193e+00 
 4.93326357e-03  4.96448413e+00 
 4.94326357e-03  4.96484271e+00 
 4.95326357e-03  4.96519773e+00 
 4.96326357e-03  4.96554922e+00 
 4.97326357e-03  4.96589721e+00 
 4.98326357e-03  4.96624174e+00 
 4.99326357e-03  4.96658284e+00 
 5.00326357e-03  4.96692054e+00 
 5.01326357e-03  4.96725489e+00 
 5.02326357e-03  4.96758590e+00 
 5.03326357e-03  4.96791363e+00 
 5.04326357e-03  4.96823809e+00 
 5.05326357e-03  4.96855933e+00 
 5.06326357e-03  4.96887737e+00 
 5.07326357e-03  4.96919224e+00 
 5.08326357e-03  4.96950398e+00 
 5.09326357e-03  4.96981262e+00 
 5.10326357e-03  4.97011819e+00 
 5.11326357e-03  4.97042072e+00 
 5.12326357e-03  4.97072023e+00 
 5.13326357e-03  4.97101677e+00 
 5.14326357e-03  4.97131036e+00 
 5.15326357e-03  4.97160102e+00 
 5.16326357e-03  4.97188880e+00 
 5.17326357e-03  4.97217371e+00 
 5.18326357e-03  4.97245578e+00 
 5.19326357e-03  4.97273505e+00 
 5.20326357e-03  4.97301154e+00 
 5.21326357e-03  4.97328528e+00 
 5.22326357e-03  4.97355629e+00 
 5.23326357e-03  4.97382461e+00 
 5.24326357e-03  4.97409026e+00 
 5.25326357e-03  4.97435327e+00 
 5.26326357e-03  4.97461365e+00 
 5.27326357e-03  4.97487145e+00 
 5.28326357e-03  4.97512668e+00 
 5.29326357e-03  4.97537938e+00 
 5.30326357e-03  4.97562956e+00 
 5.31326357e-03  4.97587724e+00 
 5.32326357e-03  4.97612247e+00 
 5.33326357e-03  4.97636525e+00 
 5.34326357e-03  4.97660562e+00 
 5.35326357e-03  4.97684360e+00 
 5.36326357e-03  4.97707921e+00 
 5.37326357e-03  4.97731247e+00 
 5.38326357e-03  4.97754342e+00 
 5.39326357e-03  4.97777206e+00 
 5.40326357e-03  4.97799843e+00 
 5.41326357e-03  4.97822255e+00 
 5.42326357e-03  4.97844444e+00 
 5.43326357e-03  4.97866412e+00 
 5.44326357e-03  4.97888161e+00 
 5.45326357e-03  4.97909694e+00 
 5.46326357e-03  4.97931013e+00 
 5.47326357e-03  4.97952120e+00 
 5.48326357e-03  4.97973017e+00 
 5.49326357e-03  4.97993705e+00 
 5.50326357e-03  4.98014188e+00 
 5.51326357e-03  4.98034467e+00 
 5.52326357e-03  4.98054544e+00 
 5.53326357e-03  4.98074422e+00 
 5.54326357e-03  4.98094102e+00 
 5.55326357e-03  4.98113586e+00 
 5.56326357e-03  4.98132876e+00 
 5.57326357e-03  4.98151974e+00 
 5.58326357e-03  4.98170882e+00 
 5.59326357e-03  4.98189602e+00 
 5.60326357e-03  4.98208135e+00 
 5.61326357e-03  4.98226485e+00 
 5.62326357e-03  4.98244651e+00 
 5.63326357e-03  4.98262637e+00 
 5.64326357e-03  4.98280444e+00 
 5.65326357e-03  4.98298074e+00 
 5.66326357e-03  4.98315528e+00 
 5.67326357e-03  4.98332809e+00 
 5.68326357e-03  4.98349918e+00 
 5.69326357e-03  4.98366856e+00 
 5.70326357e-03  4.98383626e+00 
 5.71326357e-03  4.98400229e+00 
 5.72326357e-03  4.98416667e+00 
 5.73326357e-03  4.98432941e+00 
 5.74326357e-03  4.98449054e+00 
 5.75326357e-03  4.98465006e+00 
 5.76326357e-03  4.98480799e+00 
 5.77326357e-03  4.98496435e+00 
 5.78326357e-03  4.98511916e+00 
 5.79326357e-03  4.98527243e+00 
 5.80326357e-03  4.98542417e+00 
 5.81326357e-03  4.98557440e+00 
 5.82326357e-03  4.98572313e+00 
 5.83326357e-03  4.98587039e+00 
 5.84326357e-03  4.98601618e+00 
 5.85326357e-03  4.98616052e+00 
 5.86326357e-03  4.98630342e+00 
 5.87326357e-03  4.98644491e+00 
 5.88326357e-03  4.98658498e+00 
 5.89326357e-03  4.98672366e+00 
 5.90326357e-03  4.98686096e+00 
 5.91326357e-03  4.98699690e+00 
 5.92326357e-03  4.98713148e+00 
 5.93326357e-03  4.98726472e+00 
 5.94326357e-03  4.98739664e+00 
 5.95326357e-03  4.98752724e+00 
 5.96326357e-03  4.98765655e+00 
 5.97326357e-03  4.98778457e+00 
 5.98326357e-03  4.98791131e+00 
 5.99326357e-03  4.98803679e+00 
 6.00326357e-03  4.98816103e+00 
 6.01326357e-03  4.98828403e+00 
 6.02326357e-03  4.98840580e+00 
 6.03326357e-03  4.98852636e+00 
 6.04326357e-03  4.98864573e+00 
 6.05326357e-03  4.98876390e+00 
 6.06326357e-03  4.98888090e+00 
 6.07326357e-03  4.98899674e+00 
 6.08326357e-03  4.98911142e+00 
 6.09326357e-03  4.98922496e+00 
 6.10326357e-03  4.98933738e+00 
 6.11326357e-03  4.98944867e+00 
 6.12326357e-03  4.98955886e+00 
 6.13326357e-03  4.98966795e+00 
 6.14326357e-03  4.98977595e+00 
 6.15326357e-03  4.98988288e+00 
 6.16326357e-03  4.98998875e+00 
 6.17326357e-03  4.99009356e+00 
 6.18326357e-03  4.99019733e+00 
 6.19326357e-03  4.99030007e+00 
 6.20326357e-03  4.99040178e+00 
 6.21326357e-03  4.99050248e+00 
 6.22326357e-03  4.99060218e+00 
 6.23326357e-03  4.99070089e+00 
 6.24326357e-03  4.99079862e+00 
 6.25326357e-03  4.99089537e+00 
 6.26326357e-03  4.99099116e+00 
 6.27326357e-03  4.99108600e+00 
 6.28326357e-03  4.99117990e+00 
 6.29326357e-03  4.99127286e+00 
 6.30326357e-03  4.99136489e+00 
 6.31326357e-03  4.99145601e+00 
 6.32326357e-03  4.99154622e+00 
 6.33326357e-03  4.99163554e+00 
 6.34326357e-03  4.99172397e+00 
 6.35326357e-03  4.99181151e+00 
 6.36326357e-03  4.99189819e+00 
 6.37326357e-03  4.99198400e+00 
 6.38326357e-03  4.99206896e+00 
 6.39326357e-03  4.99215307e+00 
 6.40326357e-03  4.99223635e+00 
 6.41326357e-03  4.99231880e+00 
 6.42326357e-03  4.99240043e+00 
 6.43326357e-03  4.99248124e+00 
 6.44326357e-03  4.99256125e+00 
 6.45326357e-03  4.99264047e+00 
 6.46326357e-03  4.99271890e+00 
 6.47326357e-03  4.99279654e+00 
 6.48326357e-03  4.99287342e+00 
 6.49326357e-03  4.99294953e+00 
 6.50326357e-03  4.99302488e+00 
 6.51326357e-03  4.99309948e+00 
 6.52326357e-03  4.99317334e+00 
 6.53326357e-03  4.99324647e+00 
 6.54326357e-03  4.99331886e+00 
 6.55326357e-03  4.99339054e+00 
 6.56326357e-03  4.99346150e+00 
 6.57326357e-03  4.99353176e+00 
 6.58326357e-03  4.99360132e+00 
 6.59326357e-03  4.99367019e+00 
 6.60326357e-03  4.99373837e+00 
 6.61326357e-03  4.99380587e+00 
 6.62326357e-03  4.99387270e+00 
 6.63326357e-03  4.99393887e+00 
 6.64326357e-03  4.99400438e+00 
 6.65326357e-03  4.99406923e+00 
 6.66326357e-03  4.99413344e+00 
 6.67326357e-03  4.99419701e+00 
 6.68326357e-03  4.99425995e+00 
 6.69326357e-03  4.99432227e+00 
 6.70326357e-03  4.99438396e+00 
 6.71326357e-03  4.99444504e+00 
 6.72326357e-03  4.99450551e+00 
 6.73326357e-03  4.99456538e+00 
 6.74326357e-03  4.99462465e+00 
 6.75326357e-03  4.99468334e+00 
 6.76326357e-03  4.99474144e+00 
 6.77326357e-03  4.99479896e+00 
 6.78326357e-03  4.99485591e+00 
 6.79326357e-03  4.99491229e+00 
 6.80326357e-03  4.99496811e+00 
 6.81326357e-03  4.99502338e+00 
 6.82326357e-03  4.99507810e+00 
 6.83326357e-03  4.99513227e+00 
 6.84326357e-03  4.99518590e+00 
 6.85326357e-03  4.99523900e+00 
 6.86326357e-03  4.99529157e+00 
 6.87326357e-03  4.99534362e+00 
 6.88326357e-03  4.99539515e+00 
 6.89326357e-03  4.99544617e+00 
 6.90326357e-03  4.99549668e+00 
 6.91326357e-03  4.99554669e+00 
 6.92326357e-03  4.99559620e+00 
 6.93326357e-03  4.99564521e+00 
 6.94326357e-03  4.99569374e+00 
 6.95326357e-03  4.99574179e+00 
 6.96326357e-03  4.99578936e+00 
 6.97326357e-03  4.99583645e+00 
 6.98326357e-03  4.99588308e+00 
 6.99326357e-03  4.99592924e+00 
 7.00326357e-03  4.99597494e+00 
 7.01326357e-03  4.99602019e+00 
 7.02326357e-03  4.99606499e+00 
 7.03326357e-03  4.99610934e+00 
 7.04326357e-03  4.99615325e+00 
 7.05326357e-03  4.99619673e+00 
 7.06326357e-03  4.99623977e+00 
 7.07326357e-03  4.99628238e+00 
 7.08326357e-03  4.99632457e+00 
 7.09326357e-03  4.99636634e+00 
 7.10326357e-03  4.99640770e+00 
 7.11326357e-03  4.99644864e+00 
 7.12326357e-03  4.99648917e+00 
 7.13326357e-03  4.99652931e+00 
 7.14326357e-03  4.99656904e+00 
 7.15326357e-03  4.99660837e+00 
 7.16326357e-03  4.99664732e+00 
 7.17326357e-03  4.99668588e+00 
 7.18326357e-03  4.99672405e+00 
 7.19326357e-03  4.99676185e+00 
 7.20326357e-03  4.99679927e+00 
 7.21326357e-03  4.99683631e+00 
 7.22326357e-03  4.99687299e+00 
 7.23326357e-03  4.99690930e+00 
 7.24326357e-03  4.99694525e+00 
 7.25326357e-03  4.99698085e+00 
 7.26326357e-03  4.99701609e+00 
 7.27326357e-03  4.99705098e+00 
 7.28326357e-03  4.99708552e+00 
 7.29326357e-03  4.99711971e+00 
 7.30326357e-03  4.99715357e+00 
 7.31326357e-03  4.99718709e+00 
 7.32326357e-03  4.99722028e+00 
 7.33326357e-03  4.99725314e+00 
 7.34326357e-03  4.99728567e+00 
 7.35326357e-03  4.99731787e+00 
 7.36326357e-03  4.99734976e+00 
 7.37326357e-03  4.99738133e+00 
 7.38326357e-03  4.99741258e+00 
 7.39326357e-03  4.99744353e+00 
 7.40326357e-03  4.99747416e+00 
 7.41326357e-03  4.99750449e+00 
 7.42326357e-03  4.99753452e+00 
 7.43326357e-03  4.99756425e+00 
 7.44326357e-03  4.99759369e+00 
 7.45326357e-03  4.99762283e+00 
 7.46326357e-03  4.99765168e+00 
 7.47326357e-03  4.99768024e+00 
 7.48326357e-03  4.99770852e+00 
 7.49326357e-03  4.99773652e+00 
 7.50326357e-03  4.99776424e+00 
 7.51326357e-03  4.99779169e+00 
 7.52326357e-03  4.99781886e+00 
 7.53326357e-03  4.99784576e+00 
 7.54326357e-03  4.99787239e+00 
 7.55326357e-03  4.99789876e+00 
 7.56326357e-03  4.99792487e+00 
 7.57326357e-03  4.99795071e+00 
 7.58326357e-03  4.99797630e+00 
 7.59326357e-03  4.99800164e+00 
 7.60326357e-03  4.99802672e+00 
 7.61326357e-03  4.99805155e+00 
 7.62326357e-03  4.99807614e+00 
 7.63326357e-03  4.99810048e+00 
 7.64326357e-03  4.99812458e+00 
 7.65326357e-03  4.99814844e+00 
 7.66326357e-03  4.99817206e+00 
 7.67326357e-03  4.99819545e+00 
 7.68326357e-03  4.99821860e+00 
 7.69326357e-03  4.99824152e+00 
 7.70326357e-03  4.99826422e+00 
 7.71326357e-03  4.99828669e+00 
 7.72326357e-03  4.99830893e+00 
 7.73326357e-03  4.99833096e+00 
 7.74326357e-03  4.99835276e+00 
 7.75326357e-03  4.99837435e+00 
 7.76326357e-03  4.99839573e+00 
 7.77326357e-03  4.99841689e+00 
 7.78326357e-03  4.99843784e+00 
 7.79326357e-03  4.99845858e+00 
 7.80326357e-03  4.99847912e+00 
 7.81326357e-03  4.99849945e+00 
 7.82326357e-03  4.99851958e+00 
 7.83326357e-03  4.99853950e+00 
 7.84326357e-03  4.99855923e+00 
 7.85326357e-03  4.99857877e+00 
 7.86326357e-03  4.99859811e+00 
 7.87326357e-03  4.99861726e+00 
 7.88326357e-03  4.99863621e+00 
 7.89326357e-03  4.99865498e+00 
 7.90326357e-03  4.99867356e+00 
 7.91326357e-03  4.99869196e+00 
 7.92326357e-03  4.99871017e+00 
 7.93326357e-03  4.99872820e+00 
 7.94326357e-03  4.99874606e+00 
 7.95326357e-03  4.99876373e+00 
 7.96326357e-03  4.99878123e+00 
 7.97326357e-03  4.99879856e+00 
 7.98326357e-03  4.99881571e+00 
 7.99326357e-03  4.99883269e+00 
 8.00326357e-03  4.99884950e+00 
 8.01326357e-03  4.99886615e+00 
 8.02326357e-03  4.99888263e+00 
 8.03326357e-03  4.99889895e+00 
 8.04326357e-03  4.99891510e+00 
 8.05326357e-03  4.99893109e+00 
 8.06326357e-03  4.99894693e+00 
 8.07326357e-03  4.99896260e+00 
 8.08326357e-03  4.99897812e+00 
 8.09326357e-03  4.99899349e+00 
 8.10326357e-03  4.99900870e+00 
 8.11326357e-03  4.99902377e+00 
 8.12326357e-03  4.99903868e+00 
 8.13326357e-03  4.99905344e+00 
 8.14326357e-03  4.99906806e+00 
 8.15326357e-03  4.99908253e+00 
 8.16326357e-03  4.99909686e+00 
 8.17326357e-03  4.99911104e+00 
 8.18326357e-03  4.99912508e+00 
 8.19326357e-03  4.99913899e+00 
 8.20326357e-03  4.99915275e+00 
 8.21326357e-03  4.99916638e+00 
 8.22326357e-03  4.99917987e+00 
 8.23326357e-03  4.99919323e+00 
 8.24326357e-03  4.99920646e+00 
 8.25326357e-03  4.99921955e+00 
 8.26326357e-03  4.99923252e+00 
 8.27326357e-03  4.99924535e+00 
 8.28326357e-03  4.99925806e+00 
 8.29326357e-03  4.99927064e+00 
 8.30326357e-03  4.99928309e+00 
 8.31326357e-03  4.99929543e+00 
 8.32326357e-03  4.99930764e+00 
 8.33326357e-03  4.99931972e+00 
 8.34326357e-03  4.99933169e+00 
 8.35326357e-03  4.99934354e+00 
 8.36326357e-03  4.99935527e+00 
 8.37326357e-03  4.99936688e+00 
 8.38326357e-03  4.99937838e+00 
 8.39326357e-03  4.99938976e+00 
 8.40326357e-03  4.99940103e+00 
 8.41326357e-03  4.99941219e+00 
 8.42326357e-03  4.99942324e+00 
 8.43326357e-03  4.99943417e+00 
 8.44326357e-03  4.99944500e+00 
 8.45326357e-03  4.99945572e+00 
 8.46326357e-03  4.99946634e+00 
 8.47326357e-03  4.99947684e+00 
 8.48326357e-03  4.99948725e+00 
 8.49326357e-03  4.99949755e+00 
 8.50326357e-03  4.99950775e+00 
 8.51326357e-03  4.99951784e+00 
 8.52326357e-03  4.99952784e+00 
 8.53326357e-03  4.99953773e+00 
 8.54326357e-03  4.99954753e+00 
 8.55326357e-03  4.99955723e+00 
 8.56326357e-03  4.99956684e+00 
 8.57326357e-03  4.99957634e+00 
 8.58326357e-03  4.99958576e+00 
 8.59326357e-03  4.99959508e+00 
 8.60326357e-03  4.99960431e+00 
 8.61326357e-03  4.99961344e+00 
 8.62326357e-03  4.99962249e+00 
 8.63326357e-03  4.99963144e+00 
 8.64326357e-03  4.99964030e+00 
 8.65326357e-03  4.99964908e+00 
 8.66326357e-03  4.99965777e+00 
 8.67326357e-03  4.99966638e+00 
 8.68326357e-03  4.99967489e+00 
 8.69326357e-03  4.99968333e+00 
 8.70326357e-03  4.99969168e+00 
 8.71326357e-03  4.99969994e+00 
 8.72326357e-03  4.99970813e+00 
 8.73326357e-03  4.99971623e+00 
 8.74326357e-03  4.99972425e+00 
 8.75326357e-03  4.99973219e+00 
 8.76326357e-03  4.99974005e+00 
 8.77326357e-03  4.99974784e+00 
 8.78326357e-03  4.99975555e+00 
 8.79326357e-03  4.99976318e+00 
 8.80326357e-03  4.99977073e+00 
 8.81326357e-03  4.99977821e+00 
 8.82326357e-03  4.99978562e+00 
 8.83326357e-03  4.99979295e+00 
 8.84326357e-03  4.99980020e+00 
 8.85326357e-03  4.99980739e+00 
 8.86326357e-03  4.99981451e+00 
 8.87326357e-03  4.99982155e+00 
 8.88326357e-03  4.99982852e+00 
 8.89326357e-03  4.99983543e+00 
 8.90326357e-03  4.99984226e+00 
 8.91326357e-03  4.99984903e+00 
 8.92326357e-03  4.99985573e+00 
 8.93326357e-03  4.99986236e+00 
 8.94326357e-03  4.99986893e+00 
 8.95326357e-03  4.99987543e+00 
 8.96326357e-03  4.99988187e+00 
 8.97326357e-03  4.99988825e+00 
 8.98326357e-03  4.99989456e+00 
 8.99326357e-03  4.99990080e+00 
 9.00326357e-03  4.99990699e+00 
 9.01326357e-03  4.99991311e+00 
 9.02326357e-03  4.99991917e+00 
 9.03326357e-03  4.99992518e+00 
 9.04326357e-03  4.99993112e+00 
 9.05326357e-03  4.99993700e+00 
 9.06326357e-03  4.99994283e+00 
 9.07326357e-03  4.99994860e+00 
 9.08326357e-03  4.99995430e+00 
 9.09326357e-03  4.99995996e+00 
 9.10326357e-03  4.99996555e+00 
 9.11326357e-03  4.99997110e+00 
 9.12326357e-03  4.99997658e+00 
 9.13326357e-03  4.99998201e+00 
 9.14326357e-03  4.99998739e+00 
 9.15326357e-03  4.99999271e+00 
 9.16326357e-03  4.99999798e+00 
 9.17326357e-03  5.00000320e+00 
 9.18326357e-03  5.00000837e+00 
 9.19326357e-03  5.00001348e+00 
 9.20326357e-03  5.00001855e+00 
 9.21326357e-03  5.00002356e+00 
 9.22326357e-03  5.00002852e+00 
 9.23326357e-03  5.00003344e+00 
 9.24326357e-03  5.00003830e+00 
 9.25326357e-03  5.00004312e+00 
 9.26326357e-03  5.00004789e+00 
 9.27326357e-03  5.00005261e+00 
 9.28326357e-03  5.00005729e+00 
 9.29326357e-03  5.00006191e+00 
 9.30326357e-03  5.00006650e+00 
 9.31326357e-03  5.00007103e+00 
 9.32326357e-03  5.00007552e+00 
 9.33326357e-03  5.00007997e+00 
 9.34326357e-03  5.00008437e+00 
 9.35326357e-03  5.00008873e+00 
 9.36326357e-03  5.00009305e+00 
 9.37326357e-03  5.00009732e+00 
 9.38326357e-03  5.00010155e+00 
 9.39326357e-03  5.00010574e+00 
 9.40326357e-03  5.00010988e+00 
 9.41326357e-03  5.00011399e+00 
 9.42326357e-03  5.00011805e+00 
 9.43326357e-03  5.00012207e+00 
 9.44326357e-03  5.00012606e+00 
 9.45326357e-03  5.00013000e+00 
 9.46326357e-03  5.00013391e+00 
 9.47326357e-03  5.00013777e+00 
 9.48326357e-03  5.00014160e+00 
 9.49326357e-03  5.00014539e+00 
 9.50326357e-03  5.00014914e+00 
 9.51326357e-03  5.00015285e+00 
 9.52326357e-03  5.00015653e+00 
 9.53326357e-03  5.00016017e+00 
 9.54326357e-03  5.00016378e+00 
 9.55326357e-03  5.00016734e+00 
 9.56326357e-03  5.00017088e+00 
 9.57326357e-03  5.00017438e+00 
 9.58326357e-03  5.00017784e+00 
 9.59326357e-03  5.00018127e+00 
 9.60326357e-03  5.00018466e+00 
 9.61326357e-03  5.00018802e+00 
 9.62326357e-03  5.00019135e+00 
 9.63326357e-03  5.00019464e+00 
 9.64326357e-03  5.00019791e+00 
 9.65326357e-03  5.00020113e+00 
 9.66326357e-03  5.00020433e+00 
 9.67326357e-03  5.00020750e+00 
 9.68326357e-03  5.00021063e+00 
 9.69326357e-03  5.00021373e+00 
 9.70326357e-03  5.00021680e+00 
 9.71326357e-03  5.00021984e+00 
 9.72326357e-03  5.00022285e+00 
 9.73326357e-03  5.00022584e+00 
 9.74326357e-03  5.00022879e+00 
 9.75326357e-03  5.00023171e+00 
 9.76326357e-03  5.00023460e+00 
 9.77326357e-03  5.00023746e+00 
 9.78326357e-03  5.00024030e+00 
 9.79326357e-03  5.00024311e+00 
 9.80326357e-03  5.00024589e+00 
 9.81326357e-03  5.00024864e+00 
 9.82326357e-03  5.00025136e+00 
 9.83326357e-03  5.00025406e+00 
 9.84326357e-03  5.00025673e+00 
 9.85326357e-03  5.00025937e+00 
 9.86326357e-03  5.00026199e+00 
 9.87326357e-03  5.00026458e+00 
 9.88326357e-03  5.00026715e+00 
 9.89326357e-03  5.00026969e+00 
 9.90326357e-03  5.00027220e+00 
 9.91326357e-03  5.00027469e+00 
 9.92326357e-03  5.00027716e+00 
 9.93326357e-03  5.00027960e+00 
 9.94326357e-03  5.00028201e+00 
 9.95326357e-03  5.00028440e+00 
 9.96326357e-03  5.00028677e+00 
 9.97326357e-03  5.00028912e+00 
 9.98326357e-03  5.00029144e+00 
 9.99326357e-03  5.00029374e+00 
 1.00032636e-02  5.00029601e+00 
 1.00132636e-02  5.00029826e+00 
 1.00232636e-02  5.00030049e+00 
 1.00332636e-02  5.00030270e+00 
 1.00432636e-02  5.00030489e+00 
 1.00532636e-02  5.00030705e+00 
 1.00632636e-02  5.00030920e+00 
 1.00732636e-02  5.00031132e+00 
 1.00832636e-02  5.00031342e+00 
 1.00932636e-02  5.00031550e+00 
 1.01032636e-02  5.00031756e+00 
 1.01132636e-02  5.00031960e+00 
 1.01232636e-02  5.00032161e+00 
 1.01332636e-02  5.00032361e+00 
 1.01432636e-02  5.00032559e+00 
 1.01532636e-02  5.00032755e+00 
 1.01632636e-02  5.00032949e+00 
 1.01732636e-02  5.00033141e+00 
 1.01832636e-02  5.00033331e+00 
 1.01932636e-02  5.00033519e+00 
 1.02032636e-02  5.00033705e+00 
 1.02132636e-02  5.00033890e+00 
 1.02232636e-02  5.00034072e+00 
 1.02332636e-02  5.00034253e+00 
 1.02432636e-02  5.00034432e+00 
 1.02532636e-02  5.00034609e+00 
 1.02632636e-02  5.00034785e+00 
 1.02732636e-02  5.00034958e+00 
 1.02832636e-02  5.00035130e+00 
 1.02932636e-02  5.00035301e+00 
 1.03032636e-02  5.00035469e+00 
 1.03132636e-02  5.00035636e+00 
 1.03232636e-02  5.00035801e+00 
 1.03332636e-02  5.00035965e+00 
 1.03432636e-02  5.00036127e+00 
 1.03532636e-02  5.00036287e+00 
 1.03632636e-02  5.00036446e+00 
 1.03732636e-02  5.00036603e+00 
 1.03832636e-02  5.00036759e+00 
 1.03932636e-02  5.00036913e+00 
 1.04032636e-02  5.00037065e+00 
 1.04132636e-02  5.00037216e+00 
 1.04232636e-02  5.00037366e+00 
 1.04332636e-02  5.00037514e+00 
 1.04432636e-02  5.00037660e+00 
 1.04532636e-02  5.00037805e+00 
 1.04632636e-02  5.00037949e+00 
 1.04732636e-02  5.00038091e+00 
 1.04832636e-02  5.00038232e+00 
 1.04932636e-02  5.00038371e+00 
 1.05032636e-02  5.00038509e+00 
 1.05132636e-02  5.00038646e+00 
 1.05232636e-02  5.00038781e+00 
 1.05332636e-02  5.00038915e+00 
 1.05432636e-02  5.00039048e+00 
 1.05532636e-02  5.00039179e+00 
 1.05632636e-02  5.00039309e+00 
 1.05732636e-02  5.00039438e+00 
 1.05832636e-02  5.00039565e+00 
 1.05932636e-02  5.00039691e+00 
 1.06032636e-02  5.00039816e+00 
 1.06132636e-02  5.00039940e+00 
 1.06232636e-02  5.00040062e+00 
 1.06332636e-02  5.00040183e+00 
 1.06432636e-02  5.00040303e+00 
 1.06532636e-02  5.00040422e+00 
 1.06632636e-02  5.00040540e+00 
 1.06732636e-02  5.00040656e+00 
 1.06832636e-02  5.00040771e+00 
 1.06932636e-02  5.00040886e+00 
 1.07032636e-02  5.00040999e+00 
 1.07132636e-02  5.00041110e+00 
 1.07232636e-02  5.00041221e+00 
 1.07332636e-02  5.00041331e+00 
 1.07432636e-02  5.00041439e+00 
 1.07532636e-02  5.00041547e+00 
 1.07632636e-02  5.00041653e+00 
 1.07732636e-02  5.00041759e+00 
 1.07832636e-02  5.00041863e+00 
 1.07932636e-02  5.00041966e+00 
 1.08032636e-02  5.00042068e+00 
 1.08132636e-02  5.00042170e+00 
 1.08232636e-02  5.00042270e+00 
 1.08332636e-02  5.00042369e+00 
 1.08432636e-02  5.00042467e+00 
 1.08532636e-02  5.00042565e+00 
 1.08632636e-02  5.00042661e+00 
 1.08732636e-02  5.00042756e+00 
 1.08832636e-02  5.00042851e+00 
 1.08932636e-02  5.00042944e+00 
 1.09032636e-02  5.00043036e+00 
 1.09132636e-02  5.00043128e+00 
 1.09232636e-02  5.00043219e+00 
 1.09332636e-02  5.00043309e+00 
 1.09432636e-02  5.00043397e+00 
 1.09532636e-02  5.00043485e+00 
 1.09632636e-02  5.00043573e+00 
 1.09732636e-02  5.00043659e+00 
 1.09832636e-02  5.00043744e+00 
 1.09932636e-02  5.00043829e+00 
 1.10032636e-02  5.00043912e+00 
 1.10132636e-02  5.00043995e+00 
 1.10232636e-02  5.00044077e+00 
 1.10332636e-02  5.00044159e+00 
 1.10432636e-02  5.00044239e+00 
 1.10532636e-02  5.00044319e+00 
 1.10632636e-02  5.00044397e+00 
 1.10732636e-02  5.00044476e+00 
 1.10832636e-02  5.00044553e+00 
 1.10932636e-02  5.00044629e+00 
 1.11032636e-02  5.00044705e+00 
 1.11132636e-02  5.00044780e+00 
 1.11232636e-02  5.00044854e+00 
 1.11332636e-02  5.00044928e+00 
 1.11432636e-02  5.00045001e+00 
 1.11532636e-02  5.00045073e+00 
 1.11632636e-02  5.00045144e+00 
 1.11732636e-02  5.00045215e+00 
 1.11832636e-02  5.00045284e+00 
 1.11932636e-02  5.00045354e+00 
 1.12032636e-02  5.00045422e+00 
 1.12132636e-02  5.00045490e+00 
 1.12232636e-02  5.00045557e+00 
 1.12332636e-02  5.00045624e+00 
 1.12432636e-02  5.00045690e+00 
 1.12532636e-02  5.00045755e+00 
 1.12632636e-02  5.00045819e+00 
 1.12732636e-02  5.00045883e+00 
 1.12832636e-02  5.00045946e+00 
 1.12932636e-02  5.00046009e+00 
 1.13032636e-02  5.00046071e+00 
 1.13132636e-02  5.00046132e+00 
 1.13232636e-02  5.00046193e+00 
 1.13332636e-02  5.00046253e+00 
 1.13432636e-02  5.00046313e+00 
 1.13532636e-02  5.00046372e+00 
 1.13632636e-02  5.00046430e+00 
 1.13732636e-02  5.00046488e+00 
 1.13832636e-02  5.00046545e+00 
 1.13932636e-02  5.00046602e+00 
 1.14032636e-02  5.00046658e+00 
 1.14132636e-02  5.00046714e+00 
 1.14232636e-02  5.00046769e+00 
 1.14332636e-02  5.00046823e+00 
 1.14432636e-02  5.00046877e+00 
 1.14532636e-02  5.00046931e+00 
 1.14632636e-02  5.00046983e+00 
 1.14732636e-02  5.00047036e+00 
 1.14832636e-02  5.00047087e+00 
 1.14932636e-02  5.00047139e+00 
 1.15032636e-02  5.00047190e+00 
 1.15132636e-02  5.00047240e+00 
 1.15232636e-02  5.00047290e+00 
 1.15332636e-02  5.00047339e+00 
 1.15432636e-02  5.00047388e+00 
 1.15532636e-02  5.00047436e+00 
 1.15632636e-02  5.00047484e+00 
 1.15732636e-02  5.00047531e+00 
 1.15832636e-02  5.00047578e+00 
 1.15932636e-02  5.00047624e+00 
 1.16032636e-02  5.00047670e+00 
 1.16132636e-02  5.00047716e+00 
 1.16232636e-02  5.00047761e+00 
 1.16332636e-02  5.00047805e+00 
 1.16432636e-02  5.00047849e+00 
 1.16532636e-02  5.00047893e+00 
 1.16632636e-02  5.00047936e+00 
 1.16732636e-02  5.00047979e+00 
 1.16832636e-02  5.00048022e+00 
 1.16932636e-02  5.00048064e+00 
 1.17032636e-02  5.00048105e+00 
 1.17132636e-02  5.00048146e+00 
 1.17232636e-02  5.00048187e+00 
 1.17332636e-02  5.00048227e+00 
 1.17432636e-02  5.00048267e+00 
 1.17532636e-02  5.00048307e+00 
 1.17632636e-02  5.00048346e+00 
 1.17732636e-02  5.00048385e+00 
 1.17832636e-02  5.00048423e+00 
 1.17932636e-02  5.00048461e+00 
 1.18032636e-02  5.00048499e+00 
 1.18132636e-02  5.00048536e+00 
 1.18232636e-02  5.00048573e+00 
 1.18332636e-02  5.00048609e+00 
 1.18432636e-02  5.00048646e+00 
 1.18532636e-02  5.00048681e+00 
 1.18632636e-02  5.00048717e+00 
 1.18732636e-02  5.00048752e+00 
 1.18832636e-02  5.00048787e+00 
 1.18932636e-02  5.00048821e+00 
 1.19032636e-02  5.00048855e+00 
 1.19132636e-02  5.00048889e+00 
 1.19232636e-02  5.00048922e+00 
 1.19332636e-02  5.00048955e+00 
 1.19432636e-02  5.00048988e+00 
 1.19532636e-02  5.00049020e+00 
 1.19632636e-02  5.00049052e+00 
 1.19732636e-02  5.00049084e+00 
 1.19832636e-02  5.00049115e+00 
 1.19932636e-02  5.00049146e+00 
 1.20032636e-02  5.00049177e+00 
 1.20132636e-02  5.00049208e+00 
 1.20232636e-02  5.00049238e+00 
 1.20332636e-02  5.00049268e+00 
 1.20432636e-02  5.00049297e+00 
 1.20532636e-02  5.00049327e+00 
 1.20632636e-02  5.00049356e+00 
 1.20732636e-02  5.00049384e+00 
 1.20832636e-02  5.00049413e+00 
 1.20932636e-02  5.00049441e+00 
 1.21032636e-02  5.00049469e+00 
 1.21132636e-02  5.00049496e+00 
 1.21232636e-02  5.00049524e+00 
 1.21332636e-02  5.00049551e+00 
 1.21432636e-02  5.00049577e+00 
 1.21532636e-02  5.00049604e+00 
 1.21632636e-02  5.00049630e+00 
 1.21732636e-02  5.00049656e+00 
 1.21832636e-02  5.00049682e+00 
 1.21932636e-02  5.00049707e+00 
 1.22032636e-02  5.00049733e+00 
 1.22132636e-02  5.00049758e+00 
 1.22232636e-02  5.00049782e+00 
 1.22332636e-02  5.00049807e+00 
 1.22432636e-02  5.00049831e+00 
 1.22532636e-02  5.00049855e+00 
 1.22632636e-02  5.00049879e+00 
 1.22732636e-02  5.00049902e+00 
 1.22832636e-02  5.00049925e+00 
 1.22932636e-02  5.00049949e+00 
 1.23032636e-02  5.00049971e+00 
 1.23132636e-02  5.00049994e+00 
 1.23232636e-02  5.00050016e+00 
 1.23332636e-02  5.00050038e+00 
 1.23432636e-02  5.00050060e+00 
 1.23532636e-02  5.00050082e+00 
 1.23632636e-02  5.00050104e+00 
 1.23732636e-02  5.00050125e+00 
 1.23832636e-02  5.00050146e+00 
 1.23932636e-02  5.00050167e+00 
 1.24032636e-02  5.00050187e+00 
 1.24132636e-02  5.00050208e+00 
 1.24232636e-02  5.00050228e+00 
 1.24332636e-02  5.00050248e+00 
 1.24432636e-02  5.00050268e+00 
 1.24532636e-02  5.00050287e+00 
 1.24632636e-02  5.00050307e+00 
 1.24732636e-02  5.00050326e+00 
 1.24832636e-02  5.00050345e+00 
 1.24932636e-02  5.00050364e+00 
 1.25032636e-02  5.00050383e+00 
 1.25132636e-02  5.00050401e+00 
 1.25232636e-02  5.00050420e+00 
 1.25332636e-02  5.00050438e+00 
 1.25432636e-02  5.00050456e+00 
 1.25532636e-02  5.00050473e+00 
 1.25632636e-02  5.00050491e+00 
 1.25732636e-02  5.00050508e+00 
 1.25832636e-02  5.00050526e+00 
 1.25932636e-02  5.00050543e+00 
 1.26032636e-02  5.00050560e+00 
 1.26132636e-02  5.00050576e+00 
 1.26232636e-02  5.00050593e+00 
 1.26332636e-02  5.00050609e+00 
 1.26432636e-02  5.00050626e+00 
 1.26532636e-02  5.00050642e+00 
 1.26632636e-02  5.00050658e+00 
 1.26732636e-02  5.00050673e+00 
 1.26832636e-02  5.00050689e+00 
 1.26932636e-02  5.00050704e+00 
 1.27032636e-02  5.00050720e+00 
 1.27132636e-02  5.00050735e+00 
 1.27232636e-02  5.00050750e+00 
 1.27332636e-02  5.00050765e+00 
 1.27432636e-02  5.00050779e+00 
 1.27532636e-02  5.00050794e+00 
 1.27632636e-02  5.00050808e+00 
 1.27732636e-02  5.00050823e+00 
 1.27832636e-02  5.00050837e+00 
 1.27932636e-02  5.00050851e+00 
 1.28032636e-02  5.00050864e+00 
 1.28132636e-02  5.00050878e+00 
 1.28232636e-02  5.00050892e+00 
 1.28332636e-02  5.00050905e+00 
 1.28432636e-02  5.00050918e+00 
 1.28532636e-02  5.00050932e+00 
 1.28632636e-02  5.00050945e+00 
 1.28732636e-02  5.00050958e+00 
 1.28832636e-02  5.00050970e+00 
 1.28932636e-02  5.00050983e+00 
 1.29032636e-02  5.00050995e+00 
 1.29132636e-02  5.00051008e+00 
 1.29232636e-02  5.00051020e+00 
 1.29332636e-02  5.00051032e+00 
 1.29432636e-02  5.00051044e+00 
 1.29532636e-02  5.00051056e+00 
 1.29632636e-02  5.00051068e+00 
 1.29732636e-02  5.00051080e+00 
 1.29832636e-02  5.00051091e+00 
 1.29932636e-02  5.00051103e+00 
 1.30032636e-02  5.00051114e+00 
 1.30132636e-02  5.00051125e+00 
 1.30232636e-02  5.00051136e+00 
 1.30332636e-02  5.00051147e+00 
 1.30432636e-02  5.00051158e+00 
 1.30532636e-02  5.00051169e+00 
 1.30632636e-02  5.00051180e+00 
 1.30732636e-02  5.00051190e+00 
 1.30832636e-02  5.00051201e+00 
 1.30932636e-02  5.00051211e+00 
 1.31032636e-02  5.00051221e+00 
 1.31132636e-02  5.00051231e+00 
 1.31232636e-02  5.00051241e+00 
 1.31332636e-02  5.00051251e+00 
 1.31432636e-02  5.00051261e+00 
 1.31532636e-02  5.00051271e+00 
 1.31632636e-02  5.00051281e+00 
 1.31732636e-02  5.00051290e+00 
 1.31832636e-02  5.00051300e+00 
 1.31932636e-02  5.00051309e+00 
 1.32032636e-02  5.00051318e+00 
 1.32132636e-02  5.00051327e+00 
 1.32232636e-02  5.00051337e+00 
 1.32332636e-02  5.00051346e+00 
 1.32432636e-02  5.00051354e+00 
 1.32532636e-02  5.00051363e+00 
 1.32632636e-02  5.00051372e+00 
 1.32732636e-02  5.00051381e+00 
 1.32832636e-02  5.00051389e+00 
 1.32932636e-02  5.00051398e+00 
 1.33032636e-02  5.00051406e+00 
 1.33132636e-02  5.00051414e+00 
 1.33232636e-02  5.00051423e+00 
 1.33332636e-02  5.00051431e+00 
 1.33432636e-02  5.00051439e+00 
 1.33532636e-02  5.00051447e+00 
 1.33632636e-02  5.00051455e+00 
 1.33732636e-02  5.00051463e+00 
 1.33832636e-02  5.00051470e+00 
 1.33932636e-02  5.00051478e+00 
 1.34032636e-02  5.00051486e+00 
 1.34132636e-02  5.00051493e+00 
 1.34232636e-02  5.00051501e+00 
 1.34332636e-02  5.00051508e+00 
 1.34432636e-02  5.00051515e+00 
 1.34532636e-02  5.00051522e+00 
 1.34632636e-02  5.00051530e+00 
 1.34732636e-02  5.00051537e+00 
 1.34832636e-02  5.00051544e+00 
 1.34932636e-02  5.00051551e+00 
 1.35032636e-02  5.00051557e+00 
 1.35132636e-02  5.00051564e+00 
 1.35232636e-02  5.00051571e+00 
 1.35332636e-02  5.00051578e+00 
 1.35432636e-02  5.00051584e+00 
 1.35532636e-02  5.00051591e+00 
 1.35632636e-02  5.00051597e+00 
 1.35732636e-02  5.00051604e+00 
 1.35832636e-02  5.00051610e+00 
 1.35932636e-02  5.00051616e+00 
 1.36032636e-02  5.00051623e+00 
 1.36132636e-02  5.00051629e+00 
 1.36232636e-02  5.00051635e+00 
 1.36332636e-02  5.00051641e+00 
 1.36432636e-02  5.00051647e+00 
 1.36532636e-02  5.00051653e+00 
 1.36632636e-02  5.00051659e+00 
 1.36732636e-02  5.00051664e+00 
 1.36832636e-02  5.00051670e+00 
 1.36932636e-02  5.00051676e+00 
 1.37032636e-02  5.00051681e+00 
 1.37132636e-02  5.00051687e+00 
 1.37232636e-02  5.00051692e+00 
 1.37332636e-02  5.00051698e+00 
 1.37432636e-02  5.00051703e+00 
 1.37532636e-02  5.00051709e+00 
 1.37632636e-02  5.00051714e+00 
 1.37732636e-02  5.00051719e+00 
 1.37832636e-02  5.00051724e+00 
 1.37932636e-02  5.00051730e+00 
 1.38032636e-02  5.00051735e+00 
 1.38132636e-02  5.00051740e+00 
 1.38232636e-02  5.00051745e+00 
 1.38332636e-02  5.00051750e+00 
 1.38432636e-02  5.00051755e+00 
 1.38532636e-02  5.00051759e+00 
 1.38632636e-02  5.00051764e+00 
 1.38732636e-02  5.00051769e+00 
 1.38832636e-02  5.00051774e+00 
 1.38932636e-02  5.00051778e+00 
 1.39032636e-02  5.00051783e+00 
 1.39132636e-02  5.00051787e+00 
 1.39232636e-02  5.00051792e+00 
 1.39332636e-02  5.00051796e+00 
 1.39432636e-02  5.00051801e+00 
 1.39532636e-02  5.00051805e+00 
 1.39632636e-02  5.00051810e+00 
 1.39732636e-02  5.00051814e+00 
 1.39832636e-02  5.00051818e+00 
 1.39932636e-02  5.00051822e+00 
 1.40032636e-02  5.00051826e+00 
 1.40132636e-02  5.00051831e+00 
 1.40232636e-02  5.00051835e+00 
 1.40332636e-02  5.00051839e+00 
 1.40432636e-02  5.00051843e+00 
 1.40532636e-02  5.00051847e+00 
 1.40632636e-02  5.00051851e+00 
 1.40732636e-02  5.00051855e+00 
 1.40832636e-02  5.00051858e+00 
 1.40932636e-02  5.00051862e+00 
 1.41032636e-02  5.00051866e+00 
 1.41132636e-02  5.00051870e+00 
 1.41232636e-02  5.00051873e+00 
 1.41332636e-02  5.00051877e+00 
 1.41432636e-02  5.00051881e+00 
 1.41532636e-02  5.00051884e+00 
 1.41632636e-02  5.00051888e+00 
 1.41732636e-02  5.00051891e+00 
 1.41832636e-02  5.00051895e+00 
 1.41932636e-02  5.00051898e+00 
 1.42032636e-02  5.00051902e+00 
 1.42132636e-02  5.00051905e+00 
 1.42232636e-02  5.00051908e+00 
 1.42332636e-02  5.00051912e+00 
 1.42432636e-02  5.00051915e+00 
 1.42532636e-02  5.00051918e+00 
 1.42632636e-02  5.00051921e+00 
 1.42732636e-02  5.00051925e+00 
 1.42832636e-02  5.00051928e+00 
 1.42932636e-02  5.00051931e+00 
 1.43032636e-02  5.00051934e+00 
 1.43132636e-02  5.00051937e+00 
 1.43232636e-02  5.00051940e+00 
 1.43332636e-02  5.00051943e+00 
 1.43432636e-02  5.00051946e+00 
 1.43532636e-02  5.00051949e+00 
 1.43632636e-02  5.00051952e+00 
 1.43732636e-02  5.00051955e+00 
 1.43832636e-02  5.00051958e+00 
 1.43932636e-02  5.00051960e+00 
 1.44032636e-02  5.00051963e+00 
 1.44132636e-02  5.00051966e+00 
 1.44232636e-02  5.00051969e+00 
 1.44332636e-02  5.00051971e+00 
 1.44432636e-02  5.00051974e+00 
 1.44532636e-02  5.00051977e+00 
 1.44632636e-02  5.00051979e+00 
 1.44732636e-02  5.00051982e+00 
 1.44832636e-02  5.00051985e+00 
 1.44932636e-02  5.00051987e+00 
 1.45032636e-02  5.00051990e+00 
 1.45132636e-02  5.00051992e+00 
 1.45232636e-02  5.00051995e+00 
 1.45332636e-02  5.00051997e+00 
 1.45432636e-02  5.00051999e+00 
 1.45532636e-02  5.00052002e+00 
 1.45632636e-02  5.00052004e+00 
 1.45732636e-02  5.00052007e+00 
 1.45832636e-02  5.00052009e+00 
 1.45932636e-02  5.00052011e+00 
 1.46032636e-02  5.00052014e+00 
 1.46132636e-02  5.00052016e+00 
 1.46232636e-02  5.00052018e+00 
 1.46332636e-02  5.00052020e+00 
 1.46432636e-02  5.00052022e+00 
 1.46532636e-02  5.00052025e+00 
 1.46632636e-02  5.00052027e+00 
 1.46732636e-02  5.00052029e+00 
 1.46832636e-02  5.00052031e+00 
 1.46932636e-02  5.00052033e+00 
 1.47032636e-02  5.00052035e+00 
 1.47132636e-02  5.00052037e+00 
 1.47232636e-02  5.00052039e+00 
 1.47332636e-02  5.00052041e+00 
 1.47432636e-02  5.00052043e+00 
 1.47532636e-02  5.00052045e+00 
 1.47632636e-02  5.00052047e+00 
 1.47732636e-02  5.00052049e+00 
 1.47832636e-02  5.00052051e+00 
 1.47932636e-02  5.00052053e+00 
 1.48032636e-02  5.00052055e+00 
 1.48132636e-02  5.00052057e+00 
 1.48232636e-02  5.00052059e+00 
 1.48332636e-02  5.00052060e+00 
 1.48432636e-02  5.00052062e+00 
 1.48532636e-02  5.00052064e+00 
 1.48632636e-02  5.00052066e+00 
 1.48732636e-02  5.00052067e+00 
 1.48832636e-02  5.00052069e+00 
 1.48932636e-02  5.00052071e+00 
 1.49032636e-02  5.00052073e+00 
 1.49132636e-02  5.00052074e+00 
 1.49232636e-02  5.00052076e+00 
 1.49332636e-02  5.00052078e+00 
 1.49432636e-02  5.00052079e+00 
 1.49532636e-02  5.00052081e+00 
 1.49632636e-02  5.00052082e+00 
 1.49732636e-02  5.00052084e+00 
 1.49832636e-02  5.00052086e+00 
 1.49932636e-02  5.00052087e+00 
 1.50032636e-02  5.00052089e+00 
 1.50132636e-02  5.00052090e+00 
 1.50232636e-02  5.00052092e+00 
 1.50332636e-02  5.00052093e+00 
 1.50432636e-02  5.00052095e+00 
 1.50532636e-02  5.00052096e+00 
 1.50632636e-02  5.00052097e+00 
 1.50732636e-02  5.00052099e+00 
 1.50832636e-02  5.00052100e+00 
 1.50932636e-02  5.00052102e+00 
 1.51032636e-02  5.00052103e+00 
 1.51132636e-02  5.00052104e+00 
 1.51232636e-02  5.00052106e+00 
 1.51332636e-02  5.00052107e+00 
 1.51432636e-02  5.00052109e+00 
 1.51532636e-02  5.00052110e+00 
 1.51632636e-02  5.00052111e+00 
 1.51732636e-02  5.00052112e+00 
 1.51832636e-02  5.00052114e+00 
 1.51932636e-02  5.00052115e+00 
 1.52032636e-02  5.00052116e+00 
 1.52132636e-02  5.00052117e+00 
 1.52232636e-02  5.00052119e+00 
 1.52332636e-02  5.00052120e+00 
 1.52432636e-02  5.00052121e+00 
 1.52532636e-02  5.00052122e+00 
 1.52632636e-02  5.00052124e+00 
 1.52732636e-02  5.00052125e+00 
 1.52832636e-02  5.00052126e+00 
 1.52932636e-02  5.00052127e+00 
 1.53032636e-02  5.00052128e+00 
 1.53132636e-02  5.00052129e+00 
 1.53232636e-02  5.00052130e+00 
 1.53332636e-02  5.00052131e+00 
 1.53432636e-02  5.00052133e+00 
 1.53532636e-02  5.00052134e+00 
 1.53632636e-02  5.00052135e+00 
 1.53732636e-02  5.00052136e+00 
 1.53832636e-02  5.00052137e+00 
 1.53932636e-02  5.00052138e+00 
 1.54032636e-02  5.00052139e+00 
 1.54132636e-02  5.00052140e+00 
 1.54232636e-02  5.00052141e+00 
 1.54332636e-02  5.00052142e+00 
 1.54432636e-02  5.00052143e+00 
 1.54532636e-02  5.00052144e+00 
 1.54632636e-02  5.00052145e+00 
 1.54732636e-02  5.00052146e+00 
 1.54832636e-02  5.00052147e+00 
 1.54932636e-02  5.00052148e+00 
 1.55032636e-02  5.00052149e+00 
 1.55132636e-02  5.00052150e+00 
 1.55232636e-02  5.00052150e+00 
 1.55332636e-02  5.00052151e+00 
 1.55432636e-02  5.00052152e+00 
 1.55532636e-02  5.00052153e+00 
 1.55632636e-02  5.00052154e+00 
 1.55732636e-02  5.00052155e+00 
 1.55832636e-02  5.00052156e+00 
 1.55932636e-02  5.00052157e+00 
 1.56032636e-02  5.00052157e+00 
 1.56132636e-02  5.00052158e+00 
 1.56232636e-02  5.00052159e+00 
 1.56332636e-02  5.00052160e+00 
 1.56432636e-02  5.00052161e+00 
 1.56532636e-02  5.00052162e+00 
 1.56632636e-02  5.00052162e+00 
 1.56732636e-02  5.00052163e+00 
 1.56832636e-02  5.00052164e+00 
 1.56932636e-02  5.00052165e+00 
 1.57032636e-02  5.00052165e+00 
 1.57132636e-02  5.00052166e+00 
 1.57232636e-02  5.00052167e+00 
 1.57332636e-02  5.00052168e+00 
 1.57432636e-02  5.00052168e+00 
 1.57532636e-02  5.00052169e+00 
 1.57632636e-02  5.00052170e+00 
 1.57732636e-02  5.00052171e+00 
 1.57832636e-02  5.00052171e+00 
 1.57932636e-02  5.00052172e+00 
 1.58032636e-02  5.00052173e+00 
 1.58132636e-02  5.00052173e+00 
 1.58232636e-02  5.00052174e+00 
 1.58332636e-02  5.00052175e+00 
 1.58432636e-02  5.00052175e+00 
 1.58532636e-02  5.00052176e+00 
 1.58632636e-02  5.00052177e+00 
 1.58732636e-02  5.00052177e+00 
 1.58832636e-02  5.00052178e+00 
 1.58932636e-02  5.00052178e+00 
 1.59032636e-02  5.00052179e+00 
 1.59132636e-02  5.00052180e+00 
 1.59232636e-02  5.00052180e+00 
 1.59332636e-02  5.00052181e+00 
 1.59432636e-02  5.00052182e+00 
 1.59532636e-02  5.00052182e+00 
 1.59632636e-02  5.00052183e+00 
 1.59732636e-02  5.00052183e+00 
 1.59832636e-02  5.00052184e+00 
 1.59932636e-02  5.00052184e+00 
 1.60032636e-02  5.00052185e+00 
 1.60132636e-02  5.00052186e+00 
 1.60232636e-02  5.00052186e+00 
 1.60332636e-02  5.00052187e+00 
 1.60432636e-02  5.00052187e+00 
 1.60532636e-02  5.00052188e+00 
 1.60632636e-02  5.00052188e+00 
 1.60732636e-02  5.00052189e+00 
 1.60832636e-02  5.00052189e+00 
 1.60932636e-02  5.00052190e+00 
 1.61032636e-02  5.00052190e+00 
 1.61132636e-02  5.00052191e+00 
 1.61232636e-02  5.00052191e+00 
 1.61332636e-02  5.00052192e+00 
 1.61432636e-02  5.00052192e+00 
 1.61532636e-02  5.00052193e+00 
 1.61632636e-02  5.00052193e+00 
 1.61732636e-02  5.00052194e+00 
 1.61832636e-02  5.00052194e+00 
 1.61932636e-02  5.00052195e+00 
 1.62032636e-02  5.00052195e+00 
 1.62132636e-02  5.00052196e+00 
 1.62232636e-02  5.00052196e+00 
 1.62332636e-02  5.00052197e+00 
 1.62432636e-02  5.00052197e+00 
 1.62532636e-02  5.00052197e+00 
 1.62632636e-02  5.00052198e+00 
 1.62732636e-02  5.00052198e+00 
 1.62832636e-02  5.00052199e+00 
 1.62932636e-02  5.00052199e+00 
 1.63032636e-02  5.00052200e+00 
 1.63132636e-02  5.00052200e+00 
 1.63232636e-02  5.00052200e+00 
 1.63332636e-02  5.00052201e+00 
 1.63432636e-02  5.00052201e+00 
 1.63532636e-02  5.00052202e+00 
 1.63632636e-02  5.00052202e+00 
 1.63732636e-02  5.00052202e+00 
 1.63832636e-02  5.00052203e+00 
 1.63932636e-02  5.00052203e+00 
 1.64032636e-02  5.00052204e+00 
 1.64132636e-02  5.00052204e+00 
 1.64232636e-02  5.00052204e+00 
 1.64332636e-02  5.00052205e+00 
 1.64432636e-02  5.00052205e+00 
 1.64532636e-02  5.00052205e+00 
 1.64632636e-02  5.00052206e+00 
 1.64732636e-02  5.00052206e+00 
 1.64832636e-02  5.00052206e+00 
 1.64932636e-02  5.00052207e+00 
 1.65032636e-02  5.00052207e+00 
 1.65132636e-02  5.00052207e+00 
 1.65232636e-02  5.00052208e+00 
 1.65332636e-02  5.00052208e+00 
 1.65432636e-02  5.00052208e+00 
 1.65532636e-02  5.00052209e+00 
 1.65632636e-02  5.00052209e+00 
 1.65732636e-02  5.00052209e+00 
 1.65832636e-02  5.00052210e+00 
 1.65932636e-02  5.00052210e+00 
 1.66032636e-02  5.00052210e+00 
 1.66132636e-02  5.00052211e+00 
 1.66232636e-02  5.00052211e+00 
 1.66332636e-02  5.00052211e+00 
 1.66432636e-02  5.00052212e+00 
 1.66532636e-02  5.00052212e+00 
 1.66632636e-02  5.00052212e+00 
 1.66732636e-02  5.00052212e+00 
 1.66832636e-02  5.00052213e+00 
 1.66932636e-02  5.00052213e+00 
 1.67032636e-02  5.00052213e+00 
 1.67132636e-02  5.00052214e+00 
 1.67232636e-02  5.00052214e+00 
 1.67332636e-02  5.00052214e+00 
 1.67432636e-02  5.00052214e+00 
 1.67532636e-02  5.00052215e+00 
 1.67632636e-02  5.00052215e+00 
 1.67732636e-02  5.00052215e+00 
 1.67832636e-02  5.00052215e+00 
 1.67932636e-02  5.00052216e+00 
 1.68032636e-02  5.00052216e+00 
 1.68132636e-02  5.00052216e+00 
 1.68232636e-02  5.00052216e+00 
 1.68332636e-02  5.00052217e+00 
 1.68432636e-02  5.00052217e+00 
 1.68532636e-02  5.00052217e+00 
 1.68632636e-02  5.00052217e+00 
 1.68732636e-02  5.00052218e+00 
 1.68832636e-02  5.00052218e+00 
 1.68932636e-02  5.00052218e+00 
 1.69032636e-02  5.00052218e+00 
 1.69132636e-02  5.00052219e+00 
 1.69232636e-02  5.00052219e+00 
 1.69332636e-02  5.00052219e+00 
 1.69432636e-02  5.00052219e+00 
 1.69532636e-02  5.00052219e+00 
 1.69632636e-02  5.00052220e+00 
 1.69732636e-02  5.00052220e+00 
 1.69832636e-02  5.00052220e+00 
 1.69932636e-02  5.00052220e+00 
 1.70032636e-02  5.00052220e+00 
 1.70132636e-02  5.00052221e+00 
 1.70232636e-02  5.00052221e+00 
 1.70332636e-02  5.00052221e+00 
 1.70432636e-02  5.00052221e+00 
 1.70532636e-02  5.00052221e+00 
 1.70632636e-02  5.00052222e+00 
 1.70732636e-02  5.00052222e+00 
 1.70832636e-02  5.00052222e+00 
 1.70932636e-02  5.00052222e+00 
 1.71032636e-02  5.00052222e+00 
 1.71132636e-02  5.00052223e+00 
 1.71232636e-02  5.00052223e+00 
 1.71332636e-02  5.00052223e+00 
 1.71432636e-02  5.00052223e+00 
 1.71532636e-02  5.00052223e+00 
 1.71632636e-02  5.00052224e+00 
 1.71732636e-02  5.00052224e+00 
 1.71832636e-02  5.00052224e+00 
 1.71932636e-02  5.00052224e+00 
 1.72032636e-02  5.00052224e+00 
 1.72132636e-02  5.00052224e+00 
 1.72232636e-02  5.00052225e+00 
 1.72332636e-02  5.00052225e+00 
 1.72432636e-02  5.00052225e+00 
 1.72532636e-02  5.00052225e+00 
 1.72632636e-02  5.00052225e+00 
 1.72732636e-02  5.00052225e+00 
 1.72832636e-02  5.00052226e+00 
 1.72932636e-02  5.00052226e+00 
 1.73032636e-02  5.00052226e+00 
 1.73132636e-02  5.00052226e+00 
 1.73232636e-02  5.00052226e+00 
 1.73332636e-02  5.00052226e+00 
 1.73432636e-02  5.00052226e+00 
 1.73532636e-02  5.00052227e+00 
 1.73632636e-02  5.00052227e+00 
 1.73732636e-02  5.00052227e+00 
 1.73832636e-02  5.00052227e+00 
 1.73932636e-02  5.00052227e+00 
 1.74032636e-02  5.00052227e+00 
 1.74132636e-02  5.00052227e+00 
 1.74232636e-02  5.00052228e+00 
 1.74332636e-02  5.00052228e+00 
 1.74432636e-02  5.00052228e+00 
 1.74532636e-02  5.00052228e+00 
 1.74632636e-02  5.00052228e+00 
 1.74732636e-02  5.00052228e+00 
 1.74832636e-02  5.00052228e+00 
 1.74932636e-02  5.00052228e+00 
 1.75032636e-02  5.00052229e+00 
 1.75132636e-02  5.00052229e+00 
 1.75232636e-02  5.00052229e+00 
 1.75332636e-02  5.00052229e+00 
 1.75432636e-02  5.00052229e+00 
 1.75532636e-02  5.00052229e+00 
 1.75632636e-02  5.00052229e+00 
 1.75732636e-02  5.00052229e+00 
 1.75832636e-02  5.00052230e+00 
 1.75932636e-02  5.00052230e+00 
 1.76032636e-02  5.00052230e+00 
 1.76132636e-02  5.00052230e+00 
 1.76232636e-02  5.00052230e+00 
 1.76332636e-02  5.00052230e+00 
 1.76432636e-02  5.00052230e+00 
 1.76532636e-02  5.00052230e+00 
 1.76632636e-02  5.00052230e+00 
 1.76732636e-02  5.00052231e+00 
 1.76832636e-02  5.00052231e+00 
 1.76932636e-02  5.00052231e+00 
 1.77032636e-02  5.00052231e+00 
 1.77132636e-02  5.00052231e+00 
 1.77232636e-02  5.00052231e+00 
 1.77332636e-02  5.00052231e+00 
 1.77432636e-02  5.00052231e+00 
 1.77532636e-02  5.00052231e+00 
 1.77632636e-02  5.00052231e+00 
 1.77732636e-02  5.00052232e+00 
 1.77832636e-02  5.00052232e+00 
 1.77932636e-02  5.00052232e+00 
 1.78032636e-02  5.00052232e+00 
 1.78132636e-02  5.00052232e+00 
 1.78232636e-02  5.00052232e+00 
 1.78332636e-02  5.00052232e+00 
 1.78432636e-02  5.00052232e+00 
 1.78532636e-02  5.00052232e+00 
 1.78632636e-02  5.00052232e+00 
 1.78732636e-02  5.00052232e+00 
 1.78832636e-02  5.00052233e+00 
 1.78932636e-02  5.00052233e+00 
 1.79032636e-02  5.00052233e+00 
 1.79132636e-02  5.00052233e+00 
 1.79232636e-02  5.00052233e+00 
 1.79332636e-02  5.00052233e+00 
 1.79432636e-02  5.00052233e+00 
 1.79532636e-02  5.00052233e+00 
 1.79632636e-02  5.00052233e+00 
 1.79732636e-02  5.00052233e+00 
 1.79832636e-02  5.00052233e+00 
 1.79932636e-02  5.00052233e+00 
 1.80032636e-02  5.00052234e+00 
 1.80132636e-02  5.00052234e+00 
 1.80232636e-02  5.00052234e+00 
 1.80332636e-02  5.00052234e+00 
 1.80432636e-02  5.00052234e+00 
 1.80532636e-02  5.00052234e+00 
 1.80632636e-02  5.00052234e+00 
 1.80732636e-02  5.00052234e+00 
 1.80832636e-02  5.00052234e+00 
 1.80932636e-02  5.00052234e+00 
 1.81032636e-02  5.00052234e+00 
 1.81132636e-02  5.00052234e+00 
 1.81232636e-02  5.00052234e+00 
 1.81332636e-02  5.00052234e+00 
 1.81432636e-02  5.00052235e+00 
 1.81532636e-02  5.00052235e+00 
 1.81632636e-02  5.00052235e+00 
 1.81732636e-02  5.00052235e+00 
 1.81832636e-02  5.00052235e+00 
 1.81932636e-02  5.00052235e+00 
 1.82032636e-02  5.00052235e+00 
 1.82132636e-02  5.00052235e+00 
 1.82232636e-02  5.00052235e+00 
 1.82332636e-02  5.00052235e+00 
 1.82432636e-02  5.00052235e+00 
 1.82532636e-02  5.00052235e+00 
 1.82632636e-02  5.00052235e+00 
 1.82732636e-02  5.00052235e+00 
 1.82832636e-02  5.00052235e+00 
 1.82932636e-02  5.00052235e+00 
 1.83032636e-02  5.00052236e+00 
 1.83132636e-02  5.00052236e+00 
 1.83232636e-02  5.00052236e+00 
 1.83332636e-02  5.00052236e+00 
 1.83432636e-02  5.00052236e+00 
 1.83532636e-02  5.00052236e+00 
 1.83632636e-02  5.00052236e+00 
 1.83732636e-02  5.00052236e+00 
 1.83832636e-02  5.00052236e+00 
 1.83932636e-02  5.00052236e+00 
 1.84032636e-02  5.00052236e+00 
 1.84132636e-02  5.00052236e+00 
 1.84232636e-02  5.00052236e+00 
 1.84332636e-02  5.00052236e+00 
 1.84432636e-02  5.00052236e+00 
 1.84532636e-02  5.00052236e+00 
 1.84632636e-02  5.00052236e+00 
 1.84732636e-02  5.00052236e+00 
 1.84832636e-02  5.00052236e+00 
 1.84932636e-02  5.00052236e+00 
 1.85032636e-02  5.00052237e+00 
 1.85132636e-02  5.00052237e+00 
 1.85232636e-02  5.00052237e+00 
 1.85332636e-02  5.00052237e+00 
 1.85432636e-02  5.00052237e+00 
 1.85532636e-02  5.00052237e+00 
 1.85632636e-02  5.00052237e+00 
 1.85732636e-02  5.00052237e+00 
 1.85832636e-02  5.00052237e+00 
 1.85932636e-02  5.00052237e+00 
 1.86032636e-02  5.00052237e+00 
 1.86132636e-02  5.00052237e+00 
 1.86232636e-02  5.00052237e+00 
 1.86332636e-02  5.00052237e+00 
 1.86432636e-02  5.00052237e+00 
 1.86532636e-02  5.00052237e+00 
 1.86632636e-02  5.00052237e+00 
 1.86732636e-02  5.00052237e+00 
 1.86832636e-02  5.00052237e+00 
 1.86932636e-02  5.00052237e+00 
 1.87032636e-02  5.00052237e+00 
 1.87132636e-02  5.00052237e+00 
 1.87232636e-02  5.00052237e+00 
 1.87332636e-02  5.00052237e+00 
 1.87432636e-02  5.00052238e+00 
 1.87532636e-02  5.00052238e+00 
 1.87632636e-02  5.00052238e+00 
 1.87732636e-02  5.00052238e+00 
 1.87832636e-02  5.00052238e+00 
 1.87932636e-02  5.00052238e+00 
 1.88032636e-02  5.00052238e+00 
 1.88132636e-02  5.00052238e+00 
 1.88232636e-02  5.00052238e+00 
 1.88332636e-02  5.00052238e+00 
 1.88432636e-02  5.00052238e+00 
 1.88532636e-02  5.00052238e+00 
 1.88632636e-02  5.00052238e+00 
 1.88732636e-02  5.00052238e+00 
 1.88832636e-02  5.00052238e+00 
 1.88932636e-02  5.00052238e+00 
 1.89032636e-02  5.00052238e+00 
 1.89132636e-02  5.00052238e+00 
 1.89232636e-02  5.00052238e+00 
 1.89332636e-02  5.00052238e+00 
 1.89432636e-02  5.00052238e+00 
 1.89532636e-02  5.00052238e+00 
 1.89632636e-02  5.00052238e+00 
 1.89732636e-02  5.00052238e+00 
 1.89832636e-02  5.00052238e+00 
 1.89932636e-02  5.00052238e+00 
 1.90032636e-02  5.00052238e+00 
 1.90132636e-02  5.00052238e+00 
 1.90232636e-02  5.00052238e+00 
 1.90332636e-02  5.00052238e+00 
 1.90432636e-02  5.00052238e+00 
 1.90532636e-02  5.00052238e+00 
 1.90632636e-02  5.00052239e+00 
 1.90732636e-02  5.00052239e+00 
 1.90832636e-02  5.00052239e+00 
 1.90932636e-02  5.00052239e+00 
 1.91032636e-02  5.00052239e+00 
 1.91132636e-02  5.00052239e+00 
 1.91232636e-02  5.00052239e+00 
 1.91332636e-02  5.00052239e+00 
 1.91432636e-02  5.00052239e+00 
 1.91532636e-02  5.00052239e+00 
 1.91632636e-02  5.00052239e+00 
 1.91732636e-02  5.00052239e+00 
 1.91832636e-02  5.00052239e+00 
 1.91932636e-02  5.00052239e+00 
 1.92032636e-02  5.00052239e+00 
 1.92132636e-02  5.00052239e+00 
 1.92232636e-02  5.00052239e+00 
 1.92332636e-02  5.00052239e+00 
 1.92432636e-02  5.00052239e+00 
 1.92532636e-02  5.00052239e+00 
 1.92632636e-02  5.00052239e+00 
 1.92732636e-02  5.00052239e+00 
 1.92832636e-02  5.00052239e+00 
 1.92932636e-02  5.00052239e+00 
 1.93032636e-02  5.00052239e+00 
 1.93132636e-02  5.00052239e+00 
 1.93232636e-02  5.00052239e+00 
 1.93332636e-02  5.00052239e+00 
 1.93432636e-02  5.00052239e+00 
 1.93532636e-02  5.00052239e+00 
 1.93632636e-02  5.00052239e+00 
 1.93732636e-02  5.00052239e+00 
 1.93832636e-02  5.00052239e+00 
 1.93932636e-02  5.00052239e+00 
 1.94032636e-02  5.00052239e+00 
 1.94132636e-02  5.00052239e+00 
 1.94232636e-02  5.00052239e+00 
 1.94332636e-02  5.00052239e+00 
 1.94432636e-02  5.00052239e+00 
 1.94532636e-02  5.00052239e+00 
 1.94632636e-02  5.00052239e+00 
 1.94732636e-02  5.00052239e+00 
 1.94832636e-02  5.00052239e+00 
 1.94932636e-02  5.00052239e+00 
 1.95032636e-02  5.00052239e+00 
 1.95132636e-02  5.00052239e+00 
 1.95232636e-02  5.00052239e+00 
 1.95332636e-02  5.00052239e+00 
 1.95432636e-02  5.00052240e+00 
 1.95532636e-02  5.00052240e+00 
 1.95632636e-02  5.00052240e+00 
 1.95732636e-02  5.00052240e+00 
 1.95832636e-02  5.00052240e+00 
 1.95932636e-02  5.00052240e+00 
 1.96032636e-02  5.00052240e+00 
 1.96132636e-02  5.00052240e+00 
 1.96232636e-02  5.00052240e+00 
 1.96332636e-02  5.00052240e+00 
 1.96432636e-02  5.00052240e+00 
 1.96532636e-02  5.00052240e+00 
 1.96632636e-02  5.00052240e+00 
 1.96732636e-02  5.00052240e+00 
 1.96832636e-02  5.00052240e+00 
 1.96932636e-02  5.00052240e+00 
 1.97032636e-02  5.00052240e+00 
 1.97132636e-02  5.00052240e+00 
 1.97232636e-02  5.00052240e+00 
 1.97332636e-02  5.00052240e+00 
 1.97432636e-02  5.00052240e+00 
 1.97532636e-02  5.00052240e+00 
 1.97632636e-02  5.00052240e+00 
 1.97732636e-02  5.00052240e+00 
 1.97832636e-02  5.00052240e+00 
 1.97932636e-02  5.00052240e+00 
 1.98032636e-02  5.00052240e+00 
 1.98132636e-02  5.00052240e+00 
 1.98232636e-02  5.00052240e+00 
 1.98332636e-02  5.00052240e+00 
 1.98432636e-02  5.00052240e+00 
 1.98532636e-02  5.00052240e+00 
 1.98632636e-02  5.00052240e+00 
 1.98732636e-02  5.00052240e+00 
 1.98832636e-02  5.00052240e+00 
 1.98932636e-02  5.00052240e+00 
 1.99032636e-02  5.00052240e+00 
 1.99132636e-02  5.00052240e+00 
 1.99232636e-02  5.00052240e+00 
 1.99332636e-02  5.00052240e+00 
 1.99432636e-02  5.00052240e+00 
 1.99532636e-02  5.00052240e+00 
 1.99632636e-02  5.00052240e+00 
 1.99732636e-02  5.00052240e+00 
 1.99832636e-02  5.00052240e+00 
 1.99932636e-02  5.00052240e+00 
 2.00000000e-02  5.00052240e+00 
