 5.00000000e-09  4.66996542e-09 
 5.14868997e-09  4.75774550e-09 
 5.44606992e-09  4.92229970e-09 
 6.04082981e-09  5.22538932e-09 
 6.84839904e-09  5.59971405e-09 
 8.17844240e-09  6.14255004e-09 
 1.08385291e-08  7.07419138e-09 
 1.32608453e-08  7.87224469e-09 
 1.59355493e-08  8.70223625e-09 
 1.85493985e-08  9.46261994e-09 
 2.18199558e-08  1.04156824e-08 
 2.45059955e-08  1.11755736e-08 
 2.73339218e-08  1.19459669e-08 
 3.17918121e-08  1.31473352e-08 
 3.63317706e-08  1.43806533e-08 
 4.45063336e-08  1.66434544e-08 
 5.72198417e-08  2.02667086e-08 
 7.87877670e-08  2.66653022e-08 
 1.21923618e-07  4.01715984e-08 
 2.08195319e-07  6.87202858e-08 
 2.96825920e-07  9.88814481e-08 
 4.18315960e-07  1.40051778e-07 
 5.00000000e-07  1.67308970e-07 
 5.15216877e-07  1.72339754e-07 
 5.45650632e-07  1.82358086e-07 
 5.96334899e-07  1.98906878e-07 
 6.36748984e-07  2.11988862e-07 
 6.66623674e-07  2.21599277e-07 
 6.86038585e-07  2.27818931e-07 
 7.07223327e-07  2.34583143e-07 
 7.23256217e-07  2.39687032e-07 
 7.34461110e-07  2.43246150e-07 
 7.40128518e-07  2.45043886e-07 
 7.44306176e-07  2.46368005e-07 
 7.49050753e-07  2.47870718e-07 
 7.53255252e-07  2.49201403e-07 
 7.57692955e-07  2.50604898e-07 
 7.66568359e-07  2.53408801e-07 
 7.82476047e-07  2.58423934e-07 
 8.10644690e-07  2.67271241e-07 
 8.46659766e-07  2.78520040e-07 
 9.03238848e-07  2.96049973e-07 
 1.00000000e-06  3.25643683e-07 
 1.00998510e-06  3.28669107e-07 
 1.02995529e-06  3.34707495e-07 
 1.06989569e-06  3.46715546e-07 
 1.13732727e-06  3.66729011e-07 
 1.21924529e-06  3.90511060e-07 
 1.29302867e-06  4.11395933e-07 
 1.36142106e-06  4.30213148e-07 
 1.43931240e-06  4.50707212e-07 
 1.59509509e-06  4.87275613e-07 
 1.78916186e-06  5.26050416e-07 
 1.96236864e-06  5.77284504e-07 
 2.10319315e-06  7.74604408e-07 
 2.19501148e-06  1.27645022e-06 
 2.26793562e-06  2.38764292e-06 
 2.33379609e-06  4.84661574e-06 
 2.40694149e-06  1.16994873e-05 
 2.47280228e-06  2.59234603e-05 
 2.54598374e-06  6.06051438e-05 
 2.62131332e-06  1.34540336e-04 
 2.70916613e-06  3.07795277e-04 
 2.75875509e-06  4.36818245e-04 
 2.78759859e-06  4.95113956e-04 
 2.80540955e-06  5.19080093e-04 
 2.82104735e-06  5.33991760e-04 
 2.83533325e-06  5.45578053e-04 
 2.84828992e-06  5.56960391e-04 
 2.86700822e-06  5.80684579e-04 
 2.87918776e-06  6.03175676e-04 
 2.88999492e-06  6.28400188e-04 
 2.90507608e-06  6.68578071e-04 
 2.92098261e-06  7.09827929e-04 
 2.93516952e-06  7.40084711e-04 
 2.94936209e-06  7.61545819e-04 
 2.96764483e-06  7.77659029e-04 
 3.00191333e-06  7.91165256e-04 
 3.05380766e-06  7.98991305e-04 
 3.11276775e-06  8.02110381e-04 
 3.18032581e-06  8.03380615e-04 
 3.28640661e-06  8.04164540e-04 
 3.43962584e-06  8.04603247e-04 
 3.57885094e-06  8.04745840e-04 
 3.73416488e-06  8.04813322e-04 
 3.95128050e-06  8.04862444e-04 
 4.26280276e-06  8.04909552e-04 
 4.59112221e-06  8.04949827e-04 
 5.24776111e-06  8.05023583e-04 
 6.04120727e-06  8.05106982e-04 
 6.98388542e-06  8.05201361e-04 
 8.46474695e-06  8.05336149e-04 
 1.00000000e-05  9.58201619e-04 
 1.00428607e-05  9.68141445e-04 
 1.01285822e-05  1.02150656e-03 
 1.02079625e-05  1.21743831e-03 
 1.03001567e-05  1.90007583e-03 
 1.03976048e-05  3.44804100e-03 
 1.05347143e-05  7.42844204e-03 
 1.06899962e-05  1.46375380e-02 
 1.07864576e-05  2.05320390e-02 
 1.08858711e-05  2.74227942e-02 
 1.09336186e-05  3.06823116e-02 
 1.09752530e-05  3.34500821e-02 
 1.10218827e-05  3.65333978e-02 
 1.10760491e-05  4.01227167e-02 
 1.11371002e-05  4.41703821e-02 
 1.12592024e-05  5.22453474e-02 
 1.14378414e-05  6.39991942e-02 
 1.17951194e-05  8.72089047e-02 
 1.21357936e-05  1.06601270e-01 
 1.24431685e-05  1.16674670e-01 
 1.27080618e-05  1.19652151e-01 
 1.29694422e-05  1.20622956e-01 
 1.32627637e-05  1.20995048e-01 
 1.35516993e-05  1.21111807e-01 
 1.37823116e-05  1.21136476e-01 
 1.40152234e-05  1.21140951e-01 
 1.42637985e-05  1.21138499e-01 
 1.45737619e-05  1.21132450e-01 
 1.48770758e-05  1.21125444e-01 
 1.52492358e-05  1.21116423e-01 
 1.58532796e-05  1.21101548e-01 
 1.70193180e-05  1.21072669e-01 
 1.93513948e-05  1.21014798e-01 
 2.40155486e-05  1.20899034e-01 
 2.96219050e-05  1.34810041e-01 
 3.29276257e-05  1.65323255e-01 
 3.68747675e-05  1.85958716e-01 
 4.06927573e-05  2.00122555e-01 
 4.55051261e-05  2.23303692e-01 
 5.30400222e-05  2.60230903e-01 
 6.30400222e-05  3.06981689e-01 
 7.30400222e-05  3.53588911e-01 
 8.30400222e-05  3.99831567e-01 
 9.30400222e-05  4.45558783e-01 
 1.03040022e-04  4.90838832e-01 
 1.13040022e-04  5.35672503e-01 
 1.23040022e-04  5.80059430e-01 
 1.33040022e-04  6.24005573e-01 
 1.43040022e-04  6.67515377e-01 
 1.53040022e-04  7.10593017e-01 
 1.63040022e-04  7.53242803e-01 
 1.73040022e-04  7.95468982e-01 
 1.83040022e-04  8.37275745e-01 
 1.93040022e-04  8.78667250e-01 
 2.03040022e-04  9.19647624e-01 
 2.13040022e-04  9.60220922e-01 
 2.23040022e-04  1.00039118e+00 
 2.33040022e-04  1.04016241e+00 
 2.43040022e-04  1.07953856e+00 
 2.53040022e-04  1.11852355e+00 
 2.63040022e-04  1.15712124e+00 
 2.73040022e-04  1.19533549e+00 
 2.83040022e-04  1.23317009e+00 
 2.93040022e-04  1.27062881e+00 
 3.03040022e-04  1.30771512e+00 
 3.13040022e-04  1.34443322e+00 
 3.23040022e-04  1.38078653e+00 
 3.33040022e-04  1.41677864e+00 
 3.43040022e-04  1.45241314e+00 
 3.53040022e-04  1.48769358e+00 
 3.63040022e-04  1.52262347e+00 
 3.73040022e-04  1.55720629e+00 
 3.83040022e-04  1.59144548e+00 
 3.93040022e-04  1.62534445e+00 
 4.03040022e-04  1.65890658e+00 
 4.13040022e-04  1.69213520e+00 
 4.23040022e-04  1.72503363e+00 
 4.33040022e-04  1.75760513e+00 
 4.43040022e-04  1.78985297e+00 
 4.53040022e-04  1.82178034e+00 
 4.63040022e-04  1.85339043e+00 
 4.73040022e-04  1.88468639e+00 
 4.83040022e-04  1.91567133e+00 
 4.93040022e-04  1.94634834e+00 
 5.03040022e-04  1.97672048e+00 
 5.13040022e-04  2.00679077e+00 
 5.23040022e-04  2.03656220e+00 
 5.33040022e-04  2.06603775e+00 
 5.43040022e-04  2.09522036e+00 
 5.53040022e-04  2.12411292e+00 
 5.63040022e-04  2.15271832e+00 
 5.73040022e-04  2.18103940e+00 
 5.83040022e-04  2.20907900e+00 
 5.93040022e-04  2.23683991e+00 
 6.03040022e-04  2.26432488e+00 
 6.13040022e-04  2.29153667e+00 
 6.23040022e-04  2.31847798e+00 
 6.33040022e-04  2.34515151e+00 
 6.43040022e-04  2.37155989e+00 
 6.53040022e-04  2.39770578e+00 
 6.63040022e-04  2.42359178e+00 
 6.73040022e-04  2.44922046e+00 
 6.83040022e-04  2.47459439e+00 
 6.93040022e-04  2.49971609e+00 
 7.03040022e-04  2.52458806e+00 
 7.13040022e-04  2.54921280e+00 
 7.23040022e-04  2.57359274e+00 
 7.33040022e-04  2.59773032e+00 
 7.43040022e-04  2.62162796e+00 
 7.53040022e-04  2.64528803e+00 
 7.63040022e-04  2.66871289e+00 
 7.73040022e-04  2.69190488e+00 
 7.83040022e-04  2.71486630e+00 
 7.93040022e-04  2.73759946e+00 
 8.03040022e-04  2.76010662e+00 
 8.13040022e-04  2.78239002e+00 
 8.23040022e-04  2.80445189e+00 
 8.33040022e-04  2.82629442e+00 
 8.43040022e-04  2.84791979e+00 
 8.53040022e-04  2.86933017e+00 
 8.63040022e-04  2.89052768e+00 
 8.73040022e-04  2.91151444e+00 
 8.83040022e-04  2.93229255e+00 
 8.93040022e-04  2.95286408e+00 
 9.03040022e-04  2.97323108e+00 
 9.13040022e-04  2.99339557e+00 
 9.23040022e-04  3.01335959e+00 
 9.33040022e-04  3.03312510e+00 
 9.43040022e-04  3.05269410e+00 
 9.53040022e-04  3.07206852e+00 
 9.63040022e-04  3.09125031e+00 
 9.73040022e-04  3.11024137e+00 
 9.83040022e-04  3.12904360e+00 
 9.93040022e-04  3.14765889e+00 
 1.00304002e-03  3.16608907e+00 
 1.01304002e-03  3.18433601e+00 
 1.02304002e-03  3.20240150e+00 
 1.03304002e-03  3.22028737e+00 
 1.04304002e-03  3.23799538e+00 
 1.05304002e-03  3.25552732e+00 
 1.06304002e-03  3.27288493e+00 
 1.07304002e-03  3.29006994e+00 
 1.08304002e-03  3.30708406e+00 
 1.09304002e-03  3.32392900e+00 
 1.10304002e-03  3.34060644e+00 
 1.11304002e-03  3.35711804e+00 
 1.12304002e-03  3.37346544e+00 
 1.13304002e-03  3.38965029e+00 
 1.14304002e-03  3.40567419e+00 
 1.15304002e-03  3.42153875e+00 
 1.16304002e-03  3.43724554e+00 
 1.17304002e-03  3.45279615e+00 
 1.18304002e-03  3.46819211e+00 
 1.19304002e-03  3.48343496e+00 
 1.20304002e-03  3.49852624e+00 
 1.21304002e-03  3.51346744e+00 
 1.22304002e-03  3.52826005e+00 
 1.23304002e-03  3.54290556e+00 
 1.24304002e-03  3.55740542e+00 
 1.25304002e-03  3.57176108e+00 
 1.26304002e-03  3.58597398e+00 
 1.27304002e-03  3.60004553e+00 
 1.28304002e-03  3.61397714e+00 
 1.29304002e-03  3.62777020e+00 
 1.30304002e-03  3.64142609e+00 
 1.31304002e-03  3.65494617e+00 
 1.32304002e-03  3.66833179e+00 
 1.33304002e-03  3.68158429e+00 
 1.34304002e-03  3.69470498e+00 
 1.35304002e-03  3.70769519e+00 
 1.36304002e-03  3.72055620e+00 
 1.37304002e-03  3.73328931e+00 
 1.38304002e-03  3.74589578e+00 
 1.39304002e-03  3.75837687e+00 
 1.40304002e-03  3.77073383e+00 
 1.41304002e-03  3.78296790e+00 
 1.42304002e-03  3.79508031e+00 
 1.43304002e-03  3.80707223e+00 
 1.44304002e-03  3.81894488e+00 
 1.45304002e-03  3.83069945e+00 
 1.46304002e-03  3.84233711e+00 
 1.47304002e-03  3.85385900e+00 
 1.48304002e-03  3.86526631e+00 
 1.49304002e-03  3.87656018e+00 
 1.50304002e-03  3.88774171e+00 
 1.51304002e-03  3.89881202e+00 
 1.52304002e-03  3.90977224e+00 
 1.53304002e-03  3.92062344e+00 
 1.54304002e-03  3.93136671e+00 
 1.55304002e-03  3.94200313e+00 
 1.56304002e-03  3.95253375e+00 
 1.57304002e-03  3.96295964e+00 
 1.58304002e-03  3.97328182e+00 
 1.59304002e-03  3.98350134e+00 
 1.60304002e-03  3.99361920e+00 
 1.61304002e-03  4.00363643e+00 
 1.62304002e-03  4.01355403e+00 
 1.63304002e-03  4.02337298e+00 
 1.64304002e-03  4.03309426e+00 
 1.65304002e-03  4.04271887e+00 
 1.66304002e-03  4.05224773e+00 
 1.67304002e-03  4.06168180e+00 
 1.68304002e-03  4.07102204e+00 
 1.69304002e-03  4.08026937e+00 
 1.70304002e-03  4.08942471e+00 
 1.71304002e-03  4.09848899e+00 
 1.72304002e-03  4.10746312e+00 
 1.73304002e-03  4.11634797e+00 
 1.74304002e-03  4.12514446e+00 
 1.75304002e-03  4.13385344e+00 
 1.76304002e-03  4.14247579e+00 
 1.77304002e-03  4.15101238e+00 
 1.78304002e-03  4.15946406e+00 
 1.79304002e-03  4.16783166e+00 
 1.80304002e-03  4.17611603e+00 
 1.81304002e-03  4.18431799e+00 
 1.82304002e-03  4.19243837e+00 
 1.83304002e-03  4.20047797e+00 
 1.84304002e-03  4.20843760e+00 
 1.85304002e-03  4.21631806e+00 
 1.86304002e-03  4.22412012e+00 
 1.87304002e-03  4.23184458e+00 
 1.88304002e-03  4.23949219e+00 
 1.89304002e-03  4.24706373e+00 
 1.90304002e-03  4.25455996e+00 
 1.91304002e-03  4.26198162e+00 
 1.92304002e-03  4.26932944e+00 
 1.93304002e-03  4.27660418e+00 
 1.94304002e-03  4.28380655e+00 
 1.95304002e-03  4.29093728e+00 
 1.96304002e-03  4.29799707e+00 
 1.97304002e-03  4.30498663e+00 
 1.98304002e-03  4.31190666e+00 
 1.99304002e-03  4.31875786e+00 
 2.00304002e-03  4.32554090e+00 
 2.01304002e-03  4.33225646e+00 
 2.02304002e-03  4.33890523e+00 
 2.02429002e-03  4.33973112e+00 
 2.02679002e-03  4.34138042e+00 
 2.02741502e-03  4.34179207e+00 
 2.02866502e-03  4.34261477e+00 
 2.03116502e-03  4.34425721e+00 
 2.03616502e-03  4.34752999e+00 
 2.04616502e-03  4.35402654e+00 
 2.05616502e-03  4.36045868e+00 
 2.06616502e-03  4.36682689e+00 
 2.07616502e-03  4.37313174e+00 
 2.08616502e-03  4.37937387e+00 
 2.09616502e-03  4.38555391e+00 
 2.10616502e-03  4.39167248e+00 
 2.11616502e-03  4.39773017e+00 
 2.12616502e-03  4.40372761e+00 
 2.13616502e-03  4.40966538e+00 
 2.14616502e-03  4.41554408e+00 
 2.15616502e-03  4.42136430e+00 
 2.16616502e-03  4.42712662e+00 
 2.17616502e-03  4.43283161e+00 
 2.18616502e-03  4.43847986e+00 
 2.19616502e-03  4.44407191e+00 
 2.20616502e-03  4.44960833e+00 
 2.21616502e-03  4.45508967e+00 
 2.22616502e-03  4.46051649e+00 
 2.23616502e-03  4.46588931e+00 
 2.24616502e-03  4.47120869e+00 
 2.25616502e-03  4.47647515e+00 
 2.26616502e-03  4.48168921e+00 
 2.27616502e-03  4.48685141e+00 
 2.28616502e-03  4.49196225e+00 
 2.29616502e-03  4.49702224e+00 
 2.30616502e-03  4.50203190e+00 
 2.31616502e-03  4.50699171e+00 
 2.32616502e-03  4.51190219e+00 
 2.33616502e-03  4.51676381e+00 
 2.34616502e-03  4.52157707e+00 
 2.35616502e-03  4.52634244e+00 
 2.36616502e-03  4.53106041e+00 
 2.37616502e-03  4.53573144e+00 
 2.38616502e-03  4.54035599e+00 
 2.39616502e-03  4.54493455e+00 
 2.40616502e-03  4.54946755e+00 
 2.41616502e-03  4.55395545e+00 
 2.42616502e-03  4.55839871e+00 
 2.43616502e-03  4.56279776e+00 
 2.44616502e-03  4.56715304e+00 
 2.45616502e-03  4.57146500e+00 
 2.46616502e-03  4.57573406e+00 
 2.47616502e-03  4.57996065e+00 
 2.48616502e-03  4.58414519e+00 
 2.49616502e-03  4.58828809e+00 
 2.50616502e-03  4.59238979e+00 
 2.51616502e-03  4.59645067e+00 
 2.52616502e-03  4.60047115e+00 
 2.53616502e-03  4.60445164e+00 
 2.54616502e-03  4.60839252e+00 
 2.55616502e-03  4.61229420e+00 
 2.56616502e-03  4.61615706e+00 
 2.57616502e-03  4.61998149e+00 
 2.58616502e-03  4.62376787e+00 
 2.59616502e-03  4.62751658e+00 
 2.60616502e-03  4.63122799e+00 
 2.61616502e-03  4.63490248e+00 
 2.62616502e-03  4.63854042e+00 
 2.63616502e-03  4.64214216e+00 
 2.64616502e-03  4.64570806e+00 
 2.65616502e-03  4.64923849e+00 
 2.66616502e-03  4.65273380e+00 
 2.67616502e-03  4.65619433e+00 
 2.68616502e-03  4.65962043e+00 
 2.69616502e-03  4.66301244e+00 
 2.70616502e-03  4.66637071e+00 
 2.71616502e-03  4.66969557e+00 
 2.72616502e-03  4.67298735e+00 
 2.73616502e-03  4.67624637e+00 
 2.74616502e-03  4.67947298e+00 
 2.75616502e-03  4.68266748e+00 
 2.76616502e-03  4.68583020e+00 
 2.77616502e-03  4.68896145e+00 
 2.78616502e-03  4.69206155e+00 
 2.79616502e-03  4.69513081e+00 
 2.80616502e-03  4.69816953e+00 
 2.81616502e-03  4.70117802e+00 
 2.82616502e-03  4.70415657e+00 
 2.83616502e-03  4.70710549e+00 
 2.84616502e-03  4.71002508e+00 
 2.85616502e-03  4.71291561e+00 
 2.86616502e-03  4.71577739e+00 
 2.87616502e-03  4.71861069e+00 
 2.88616502e-03  4.72141581e+00 
 2.89616502e-03  4.72419301e+00 
 2.90616502e-03  4.72694259e+00 
 2.91616502e-03  4.72966481e+00 
 2.92616502e-03  4.73235994e+00 
 2.93616502e-03  4.73502826e+00 
 2.94616502e-03  4.73767003e+00 
 2.95616502e-03  4.74028552e+00 
 2.96616502e-03  4.74287499e+00 
 2.97616502e-03  4.74543869e+00 
 2.98616502e-03  4.74797689e+00 
 2.99616502e-03  4.75048983e+00 
 3.00616502e-03  4.75297777e+00 
 3.01616502e-03  4.75544096e+00 
 3.02616502e-03  4.75787964e+00 
 3.03616502e-03  4.76029405e+00 
 3.04616502e-03  4.76268445e+00 
 3.05616502e-03  4.76505106e+00 
 3.06616502e-03  4.76739413e+00 
 3.07616502e-03  4.76971388e+00 
 3.08616502e-03  4.77201055e+00 
 3.09616502e-03  4.77428438e+00 
 3.10616502e-03  4.77653557e+00 
 3.11616502e-03  4.77876438e+00 
 3.12616502e-03  4.78097100e+00 
 3.13616502e-03  4.78315567e+00 
 3.14616502e-03  4.78531861e+00 
 3.15616502e-03  4.78746002e+00 
 3.16616502e-03  4.78958013e+00 
 3.17616502e-03  4.79167915e+00 
 3.18616502e-03  4.79375728e+00 
 3.19616502e-03  4.79581473e+00 
 3.20616502e-03  4.79785172e+00 
 3.21616502e-03  4.79986843e+00 
 3.22616502e-03  4.80186509e+00 
 3.23616502e-03  4.80384187e+00 
 3.24616502e-03  4.80579899e+00 
 3.25616502e-03  4.80773663e+00 
 3.26616502e-03  4.80965500e+00 
 3.27616502e-03  4.81155428e+00 
 3.28616502e-03  4.81343466e+00 
 3.29616502e-03  4.81529634e+00 
 3.30616502e-03  4.81713949e+00 
 3.31616502e-03  4.81896430e+00 
 3.32616502e-03  4.82077096e+00 
 3.33616502e-03  4.82255964e+00 
 3.34616502e-03  4.82433052e+00 
 3.35616502e-03  4.82608379e+00 
 3.36616502e-03  4.82781961e+00 
 3.37616502e-03  4.82953816e+00 
 3.38616502e-03  4.83123961e+00 
 3.39616502e-03  4.83292413e+00 
 3.40616502e-03  4.83459189e+00 
 3.41616502e-03  4.83624306e+00 
 3.42616502e-03  4.83787780e+00 
 3.43616502e-03  4.83949627e+00 
 3.44616502e-03  4.84109864e+00 
 3.45616502e-03  4.84268507e+00 
 3.46616502e-03  4.84425571e+00 
 3.47616502e-03  4.84581073e+00 
 3.48616502e-03  4.84735027e+00 
 3.49616502e-03  4.84887450e+00 
 3.50616502e-03  4.85038356e+00 
 3.51616502e-03  4.85187761e+00 
 3.52616502e-03  4.85335679e+00 
 3.53616502e-03  4.85482125e+00 
 3.54616502e-03  4.85627114e+00 
 3.55616502e-03  4.85770661e+00 
 3.56616502e-03  4.85912779e+00 
 3.57616502e-03  4.86053483e+00 
 3.58616502e-03  4.86192788e+00 
 3.59616502e-03  4.86330706e+00 
 3.60616502e-03  4.86467252e+00 
 3.61616502e-03  4.86602439e+00 
 3.62616502e-03  4.86736282e+00 
 3.63616502e-03  4.86868792e+00 
 3.64616502e-03  4.86999985e+00 
 3.65616502e-03  4.87129872e+00 
 3.66616502e-03  4.87258466e+00 
 3.67616502e-03  4.87385781e+00 
 3.68616502e-03  4.87511829e+00 
 3.69616502e-03  4.87636623e+00 
 3.70616502e-03  4.87760176e+00 
 3.71616502e-03  4.87882499e+00 
 3.72616502e-03  4.88003605e+00 
 3.73616502e-03  4.88123506e+00 
 3.74616502e-03  4.88242214e+00 
 3.75616502e-03  4.88359741e+00 
 3.76616502e-03  4.88476099e+00 
 3.77616502e-03  4.88591299e+00 
 3.78616502e-03  4.88705352e+00 
 3.79616502e-03  4.88818271e+00 
 3.80616502e-03  4.88930066e+00 
 3.81616502e-03  4.89040749e+00 
 3.82616502e-03  4.89150331e+00 
 3.83616502e-03  4.89258822e+00 
 3.84616502e-03  4.89366234e+00 
 3.85616502e-03  4.89472577e+00 
 3.86616502e-03  4.89577862e+00 
 3.87616502e-03  4.89682100e+00 
 3.88616502e-03  4.89785300e+00 
 3.89616502e-03  4.89887473e+00 
 3.90616502e-03  4.89988630e+00 
 3.91616502e-03  4.90088780e+00 
 3.92616502e-03  4.90187934e+00 
 3.93616502e-03  4.90286102e+00 
 3.94616502e-03  4.90383292e+00 
 3.95616502e-03  4.90479516e+00 
 3.96616502e-03  4.90574782e+00 
 3.97616502e-03  4.90669100e+00 
 3.98616502e-03  4.90762480e+00 
 3.99616502e-03  4.90854930e+00 
 4.00616502e-03  4.90946461e+00 
 4.01616502e-03  4.91037081e+00 
 4.02616502e-03  4.91126799e+00 
 4.03616502e-03  4.91215625e+00 
 4.04616502e-03  4.91303567e+00 
 4.05616502e-03  4.91390634e+00 
 4.06616502e-03  4.91476834e+00 
 4.07616502e-03  4.91562177e+00 
 4.08616502e-03  4.91646671e+00 
 4.09616502e-03  4.91730324e+00 
 4.10616502e-03  4.91813145e+00 
 4.11616502e-03  4.91895141e+00 
 4.12616502e-03  4.91976322e+00 
 4.13616502e-03  4.92056695e+00 
 4.14616502e-03  4.92136268e+00 
 4.15616502e-03  4.92215050e+00 
 4.16616502e-03  4.92293047e+00 
 4.17616502e-03  4.92370269e+00 
 4.18616502e-03  4.92446722e+00 
 4.19616502e-03  4.92522414e+00 
 4.20616502e-03  4.92597354e+00 
 4.21616502e-03  4.92671548e+00 
 4.22616502e-03  4.92745003e+00 
 4.23616502e-03  4.92817728e+00 
 4.24616502e-03  4.92889729e+00 
 4.25616502e-03  4.92961013e+00 
 4.26616502e-03  4.93031588e+00 
 4.27616502e-03  4.93101462e+00 
 4.28616502e-03  4.93170639e+00 
 4.29616502e-03  4.93239129e+00 
 4.30616502e-03  4.93306937e+00 
 4.31616502e-03  4.93374070e+00 
 4.32616502e-03  4.93440536e+00 
 4.33616502e-03  4.93506340e+00 
 4.34616502e-03  4.93571489e+00 
 4.35616502e-03  4.93635990e+00 
 4.36616502e-03  4.93699849e+00 
 4.37616502e-03  4.93763073e+00 
 4.38616502e-03  4.93825668e+00 
 4.39616502e-03  4.93887640e+00 
 4.40616502e-03  4.93948995e+00 
 4.41616502e-03  4.94009740e+00 
 4.42616502e-03  4.94069881e+00 
 4.43616502e-03  4.94129423e+00 
 4.44616502e-03  4.94188372e+00 
 4.45616502e-03  4.94246735e+00 
 4.46616502e-03  4.94304518e+00 
 4.47616502e-03  4.94361725e+00 
 4.48616502e-03  4.94418363e+00 
 4.49616502e-03  4.94474438e+00 
 4.50616502e-03  4.94529955e+00 
 4.51616502e-03  4.94584919e+00 
 4.52616502e-03  4.94639336e+00 
 4.53616502e-03  4.94693212e+00 
 4.54616502e-03  4.94746552e+00 
 4.55616502e-03  4.94799361e+00 
 4.56616502e-03  4.94851645e+00 
 4.57616502e-03  4.94903409e+00 
 4.58616502e-03  4.94954657e+00 
 4.59616502e-03  4.95005395e+00 
 4.60616502e-03  4.95055629e+00 
 4.61616502e-03  4.95105363e+00 
 4.62616502e-03  4.95154602e+00 
 4.63616502e-03  4.95203351e+00 
 4.64616502e-03  4.95251615e+00 
 4.65616502e-03  4.95299399e+00 
 4.66616502e-03  4.95346707e+00 
 4.67616502e-03  4.95393544e+00 
 4.68616502e-03  4.95439916e+00 
 4.69616502e-03  4.95485826e+00 
 4.70616502e-03  4.95531279e+00 
 4.71616502e-03  4.95576280e+00 
 4.72616502e-03  4.95620834e+00 
 4.73616502e-03  4.95664944e+00 
 4.74616502e-03  4.95708615e+00 
 4.75616502e-03  4.95751851e+00 
 4.76616502e-03  4.95794658e+00 
 4.77616502e-03  4.95837038e+00 
 4.78616502e-03  4.95878997e+00 
 4.79616502e-03  4.95920538e+00 
 4.80616502e-03  4.95961666e+00 
 4.81616502e-03  4.96002384e+00 
 4.82616502e-03  4.96042698e+00 
 4.83616502e-03  4.96082610e+00 
 4.84616502e-03  4.96122126e+00 
 4.85616502e-03  4.96161248e+00 
 4.86616502e-03  4.96199980e+00 
 4.87616502e-03  4.96238328e+00 
 4.88616502e-03  4.96276294e+00 
 4.89616502e-03  4.96313882e+00 
 4.90616502e-03  4.96351096e+00 
 4.91616502e-03  4.96387940e+00 
 4.92616502e-03  4.96424417e+00 
 4.93616502e-03  4.96460531e+00 
 4.94616502e-03  4.96496286e+00 
 4.95616502e-03  4.96531685e+00 
 4.96616502e-03  4.96566732e+00 
 4.97616502e-03  4.96601430e+00 
 4.98616502e-03  4.96635783e+00 
 4.99616502e-03  4.96669794e+00 
 5.00616502e-03  4.96703467e+00 
 5.01616502e-03  4.96736804e+00 
 5.02616502e-03  4.96769810e+00 
 5.03616502e-03  4.96802488e+00 
 5.04616502e-03  4.96834840e+00 
 5.05616502e-03  4.96866871e+00 
 5.06616502e-03  4.96898582e+00 
 5.07616502e-03  4.96929979e+00 
 5.08616502e-03  4.96961062e+00 
 5.09616502e-03  4.96991837e+00 
 5.10616502e-03  4.97022305e+00 
 5.11616502e-03  4.97052470e+00 
 5.12616502e-03  4.97082335e+00 
 5.13616502e-03  4.97111903e+00 
 5.14616502e-03  4.97141177e+00 
 5.15616502e-03  4.97170159e+00 
 5.16616502e-03  4.97198853e+00 
 5.17616502e-03  4.97227262e+00 
 5.18616502e-03  4.97255388e+00 
 5.19616502e-03  4.97283233e+00 
 5.20616502e-03  4.97310802e+00 
 5.21616502e-03  4.97338097e+00 
 5.22616502e-03  4.97365120e+00 
 5.23616502e-03  4.97391874e+00 
 5.24616502e-03  4.97418362e+00 
 5.25616502e-03  4.97444586e+00 
 5.26616502e-03  4.97470550e+00 
 5.27616502e-03  4.97496255e+00 
 5.28616502e-03  4.97521704e+00 
 5.29616502e-03  4.97546900e+00 
 5.30616502e-03  4.97571845e+00 
 5.31616502e-03  4.97596542e+00 
 5.32616502e-03  4.97620994e+00 
 5.33616502e-03  4.97645202e+00 
 5.34616502e-03  4.97669169e+00 
 5.35616502e-03  4.97692898e+00 
 5.36616502e-03  4.97716391e+00 
 5.37616502e-03  4.97739650e+00 
 5.38616502e-03  4.97762677e+00 
 5.39616502e-03  4.97785475e+00 
 5.40616502e-03  4.97808047e+00 
 5.41616502e-03  4.97830394e+00 
 5.42616502e-03  4.97852518e+00 
 5.43616502e-03  4.97874423e+00 
 5.44616502e-03  4.97896109e+00 
 5.45616502e-03  4.97917580e+00 
 5.46616502e-03  4.97938837e+00 
 5.47616502e-03  4.97959882e+00 
 5.48616502e-03  4.97980718e+00 
 5.49616502e-03  4.98001347e+00 
 5.50616502e-03  4.98021771e+00 
 5.51616502e-03  4.98041991e+00 
 5.52616502e-03  4.98062010e+00 
 5.53616502e-03  4.98081830e+00 
 5.54616502e-03  4.98101453e+00 
 5.55616502e-03  4.98120880e+00 
 5.56616502e-03  4.98140114e+00 
 5.57616502e-03  4.98159157e+00 
 5.58616502e-03  4.98178010e+00 
 5.59616502e-03  4.98196676e+00 
 5.60616502e-03  4.98215156e+00 
 5.61616502e-03  4.98233452e+00 
 5.62616502e-03  4.98251566e+00 
 5.63616502e-03  4.98269500e+00 
 5.64616502e-03  4.98287255e+00 
 5.65616502e-03  4.98304834e+00 
 5.66616502e-03  4.98322238e+00 
 5.67616502e-03  4.98339468e+00 
 5.68616502e-03  4.98356528e+00 
 5.69616502e-03  4.98373417e+00 
 5.70616502e-03  4.98390138e+00 
 5.71616502e-03  4.98406693e+00 
 5.72616502e-03  4.98423084e+00 
 5.73616502e-03  4.98439311e+00 
 5.74616502e-03  4.98455376e+00 
 5.75616502e-03  4.98471282e+00 
 5.76616502e-03  4.98487030e+00 
 5.77616502e-03  4.98502621e+00 
 5.78616502e-03  4.98518056e+00 
 5.79616502e-03  4.98533339e+00 
 5.80616502e-03  4.98548469e+00 
 5.81616502e-03  4.98563448e+00 
 5.82616502e-03  4.98578279e+00 
 5.83616502e-03  4.98592962e+00 
 5.84616502e-03  4.98607499e+00 
 5.85616502e-03  4.98621891e+00 
 5.86616502e-03  4.98636140e+00 
 5.87616502e-03  4.98650247e+00 
 5.88616502e-03  4.98664214e+00 
 5.89616502e-03  4.98678042e+00 
 5.90616502e-03  4.98691732e+00 
 5.91616502e-03  4.98705286e+00 
 5.92616502e-03  4.98718705e+00 
 5.93616502e-03  4.98731991e+00 
 5.94616502e-03  4.98745144e+00 
 5.95616502e-03  4.98758167e+00 
 5.96616502e-03  4.98771060e+00 
 5.97616502e-03  4.98783825e+00 
 5.98616502e-03  4.98796462e+00 
 5.99616502e-03  4.98808974e+00 
 6.00616502e-03  4.98821362e+00 
 6.01616502e-03  4.98833626e+00 
 6.02616502e-03  4.98845768e+00 
 6.03616502e-03  4.98857790e+00 
 6.04616502e-03  4.98869691e+00 
 6.05616502e-03  4.98881475e+00 
 6.06616502e-03  4.98893141e+00 
 6.07616502e-03  4.98904691e+00 
 6.08616502e-03  4.98916126e+00 
 6.09616502e-03  4.98927447e+00 
 6.10616502e-03  4.98938656e+00 
 6.11616502e-03  4.98949753e+00 
 6.12616502e-03  4.98960740e+00 
 6.13616502e-03  4.98971617e+00 
 6.14616502e-03  4.98982386e+00 
 6.15616502e-03  4.98993048e+00 
 6.16616502e-03  4.99003604e+00 
 6.17616502e-03  4.99014055e+00 
 6.18616502e-03  4.99024402e+00 
 6.19616502e-03  4.99034646e+00 
 6.20616502e-03  4.99044788e+00 
 6.21616502e-03  4.99054829e+00 
 6.22616502e-03  4.99064770e+00 
 6.23616502e-03  4.99074612e+00 
 6.24616502e-03  4.99084357e+00 
 6.25616502e-03  4.99094004e+00 
 6.26616502e-03  4.99103555e+00 
 6.27616502e-03  4.99113012e+00 
 6.28616502e-03  4.99122374e+00 
 6.29616502e-03  4.99131643e+00 
 6.30616502e-03  4.99140820e+00 
 6.31616502e-03  4.99149905e+00 
 6.32616502e-03  4.99158900e+00 
 6.33616502e-03  4.99167806e+00 
 6.34616502e-03  4.99176623e+00 
 6.35616502e-03  4.99185352e+00 
 6.36616502e-03  4.99193995e+00 
 6.37616502e-03  4.99202551e+00 
 6.38616502e-03  4.99211023e+00 
 6.39616502e-03  4.99219410e+00 
 6.40616502e-03  4.99227713e+00 
 6.41616502e-03  4.99235934e+00 
 6.42616502e-03  4.99244073e+00 
 6.43616502e-03  4.99252131e+00 
 6.44616502e-03  4.99260109e+00 
 6.45616502e-03  4.99268008e+00 
 6.46616502e-03  4.99275828e+00 
 6.47616502e-03  4.99283570e+00 
 6.48616502e-03  4.99291235e+00 
 6.49616502e-03  4.99298824e+00 
 6.50616502e-03  4.99306337e+00 
 6.51616502e-03  4.99313776e+00 
 6.52616502e-03  4.99321141e+00 
 6.53616502e-03  4.99328432e+00 
 6.54616502e-03  4.99335651e+00 
 6.55616502e-03  4.99342798e+00 
 6.56616502e-03  4.99349873e+00 
 6.57616502e-03  4.99356879e+00 
 6.58616502e-03  4.99363814e+00 
 6.59616502e-03  4.99370681e+00 
 6.60616502e-03  4.99377480e+00 
 6.61616502e-03  4.99384210e+00 
 6.62616502e-03  4.99390874e+00 
 6.63616502e-03  4.99397471e+00 
 6.64616502e-03  4.99404003e+00 
 6.65616502e-03  4.99410470e+00 
 6.66616502e-03  4.99416872e+00 
 6.67616502e-03  4.99423211e+00 
 6.68616502e-03  4.99429487e+00 
 6.69616502e-03  4.99435700e+00 
 6.70616502e-03  4.99441852e+00 
 6.71616502e-03  4.99447942e+00 
 6.72616502e-03  4.99453971e+00 
 6.73616502e-03  4.99459941e+00 
 6.74616502e-03  4.99465851e+00 
 6.75616502e-03  4.99471703e+00 
 6.76616502e-03  4.99477496e+00 
 6.77616502e-03  4.99483231e+00 
 6.78616502e-03  4.99488910e+00 
 6.79616502e-03  4.99494532e+00 
 6.80616502e-03  4.99500098e+00 
 6.81616502e-03  4.99505608e+00 
 6.82616502e-03  4.99511064e+00 
 6.83616502e-03  4.99516466e+00 
 6.84616502e-03  4.99521813e+00 
 6.85616502e-03  4.99527108e+00 
 6.86616502e-03  4.99532350e+00 
 6.87616502e-03  4.99537540e+00 
 6.88616502e-03  4.99542678e+00 
 6.89616502e-03  4.99547765e+00 
 6.90616502e-03  4.99552801e+00 
 6.91616502e-03  4.99557787e+00 
 6.92616502e-03  4.99562724e+00 
 6.93616502e-03  4.99567611e+00 
 6.94616502e-03  4.99572450e+00 
 6.95616502e-03  4.99577241e+00 
 6.96616502e-03  4.99581984e+00 
 6.97616502e-03  4.99586680e+00 
 6.98616502e-03  4.99591329e+00 
 6.99616502e-03  4.99595932e+00 
 7.00616502e-03  4.99600489e+00 
 7.01616502e-03  4.99605001e+00 
 7.02616502e-03  4.99609467e+00 
 7.03616502e-03  4.99613890e+00 
 7.04616502e-03  4.99618268e+00 
 7.05616502e-03  4.99622603e+00 
 7.06616502e-03  4.99626895e+00 
 7.07616502e-03  4.99631144e+00 
 7.08616502e-03  4.99635350e+00 
 7.09616502e-03  4.99639515e+00 
 7.10616502e-03  4.99643639e+00 
 7.11616502e-03  4.99647721e+00 
 7.12616502e-03  4.99651763e+00 
 7.13616502e-03  4.99655764e+00 
 7.14616502e-03  4.99659726e+00 
 7.15616502e-03  4.99663648e+00 
 7.16616502e-03  4.99667532e+00 
 7.17616502e-03  4.99671376e+00 
 7.18616502e-03  4.99675183e+00 
 7.19616502e-03  4.99678951e+00 
 7.20616502e-03  4.99682682e+00 
 7.21616502e-03  4.99686376e+00 
 7.22616502e-03  4.99690033e+00 
 7.23616502e-03  4.99693654e+00 
 7.24616502e-03  4.99697239e+00 
 7.25616502e-03  4.99700788e+00 
 7.26616502e-03  4.99704301e+00 
 7.27616502e-03  4.99707780e+00 
 7.28616502e-03  4.99711224e+00 
 7.29616502e-03  4.99714634e+00 
 7.30616502e-03  4.99718010e+00 
 7.31616502e-03  4.99721352e+00 
 7.32616502e-03  4.99724661e+00 
 7.33616502e-03  4.99727938e+00 
 7.34616502e-03  4.99731181e+00 
 7.35616502e-03  4.99734393e+00 
 7.36616502e-03  4.99737572e+00 
 7.37616502e-03  4.99740720e+00 
 7.38616502e-03  4.99743836e+00 
 7.39616502e-03  4.99746921e+00 
 7.40616502e-03  4.99749976e+00 
 7.41616502e-03  4.99753000e+00 
 7.42616502e-03  4.99755995e+00 
 7.43616502e-03  4.99758959e+00 
 7.44616502e-03  4.99761894e+00 
 7.45616502e-03  4.99764800e+00 
 7.46616502e-03  4.99767676e+00 
 7.47616502e-03  4.99770525e+00 
 7.48616502e-03  4.99773344e+00 
 7.49616502e-03  4.99776136e+00 
 7.50616502e-03  4.99778900e+00 
 7.51616502e-03  4.99781637e+00 
 7.52616502e-03  4.99784346e+00 
 7.53616502e-03  4.99787028e+00 
 7.54616502e-03  4.99789684e+00 
 7.55616502e-03  4.99792313e+00 
 7.56616502e-03  4.99794916e+00 
 7.57616502e-03  4.99797493e+00 
 7.58616502e-03  4.99800045e+00 
 7.59616502e-03  4.99802571e+00 
 7.60616502e-03  4.99805072e+00 
 7.61616502e-03  4.99807548e+00 
 7.62616502e-03  4.99809999e+00 
 7.63616502e-03  4.99812426e+00 
 7.64616502e-03  4.99814829e+00 
 7.65616502e-03  4.99817208e+00 
 7.66616502e-03  4.99819563e+00 
 7.67616502e-03  4.99821895e+00 
 7.68616502e-03  4.99824204e+00 
 7.69616502e-03  4.99826490e+00 
 7.70616502e-03  4.99828753e+00 
 7.71616502e-03  4.99830993e+00 
 7.72616502e-03  4.99833211e+00 
 7.73616502e-03  4.99835407e+00 
 7.74616502e-03  4.99837581e+00 
 7.75616502e-03  4.99839734e+00 
 7.76616502e-03  4.99841865e+00 
 7.77616502e-03  4.99843975e+00 
 7.78616502e-03  4.99846064e+00 
 7.79616502e-03  4.99848132e+00 
 7.80616502e-03  4.99850180e+00 
 7.81616502e-03  4.99852207e+00 
 7.82616502e-03  4.99854214e+00 
 7.83616502e-03  4.99856201e+00 
 7.84616502e-03  4.99858169e+00 
 7.85616502e-03  4.99860116e+00 
 7.86616502e-03  4.99862045e+00 
 7.87616502e-03  4.99863954e+00 
 7.88616502e-03  4.99865844e+00 
 7.89616502e-03  4.99867716e+00 
 7.90616502e-03  4.99869568e+00 
 7.91616502e-03  4.99871403e+00 
 7.92616502e-03  4.99873219e+00 
 7.93616502e-03  4.99875017e+00 
 7.94616502e-03  4.99876797e+00 
 7.95616502e-03  4.99878559e+00 
 7.96616502e-03  4.99880304e+00 
 7.97616502e-03  4.99882032e+00 
 7.98616502e-03  4.99883742e+00 
 7.99616502e-03  4.99885435e+00 
 8.00616502e-03  4.99887112e+00 
 8.01616502e-03  4.99888771e+00 
 8.02616502e-03  4.99890415e+00 
 8.03616502e-03  4.99892041e+00 
 8.04616502e-03  4.99893652e+00 
 8.05616502e-03  4.99895247e+00 
 8.06616502e-03  4.99896826e+00 
 8.07616502e-03  4.99898389e+00 
 8.08616502e-03  4.99899936e+00 
 8.09616502e-03  4.99901468e+00 
 8.10616502e-03  4.99902985e+00 
 8.11616502e-03  4.99904487e+00 
 8.12616502e-03  4.99905974e+00 
 8.13616502e-03  4.99907446e+00 
 8.14616502e-03  4.99908903e+00 
 8.15616502e-03  4.99910346e+00 
 8.16616502e-03  4.99911775e+00 
 8.17616502e-03  4.99913189e+00 
 8.18616502e-03  4.99914590e+00 
 8.19616502e-03  4.99915976e+00 
 8.20616502e-03  4.99917348e+00 
 8.21616502e-03  4.99918707e+00 
 8.22616502e-03  4.99920053e+00 
 8.23616502e-03  4.99921385e+00 
 8.24616502e-03  4.99922703e+00 
 8.25616502e-03  4.99924009e+00 
 8.26616502e-03  4.99925302e+00 
 8.27616502e-03  4.99926581e+00 
 8.28616502e-03  4.99927848e+00 
 8.29616502e-03  4.99929103e+00 
 8.30616502e-03  4.99930345e+00 
 8.31616502e-03  4.99931574e+00 
 8.32616502e-03  4.99932792e+00 
 8.33616502e-03  4.99933997e+00 
 8.34616502e-03  4.99935190e+00 
 8.35616502e-03  4.99936372e+00 
 8.36616502e-03  4.99937541e+00 
 8.37616502e-03  4.99938699e+00 
 8.38616502e-03  4.99939846e+00 
 8.39616502e-03  4.99940981e+00 
 8.40616502e-03  4.99942104e+00 
 8.41616502e-03  4.99943217e+00 
 8.42616502e-03  4.99944318e+00 
 8.43616502e-03  4.99945409e+00 
 8.44616502e-03  4.99946489e+00 
 8.45616502e-03  4.99947558e+00 
 8.46616502e-03  4.99948616e+00 
 8.47616502e-03  4.99949664e+00 
 8.48616502e-03  4.99950701e+00 
 8.49616502e-03  4.99951728e+00 
 8.50616502e-03  4.99952745e+00 
 8.51616502e-03  4.99953751e+00 
 8.52616502e-03  4.99954748e+00 
 8.53616502e-03  4.99955735e+00 
 8.54616502e-03  4.99956712e+00 
 8.55616502e-03  4.99957679e+00 
 8.56616502e-03  4.99958637e+00 
 8.57616502e-03  4.99959585e+00 
 8.58616502e-03  4.99960523e+00 
 8.59616502e-03  4.99961453e+00 
 8.60616502e-03  4.99962373e+00 
 8.61616502e-03  4.99963284e+00 
 8.62616502e-03  4.99964185e+00 
 8.63616502e-03  4.99965078e+00 
 8.64616502e-03  4.99965962e+00 
 8.65616502e-03  4.99966837e+00 
 8.66616502e-03  4.99967704e+00 
 8.67616502e-03  4.99968562e+00 
 8.68616502e-03  4.99969411e+00 
 8.69616502e-03  4.99970252e+00 
 8.70616502e-03  4.99971084e+00 
 8.71616502e-03  4.99971909e+00 
 8.72616502e-03  4.99972725e+00 
 8.73616502e-03  4.99973532e+00 
 8.74616502e-03  4.99974332e+00 
 8.75616502e-03  4.99975124e+00 
 8.76616502e-03  4.99975908e+00 
 8.77616502e-03  4.99976684e+00 
 8.78616502e-03  4.99977453e+00 
 8.79616502e-03  4.99978214e+00 
 8.80616502e-03  4.99978967e+00 
 8.81616502e-03  4.99979713e+00 
 8.82616502e-03  4.99980451e+00 
 8.83616502e-03  4.99981182e+00 
 8.84616502e-03  4.99981906e+00 
 8.85616502e-03  4.99982622e+00 
 8.86616502e-03  4.99983332e+00 
 8.87616502e-03  4.99984034e+00 
 8.88616502e-03  4.99984729e+00 
 8.89616502e-03  4.99985418e+00 
 8.90616502e-03  4.99986099e+00 
 8.91616502e-03  4.99986774e+00 
 8.92616502e-03  4.99987442e+00 
 8.93616502e-03  4.99988104e+00 
 8.94616502e-03  4.99988759e+00 
 8.95616502e-03  4.99989407e+00 
 8.96616502e-03  4.99990049e+00 
 8.97616502e-03  4.99990684e+00 
 8.98616502e-03  4.99991314e+00 
 8.99616502e-03  4.99991936e+00 
 9.00616502e-03  4.99992553e+00 
 9.01616502e-03  4.99993164e+00 
 9.02616502e-03  4.99993768e+00 
 9.03616502e-03  4.99994367e+00 
 9.04616502e-03  4.99994959e+00 
 9.05616502e-03  4.99995546e+00 
 9.06616502e-03  4.99996127e+00 
 9.07616502e-03  4.99996702e+00 
 9.08616502e-03  4.99997271e+00 
 9.09616502e-03  4.99997835e+00 
 9.10616502e-03  4.99998393e+00 
 9.11616502e-03  4.99998945e+00 
 9.12616502e-03  4.99999492e+00 
 9.13616502e-03  5.00000034e+00 
 9.14616502e-03  5.00000570e+00 
 9.15616502e-03  5.00001101e+00 
 9.16616502e-03  5.00001626e+00 
 9.17616502e-03  5.00002147e+00 
 9.18616502e-03  5.00002662e+00 
 9.19616502e-03  5.00003172e+00 
 9.20616502e-03  5.00003677e+00 
 9.21616502e-03  5.00004177e+00 
 9.22616502e-03  5.00004671e+00 
 9.23616502e-03  5.00005161e+00 
 9.24616502e-03  5.00005647e+00 
 9.25616502e-03  5.00006127e+00 
 9.26616502e-03  5.00006602e+00 
 9.27616502e-03  5.00007073e+00 
 9.28616502e-03  5.00007539e+00 
 9.29616502e-03  5.00008001e+00 
 9.30616502e-03  5.00008458e+00 
 9.31616502e-03  5.00008910e+00 
 9.32616502e-03  5.00009358e+00 
 9.33616502e-03  5.00009801e+00 
 9.34616502e-03  5.00010240e+00 
 9.35616502e-03  5.00010675e+00 
 9.36616502e-03  5.00011105e+00 
 9.37616502e-03  5.00011531e+00 
 9.38616502e-03  5.00011953e+00 
 9.39616502e-03  5.00012370e+00 
 9.40616502e-03  5.00012784e+00 
 9.41616502e-03  5.00013193e+00 
 9.42616502e-03  5.00013598e+00 
 9.43616502e-03  5.00013999e+00 
 9.44616502e-03  5.00014397e+00 
 9.45616502e-03  5.00014790e+00 
 9.46616502e-03  5.00015179e+00 
 9.47616502e-03  5.00015565e+00 
 9.48616502e-03  5.00015946e+00 
 9.49616502e-03  5.00016324e+00 
 9.50616502e-03  5.00016698e+00 
 9.51616502e-03  5.00017068e+00 
 9.52616502e-03  5.00017435e+00 
 9.53616502e-03  5.00017798e+00 
 9.54616502e-03  5.00018157e+00 
 9.55616502e-03  5.00018513e+00 
 9.56616502e-03  5.00018866e+00 
 9.57616502e-03  5.00019214e+00 
 9.58616502e-03  5.00019560e+00 
 9.59616502e-03  5.00019902e+00 
 9.60616502e-03  5.00020240e+00 
 9.61616502e-03  5.00020575e+00 
 9.62616502e-03  5.00020907e+00 
 9.63616502e-03  5.00021235e+00 
 9.64616502e-03  5.00021560e+00 
 9.65616502e-03  5.00021882e+00 
 9.66616502e-03  5.00022201e+00 
 9.67616502e-03  5.00022517e+00 
 9.68616502e-03  5.00022829e+00 
 9.69616502e-03  5.00023139e+00 
 9.70616502e-03  5.00023445e+00 
 9.71616502e-03  5.00023748e+00 
 9.72616502e-03  5.00024048e+00 
 9.73616502e-03  5.00024345e+00 
 9.74616502e-03  5.00024640e+00 
 9.75616502e-03  5.00024931e+00 
 9.76616502e-03  5.00025219e+00 
 9.77616502e-03  5.00025505e+00 
 9.78616502e-03  5.00025788e+00 
 9.79616502e-03  5.00026067e+00 
 9.80616502e-03  5.00026345e+00 
 9.81616502e-03  5.00026619e+00 
 9.82616502e-03  5.00026891e+00 
 9.83616502e-03  5.00027159e+00 
 9.84616502e-03  5.00027426e+00 
 9.85616502e-03  5.00027689e+00 
 9.86616502e-03  5.00027950e+00 
 9.87616502e-03  5.00028209e+00 
 9.88616502e-03  5.00028464e+00 
 9.89616502e-03  5.00028718e+00 
 9.90616502e-03  5.00028968e+00 
 9.91616502e-03  5.00029217e+00 
 9.92616502e-03  5.00029462e+00 
 9.93616502e-03  5.00029706e+00 
 9.94616502e-03  5.00029947e+00 
 9.95616502e-03  5.00030185e+00 
 9.96616502e-03  5.00030421e+00 
 9.97616502e-03  5.00030655e+00 
 9.98616502e-03  5.00030887e+00 
 9.99616502e-03  5.00031116e+00 
 1.00061650e-02  5.00031343e+00 
 1.00161650e-02  5.00031567e+00 
 1.00261650e-02  5.00031790e+00 
 1.00361650e-02  5.00032010e+00 
 1.00461650e-02  5.00032228e+00 
 1.00561650e-02  5.00032444e+00 
 1.00661650e-02  5.00032657e+00 
 1.00761650e-02  5.00032869e+00 
 1.00861650e-02  5.00033078e+00 
 1.00961650e-02  5.00033286e+00 
 1.01061650e-02  5.00033491e+00 
 1.01161650e-02  5.00033694e+00 
 1.01261650e-02  5.00033895e+00 
 1.01361650e-02  5.00034095e+00 
 1.01461650e-02  5.00034292e+00 
 1.01561650e-02  5.00034487e+00 
 1.01661650e-02  5.00034680e+00 
 1.01761650e-02  5.00034872e+00 
 1.01861650e-02  5.00035061e+00 
 1.01961650e-02  5.00035249e+00 
 1.02061650e-02  5.00035435e+00 
 1.02161650e-02  5.00035619e+00 
 1.02261650e-02  5.00035801e+00 
 1.02361650e-02  5.00035981e+00 
 1.02461650e-02  5.00036159e+00 
 1.02561650e-02  5.00036336e+00 
 1.02661650e-02  5.00036511e+00 
 1.02761650e-02  5.00036684e+00 
 1.02861650e-02  5.00036856e+00 
 1.02961650e-02  5.00037025e+00 
 1.03061650e-02  5.00037194e+00 
 1.03161650e-02  5.00037360e+00 
 1.03261650e-02  5.00037525e+00 
 1.03361650e-02  5.00037688e+00 
 1.03461650e-02  5.00037849e+00 
 1.03561650e-02  5.00038009e+00 
 1.03661650e-02  5.00038167e+00 
 1.03761650e-02  5.00038324e+00 
 1.03861650e-02  5.00038479e+00 
 1.03961650e-02  5.00038633e+00 
 1.04061650e-02  5.00038785e+00 
 1.04161650e-02  5.00038936e+00 
 1.04261650e-02  5.00039085e+00 
 1.04361650e-02  5.00039232e+00 
 1.04461650e-02  5.00039378e+00 
 1.04561650e-02  5.00039523e+00 
 1.04661650e-02  5.00039666e+00 
 1.04761650e-02  5.00039808e+00 
 1.04861650e-02  5.00039948e+00 
 1.04961650e-02  5.00040087e+00 
 1.05061650e-02  5.00040225e+00 
 1.05161650e-02  5.00040361e+00 
 1.05261650e-02  5.00040496e+00 
 1.05361650e-02  5.00040630e+00 
 1.05461650e-02  5.00040762e+00 
 1.05561650e-02  5.00040893e+00 
 1.05661650e-02  5.00041022e+00 
 1.05761650e-02  5.00041151e+00 
 1.05861650e-02  5.00041278e+00 
 1.05961650e-02  5.00041403e+00 
 1.06061650e-02  5.00041528e+00 
 1.06161650e-02  5.00041651e+00 
 1.06261650e-02  5.00041773e+00 
 1.06361650e-02  5.00041894e+00 
 1.06461650e-02  5.00042014e+00 
 1.06561650e-02  5.00042132e+00 
 1.06661650e-02  5.00042249e+00 
 1.06761650e-02  5.00042366e+00 
 1.06861650e-02  5.00042480e+00 
 1.06961650e-02  5.00042594e+00 
 1.07061650e-02  5.00042707e+00 
 1.07161650e-02  5.00042818e+00 
 1.07261650e-02  5.00042929e+00 
 1.07361650e-02  5.00043038e+00 
 1.07461650e-02  5.00043146e+00 
 1.07561650e-02  5.00043254e+00 
 1.07661650e-02  5.00043360e+00 
 1.07761650e-02  5.00043465e+00 
 1.07861650e-02  5.00043569e+00 
 1.07961650e-02  5.00043672e+00 
 1.08061650e-02  5.00043774e+00 
 1.08161650e-02  5.00043875e+00 
 1.08261650e-02  5.00043975e+00 
 1.08361650e-02  5.00044073e+00 
 1.08461650e-02  5.00044171e+00 
 1.08561650e-02  5.00044268e+00 
 1.08661650e-02  5.00044364e+00 
 1.08761650e-02  5.00044459e+00 
 1.08861650e-02  5.00044554e+00 
 1.08961650e-02  5.00044647e+00 
 1.09061650e-02  5.00044739e+00 
 1.09161650e-02  5.00044830e+00 
 1.09261650e-02  5.00044921e+00 
 1.09361650e-02  5.00045010e+00 
 1.09461650e-02  5.00045099e+00 
 1.09561650e-02  5.00045187e+00 
 1.09661650e-02  5.00045273e+00 
 1.09761650e-02  5.00045359e+00 
 1.09861650e-02  5.00045445e+00 
 1.09961650e-02  5.00045529e+00 
 1.10061650e-02  5.00045612e+00 
 1.10161650e-02  5.00045695e+00 
 1.10261650e-02  5.00045777e+00 
 1.10361650e-02  5.00045858e+00 
 1.10461650e-02  5.00045938e+00 
 1.10561650e-02  5.00046017e+00 
 1.10661650e-02  5.00046096e+00 
 1.10761650e-02  5.00046174e+00 
 1.10861650e-02  5.00046251e+00 
 1.10961650e-02  5.00046327e+00 
 1.11061650e-02  5.00046403e+00 
 1.11161650e-02  5.00046477e+00 
 1.11261650e-02  5.00046551e+00 
 1.11361650e-02  5.00046625e+00 
 1.11461650e-02  5.00046697e+00 
 1.11561650e-02  5.00046769e+00 
 1.11661650e-02  5.00046840e+00 
 1.11761650e-02  5.00046911e+00 
 1.11861650e-02  5.00046980e+00 
 1.11961650e-02  5.00047049e+00 
 1.12061650e-02  5.00047118e+00 
 1.12161650e-02  5.00047185e+00 
 1.12261650e-02  5.00047252e+00 
 1.12361650e-02  5.00047319e+00 
 1.12461650e-02  5.00047384e+00 
 1.12561650e-02  5.00047449e+00 
 1.12661650e-02  5.00047514e+00 
 1.12761650e-02  5.00047577e+00 
 1.12861650e-02  5.00047640e+00 
 1.12961650e-02  5.00047703e+00 
 1.13061650e-02  5.00047765e+00 
 1.13161650e-02  5.00047826e+00 
 1.13261650e-02  5.00047887e+00 
 1.13361650e-02  5.00047947e+00 
 1.13461650e-02  5.00048006e+00 
 1.13561650e-02  5.00048065e+00 
 1.13661650e-02  5.00048123e+00 
 1.13761650e-02  5.00048181e+00 
 1.13861650e-02  5.00048238e+00 
 1.13961650e-02  5.00048294e+00 
 1.14061650e-02  5.00048350e+00 
 1.14161650e-02  5.00048406e+00 
 1.14261650e-02  5.00048460e+00 
 1.14361650e-02  5.00048515e+00 
 1.14461650e-02  5.00048568e+00 
 1.14561650e-02  5.00048622e+00 
 1.14661650e-02  5.00048674e+00 
 1.14761650e-02  5.00048727e+00 
 1.14861650e-02  5.00048778e+00 
 1.14961650e-02  5.00048829e+00 
 1.15061650e-02  5.00048880e+00 
 1.15161650e-02  5.00048930e+00 
 1.15261650e-02  5.00048980e+00 
 1.15361650e-02  5.00049029e+00 
 1.15461650e-02  5.00049077e+00 
 1.15561650e-02  5.00049126e+00 
 1.15661650e-02  5.00049173e+00 
 1.15761650e-02  5.00049220e+00 
 1.15861650e-02  5.00049267e+00 
 1.15961650e-02  5.00049313e+00 
 1.16061650e-02  5.00049359e+00 
 1.16161650e-02  5.00049405e+00 
 1.16261650e-02  5.00049450e+00 
 1.16361650e-02  5.00049494e+00 
 1.16461650e-02  5.00049538e+00 
 1.16561650e-02  5.00049582e+00 
 1.16661650e-02  5.00049625e+00 
 1.16761650e-02  5.00049667e+00 
 1.16861650e-02  5.00049710e+00 
 1.16961650e-02  5.00049752e+00 
 1.17061650e-02  5.00049793e+00 
 1.17161650e-02  5.00049834e+00 
 1.17261650e-02  5.00049875e+00 
 1.17361650e-02  5.00049915e+00 
 1.17461650e-02  5.00049955e+00 
 1.17561650e-02  5.00049994e+00 
 1.17661650e-02  5.00050033e+00 
 1.17761650e-02  5.00050072e+00 
 1.17861650e-02  5.00050110e+00 
 1.17961650e-02  5.00050148e+00 
 1.18061650e-02  5.00050185e+00 
 1.18161650e-02  5.00050223e+00 
 1.18261650e-02  5.00050259e+00 
 1.18361650e-02  5.00050296e+00 
 1.18461650e-02  5.00050332e+00 
 1.18561650e-02  5.00050367e+00 
 1.18661650e-02  5.00050403e+00 
 1.18761650e-02  5.00050438e+00 
 1.18861650e-02  5.00050472e+00 
 1.18961650e-02  5.00050507e+00 
 1.19061650e-02  5.00050541e+00 
 1.19161650e-02  5.00050574e+00 
 1.19261650e-02  5.00050607e+00 
 1.19361650e-02  5.00050640e+00 
 1.19461650e-02  5.00050673e+00 
 1.19561650e-02  5.00050705e+00 
 1.19661650e-02  5.00050737e+00 
 1.19761650e-02  5.00050769e+00 
 1.19861650e-02  5.00050800e+00 
 1.19961650e-02  5.00050831e+00 
 1.20061650e-02  5.00050862e+00 
 1.20161650e-02  5.00050892e+00 
 1.20261650e-02  5.00050922e+00 
 1.20361650e-02  5.00050952e+00 
 1.20461650e-02  5.00050982e+00 
 1.20561650e-02  5.00051011e+00 
 1.20661650e-02  5.00051040e+00 
 1.20761650e-02  5.00051068e+00 
 1.20861650e-02  5.00051097e+00 
 1.20961650e-02  5.00051125e+00 
 1.21061650e-02  5.00051153e+00 
 1.21161650e-02  5.00051180e+00 
 1.21261650e-02  5.00051207e+00 
 1.21361650e-02  5.00051234e+00 
 1.21461650e-02  5.00051261e+00 
 1.21561650e-02  5.00051287e+00 
 1.21661650e-02  5.00051314e+00 
 1.21761650e-02  5.00051339e+00 
 1.21861650e-02  5.00051365e+00 
 1.21961650e-02  5.00051391e+00 
 1.22061650e-02  5.00051416e+00 
 1.22161650e-02  5.00051441e+00 
 1.22261650e-02  5.00051465e+00 
 1.22361650e-02  5.00051490e+00 
 1.22461650e-02  5.00051514e+00 
 1.22561650e-02  5.00051538e+00 
 1.22661650e-02  5.00051561e+00 
 1.22761650e-02  5.00051585e+00 
 1.22861650e-02  5.00051608e+00 
 1.22961650e-02  5.00051631e+00 
 1.23061650e-02  5.00051654e+00 
 1.23161650e-02  5.00051676e+00 
 1.23261650e-02  5.00051698e+00 
 1.23361650e-02  5.00051721e+00 
 1.23461650e-02  5.00051742e+00 
 1.23561650e-02  5.00051764e+00 
 1.23661650e-02  5.00051785e+00 
 1.23761650e-02  5.00051807e+00 
 1.23861650e-02  5.00051828e+00 
 1.23961650e-02  5.00051848e+00 
 1.24061650e-02  5.00051869e+00 
 1.24161650e-02  5.00051889e+00 
 1.24261650e-02  5.00051910e+00 
 1.24361650e-02  5.00051930e+00 
 1.24461650e-02  5.00051949e+00 
 1.24561650e-02  5.00051969e+00 
 1.24661650e-02  5.00051988e+00 
 1.24761650e-02  5.00052007e+00 
 1.24861650e-02  5.00052026e+00 
 1.24961650e-02  5.00052045e+00 
 1.25061650e-02  5.00052064e+00 
 1.25161650e-02  5.00052082e+00 
 1.25261650e-02  5.00052101e+00 
 1.25361650e-02  5.00052119e+00 
 1.25461650e-02  5.00052137e+00 
 1.25561650e-02  5.00052154e+00 
 1.25661650e-02  5.00052172e+00 
 1.25761650e-02  5.00052189e+00 
 1.25861650e-02  5.00052206e+00 
 1.25961650e-02  5.00052223e+00 
 1.26061650e-02  5.00052240e+00 
 1.26161650e-02  5.00052257e+00 
 1.26261650e-02  5.00052273e+00 
 1.26361650e-02  5.00052290e+00 
 1.26461650e-02  5.00052306e+00 
 1.26561650e-02  5.00052322e+00 
 1.26661650e-02  5.00052338e+00 
 1.26761650e-02  5.00052354e+00 
 1.26861650e-02  5.00052369e+00 
 1.26961650e-02  5.00052385e+00 
 1.27061650e-02  5.00052400e+00 
 1.27161650e-02  5.00052415e+00 
 1.27261650e-02  5.00052430e+00 
 1.27361650e-02  5.00052445e+00 
 1.27461650e-02  5.00052459e+00 
 1.27561650e-02  5.00052474e+00 
 1.27661650e-02  5.00052488e+00 
 1.27761650e-02  5.00052502e+00 
 1.27861650e-02  5.00052516e+00 
 1.27961650e-02  5.00052530e+00 
 1.28061650e-02  5.00052544e+00 
 1.28161650e-02  5.00052558e+00 
 1.28261650e-02  5.00052571e+00 
 1.28361650e-02  5.00052585e+00 
 1.28461650e-02  5.00052598e+00 
 1.28561650e-02  5.00052611e+00 
 1.28661650e-02  5.00052624e+00 
 1.28761650e-02  5.00052637e+00 
 1.28861650e-02  5.00052650e+00 
 1.28961650e-02  5.00052662e+00 
 1.29061650e-02  5.00052675e+00 
 1.29161650e-02  5.00052687e+00 
 1.29261650e-02  5.00052699e+00 
 1.29361650e-02  5.00052712e+00 
 1.29461650e-02  5.00052724e+00 
 1.29561650e-02  5.00052735e+00 
 1.29661650e-02  5.00052747e+00 
 1.29761650e-02  5.00052759e+00 
 1.29861650e-02  5.00052770e+00 
 1.29961650e-02  5.00052782e+00 
 1.30061650e-02  5.00052793e+00 
 1.30161650e-02  5.00052804e+00 
 1.30261650e-02  5.00052815e+00 
 1.30361650e-02  5.00052826e+00 
 1.30461650e-02  5.00052837e+00 
 1.30561650e-02  5.00052848e+00 
 1.30661650e-02  5.00052858e+00 
 1.30761650e-02  5.00052869e+00 
 1.30861650e-02  5.00052879e+00 
 1.30961650e-02  5.00052890e+00 
 1.31061650e-02  5.00052900e+00 
 1.31161650e-02  5.00052910e+00 
 1.31261650e-02  5.00052920e+00 
 1.31361650e-02  5.00052930e+00 
 1.31461650e-02  5.00052940e+00 
 1.31561650e-02  5.00052950e+00 
 1.31661650e-02  5.00052959e+00 
 1.31761650e-02  5.00052969e+00 
 1.31861650e-02  5.00052978e+00 
 1.31961650e-02  5.00052987e+00 
 1.32061650e-02  5.00052997e+00 
 1.32161650e-02  5.00053006e+00 
 1.32261650e-02  5.00053015e+00 
 1.32361650e-02  5.00053024e+00 
 1.32461650e-02  5.00053033e+00 
 1.32561650e-02  5.00053042e+00 
 1.32661650e-02  5.00053050e+00 
 1.32761650e-02  5.00053059e+00 
 1.32861650e-02  5.00053067e+00 
 1.32961650e-02  5.00053076e+00 
 1.33061650e-02  5.00053084e+00 
 1.33161650e-02  5.00053093e+00 
 1.33261650e-02  5.00053101e+00 
 1.33361650e-02  5.00053109e+00 
 1.33461650e-02  5.00053117e+00 
 1.33561650e-02  5.00053125e+00 
 1.33661650e-02  5.00053133e+00 
 1.33761650e-02  5.00053141e+00 
 1.33861650e-02  5.00053148e+00 
 1.33961650e-02  5.00053156e+00 
 1.34061650e-02  5.00053164e+00 
 1.34161650e-02  5.00053171e+00 
 1.34261650e-02  5.00053178e+00 
 1.34361650e-02  5.00053186e+00 
 1.34461650e-02  5.00053193e+00 
 1.34561650e-02  5.00053200e+00 
 1.34661650e-02  5.00053207e+00 
 1.34761650e-02  5.00053214e+00 
 1.34861650e-02  5.00053221e+00 
 1.34961650e-02  5.00053228e+00 
 1.35061650e-02  5.00053235e+00 
 1.35161650e-02  5.00053242e+00 
 1.35261650e-02  5.00053249e+00 
 1.35361650e-02  5.00053255e+00 
 1.35461650e-02  5.00053262e+00 
 1.35561650e-02  5.00053268e+00 
 1.35661650e-02  5.00053275e+00 
 1.35761650e-02  5.00053281e+00 
 1.35861650e-02  5.00053288e+00 
 1.35961650e-02  5.00053294e+00 
 1.36061650e-02  5.00053300e+00 
 1.36161650e-02  5.00053306e+00 
 1.36261650e-02  5.00053312e+00 
 1.36361650e-02  5.00053318e+00 
 1.36461650e-02  5.00053324e+00 
 1.36561650e-02  5.00053330e+00 
 1.36661650e-02  5.00053336e+00 
 1.36761650e-02  5.00053342e+00 
 1.36861650e-02  5.00053348e+00 
 1.36961650e-02  5.00053353e+00 
 1.37061650e-02  5.00053359e+00 
 1.37161650e-02  5.00053364e+00 
 1.37261650e-02  5.00053370e+00 
 1.37361650e-02  5.00053375e+00 
 1.37461650e-02  5.00053381e+00 
 1.37561650e-02  5.00053386e+00 
 1.37661650e-02  5.00053391e+00 
 1.37761650e-02  5.00053397e+00 
 1.37861650e-02  5.00053402e+00 
 1.37961650e-02  5.00053407e+00 
 1.38061650e-02  5.00053412e+00 
 1.38161650e-02  5.00053417e+00 
 1.38261650e-02  5.00053422e+00 
 1.38361650e-02  5.00053427e+00 
 1.38461650e-02  5.00053432e+00 
 1.38561650e-02  5.00053437e+00 
 1.38661650e-02  5.00053441e+00 
 1.38761650e-02  5.00053446e+00 
 1.38861650e-02  5.00053451e+00 
 1.38961650e-02  5.00053455e+00 
 1.39061650e-02  5.00053460e+00 
 1.39161650e-02  5.00053465e+00 
 1.39261650e-02  5.00053469e+00 
 1.39361650e-02  5.00053473e+00 
 1.39461650e-02  5.00053478e+00 
 1.39561650e-02  5.00053482e+00 
 1.39661650e-02  5.00053487e+00 
 1.39761650e-02  5.00053491e+00 
 1.39861650e-02  5.00053495e+00 
 1.39961650e-02  5.00053499e+00 
 1.40061650e-02  5.00053503e+00 
 1.40161650e-02  5.00053508e+00 
 1.40261650e-02  5.00053512e+00 
 1.40361650e-02  5.00053516e+00 
 1.40461650e-02  5.00053520e+00 
 1.40561650e-02  5.00053524e+00 
 1.40661650e-02  5.00053528e+00 
 1.40761650e-02  5.00053531e+00 
 1.40861650e-02  5.00053535e+00 
 1.40961650e-02  5.00053539e+00 
 1.41061650e-02  5.00053543e+00 
 1.41161650e-02  5.00053547e+00 
 1.41261650e-02  5.00053550e+00 
 1.41361650e-02  5.00053554e+00 
 1.41461650e-02  5.00053557e+00 
 1.41561650e-02  5.00053561e+00 
 1.41661650e-02  5.00053565e+00 
 1.41761650e-02  5.00053568e+00 
 1.41861650e-02  5.00053572e+00 
 1.41961650e-02  5.00053575e+00 
 1.42061650e-02  5.00053578e+00 
 1.42161650e-02  5.00053582e+00 
 1.42261650e-02  5.00053585e+00 
 1.42361650e-02  5.00053588e+00 
 1.42461650e-02  5.00053592e+00 
 1.42561650e-02  5.00053595e+00 
 1.42661650e-02  5.00053598e+00 
 1.42761650e-02  5.00053601e+00 
 1.42861650e-02  5.00053604e+00 
 1.42961650e-02  5.00053608e+00 
 1.43061650e-02  5.00053611e+00 
 1.43161650e-02  5.00053614e+00 
 1.43261650e-02  5.00053617e+00 
 1.43361650e-02  5.00053620e+00 
 1.43461650e-02  5.00053623e+00 
 1.43561650e-02  5.00053626e+00 
 1.43661650e-02  5.00053628e+00 
 1.43761650e-02  5.00053631e+00 
 1.43861650e-02  5.00053634e+00 
 1.43961650e-02  5.00053637e+00 
 1.44061650e-02  5.00053640e+00 
 1.44161650e-02  5.00053643e+00 
 1.44261650e-02  5.00053645e+00 
 1.44361650e-02  5.00053648e+00 
 1.44461650e-02  5.00053651e+00 
 1.44561650e-02  5.00053653e+00 
 1.44661650e-02  5.00053656e+00 
 1.44761650e-02  5.00053658e+00 
 1.44861650e-02  5.00053661e+00 
 1.44961650e-02  5.00053664e+00 
 1.45061650e-02  5.00053666e+00 
 1.45161650e-02  5.00053669e+00 
 1.45261650e-02  5.00053671e+00 
 1.45361650e-02  5.00053674e+00 
 1.45461650e-02  5.00053676e+00 
 1.45561650e-02  5.00053678e+00 
 1.45661650e-02  5.00053681e+00 
 1.45761650e-02  5.00053683e+00 
 1.45861650e-02  5.00053685e+00 
 1.45961650e-02  5.00053688e+00 
 1.46061650e-02  5.00053690e+00 
 1.46161650e-02  5.00053692e+00 
 1.46261650e-02  5.00053694e+00 
 1.46361650e-02  5.00053697e+00 
 1.46461650e-02  5.00053699e+00 
 1.46561650e-02  5.00053701e+00 
 1.46661650e-02  5.00053703e+00 
 1.46761650e-02  5.00053705e+00 
 1.46861650e-02  5.00053707e+00 
 1.46961650e-02  5.00053710e+00 
 1.47061650e-02  5.00053712e+00 
 1.47161650e-02  5.00053714e+00 
 1.47261650e-02  5.00053716e+00 
 1.47361650e-02  5.00053718e+00 
 1.47461650e-02  5.00053720e+00 
 1.47561650e-02  5.00053722e+00 
 1.47661650e-02  5.00053724e+00 
 1.47761650e-02  5.00053725e+00 
 1.47861650e-02  5.00053727e+00 
 1.47961650e-02  5.00053729e+00 
 1.48061650e-02  5.00053731e+00 
 1.48161650e-02  5.00053733e+00 
 1.48261650e-02  5.00053735e+00 
 1.48361650e-02  5.00053737e+00 
 1.48461650e-02  5.00053738e+00 
 1.48561650e-02  5.00053740e+00 
 1.48661650e-02  5.00053742e+00 
 1.48761650e-02  5.00053744e+00 
 1.48861650e-02  5.00053745e+00 
 1.48961650e-02  5.00053747e+00 
 1.49061650e-02  5.00053749e+00 
 1.49161650e-02  5.00053750e+00 
 1.49261650e-02  5.00053752e+00 
 1.49361650e-02  5.00053754e+00 
 1.49461650e-02  5.00053755e+00 
 1.49561650e-02  5.00053757e+00 
 1.49661650e-02  5.00053759e+00 
 1.49761650e-02  5.00053760e+00 
 1.49861650e-02  5.00053762e+00 
 1.49961650e-02  5.00053763e+00 
 1.50061650e-02  5.00053765e+00 
 1.50161650e-02  5.00053766e+00 
 1.50261650e-02  5.00053768e+00 
 1.50361650e-02  5.00053769e+00 
 1.50461650e-02  5.00053771e+00 
 1.50561650e-02  5.00053772e+00 
 1.50661650e-02  5.00053774e+00 
 1.50761650e-02  5.00053775e+00 
 1.50861650e-02  5.00053776e+00 
 1.50961650e-02  5.00053778e+00 
 1.51061650e-02  5.00053779e+00 
 1.51161650e-02  5.00053781e+00 
 1.51261650e-02  5.00053782e+00 
 1.51361650e-02  5.00053783e+00 
 1.51461650e-02  5.00053785e+00 
 1.51561650e-02  5.00053786e+00 
 1.51661650e-02  5.00053787e+00 
 1.51761650e-02  5.00053789e+00 
 1.51861650e-02  5.00053790e+00 
 1.51961650e-02  5.00053791e+00 
 1.52061650e-02  5.00053792e+00 
 1.52161650e-02  5.00053794e+00 
 1.52261650e-02  5.00053795e+00 
 1.52361650e-02  5.00053796e+00 
 1.52461650e-02  5.00053797e+00 
 1.52561650e-02  5.00053798e+00 
 1.52661650e-02  5.00053800e+00 
 1.52761650e-02  5.00053801e+00 
 1.52861650e-02  5.00053802e+00 
 1.52961650e-02  5.00053803e+00 
 1.53061650e-02  5.00053804e+00 
 1.53161650e-02  5.00053805e+00 
 1.53261650e-02  5.00053806e+00 
 1.53361650e-02  5.00053808e+00 
 1.53461650e-02  5.00053809e+00 
 1.53561650e-02  5.00053810e+00 
 1.53661650e-02  5.00053811e+00 
 1.53761650e-02  5.00053812e+00 
 1.53861650e-02  5.00053813e+00 
 1.53961650e-02  5.00053814e+00 
 1.54061650e-02  5.00053815e+00 
 1.54161650e-02  5.00053816e+00 
 1.54261650e-02  5.00053817e+00 
 1.54361650e-02  5.00053818e+00 
 1.54461650e-02  5.00053819e+00 
 1.54561650e-02  5.00053820e+00 
 1.54661650e-02  5.00053821e+00 
 1.54761650e-02  5.00053822e+00 
 1.54861650e-02  5.00053823e+00 
 1.54961650e-02  5.00053824e+00 
 1.55061650e-02  5.00053825e+00 
 1.55161650e-02  5.00053826e+00 
 1.55261650e-02  5.00053826e+00 
 1.55361650e-02  5.00053827e+00 
 1.55461650e-02  5.00053828e+00 
 1.55561650e-02  5.00053829e+00 
 1.55661650e-02  5.00053830e+00 
 1.55761650e-02  5.00053831e+00 
 1.55861650e-02  5.00053832e+00 
 1.55961650e-02  5.00053833e+00 
 1.56061650e-02  5.00053833e+00 
 1.56161650e-02  5.00053834e+00 
 1.56261650e-02  5.00053835e+00 
 1.56361650e-02  5.00053836e+00 
 1.56461650e-02  5.00053837e+00 
 1.56561650e-02  5.00053837e+00 
 1.56661650e-02  5.00053838e+00 
 1.56761650e-02  5.00053839e+00 
 1.56861650e-02  5.00053840e+00 
 1.56961650e-02  5.00053841e+00 
 1.57061650e-02  5.00053841e+00 
 1.57161650e-02  5.00053842e+00 
 1.57261650e-02  5.00053843e+00 
 1.57361650e-02  5.00053844e+00 
 1.57461650e-02  5.00053844e+00 
 1.57561650e-02  5.00053845e+00 
 1.57661650e-02  5.00053846e+00 
 1.57761650e-02  5.00053846e+00 
 1.57861650e-02  5.00053847e+00 
 1.57961650e-02  5.00053848e+00 
 1.58061650e-02  5.00053849e+00 
 1.58161650e-02  5.00053849e+00 
 1.58261650e-02  5.00053850e+00 
 1.58361650e-02  5.00053851e+00 
 1.58461650e-02  5.00053851e+00 
 1.58561650e-02  5.00053852e+00 
 1.58661650e-02  5.00053853e+00 
 1.58761650e-02  5.00053853e+00 
 1.58861650e-02  5.00053854e+00 
 1.58961650e-02  5.00053854e+00 
 1.59061650e-02  5.00053855e+00 
 1.59161650e-02  5.00053856e+00 
 1.59261650e-02  5.00053856e+00 
 1.59361650e-02  5.00053857e+00 
 1.59461650e-02  5.00053857e+00 
 1.59561650e-02  5.00053858e+00 
 1.59661650e-02  5.00053859e+00 
 1.59761650e-02  5.00053859e+00 
 1.59861650e-02  5.00053860e+00 
 1.59961650e-02  5.00053860e+00 
 1.60061650e-02  5.00053861e+00 
 1.60161650e-02  5.00053861e+00 
 1.60261650e-02  5.00053862e+00 
 1.60361650e-02  5.00053863e+00 
 1.60461650e-02  5.00053863e+00 
 1.60561650e-02  5.00053864e+00 
 1.60661650e-02  5.00053864e+00 
 1.60761650e-02  5.00053865e+00 
 1.60861650e-02  5.00053865e+00 
 1.60961650e-02  5.00053866e+00 
 1.61061650e-02  5.00053866e+00 
 1.61161650e-02  5.00053867e+00 
 1.61261650e-02  5.00053867e+00 
 1.61361650e-02  5.00053868e+00 
 1.61461650e-02  5.00053868e+00 
 1.61561650e-02  5.00053869e+00 
 1.61661650e-02  5.00053869e+00 
 1.61761650e-02  5.00053870e+00 
 1.61861650e-02  5.00053870e+00 
 1.61961650e-02  5.00053871e+00 
 1.62061650e-02  5.00053871e+00 
 1.62161650e-02  5.00053872e+00 
 1.62261650e-02  5.00053872e+00 
 1.62361650e-02  5.00053872e+00 
 1.62461650e-02  5.00053873e+00 
 1.62561650e-02  5.00053873e+00 
 1.62661650e-02  5.00053874e+00 
 1.62761650e-02  5.00053874e+00 
 1.62861650e-02  5.00053875e+00 
 1.62961650e-02  5.00053875e+00 
 1.63061650e-02  5.00053875e+00 
 1.63161650e-02  5.00053876e+00 
 1.63261650e-02  5.00053876e+00 
 1.63361650e-02  5.00053877e+00 
 1.63461650e-02  5.00053877e+00 
 1.63561650e-02  5.00053877e+00 
 1.63661650e-02  5.00053878e+00 
 1.63761650e-02  5.00053878e+00 
 1.63861650e-02  5.00053879e+00 
 1.63961650e-02  5.00053879e+00 
 1.64061650e-02  5.00053879e+00 
 1.64161650e-02  5.00053880e+00 
 1.64261650e-02  5.00053880e+00 
 1.64361650e-02  5.00053880e+00 
 1.64461650e-02  5.00053881e+00 
 1.64561650e-02  5.00053881e+00 
 1.64661650e-02  5.00053882e+00 
 1.64761650e-02  5.00053882e+00 
 1.64861650e-02  5.00053882e+00 
 1.64961650e-02  5.00053883e+00 
 1.65061650e-02  5.00053883e+00 
 1.65161650e-02  5.00053883e+00 
 1.65261650e-02  5.00053884e+00 
 1.65361650e-02  5.00053884e+00 
 1.65461650e-02  5.00053884e+00 
 1.65561650e-02  5.00053885e+00 
 1.65661650e-02  5.00053885e+00 
 1.65761650e-02  5.00053885e+00 
 1.65861650e-02  5.00053886e+00 
 1.65961650e-02  5.00053886e+00 
 1.66061650e-02  5.00053886e+00 
 1.66161650e-02  5.00053886e+00 
 1.66261650e-02  5.00053887e+00 
 1.66361650e-02  5.00053887e+00 
 1.66461650e-02  5.00053887e+00 
 1.66561650e-02  5.00053888e+00 
 1.66661650e-02  5.00053888e+00 
 1.66761650e-02  5.00053888e+00 
 1.66861650e-02  5.00053889e+00 
 1.66961650e-02  5.00053889e+00 
 1.67061650e-02  5.00053889e+00 
 1.67161650e-02  5.00053889e+00 
 1.67261650e-02  5.00053890e+00 
 1.67361650e-02  5.00053890e+00 
 1.67461650e-02  5.00053890e+00 
 1.67561650e-02  5.00053890e+00 
 1.67661650e-02  5.00053891e+00 
 1.67761650e-02  5.00053891e+00 
 1.67861650e-02  5.00053891e+00 
 1.67961650e-02  5.00053891e+00 
 1.68061650e-02  5.00053892e+00 
 1.68161650e-02  5.00053892e+00 
 1.68261650e-02  5.00053892e+00 
 1.68361650e-02  5.00053892e+00 
 1.68461650e-02  5.00053893e+00 
 1.68561650e-02  5.00053893e+00 
 1.68661650e-02  5.00053893e+00 
 1.68761650e-02  5.00053893e+00 
 1.68861650e-02  5.00053894e+00 
 1.68961650e-02  5.00053894e+00 
 1.69061650e-02  5.00053894e+00 
 1.69161650e-02  5.00053894e+00 
 1.69261650e-02  5.00053895e+00 
 1.69361650e-02  5.00053895e+00 
 1.69461650e-02  5.00053895e+00 
 1.69561650e-02  5.00053895e+00 
 1.69661650e-02  5.00053895e+00 
 1.69761650e-02  5.00053896e+00 
 1.69861650e-02  5.00053896e+00 
 1.69961650e-02  5.00053896e+00 
 1.70061650e-02  5.00053896e+00 
 1.70161650e-02  5.00053897e+00 
 1.70261650e-02  5.00053897e+00 
 1.70361650e-02  5.00053897e+00 
 1.70461650e-02  5.00053897e+00 
 1.70561650e-02  5.00053897e+00 
 1.70661650e-02  5.00053897e+00 
 1.70761650e-02  5.00053898e+00 
 1.70861650e-02  5.00053898e+00 
 1.70961650e-02  5.00053898e+00 
 1.71061650e-02  5.00053898e+00 
 1.71161650e-02  5.00053898e+00 
 1.71261650e-02  5.00053899e+00 
 1.71361650e-02  5.00053899e+00 
 1.71461650e-02  5.00053899e+00 
 1.71561650e-02  5.00053899e+00 
 1.71661650e-02  5.00053899e+00 
 1.71761650e-02  5.00053900e+00 
 1.71861650e-02  5.00053900e+00 
 1.71961650e-02  5.00053900e+00 
 1.72061650e-02  5.00053900e+00 
 1.72161650e-02  5.00053900e+00 
 1.72261650e-02  5.00053900e+00 
 1.72361650e-02  5.00053901e+00 
 1.72461650e-02  5.00053901e+00 
 1.72561650e-02  5.00053901e+00 
 1.72661650e-02  5.00053901e+00 
 1.72761650e-02  5.00053901e+00 
 1.72861650e-02  5.00053901e+00 
 1.72961650e-02  5.00053901e+00 
 1.73061650e-02  5.00053902e+00 
 1.73161650e-02  5.00053902e+00 
 1.73261650e-02  5.00053902e+00 
 1.73361650e-02  5.00053902e+00 
 1.73461650e-02  5.00053902e+00 
 1.73561650e-02  5.00053902e+00 
 1.73661650e-02  5.00053903e+00 
 1.73761650e-02  5.00053903e+00 
 1.73861650e-02  5.00053903e+00 
 1.73961650e-02  5.00053903e+00 
 1.74061650e-02  5.00053903e+00 
 1.74161650e-02  5.00053903e+00 
 1.74261650e-02  5.00053903e+00 
 1.74361650e-02  5.00053903e+00 
 1.74461650e-02  5.00053904e+00 
 1.74561650e-02  5.00053904e+00 
 1.74661650e-02  5.00053904e+00 
 1.74761650e-02  5.00053904e+00 
 1.74861650e-02  5.00053904e+00 
 1.74961650e-02  5.00053904e+00 
 1.75061650e-02  5.00053904e+00 
 1.75161650e-02  5.00053905e+00 
 1.75261650e-02  5.00053905e+00 
 1.75361650e-02  5.00053905e+00 
 1.75461650e-02  5.00053905e+00 
 1.75561650e-02  5.00053905e+00 
 1.75661650e-02  5.00053905e+00 
 1.75761650e-02  5.00053905e+00 
 1.75861650e-02  5.00053905e+00 
 1.75961650e-02  5.00053905e+00 
 1.76061650e-02  5.00053906e+00 
 1.76161650e-02  5.00053906e+00 
 1.76261650e-02  5.00053906e+00 
 1.76361650e-02  5.00053906e+00 
 1.76461650e-02  5.00053906e+00 
 1.76561650e-02  5.00053906e+00 
 1.76661650e-02  5.00053906e+00 
 1.76761650e-02  5.00053906e+00 
 1.76861650e-02  5.00053906e+00 
 1.76961650e-02  5.00053907e+00 
 1.77061650e-02  5.00053907e+00 
 1.77161650e-02  5.00053907e+00 
 1.77261650e-02  5.00053907e+00 
 1.77361650e-02  5.00053907e+00 
 1.77461650e-02  5.00053907e+00 
 1.77561650e-02  5.00053907e+00 
 1.77661650e-02  5.00053907e+00 
 1.77761650e-02  5.00053907e+00 
 1.77861650e-02  5.00053907e+00 
 1.77961650e-02  5.00053908e+00 
 1.78061650e-02  5.00053908e+00 
 1.78161650e-02  5.00053908e+00 
 1.78261650e-02  5.00053908e+00 
 1.78361650e-02  5.00053908e+00 
 1.78461650e-02  5.00053908e+00 
 1.78561650e-02  5.00053908e+00 
 1.78661650e-02  5.00053908e+00 
 1.78761650e-02  5.00053908e+00 
 1.78861650e-02  5.00053908e+00 
 1.78961650e-02  5.00053908e+00 
 1.79061650e-02  5.00053909e+00 
 1.79161650e-02  5.00053909e+00 
 1.79261650e-02  5.00053909e+00 
 1.79361650e-02  5.00053909e+00 
 1.79461650e-02  5.00053909e+00 
 1.79561650e-02  5.00053909e+00 
 1.79661650e-02  5.00053909e+00 
 1.79761650e-02  5.00053909e+00 
 1.79861650e-02  5.00053909e+00 
 1.79961650e-02  5.00053909e+00 
 1.80061650e-02  5.00053909e+00 
 1.80161650e-02  5.00053909e+00 
 1.80261650e-02  5.00053909e+00 
 1.80361650e-02  5.00053910e+00 
 1.80461650e-02  5.00053910e+00 
 1.80561650e-02  5.00053910e+00 
 1.80661650e-02  5.00053910e+00 
 1.80761650e-02  5.00053910e+00 
 1.80861650e-02  5.00053910e+00 
 1.80961650e-02  5.00053910e+00 
 1.81061650e-02  5.00053910e+00 
 1.81161650e-02  5.00053910e+00 
 1.81261650e-02  5.00053910e+00 
 1.81361650e-02  5.00053910e+00 
 1.81461650e-02  5.00053910e+00 
 1.81561650e-02  5.00053910e+00 
 1.81661650e-02  5.00053910e+00 
 1.81761650e-02  5.00053910e+00 
 1.81861650e-02  5.00053911e+00 
 1.81961650e-02  5.00053911e+00 
 1.82061650e-02  5.00053911e+00 
 1.82161650e-02  5.00053911e+00 
 1.82261650e-02  5.00053911e+00 
 1.82361650e-02  5.00053911e+00 
 1.82461650e-02  5.00053911e+00 
 1.82561650e-02  5.00053911e+00 
 1.82661650e-02  5.00053911e+00 
 1.82761650e-02  5.00053911e+00 
 1.82861650e-02  5.00053911e+00 
 1.82961650e-02  5.00053911e+00 
 1.83061650e-02  5.00053911e+00 
 1.83161650e-02  5.00053911e+00 
 1.83261650e-02  5.00053911e+00 
 1.83361650e-02  5.00053911e+00 
 1.83461650e-02  5.00053911e+00 
 1.83561650e-02  5.00053912e+00 
 1.83661650e-02  5.00053912e+00 
 1.83761650e-02  5.00053912e+00 
 1.83861650e-02  5.00053912e+00 
 1.83961650e-02  5.00053912e+00 
 1.84061650e-02  5.00053912e+00 
 1.84161650e-02  5.00053912e+00 
 1.84261650e-02  5.00053912e+00 
 1.84361650e-02  5.00053912e+00 
 1.84461650e-02  5.00053912e+00 
 1.84561650e-02  5.00053912e+00 
 1.84661650e-02  5.00053912e+00 
 1.84761650e-02  5.00053912e+00 
 1.84861650e-02  5.00053912e+00 
 1.84961650e-02  5.00053912e+00 
 1.85061650e-02  5.00053912e+00 
 1.85161650e-02  5.00053912e+00 
 1.85261650e-02  5.00053912e+00 
 1.85361650e-02  5.00053912e+00 
 1.85461650e-02  5.00053912e+00 
 1.85561650e-02  5.00053913e+00 
 1.85661650e-02  5.00053913e+00 
 1.85761650e-02  5.00053913e+00 
 1.85861650e-02  5.00053913e+00 
 1.85961650e-02  5.00053913e+00 
 1.86061650e-02  5.00053913e+00 
 1.86161650e-02  5.00053913e+00 
 1.86261650e-02  5.00053913e+00 
 1.86361650e-02  5.00053913e+00 
 1.86461650e-02  5.00053913e+00 
 1.86561650e-02  5.00053913e+00 
 1.86661650e-02  5.00053913e+00 
 1.86761650e-02  5.00053913e+00 
 1.86861650e-02  5.00053913e+00 
 1.86961650e-02  5.00053913e+00 
 1.87061650e-02  5.00053913e+00 
 1.87161650e-02  5.00053913e+00 
 1.87261650e-02  5.00053913e+00 
 1.87361650e-02  5.00053913e+00 
 1.87461650e-02  5.00053913e+00 
 1.87561650e-02  5.00053913e+00 
 1.87661650e-02  5.00053913e+00 
 1.87761650e-02  5.00053913e+00 
 1.87861650e-02  5.00053913e+00 
 1.87961650e-02  5.00053913e+00 
 1.88061650e-02  5.00053913e+00 
 1.88161650e-02  5.00053914e+00 
 1.88261650e-02  5.00053914e+00 
 1.88361650e-02  5.00053914e+00 
 1.88461650e-02  5.00053914e+00 
 1.88561650e-02  5.00053914e+00 
 1.88661650e-02  5.00053914e+00 
 1.88761650e-02  5.00053914e+00 
 1.88861650e-02  5.00053914e+00 
 1.88961650e-02  5.00053914e+00 
 1.89061650e-02  5.00053914e+00 
 1.89161650e-02  5.00053914e+00 
 1.89261650e-02  5.00053914e+00 
 1.89361650e-02  5.00053914e+00 
 1.89461650e-02  5.00053914e+00 
 1.89561650e-02  5.00053914e+00 
 1.89661650e-02  5.00053914e+00 
 1.89761650e-02  5.00053914e+00 
 1.89861650e-02  5.00053914e+00 
 1.89961650e-02  5.00053914e+00 
 1.90061650e-02  5.00053914e+00 
 1.90161650e-02  5.00053914e+00 
 1.90261650e-02  5.00053914e+00 
 1.90361650e-02  5.00053914e+00 
 1.90461650e-02  5.00053914e+00 
 1.90561650e-02  5.00053914e+00 
 1.90661650e-02  5.00053914e+00 
 1.90761650e-02  5.00053914e+00 
 1.90861650e-02  5.00053914e+00 
 1.90961650e-02  5.00053914e+00 
 1.91061650e-02  5.00053914e+00 
 1.91161650e-02  5.00053914e+00 
 1.91261650e-02  5.00053914e+00 
 1.91361650e-02  5.00053914e+00 
 1.91461650e-02  5.00053914e+00 
 1.91561650e-02  5.00053914e+00 
 1.91661650e-02  5.00053915e+00 
 1.91761650e-02  5.00053915e+00 
 1.91861650e-02  5.00053915e+00 
 1.91961650e-02  5.00053915e+00 
 1.92061650e-02  5.00053915e+00 
 1.92161650e-02  5.00053915e+00 
 1.92261650e-02  5.00053915e+00 
 1.92361650e-02  5.00053915e+00 
 1.92461650e-02  5.00053915e+00 
 1.92561650e-02  5.00053915e+00 
 1.92661650e-02  5.00053915e+00 
 1.92761650e-02  5.00053915e+00 
 1.92861650e-02  5.00053915e+00 
 1.92961650e-02  5.00053915e+00 
 1.93061650e-02  5.00053915e+00 
 1.93161650e-02  5.00053915e+00 
 1.93261650e-02  5.00053915e+00 
 1.93361650e-02  5.00053915e+00 
 1.93461650e-02  5.00053915e+00 
 1.93561650e-02  5.00053915e+00 
 1.93661650e-02  5.00053915e+00 
 1.93761650e-02  5.00053915e+00 
 1.93861650e-02  5.00053915e+00 
 1.93961650e-02  5.00053915e+00 
 1.94061650e-02  5.00053915e+00 
 1.94161650e-02  5.00053915e+00 
 1.94261650e-02  5.00053915e+00 
 1.94361650e-02  5.00053915e+00 
 1.94461650e-02  5.00053915e+00 
 1.94561650e-02  5.00053915e+00 
 1.94661650e-02  5.00053915e+00 
 1.94761650e-02  5.00053915e+00 
 1.94861650e-02  5.00053915e+00 
 1.94961650e-02  5.00053915e+00 
 1.95061650e-02  5.00053915e+00 
 1.95161650e-02  5.00053915e+00 
 1.95261650e-02  5.00053915e+00 
 1.95361650e-02  5.00053915e+00 
 1.95461650e-02  5.00053915e+00 
 1.95561650e-02  5.00053915e+00 
 1.95661650e-02  5.00053915e+00 
 1.95761650e-02  5.00053915e+00 
 1.95861650e-02  5.00053915e+00 
 1.95961650e-02  5.00053915e+00 
 1.96061650e-02  5.00053915e+00 
 1.96161650e-02  5.00053915e+00 
 1.96261650e-02  5.00053915e+00 
 1.96361650e-02  5.00053915e+00 
 1.96461650e-02  5.00053915e+00 
 1.96561650e-02  5.00053915e+00 
 1.96661650e-02  5.00053915e+00 
 1.96761650e-02  5.00053915e+00 
 1.96861650e-02  5.00053915e+00 
 1.96961650e-02  5.00053915e+00 
 1.97061650e-02  5.00053915e+00 
 1.97161650e-02  5.00053916e+00 
 1.97261650e-02  5.00053916e+00 
 1.97361650e-02  5.00053916e+00 
 1.97461650e-02  5.00053916e+00 
 1.97561650e-02  5.00053916e+00 
 1.97661650e-02  5.00053916e+00 
 1.97761650e-02  5.00053916e+00 
 1.97861650e-02  5.00053916e+00 
 1.97961650e-02  5.00053916e+00 
 1.98061650e-02  5.00053916e+00 
 1.98161650e-02  5.00053916e+00 
 1.98261650e-02  5.00053916e+00 
 1.98361650e-02  5.00053916e+00 
 1.98461650e-02  5.00053916e+00 
 1.98561650e-02  5.00053916e+00 
 1.98661650e-02  5.00053916e+00 
 1.98761650e-02  5.00053916e+00 
 1.98861650e-02  5.00053916e+00 
 1.98961650e-02  5.00053916e+00 
 1.99061650e-02  5.00053916e+00 
 1.99161650e-02  5.00053916e+00 
 1.99261650e-02  5.00053916e+00 
 1.99361650e-02  5.00053916e+00 
 1.99461650e-02  5.00053916e+00 
 1.99561650e-02  5.00053916e+00 
 1.99661650e-02  5.00053916e+00 
 1.99761650e-02  5.00053916e+00 
 1.99861650e-02  5.00053916e+00 
 1.99961650e-02  5.00053916e+00 
 2.00000000e-02  5.00053916e+00 
