 5.00000000e-09  4.45455188e-09 
 5.14746026e-09  4.53736626e-09 
 5.44238078e-09  4.69356661e-09 
 6.03222181e-09  4.98142883e-09 
 6.82237740e-09  5.33084351e-09 
 8.21886325e-09  5.86613369e-09 
 1.10118349e-08  6.75862536e-09 
 1.34683278e-08  7.49485057e-09 
 1.61728292e-08  8.25608984e-09 
 1.89088408e-08  8.98299895e-09 
 2.21734221e-08  9.85935115e-09 
 2.47221134e-08  1.05091321e-08 
 2.74621451e-08  1.11821411e-08 
 3.19148778e-08  1.22684330e-08 
 3.65522021e-08  1.34112123e-08 
 4.58268505e-08  1.57460524e-08 
 5.80294619e-08  1.89147233e-08 
 8.19015589e-08  2.53934344e-08 
 1.29645753e-07  3.91426337e-08 
 2.18731730e-07  6.62178398e-08 
 3.06493466e-07  9.35039170e-08 
 4.32331981e-07  1.32269340e-07 
 5.00000000e-07  1.52771513e-07 
 5.13548087e-07  1.56840887e-07 
 5.40644260e-07  1.64947461e-07 
 5.86530243e-07  1.78571288e-07 
 6.34690380e-07  1.92739455e-07 
 6.81579860e-07  2.06415014e-07 
 7.08821902e-07  2.14308607e-07 
 7.25907066e-07  2.19240192e-07 
 7.36213507e-07  2.22208109e-07 
 7.41487765e-07  2.23724890e-07 
 7.47105351e-07  2.25338897e-07 
 7.52531511e-07  2.26896426e-07 
 7.58421408e-07  2.28585424e-07 
 7.70201201e-07  2.31958288e-07 
 7.87770022e-07  2.36976002e-07 
 8.19751683e-07  2.46071030e-07 
 8.60735188e-07  2.57653904e-07 
 9.19915564e-07  2.74246119e-07 
 1.00000000e-06  2.96413345e-07 
 1.00935912e-06  2.98979126e-07 
 1.02807737e-06  3.04095692e-07 
 1.06551387e-06  3.14255085e-07 
 1.10552332e-06  3.24990021e-07 
 1.14947513e-06  3.36621750e-07 
 1.20814955e-06  3.51870709e-07 
 1.27381543e-06  3.68503805e-07 
 1.40514720e-06  3.99680553e-07 
 1.55433966e-06  4.31176008e-07 
 1.79072049e-06  5.04021988e-07 
 1.93162750e-06  7.12434634e-07 
 2.03091441e-06  1.28922279e-06 
 2.10590513e-06  2.51958549e-06 
 2.17353863e-06  5.23369392e-06 
 2.24057036e-06  1.15282114e-05 
 2.31039131e-06  2.66626392e-05 
 2.38064189e-06  6.00191595e-05 
 2.45745573e-06  1.36063881e-04 
 2.54282171e-06  3.04636149e-04 
 2.59833007e-06  4.83071522e-04 
 2.62849455e-06  5.87555059e-04 
 2.64908119e-06  6.44462788e-04 
 2.66399404e-06  6.73005794e-04 
 2.67815648e-06  6.91833321e-04 
 2.69265606e-06  7.07171432e-04 
 2.70607841e-06  7.21542847e-04 
 2.72506958e-06  7.49677990e-04 
 2.73861830e-06  7.79405834e-04 
 2.74940981e-06  8.10204931e-04 
 2.76196824e-06  8.52404379e-04 
 2.77615342e-06  9.02198892e-04 
 2.78999479e-06  9.46067024e-04 
 2.80522462e-06  9.83178213e-04 
 2.81970549e-06  1.00652385e-03 
 2.84401897e-06  1.02734108e-03 
 2.87326395e-06  1.03769742e-03 
 2.90401769e-06  1.04171369e-03 
 2.96552518e-06  1.04496970e-03 
 3.03871384e-06  1.04635427e-03 
 3.14674686e-06  1.04713611e-03 
 3.30701141e-06  1.04757895e-03 
 3.44372287e-06  1.04770374e-03 
 3.60196964e-06  1.04775812e-03 
 3.84147040e-06  1.04779267e-03 
 4.11891971e-06  1.04781170e-03 
 4.46891784e-06  1.04782656e-03 
 5.16891409e-06  1.04784862e-03 
 5.87373831e-06  1.04786559e-03 
 6.80387686e-06  1.04788355e-03 
 8.03806186e-06  1.04789912e-03 
 8.85687287e-06  1.04788672e-03 
 9.41599255e-06  1.05128982e-03 
 9.74573734e-06  1.18635219e-03 
 1.00000000e-05  2.22647074e-03 
 1.00437471e-05  2.53664915e-03 
 1.01312412e-05  3.44855215e-03 
 1.02424702e-05  5.61896741e-03 
 1.03801487e-05  1.03826967e-02 
 1.04621022e-05  1.43957376e-02 
 1.05453977e-05  1.91256864e-02 
 1.05875512e-05  2.14512546e-02 
 1.06228133e-05  2.33373817e-02 
 1.06629310e-05  2.54751312e-02 
 1.07114228e-05  2.80682775e-02 
 1.07662094e-05  3.10008232e-02 
 1.08757826e-05  3.68535678e-02 
 1.10384568e-05  4.55087499e-02 
 1.13638054e-05  6.26913399e-02 
 1.20145025e-05  9.61741983e-02 
 1.24710209e-05  1.09542257e-01 
 1.29112448e-05  1.13789574e-01 
 1.33467552e-05  1.15178314e-01 
 1.37509175e-05  1.15590601e-01 
 1.40582635e-05  1.15680082e-01 
 1.43649074e-05  1.15704966e-01 
 1.47254581e-05  1.15709677e-01 
 1.50593707e-05  1.15705744e-01 
 1.54827776e-05  1.15697514e-01 
 1.61950727e-05  1.15681794e-01 
 1.75845811e-05  1.15649753e-01 
 2.03635979e-05  1.15584605e-01 
 2.45649989e-05  1.15485444e-01 
 2.89846371e-05  1.35882163e-01 
 3.25584966e-05  1.65082713e-01 
 3.63014828e-05  1.82044442e-01 
 4.06700937e-05  1.99721227e-01 
 4.62921520e-05  2.27602986e-01 
 5.43089718e-05  2.66106929e-01 
 6.43089718e-05  3.12891825e-01 
 7.43089718e-05  3.59512514e-01 
 8.43089718e-05  4.05666887e-01 
 9.43089718e-05  4.51339454e-01 
 1.04308972e-04  4.96563521e-01 
 1.14308972e-04  5.41339870e-01 
 1.24308972e-04  5.85670609e-01 
 1.34308972e-04  6.29561120e-01 
 1.44308972e-04  6.73015789e-01 
 1.54308972e-04  7.16038862e-01 
 1.64308972e-04  7.58634631e-01 
 1.74308972e-04  8.00807330e-01 
 1.84308972e-04  8.42561157e-01 
 1.94308972e-04  8.83900261e-01 
 2.04308972e-04  9.24828736e-01 
 2.14308972e-04  9.65350670e-01 
 2.24308972e-04  1.00547009e+00 
 2.34308972e-04  1.04519098e+00 
 2.44308972e-04  1.08451729e+00 
 2.54308972e-04  1.12345293e+00 
 2.64308972e-04  1.16200178e+00 
 2.74308972e-04  1.20016767e+00 
 2.84308972e-04  1.23795441e+00 
 2.94308972e-04  1.27536573e+00 
 3.04308972e-04  1.31240512e+00 
 3.14308972e-04  1.34907677e+00 
 3.24308972e-04  1.38538409e+00 
 3.34308972e-04  1.42133067e+00 
 3.44308972e-04  1.45692010e+00 
 3.54308972e-04  1.49215592e+00 
 3.64308972e-04  1.52704164e+00 
 3.74308972e-04  1.56158072e+00 
 3.84308972e-04  1.59577661e+00 
 3.94308972e-04  1.62963271e+00 
 4.04308972e-04  1.66315240e+00 
 4.14308972e-04  1.69633900e+00 
 4.24308972e-04  1.72919583e+00 
 4.34308972e-04  1.76172616e+00 
 4.44308972e-04  1.79393322e+00 
 4.54308972e-04  1.82582023e+00 
 4.64308972e-04  1.85739035e+00 
 4.74308972e-04  1.88864675e+00 
 4.84308972e-04  1.91959251e+00 
 4.94308972e-04  1.95023074e+00 
 5.04308972e-04  1.98056449e+00 
 5.14308972e-04  2.01059676e+00 
 5.24308972e-04  2.04033057e+00 
 5.34308972e-04  2.06976886e+00 
 5.44308972e-04  2.09891458e+00 
 5.54308972e-04  2.12777062e+00 
 5.64308972e-04  2.15633986e+00 
 5.74308972e-04  2.18462515e+00 
 5.84308972e-04  2.21262931e+00 
 5.94308972e-04  2.24035513e+00 
 6.04308972e-04  2.26780537e+00 
 6.14308972e-04  2.29498277e+00 
 6.24308972e-04  2.32189003e+00 
 6.34308972e-04  2.34852984e+00 
 6.44308972e-04  2.37490485e+00 
 6.54308972e-04  2.40101770e+00 
 6.64308972e-04  2.42687098e+00 
 6.74308972e-04  2.45246728e+00 
 6.84308972e-04  2.47780914e+00 
 6.94308972e-04  2.50289909e+00 
 7.04308972e-04  2.52773963e+00 
 7.14308972e-04  2.55233325e+00 
 7.24308972e-04  2.57668238e+00 
 7.34308972e-04  2.60078947e+00 
 7.44308972e-04  2.62465690e+00 
 7.54308972e-04  2.64828707e+00 
 7.64308972e-04  2.67168233e+00 
 7.74308972e-04  2.69484501e+00 
 7.84308972e-04  2.71777743e+00 
 7.94308972e-04  2.74048186e+00 
 8.04308972e-04  2.76296057e+00 
 8.14308972e-04  2.78521582e+00 
 8.24308972e-04  2.80724980e+00 
 8.34308972e-04  2.82906473e+00 
 8.44308972e-04  2.85066278e+00 
 8.54308972e-04  2.87204610e+00 
 8.64308972e-04  2.89321683e+00 
 8.74308972e-04  2.91417707e+00 
 8.84308972e-04  2.93492893e+00 
 8.94308972e-04  2.95547446e+00 
 9.04308972e-04  2.97581572e+00 
 9.14308972e-04  2.99595474e+00 
 9.24308972e-04  3.01589353e+00 
 9.34308972e-04  3.03563407e+00 
 9.44308972e-04  3.05517833e+00 
 9.54308972e-04  3.07452828e+00 
 9.64308972e-04  3.09368582e+00 
 9.74308972e-04  3.11265289e+00 
 9.84308972e-04  3.13143137e+00 
 9.94308972e-04  3.15002313e+00 
 1.00430897e-03  3.16843003e+00 
 1.01430897e-03  3.18665390e+00 
 1.02430897e-03  3.20469657e+00 
 1.03430897e-03  3.22255983e+00 
 1.04430897e-03  3.24024547e+00 
 1.05430897e-03  3.25775526e+00 
 1.06430897e-03  3.27509093e+00 
 1.07430897e-03  3.29225422e+00 
 1.08430897e-03  3.30924685e+00 
 1.09430897e-03  3.32607050e+00 
 1.10430897e-03  3.34272687e+00 
 1.11430897e-03  3.35921760e+00 
 1.12430897e-03  3.37554435e+00 
 1.13430897e-03  3.39170874e+00 
 1.14430897e-03  3.40771239e+00 
 1.15430897e-03  3.42355690e+00 
 1.16430897e-03  3.43924385e+00 
 1.17430897e-03  3.45477480e+00 
 1.18430897e-03  3.47015131e+00 
 1.19430897e-03  3.48537490e+00 
 1.20430897e-03  3.50044711e+00 
 1.21430897e-03  3.51536942e+00 
 1.22430897e-03  3.53014334e+00 
 1.23430897e-03  3.54477034e+00 
 1.24430897e-03  3.55925188e+00 
 1.25430897e-03  3.57358940e+00 
 1.26430897e-03  3.58778433e+00 
 1.27430897e-03  3.60183814e+00 
 1.28430897e-03  3.61575215e+00 
 1.29430897e-03  3.62952777e+00 
 1.30430897e-03  3.64316640e+00 
 1.31430897e-03  3.65666939e+00 
 1.32430897e-03  3.67003806e+00 
 1.33430897e-03  3.68327381e+00 
 1.34430897e-03  3.69637792e+00 
 1.35430897e-03  3.70935171e+00 
 1.36430897e-03  3.72219647e+00 
 1.37430897e-03  3.73491349e+00 
 1.38430897e-03  3.74750403e+00 
 1.39430897e-03  3.75996934e+00 
 1.40430897e-03  3.77231069e+00 
 1.41430897e-03  3.78452929e+00 
 1.42430897e-03  3.79662637e+00 
 1.43430897e-03  3.80860313e+00 
 1.44430897e-03  3.82046078e+00 
 1.45430897e-03  3.83220049e+00 
 1.46430897e-03  3.84382346e+00 
 1.47430897e-03  3.85533082e+00 
 1.48430897e-03  3.86672371e+00 
 1.49430897e-03  3.87800330e+00 
 1.50430897e-03  3.88917070e+00 
 1.51430897e-03  3.90022702e+00 
 1.52430897e-03  3.91117336e+00 
 1.53430897e-03  3.92201084e+00 
 1.54430897e-03  3.93274054e+00 
 1.55430897e-03  3.94336351e+00 
 1.56430897e-03  3.95388082e+00 
 1.57430897e-03  3.96429353e+00 
 1.58430897e-03  3.97460267e+00 
 1.59430897e-03  3.98480926e+00 
 1.60430897e-03  3.99491434e+00 
 1.61430897e-03  4.00491891e+00 
 1.62430897e-03  4.01482397e+00 
 1.63430897e-03  4.02463050e+00 
 1.64430897e-03  4.03433950e+00 
 1.65430897e-03  4.04395192e+00 
 1.66430897e-03  4.05346873e+00 
 1.67430897e-03  4.06289089e+00 
 1.68430897e-03  4.07221932e+00 
 1.69430897e-03  4.08145496e+00 
 1.70430897e-03  4.09059874e+00 
 1.71430897e-03  4.09965156e+00 
 1.72430897e-03  4.10861434e+00 
 1.73430897e-03  4.11748797e+00 
 1.74430897e-03  4.12627333e+00 
 1.75430897e-03  4.13497130e+00 
 1.76430897e-03  4.14358276e+00 
 1.77430897e-03  4.15210855e+00 
 1.78430897e-03  4.16054954e+00 
 1.79430897e-03  4.16890656e+00 
 1.80430897e-03  4.17718046e+00 
 1.81430897e-03  4.18537206e+00 
 1.82430897e-03  4.19348217e+00 
 1.83430897e-03  4.20151160e+00 
 1.84430897e-03  4.20946117e+00 
 1.85430897e-03  4.21733166e+00 
 1.86430897e-03  4.22512386e+00 
 1.87430897e-03  4.23283855e+00 
 1.88430897e-03  4.24047649e+00 
 1.89430897e-03  4.24803846e+00 
 1.90430897e-03  4.25552521e+00 
 1.91430897e-03  4.26293748e+00 
 1.92430897e-03  4.27027602e+00 
 1.93430897e-03  4.27754156e+00 
 1.94430897e-03  4.28473482e+00 
 1.95430897e-03  4.29185653e+00 
 1.96430897e-03  4.29890739e+00 
 1.97430897e-03  4.30588812e+00 
 1.98430897e-03  4.31279940e+00 
 1.99430897e-03  4.31964193e+00 
 2.00430897e-03  4.32641639e+00 
 2.01430897e-03  4.33312347e+00 
 2.02430897e-03  4.33976383e+00 
 2.02555897e-03  4.34058867e+00 
 2.02805897e-03  4.34223588e+00 
 2.03305897e-03  4.34551858e+00 
 2.04305897e-03  4.35203516e+00 
 2.05305897e-03  4.35848726e+00 
 2.06305897e-03  4.36487526e+00 
 2.07305897e-03  4.37119973e+00 
 2.08305897e-03  4.37746130e+00 
 2.09305897e-03  4.38366059e+00 
 2.10305897e-03  4.38979820e+00 
 2.11305897e-03  4.39587476e+00 
 2.12305897e-03  4.40189087e+00 
 2.13305897e-03  4.40784713e+00 
 2.14305897e-03  4.41374413e+00 
 2.15305897e-03  4.41958247e+00 
 2.16305897e-03  4.42536274e+00 
 2.17305897e-03  4.43108550e+00 
 2.18305897e-03  4.43675132e+00 
 2.19305897e-03  4.44236079e+00 
 2.20305897e-03  4.44791445e+00 
 2.21305897e-03  4.45341286e+00 
 2.22305897e-03  4.45885657e+00 
 2.23305897e-03  4.46424612e+00 
 2.24305897e-03  4.46958206e+00 
 2.25305897e-03  4.47486492e+00 
 2.26305897e-03  4.48009522e+00 
 2.27305897e-03  4.48527349e+00 
 2.28305897e-03  4.49040024e+00 
 2.29305897e-03  4.49547599e+00 
 2.30305897e-03  4.50050124e+00 
 2.31305897e-03  4.50547650e+00 
 2.32305897e-03  4.51040227e+00 
 2.33305897e-03  4.51527903e+00 
 2.34305897e-03  4.52010727e+00 
 2.35305897e-03  4.52488748e+00 
 2.36305897e-03  4.52962014e+00 
 2.37305897e-03  4.53430571e+00 
 2.38305897e-03  4.53894467e+00 
 2.39305897e-03  4.54353747e+00 
 2.40305897e-03  4.54808459e+00 
 2.41305897e-03  4.55258646e+00 
 2.42305897e-03  4.55704355e+00 
 2.43305897e-03  4.56145630e+00 
 2.44305897e-03  4.56582515e+00 
 2.45305897e-03  4.57015053e+00 
 2.46305897e-03  4.57443288e+00 
 2.47305897e-03  4.57867263e+00 
 2.48305897e-03  4.58287020e+00 
 2.49305897e-03  4.58702600e+00 
 2.50305897e-03  4.59114047e+00 
 2.51305897e-03  4.59521400e+00 
 2.52305897e-03  4.59924700e+00 
 2.53305897e-03  4.60323988e+00 
 2.54305897e-03  4.60719303e+00 
 2.55305897e-03  4.61110685e+00 
 2.56305897e-03  4.61498174e+00 
 2.57305897e-03  4.61881808e+00 
 2.58305897e-03  4.62261625e+00 
 2.59305897e-03  4.62637663e+00 
 2.60305897e-03  4.63009960e+00 
 2.61305897e-03  4.63378553e+00 
 2.62305897e-03  4.63743479e+00 
 2.63305897e-03  4.64104774e+00 
 2.64305897e-03  4.64462475e+00 
 2.65305897e-03  4.64816617e+00 
 2.66305897e-03  4.65167236e+00 
 2.67305897e-03  4.65514366e+00 
 2.68305897e-03  4.65858043e+00 
 2.69305897e-03  4.66198301e+00 
 2.70305897e-03  4.66535173e+00 
 2.71305897e-03  4.66868694e+00 
 2.72305897e-03  4.67198897e+00 
 2.73305897e-03  4.67525814e+00 
 2.74305897e-03  4.67849479e+00 
 2.75305897e-03  4.68169924e+00 
 2.76305897e-03  4.68487180e+00 
 2.77305897e-03  4.68801281e+00 
 2.78305897e-03  4.69112256e+00 
 2.79305897e-03  4.69420137e+00 
 2.80305897e-03  4.69724955e+00 
 2.81305897e-03  4.70026740e+00 
 2.82305897e-03  4.70325523e+00 
 2.83305897e-03  4.70621334e+00 
 2.84305897e-03  4.70914201e+00 
 2.85305897e-03  4.71204154e+00 
 2.86305897e-03  4.71491223e+00 
 2.87305897e-03  4.71775435e+00 
 2.88305897e-03  4.72056820e+00 
 2.89305897e-03  4.72335405e+00 
 2.90305897e-03  4.72611219e+00 
 2.91305897e-03  4.72884288e+00 
 2.92305897e-03  4.73154641e+00 
 2.93305897e-03  4.73422304e+00 
 2.94305897e-03  4.73687303e+00 
 2.95305897e-03  4.73949666e+00 
 2.96305897e-03  4.74209419e+00 
 2.97305897e-03  4.74466588e+00 
 2.98305897e-03  4.74721197e+00 
 2.99305897e-03  4.74973274e+00 
 3.00305897e-03  4.75222843e+00 
 3.01305897e-03  4.75469928e+00 
 3.02305897e-03  4.75714555e+00 
 3.03305897e-03  4.75956749e+00 
 3.04305897e-03  4.76196532e+00 
 3.05305897e-03  4.76433930e+00 
 3.06305897e-03  4.76668966e+00 
 3.07305897e-03  4.76901664e+00 
 3.08305897e-03  4.77132046e+00 
 3.09305897e-03  4.77360136e+00 
 3.10305897e-03  4.77585957e+00 
 3.11305897e-03  4.77809531e+00 
 3.12305897e-03  4.78030881e+00 
 3.13305897e-03  4.78250028e+00 
 3.14305897e-03  4.78466995e+00 
 3.15305897e-03  4.78681803e+00 
 3.16305897e-03  4.78894474e+00 
 3.17305897e-03  4.79105029e+00 
 3.18305897e-03  4.79313489e+00 
 3.19305897e-03  4.79519875e+00 
 3.20305897e-03  4.79724207e+00 
 3.21305897e-03  4.79926507e+00 
 3.22305897e-03  4.80126794e+00 
 3.23305897e-03  4.80325088e+00 
 3.24305897e-03  4.80521409e+00 
 3.25305897e-03  4.80715776e+00 
 3.26305897e-03  4.80908210e+00 
 3.27305897e-03  4.81098729e+00 
 3.28305897e-03  4.81287353e+00 
 3.29305897e-03  4.81474100e+00 
 3.30305897e-03  4.81658989e+00 
 3.31305897e-03  4.81842038e+00 
 3.32305897e-03  4.82023266e+00 
 3.33305897e-03  4.82202691e+00 
 3.34305897e-03  4.82380331e+00 
 3.35305897e-03  4.82556203e+00 
 3.36305897e-03  4.82730325e+00 
 3.37305897e-03  4.82902715e+00 
 3.38305897e-03  4.83073390e+00 
 3.39305897e-03  4.83242367e+00 
 3.40305897e-03  4.83409662e+00 
 3.41305897e-03  4.83575293e+00 
 3.42305897e-03  4.83739275e+00 
 3.43305897e-03  4.83901627e+00 
 3.44305897e-03  4.84062362e+00 
 3.45305897e-03  4.84221499e+00 
 3.46305897e-03  4.84379052e+00 
 3.47305897e-03  4.84535038e+00 
 3.48305897e-03  4.84689472e+00 
 3.49305897e-03  4.84842369e+00 
 3.50305897e-03  4.84993744e+00 
 3.51305897e-03  4.85143614e+00 
 3.52305897e-03  4.85291993e+00 
 3.53305897e-03  4.85438895e+00 
 3.54305897e-03  4.85584335e+00 
 3.55305897e-03  4.85728329e+00 
 3.56305897e-03  4.85870889e+00 
 3.57305897e-03  4.86012032e+00 
 3.58305897e-03  4.86151770e+00 
 3.59305897e-03  4.86290117e+00 
 3.60305897e-03  4.86427088e+00 
 3.61305897e-03  4.86562697e+00 
 3.62305897e-03  4.86696956e+00 
 3.63305897e-03  4.86829879e+00 
 3.64305897e-03  4.86961479e+00 
 3.65305897e-03  4.87091770e+00 
 3.66305897e-03  4.87220765e+00 
 3.67305897e-03  4.87348477e+00 
 3.68305897e-03  4.87474917e+00 
 3.69305897e-03  4.87600100e+00 
 3.70305897e-03  4.87724037e+00 
 3.71305897e-03  4.87846741e+00 
 3.72305897e-03  4.87968224e+00 
 3.73305897e-03  4.88088498e+00 
 3.74305897e-03  4.88207575e+00 
 3.75305897e-03  4.88325468e+00 
 3.76305897e-03  4.88442188e+00 
 3.77305897e-03  4.88557746e+00 
 3.78305897e-03  4.88672155e+00 
 3.79305897e-03  4.88785425e+00 
 3.80305897e-03  4.88897568e+00 
 3.81305897e-03  4.89008596e+00 
 3.82305897e-03  4.89118519e+00 
 3.83305897e-03  4.89227348e+00 
 3.84305897e-03  4.89335094e+00 
 3.85305897e-03  4.89441768e+00 
 3.86305897e-03  4.89547381e+00 
 3.87305897e-03  4.89651942e+00 
 3.88305897e-03  4.89755464e+00 
 3.89305897e-03  4.89857955e+00 
 3.90305897e-03  4.89959427e+00 
 3.91305897e-03  4.90059889e+00 
 3.92305897e-03  4.90159352e+00 
 3.93305897e-03  4.90257824e+00 
 3.94305897e-03  4.90355318e+00 
 3.95305897e-03  4.90451841e+00 
 3.96305897e-03  4.90547403e+00 
 3.97305897e-03  4.90642015e+00 
 3.98305897e-03  4.90735685e+00 
 3.99305897e-03  4.90828424e+00 
 4.00305897e-03  4.90920239e+00 
 4.01305897e-03  4.91011141e+00 
 4.02305897e-03  4.91101139e+00 
 4.03305897e-03  4.91190241e+00 
 4.04305897e-03  4.91278457e+00 
 4.05305897e-03  4.91365794e+00 
 4.06305897e-03  4.91452263e+00 
 4.07305897e-03  4.91537872e+00 
 4.08305897e-03  4.91622628e+00 
 4.09305897e-03  4.91706542e+00 
 4.10305897e-03  4.91789620e+00 
 4.11305897e-03  4.91871872e+00 
 4.12305897e-03  4.91953305e+00 
 4.13305897e-03  4.92033928e+00 
 4.14305897e-03  4.92113749e+00 
 4.15305897e-03  4.92192776e+00 
 4.16305897e-03  4.92271016e+00 
 4.17305897e-03  4.92348478e+00 
 4.18305897e-03  4.92425169e+00 
 4.19305897e-03  4.92501097e+00 
 4.20305897e-03  4.92576270e+00 
 4.21305897e-03  4.92650695e+00 
 4.22305897e-03  4.92724379e+00 
 4.23305897e-03  4.92797330e+00 
 4.24305897e-03  4.92869555e+00 
 4.25305897e-03  4.92941061e+00 
 4.26305897e-03  4.93011856e+00 
 4.27305897e-03  4.93081947e+00 
 4.28305897e-03  4.93151340e+00 
 4.29305897e-03  4.93220042e+00 
 4.30305897e-03  4.93288061e+00 
 4.31305897e-03  4.93355404e+00 
 4.32305897e-03  4.93422076e+00 
 4.33305897e-03  4.93488085e+00 
 4.34305897e-03  4.93553437e+00 
 4.35305897e-03  4.93618139e+00 
 4.36305897e-03  4.93682197e+00 
 4.37305897e-03  4.93745617e+00 
 4.38305897e-03  4.93808407e+00 
 4.39305897e-03  4.93870572e+00 
 4.40305897e-03  4.93932118e+00 
 4.41305897e-03  4.93993052e+00 
 4.42305897e-03  4.94053380e+00 
 4.43305897e-03  4.94113107e+00 
 4.44305897e-03  4.94172240e+00 
 4.45305897e-03  4.94230785e+00 
 4.46305897e-03  4.94288747e+00 
 4.47305897e-03  4.94346132e+00 
 4.48305897e-03  4.94402947e+00 
 4.49305897e-03  4.94459196e+00 
 4.50305897e-03  4.94514885e+00 
 4.51305897e-03  4.94570021e+00 
 4.52305897e-03  4.94624607e+00 
 4.53305897e-03  4.94678651e+00 
 4.54305897e-03  4.94732157e+00 
 4.55305897e-03  4.94785130e+00 
 4.56305897e-03  4.94837577e+00 
 4.57305897e-03  4.94889501e+00 
 4.58305897e-03  4.94940909e+00 
 4.59305897e-03  4.94991805e+00 
 4.60305897e-03  4.95042195e+00 
 4.61305897e-03  4.95092084e+00 
 4.62305897e-03  4.95141476e+00 
 4.63305897e-03  4.95190377e+00 
 4.64305897e-03  4.95238791e+00 
 4.65305897e-03  4.95286723e+00 
 4.66305897e-03  4.95334179e+00 
 4.67305897e-03  4.95381162e+00 
 4.68305897e-03  4.95427678e+00 
 4.69305897e-03  4.95473731e+00 
 4.70305897e-03  4.95519326e+00 
 4.71305897e-03  4.95564467e+00 
 4.72305897e-03  4.95609159e+00 
 4.73305897e-03  4.95653406e+00 
 4.74305897e-03  4.95697213e+00 
 4.75305897e-03  4.95740584e+00 
 4.76305897e-03  4.95783523e+00 
 4.77305897e-03  4.95826036e+00 
 4.78305897e-03  4.95868125e+00 
 4.79305897e-03  4.95909795e+00 
 4.80305897e-03  4.95951051e+00 
 4.81305897e-03  4.95991897e+00 
 4.82305897e-03  4.96032336e+00 
 4.83305897e-03  4.96072372e+00 
 4.84305897e-03  4.96112010e+00 
 4.85305897e-03  4.96151254e+00 
 4.86305897e-03  4.96190107e+00 
 4.87305897e-03  4.96228574e+00 
 4.88305897e-03  4.96266658e+00 
 4.89305897e-03  4.96304363e+00 
 4.90305897e-03  4.96341693e+00 
 4.91305897e-03  4.96378651e+00 
 4.92305897e-03  4.96415242e+00 
 4.93305897e-03  4.96451469e+00 
 4.94305897e-03  4.96487335e+00 
 4.95305897e-03  4.96522844e+00 
 4.96305897e-03  4.96558000e+00 
 4.97305897e-03  4.96592806e+00 
 4.98305897e-03  4.96627266e+00 
 4.99305897e-03  4.96661383e+00 
 5.00305897e-03  4.96695160e+00 
 5.01305897e-03  4.96728602e+00 
 5.02305897e-03  4.96761710e+00 
 5.03305897e-03  4.96794489e+00 
 5.04305897e-03  4.96826943e+00 
 5.05305897e-03  4.96859073e+00 
 5.06305897e-03  4.96890883e+00 
 5.07305897e-03  4.96922377e+00 
 5.08305897e-03  4.96953557e+00 
 5.09305897e-03  4.96984428e+00 
 5.10305897e-03  4.97014991e+00 
 5.11305897e-03  4.97045250e+00 
 5.12305897e-03  4.97075208e+00 
 5.13305897e-03  4.97104868e+00 
 5.14305897e-03  4.97134232e+00 
 5.15305897e-03  4.97163305e+00 
 5.16305897e-03  4.97192088e+00 
 5.17305897e-03  4.97220585e+00 
 5.18305897e-03  4.97248798e+00 
 5.19305897e-03  4.97276731e+00 
 5.20305897e-03  4.97304386e+00 
 5.21305897e-03  4.97331765e+00 
 5.22305897e-03  4.97358872e+00 
 5.23305897e-03  4.97385709e+00 
 5.24305897e-03  4.97412280e+00 
 5.25305897e-03  4.97438586e+00 
 5.26305897e-03  4.97464630e+00 
 5.27305897e-03  4.97490415e+00 
 5.28305897e-03  4.97515943e+00 
 5.29305897e-03  4.97541218e+00 
 5.30305897e-03  4.97566241e+00 
 5.31305897e-03  4.97591015e+00 
 5.32305897e-03  4.97615542e+00 
 5.33305897e-03  4.97639826e+00 
 5.34305897e-03  4.97663867e+00 
 5.35305897e-03  4.97687670e+00 
 5.36305897e-03  4.97711236e+00 
 5.37305897e-03  4.97734567e+00 
 5.38305897e-03  4.97757666e+00 
 5.39305897e-03  4.97780535e+00 
 5.40305897e-03  4.97803177e+00 
 5.41305897e-03  4.97825593e+00 
 5.42305897e-03  4.97847787e+00 
 5.43305897e-03  4.97869759e+00 
 5.44305897e-03  4.97891513e+00 
 5.45305897e-03  4.97913051e+00 
 5.46305897e-03  4.97934374e+00 
 5.47305897e-03  4.97955485e+00 
 5.48305897e-03  4.97976386e+00 
 5.49305897e-03  4.97997079e+00 
 5.50305897e-03  4.98017566e+00 
 5.51305897e-03  4.98037849e+00 
 5.52305897e-03  4.98057930e+00 
 5.53305897e-03  4.98077812e+00 
 5.54305897e-03  4.98097496e+00 
 5.55305897e-03  4.98116984e+00 
 5.56305897e-03  4.98136278e+00 
 5.57305897e-03  4.98155380e+00 
 5.58305897e-03  4.98174291e+00 
 5.59305897e-03  4.98193015e+00 
 5.60305897e-03  4.98211553e+00 
 5.61305897e-03  4.98229906e+00 
 5.62305897e-03  4.98248076e+00 
 5.63305897e-03  4.98266066e+00 
 5.64305897e-03  4.98283876e+00 
 5.65305897e-03  4.98301510e+00 
 5.66305897e-03  4.98318968e+00 
 5.67305897e-03  4.98336252e+00 
 5.68305897e-03  4.98353364e+00 
 5.69305897e-03  4.98370306e+00 
 5.70305897e-03  4.98387079e+00 
 5.71305897e-03  4.98403686e+00 
 5.72305897e-03  4.98420127e+00 
 5.73305897e-03  4.98436405e+00 
 5.74305897e-03  4.98452520e+00 
 5.75305897e-03  4.98468476e+00 
 5.76305897e-03  4.98484272e+00 
 5.77305897e-03  4.98499912e+00 
 5.78305897e-03  4.98515395e+00 
 5.79305897e-03  4.98530725e+00 
 5.80305897e-03  4.98545902e+00 
 5.81305897e-03  4.98560928e+00 
 5.82305897e-03  4.98575805e+00 
 5.83305897e-03  4.98590534e+00 
 5.84305897e-03  4.98605116e+00 
 5.85305897e-03  4.98619553e+00 
 5.86305897e-03  4.98633846e+00 
 5.87305897e-03  4.98647997e+00 
 5.88305897e-03  4.98662007e+00 
 5.89305897e-03  4.98675878e+00 
 5.90305897e-03  4.98689611e+00 
 5.91305897e-03  4.98703207e+00 
 5.92305897e-03  4.98716668e+00 
 5.93305897e-03  4.98729995e+00 
 5.94305897e-03  4.98743190e+00 
 5.95305897e-03  4.98756253e+00 
 5.96305897e-03  4.98769186e+00 
 5.97305897e-03  4.98781990e+00 
 5.98305897e-03  4.98794667e+00 
 5.99305897e-03  4.98807218e+00 
 6.00305897e-03  4.98819644e+00 
 6.01305897e-03  4.98831947e+00 
 6.02305897e-03  4.98844126e+00 
 6.03305897e-03  4.98856185e+00 
 6.04305897e-03  4.98868124e+00 
 6.05305897e-03  4.98879944e+00 
 6.06305897e-03  4.98891646e+00 
 6.07305897e-03  4.98903232e+00 
 6.08305897e-03  4.98914703e+00 
 6.09305897e-03  4.98926059e+00 
 6.10305897e-03  4.98937303e+00 
 6.11305897e-03  4.98948435e+00 
 6.12305897e-03  4.98959455e+00 
 6.13305897e-03  4.98970367e+00 
 6.14305897e-03  4.98981169e+00 
 6.15305897e-03  4.98991864e+00 
 6.16305897e-03  4.99002453e+00 
 6.17305897e-03  4.99012936e+00 
 6.18305897e-03  4.99023316e+00 
 6.19305897e-03  4.99033591e+00 
 6.20305897e-03  4.99043765e+00 
 6.21305897e-03  4.99053837e+00 
 6.22305897e-03  4.99063809e+00 
 6.23305897e-03  4.99073682e+00 
 6.24305897e-03  4.99083457e+00 
 6.25305897e-03  4.99093134e+00 
 6.26305897e-03  4.99102715e+00 
 6.27305897e-03  4.99112201e+00 
 6.28305897e-03  4.99121592e+00 
 6.29305897e-03  4.99130890e+00 
 6.30305897e-03  4.99140096e+00 
 6.31305897e-03  4.99149209e+00 
 6.32305897e-03  4.99158232e+00 
 6.33305897e-03  4.99167166e+00 
 6.34305897e-03  4.99176010e+00 
 6.35305897e-03  4.99184767e+00 
 6.36305897e-03  4.99193436e+00 
 6.37305897e-03  4.99202019e+00 
 6.38305897e-03  4.99210517e+00 
 6.39305897e-03  4.99218930e+00 
 6.40305897e-03  4.99227259e+00 
 6.41305897e-03  4.99235506e+00 
 6.42305897e-03  4.99243670e+00 
 6.43305897e-03  4.99251753e+00 
 6.44305897e-03  4.99259756e+00 
 6.45305897e-03  4.99267679e+00 
 6.46305897e-03  4.99275523e+00 
 6.47305897e-03  4.99283290e+00 
 6.48305897e-03  4.99290979e+00 
 6.49305897e-03  4.99298591e+00 
 6.50305897e-03  4.99306128e+00 
 6.51305897e-03  4.99313590e+00 
 6.52305897e-03  4.99320977e+00 
 6.53305897e-03  4.99328291e+00 
 6.54305897e-03  4.99335532e+00 
 6.55305897e-03  4.99342701e+00 
 6.56305897e-03  4.99349799e+00 
 6.57305897e-03  4.99356826e+00 
 6.58305897e-03  4.99363784e+00 
 6.59305897e-03  4.99370672e+00 
 6.60305897e-03  4.99377491e+00 
 6.61305897e-03  4.99384243e+00 
 6.62305897e-03  4.99390927e+00 
 6.63305897e-03  4.99397545e+00 
 6.64305897e-03  4.99404097e+00 
 6.65305897e-03  4.99410584e+00 
 6.66305897e-03  4.99417007e+00 
 6.67305897e-03  4.99423365e+00 
 6.68305897e-03  4.99429660e+00 
 6.69305897e-03  4.99435893e+00 
 6.70305897e-03  4.99442064e+00 
 6.71305897e-03  4.99448173e+00 
 6.72305897e-03  4.99454221e+00 
 6.73305897e-03  4.99460209e+00 
 6.74305897e-03  4.99466138e+00 
 6.75305897e-03  4.99472007e+00 
 6.76305897e-03  4.99477819e+00 
 6.77305897e-03  4.99483572e+00 
 6.78305897e-03  4.99489268e+00 
 6.79305897e-03  4.99494907e+00 
 6.80305897e-03  4.99500491e+00 
 6.81305897e-03  4.99506019e+00 
 6.82305897e-03  4.99511491e+00 
 6.83305897e-03  4.99516910e+00 
 6.84305897e-03  4.99522274e+00 
 6.85305897e-03  4.99527585e+00 
 6.86305897e-03  4.99532843e+00 
 6.87305897e-03  4.99538049e+00 
 6.88305897e-03  4.99543203e+00 
 6.89305897e-03  4.99548306e+00 
 6.90305897e-03  4.99553358e+00 
 6.91305897e-03  4.99558360e+00 
 6.92305897e-03  4.99563312e+00 
 6.93305897e-03  4.99568214e+00 
 6.94305897e-03  4.99573068e+00 
 6.95305897e-03  4.99577874e+00 
 6.96305897e-03  4.99582632e+00 
 6.97305897e-03  4.99587342e+00 
 6.98305897e-03  4.99592006e+00 
 6.99305897e-03  4.99596623e+00 
 7.00305897e-03  4.99601194e+00 
 7.01305897e-03  4.99605720e+00 
 7.02305897e-03  4.99610201e+00 
 7.03305897e-03  4.99614637e+00 
 7.04305897e-03  4.99619029e+00 
 7.05305897e-03  4.99623377e+00 
 7.06305897e-03  4.99627682e+00 
 7.07305897e-03  4.99631944e+00 
 7.08305897e-03  4.99636164e+00 
 7.09305897e-03  4.99640342e+00 
 7.10305897e-03  4.99644478e+00 
 7.11305897e-03  4.99648573e+00 
 7.12305897e-03  4.99652627e+00 
 7.13305897e-03  4.99656641e+00 
 7.14305897e-03  4.99660615e+00 
 7.15305897e-03  4.99664550e+00 
 7.16305897e-03  4.99668445e+00 
 7.17305897e-03  4.99672302e+00 
 7.18305897e-03  4.99676120e+00 
 7.19305897e-03  4.99679900e+00 
 7.20305897e-03  4.99683643e+00 
 7.21305897e-03  4.99687348e+00 
 7.22305897e-03  4.99691017e+00 
 7.23305897e-03  4.99694649e+00 
 7.24305897e-03  4.99698245e+00 
 7.25305897e-03  4.99701805e+00 
 7.26305897e-03  4.99705329e+00 
 7.27305897e-03  4.99708819e+00 
 7.28305897e-03  4.99712274e+00 
 7.29305897e-03  4.99715694e+00 
 7.30305897e-03  4.99719081e+00 
 7.31305897e-03  4.99722433e+00 
 7.32305897e-03  4.99725753e+00 
 7.33305897e-03  4.99729039e+00 
 7.34305897e-03  4.99732293e+00 
 7.35305897e-03  4.99735514e+00 
 7.36305897e-03  4.99738703e+00 
 7.37305897e-03  4.99741861e+00 
 7.38305897e-03  4.99744987e+00 
 7.39305897e-03  4.99748082e+00 
 7.40305897e-03  4.99751146e+00 
 7.41305897e-03  4.99754180e+00 
 7.42305897e-03  4.99757183e+00 
 7.43305897e-03  4.99760157e+00 
 7.44305897e-03  4.99763101e+00 
 7.45305897e-03  4.99766016e+00 
 7.46305897e-03  4.99768901e+00 
 7.47305897e-03  4.99771758e+00 
 7.48305897e-03  4.99774587e+00 
 7.49305897e-03  4.99777387e+00 
 7.50305897e-03  4.99780160e+00 
 7.51305897e-03  4.99782905e+00 
 7.52305897e-03  4.99785623e+00 
 7.53305897e-03  4.99788313e+00 
 7.54305897e-03  4.99790977e+00 
 7.55305897e-03  4.99793615e+00 
 7.56305897e-03  4.99796226e+00 
 7.57305897e-03  4.99798811e+00 
 7.58305897e-03  4.99801370e+00 
 7.59305897e-03  4.99803904e+00 
 7.60305897e-03  4.99806413e+00 
 7.61305897e-03  4.99808897e+00 
 7.62305897e-03  4.99811356e+00 
 7.63305897e-03  4.99813790e+00 
 7.64305897e-03  4.99816201e+00 
 7.65305897e-03  4.99818587e+00 
 7.66305897e-03  4.99820950e+00 
 7.67305897e-03  4.99823289e+00 
 7.68305897e-03  4.99825605e+00 
 7.69305897e-03  4.99827898e+00 
 7.70305897e-03  4.99830168e+00 
 7.71305897e-03  4.99832415e+00 
 7.72305897e-03  4.99834640e+00 
 7.73305897e-03  4.99836843e+00 
 7.74305897e-03  4.99839024e+00 
 7.75305897e-03  4.99841183e+00 
 7.76305897e-03  4.99843321e+00 
 7.77305897e-03  4.99845437e+00 
 7.78305897e-03  4.99847533e+00 
 7.79305897e-03  4.99849608e+00 
 7.80305897e-03  4.99851662e+00 
 7.81305897e-03  4.99853695e+00 
 7.82305897e-03  4.99855708e+00 
 7.83305897e-03  4.99857702e+00 
 7.84305897e-03  4.99859675e+00 
 7.85305897e-03  4.99861629e+00 
 7.86305897e-03  4.99863563e+00 
 7.87305897e-03  4.99865478e+00 
 7.88305897e-03  4.99867374e+00 
 7.89305897e-03  4.99869252e+00 
 7.90305897e-03  4.99871110e+00 
 7.91305897e-03  4.99872950e+00 
 7.92305897e-03  4.99874772e+00 
 7.93305897e-03  4.99876575e+00 
 7.94305897e-03  4.99878361e+00 
 7.95305897e-03  4.99880129e+00 
 7.96305897e-03  4.99881879e+00 
 7.97305897e-03  4.99883612e+00 
 7.98305897e-03  4.99885328e+00 
 7.99305897e-03  4.99887026e+00 
 8.00305897e-03  4.99888708e+00 
 8.01305897e-03  4.99890373e+00 
 8.02305897e-03  4.99892021e+00 
 8.03305897e-03  4.99893653e+00 
 8.04305897e-03  4.99895269e+00 
 8.05305897e-03  4.99896868e+00 
 8.06305897e-03  4.99898452e+00 
 8.07305897e-03  4.99900020e+00 
 8.08305897e-03  4.99901572e+00 
 8.09305897e-03  4.99903109e+00 
 8.10305897e-03  4.99904631e+00 
 8.11305897e-03  4.99906137e+00 
 8.12305897e-03  4.99907629e+00 
 8.13305897e-03  4.99909106e+00 
 8.14305897e-03  4.99910568e+00 
 8.15305897e-03  4.99912015e+00 
 8.16305897e-03  4.99913448e+00 
 8.17305897e-03  4.99914867e+00 
 8.18305897e-03  4.99916271e+00 
 8.19305897e-03  4.99917662e+00 
 8.20305897e-03  4.99919039e+00 
 8.21305897e-03  4.99920402e+00 
 8.22305897e-03  4.99921751e+00 
 8.23305897e-03  4.99923088e+00 
 8.24305897e-03  4.99924410e+00 
 8.25305897e-03  4.99925720e+00 
 8.26305897e-03  4.99927017e+00 
 8.27305897e-03  4.99928300e+00 
 8.28305897e-03  4.99929571e+00 
 8.29305897e-03  4.99930830e+00 
 8.30305897e-03  4.99932075e+00 
 8.31305897e-03  4.99933309e+00 
 8.32305897e-03  4.99934530e+00 
 8.33305897e-03  4.99935739e+00 
 8.34305897e-03  4.99936936e+00 
 8.35305897e-03  4.99938121e+00 
 8.36305897e-03  4.99939294e+00 
 8.37305897e-03  4.99940456e+00 
 8.38305897e-03  4.99941606e+00 
 8.39305897e-03  4.99942744e+00 
 8.40305897e-03  4.99943872e+00 
 8.41305897e-03  4.99944988e+00 
 8.42305897e-03  4.99946092e+00 
 8.43305897e-03  4.99947186e+00 
 8.44305897e-03  4.99948269e+00 
 8.45305897e-03  4.99949342e+00 
 8.46305897e-03  4.99950403e+00 
 8.47305897e-03  4.99951454e+00 
 8.48305897e-03  4.99952495e+00 
 8.49305897e-03  4.99953525e+00 
 8.50305897e-03  4.99954545e+00 
 8.51305897e-03  4.99955555e+00 
 8.52305897e-03  4.99956555e+00 
 8.53305897e-03  4.99957544e+00 
 8.54305897e-03  4.99958524e+00 
 8.55305897e-03  4.99959495e+00 
 8.56305897e-03  4.99960455e+00 
 8.57305897e-03  4.99961406e+00 
 8.58305897e-03  4.99962348e+00 
 8.59305897e-03  4.99963280e+00 
 8.60305897e-03  4.99964203e+00 
 8.61305897e-03  4.99965117e+00 
 8.62305897e-03  4.99966021e+00 
 8.63305897e-03  4.99966917e+00 
 8.64305897e-03  4.99967804e+00 
 8.65305897e-03  4.99968681e+00 
 8.66305897e-03  4.99969551e+00 
 8.67305897e-03  4.99970411e+00 
 8.68305897e-03  4.99971263e+00 
 8.69305897e-03  4.99972107e+00 
 8.70305897e-03  4.99972942e+00 
 8.71305897e-03  4.99973768e+00 
 8.72305897e-03  4.99974587e+00 
 8.73305897e-03  4.99975397e+00 
 8.74305897e-03  4.99976200e+00 
 8.75305897e-03  4.99976994e+00 
 8.76305897e-03  4.99977780e+00 
 8.77305897e-03  4.99978559e+00 
 8.78305897e-03  4.99979330e+00 
 8.79305897e-03  4.99980093e+00 
 8.80305897e-03  4.99980849e+00 
 8.81305897e-03  4.99981597e+00 
 8.82305897e-03  4.99982337e+00 
 8.83305897e-03  4.99983071e+00 
 8.84305897e-03  4.99983797e+00 
 8.85305897e-03  4.99984515e+00 
 8.86305897e-03  4.99985227e+00 
 8.87305897e-03  4.99985932e+00 
 8.88305897e-03  4.99986629e+00 
 8.89305897e-03  4.99987320e+00 
 8.90305897e-03  4.99988003e+00 
 8.91305897e-03  4.99988680e+00 
 8.92305897e-03  4.99989350e+00 
 8.93305897e-03  4.99990014e+00 
 8.94305897e-03  4.99990671e+00 
 8.95305897e-03  4.99991321e+00 
 8.96305897e-03  4.99991965e+00 
 8.97305897e-03  4.99992603e+00 
 8.98305897e-03  4.99993234e+00 
 8.99305897e-03  4.99993859e+00 
 9.00305897e-03  4.99994477e+00 
 9.01305897e-03  4.99995090e+00 
 9.02305897e-03  4.99995696e+00 
 9.03305897e-03  4.99996296e+00 
 9.04305897e-03  4.99996891e+00 
 9.05305897e-03  4.99997479e+00 
 9.06305897e-03  4.99998062e+00 
 9.07305897e-03  4.99998639e+00 
 9.08305897e-03  4.99999210e+00 
 9.09305897e-03  4.99999775e+00 
 9.10305897e-03  5.00000335e+00 
 9.11305897e-03  5.00000889e+00 
 9.12305897e-03  5.00001438e+00 
 9.13305897e-03  5.00001981e+00 
 9.14305897e-03  5.00002519e+00 
 9.15305897e-03  5.00003051e+00 
 9.16305897e-03  5.00003578e+00 
 9.17305897e-03  5.00004100e+00 
 9.18305897e-03  5.00004617e+00 
 9.19305897e-03  5.00005129e+00 
 9.20305897e-03  5.00005635e+00 
 9.21305897e-03  5.00006137e+00 
 9.22305897e-03  5.00006633e+00 
 9.23305897e-03  5.00007125e+00 
 9.24305897e-03  5.00007611e+00 
 9.25305897e-03  5.00008093e+00 
 9.26305897e-03  5.00008570e+00 
 9.27305897e-03  5.00009042e+00 
 9.28305897e-03  5.00009510e+00 
 9.29305897e-03  5.00009973e+00 
 9.30305897e-03  5.00010431e+00 
 9.31305897e-03  5.00010885e+00 
 9.32305897e-03  5.00011334e+00 
 9.33305897e-03  5.00011779e+00 
 9.34305897e-03  5.00012219e+00 
 9.35305897e-03  5.00012655e+00 
 9.36305897e-03  5.00013087e+00 
 9.37305897e-03  5.00013514e+00 
 9.38305897e-03  5.00013937e+00 
 9.39305897e-03  5.00014356e+00 
 9.40305897e-03  5.00014771e+00 
 9.41305897e-03  5.00015181e+00 
 9.42305897e-03  5.00015588e+00 
 9.43305897e-03  5.00015990e+00 
 9.44305897e-03  5.00016388e+00 
 9.45305897e-03  5.00016783e+00 
 9.46305897e-03  5.00017173e+00 
 9.47305897e-03  5.00017560e+00 
 9.48305897e-03  5.00017943e+00 
 9.49305897e-03  5.00018322e+00 
 9.50305897e-03  5.00018697e+00 
 9.51305897e-03  5.00019069e+00 
 9.52305897e-03  5.00019436e+00 
 9.53305897e-03  5.00019801e+00 
 9.54305897e-03  5.00020161e+00 
 9.55305897e-03  5.00020518e+00 
 9.56305897e-03  5.00020871e+00 
 9.57305897e-03  5.00021221e+00 
 9.58305897e-03  5.00021568e+00 
 9.59305897e-03  5.00021910e+00 
 9.60305897e-03  5.00022250e+00 
 9.61305897e-03  5.00022586e+00 
 9.62305897e-03  5.00022919e+00 
 9.63305897e-03  5.00023248e+00 
 9.64305897e-03  5.00023575e+00 
 9.65305897e-03  5.00023898e+00 
 9.66305897e-03  5.00024217e+00 
 9.67305897e-03  5.00024534e+00 
 9.68305897e-03  5.00024847e+00 
 9.69305897e-03  5.00025158e+00 
 9.70305897e-03  5.00025465e+00 
 9.71305897e-03  5.00025769e+00 
 9.72305897e-03  5.00026070e+00 
 9.73305897e-03  5.00026368e+00 
 9.74305897e-03  5.00026663e+00 
 9.75305897e-03  5.00026956e+00 
 9.76305897e-03  5.00027245e+00 
 9.77305897e-03  5.00027531e+00 
 9.78305897e-03  5.00027815e+00 
 9.79305897e-03  5.00028096e+00 
 9.80305897e-03  5.00028374e+00 
 9.81305897e-03  5.00028649e+00 
 9.82305897e-03  5.00028921e+00 
 9.83305897e-03  5.00029191e+00 
 9.84305897e-03  5.00029458e+00 
 9.85305897e-03  5.00029723e+00 
 9.86305897e-03  5.00029984e+00 
 9.87305897e-03  5.00030243e+00 
 9.88305897e-03  5.00030500e+00 
 9.89305897e-03  5.00030754e+00 
 9.90305897e-03  5.00031006e+00 
 9.91305897e-03  5.00031255e+00 
 9.92305897e-03  5.00031501e+00 
 9.93305897e-03  5.00031745e+00 
 9.94305897e-03  5.00031987e+00 
 9.95305897e-03  5.00032226e+00 
 9.96305897e-03  5.00032463e+00 
 9.97305897e-03  5.00032698e+00 
 9.98305897e-03  5.00032930e+00 
 9.99305897e-03  5.00033160e+00 
 1.00030590e-02  5.00033387e+00 
 1.00130590e-02  5.00033612e+00 
 1.00230590e-02  5.00033836e+00 
 1.00330590e-02  5.00034056e+00 
 1.00430590e-02  5.00034275e+00 
 1.00530590e-02  5.00034492e+00 
 1.00630590e-02  5.00034706e+00 
 1.00730590e-02  5.00034918e+00 
 1.00830590e-02  5.00035128e+00 
 1.00930590e-02  5.00035336e+00 
 1.01030590e-02  5.00035542e+00 
 1.01130590e-02  5.00035746e+00 
 1.01230590e-02  5.00035948e+00 
 1.01330590e-02  5.00036148e+00 
 1.01430590e-02  5.00036345e+00 
 1.01530590e-02  5.00036541e+00 
 1.01630590e-02  5.00036735e+00 
 1.01730590e-02  5.00036927e+00 
 1.01830590e-02  5.00037117e+00 
 1.01930590e-02  5.00037306e+00 
 1.02030590e-02  5.00037492e+00 
 1.02130590e-02  5.00037676e+00 
 1.02230590e-02  5.00037859e+00 
 1.02330590e-02  5.00038040e+00 
 1.02430590e-02  5.00038219e+00 
 1.02530590e-02  5.00038396e+00 
 1.02630590e-02  5.00038572e+00 
 1.02730590e-02  5.00038745e+00 
 1.02830590e-02  5.00038917e+00 
 1.02930590e-02  5.00039088e+00 
 1.03030590e-02  5.00039256e+00 
 1.03130590e-02  5.00039423e+00 
 1.03230590e-02  5.00039588e+00 
 1.03330590e-02  5.00039752e+00 
 1.03430590e-02  5.00039914e+00 
 1.03530590e-02  5.00040074e+00 
 1.03630590e-02  5.00040233e+00 
 1.03730590e-02  5.00040390e+00 
 1.03830590e-02  5.00040546e+00 
 1.03930590e-02  5.00040700e+00 
 1.04030590e-02  5.00040853e+00 
 1.04130590e-02  5.00041004e+00 
 1.04230590e-02  5.00041153e+00 
 1.04330590e-02  5.00041301e+00 
 1.04430590e-02  5.00041448e+00 
 1.04530590e-02  5.00041593e+00 
 1.04630590e-02  5.00041737e+00 
 1.04730590e-02  5.00041879e+00 
 1.04830590e-02  5.00042020e+00 
 1.04930590e-02  5.00042159e+00 
 1.05030590e-02  5.00042297e+00 
 1.05130590e-02  5.00042434e+00 
 1.05230590e-02  5.00042569e+00 
 1.05330590e-02  5.00042703e+00 
 1.05430590e-02  5.00042836e+00 
 1.05530590e-02  5.00042967e+00 
 1.05630590e-02  5.00043097e+00 
 1.05730590e-02  5.00043226e+00 
 1.05830590e-02  5.00043353e+00 
 1.05930590e-02  5.00043479e+00 
 1.06030590e-02  5.00043604e+00 
 1.06130590e-02  5.00043728e+00 
 1.06230590e-02  5.00043850e+00 
 1.06330590e-02  5.00043971e+00 
 1.06430590e-02  5.00044091e+00 
 1.06530590e-02  5.00044210e+00 
 1.06630590e-02  5.00044328e+00 
 1.06730590e-02  5.00044444e+00 
 1.06830590e-02  5.00044560e+00 
 1.06930590e-02  5.00044674e+00 
 1.07030590e-02  5.00044787e+00 
 1.07130590e-02  5.00044899e+00 
 1.07230590e-02  5.00045009e+00 
 1.07330590e-02  5.00045119e+00 
 1.07430590e-02  5.00045228e+00 
 1.07530590e-02  5.00045335e+00 
 1.07630590e-02  5.00045442e+00 
 1.07730590e-02  5.00045547e+00 
 1.07830590e-02  5.00045651e+00 
 1.07930590e-02  5.00045755e+00 
 1.08030590e-02  5.00045857e+00 
 1.08130590e-02  5.00045958e+00 
 1.08230590e-02  5.00046058e+00 
 1.08330590e-02  5.00046158e+00 
 1.08430590e-02  5.00046256e+00 
 1.08530590e-02  5.00046353e+00 
 1.08630590e-02  5.00046449e+00 
 1.08730590e-02  5.00046545e+00 
 1.08830590e-02  5.00046639e+00 
 1.08930590e-02  5.00046733e+00 
 1.09030590e-02  5.00046825e+00 
 1.09130590e-02  5.00046917e+00 
 1.09230590e-02  5.00047007e+00 
 1.09330590e-02  5.00047097e+00 
 1.09430590e-02  5.00047186e+00 
 1.09530590e-02  5.00047274e+00 
 1.09630590e-02  5.00047361e+00 
 1.09730590e-02  5.00047448e+00 
 1.09830590e-02  5.00047533e+00 
 1.09930590e-02  5.00047617e+00 
 1.10030590e-02  5.00047701e+00 
 1.10130590e-02  5.00047784e+00 
 1.10230590e-02  5.00047866e+00 
 1.10330590e-02  5.00047947e+00 
 1.10430590e-02  5.00048028e+00 
 1.10530590e-02  5.00048107e+00 
 1.10630590e-02  5.00048186e+00 
 1.10730590e-02  5.00048264e+00 
 1.10830590e-02  5.00048342e+00 
 1.10930590e-02  5.00048418e+00 
 1.11030590e-02  5.00048494e+00 
 1.11130590e-02  5.00048569e+00 
 1.11230590e-02  5.00048643e+00 
 1.11330590e-02  5.00048717e+00 
 1.11430590e-02  5.00048789e+00 
 1.11530590e-02  5.00048862e+00 
 1.11630590e-02  5.00048933e+00 
 1.11730590e-02  5.00049004e+00 
 1.11830590e-02  5.00049073e+00 
 1.11930590e-02  5.00049143e+00 
 1.12030590e-02  5.00049211e+00 
 1.12130590e-02  5.00049279e+00 
 1.12230590e-02  5.00049346e+00 
 1.12330590e-02  5.00049413e+00 
 1.12430590e-02  5.00049479e+00 
 1.12530590e-02  5.00049544e+00 
 1.12630590e-02  5.00049608e+00 
 1.12730590e-02  5.00049672e+00 
 1.12830590e-02  5.00049736e+00 
 1.12930590e-02  5.00049798e+00 
 1.13030590e-02  5.00049860e+00 
 1.13130590e-02  5.00049922e+00 
 1.13230590e-02  5.00049982e+00 
 1.13330590e-02  5.00050043e+00 
 1.13430590e-02  5.00050102e+00 
 1.13530590e-02  5.00050161e+00 
 1.13630590e-02  5.00050220e+00 
 1.13730590e-02  5.00050277e+00 
 1.13830590e-02  5.00050335e+00 
 1.13930590e-02  5.00050391e+00 
 1.14030590e-02  5.00050448e+00 
 1.14130590e-02  5.00050503e+00 
 1.14230590e-02  5.00050558e+00 
 1.14330590e-02  5.00050613e+00 
 1.14430590e-02  5.00050667e+00 
 1.14530590e-02  5.00050720e+00 
 1.14630590e-02  5.00050773e+00 
 1.14730590e-02  5.00050825e+00 
 1.14830590e-02  5.00050877e+00 
 1.14930590e-02  5.00050928e+00 
 1.15030590e-02  5.00050979e+00 
 1.15130590e-02  5.00051029e+00 
 1.15230590e-02  5.00051079e+00 
 1.15330590e-02  5.00051128e+00 
 1.15430590e-02  5.00051177e+00 
 1.15530590e-02  5.00051225e+00 
 1.15630590e-02  5.00051273e+00 
 1.15730590e-02  5.00051321e+00 
 1.15830590e-02  5.00051367e+00 
 1.15930590e-02  5.00051414e+00 
 1.16030590e-02  5.00051460e+00 
 1.16130590e-02  5.00051505e+00 
 1.16230590e-02  5.00051550e+00 
 1.16330590e-02  5.00051595e+00 
 1.16430590e-02  5.00051639e+00 
 1.16530590e-02  5.00051683e+00 
 1.16630590e-02  5.00051726e+00 
 1.16730590e-02  5.00051769e+00 
 1.16830590e-02  5.00051811e+00 
 1.16930590e-02  5.00051853e+00 
 1.17030590e-02  5.00051895e+00 
 1.17130590e-02  5.00051936e+00 
 1.17230590e-02  5.00051977e+00 
 1.17330590e-02  5.00052017e+00 
 1.17430590e-02  5.00052057e+00 
 1.17530590e-02  5.00052097e+00 
 1.17630590e-02  5.00052136e+00 
 1.17730590e-02  5.00052174e+00 
 1.17830590e-02  5.00052213e+00 
 1.17930590e-02  5.00052251e+00 
 1.18030590e-02  5.00052288e+00 
 1.18130590e-02  5.00052326e+00 
 1.18230590e-02  5.00052363e+00 
 1.18330590e-02  5.00052399e+00 
 1.18430590e-02  5.00052435e+00 
 1.18530590e-02  5.00052471e+00 
 1.18630590e-02  5.00052506e+00 
 1.18730590e-02  5.00052542e+00 
 1.18830590e-02  5.00052576e+00 
 1.18930590e-02  5.00052611e+00 
 1.19030590e-02  5.00052645e+00 
 1.19130590e-02  5.00052678e+00 
 1.19230590e-02  5.00052712e+00 
 1.19330590e-02  5.00052745e+00 
 1.19430590e-02  5.00052777e+00 
 1.19530590e-02  5.00052810e+00 
 1.19630590e-02  5.00052842e+00 
 1.19730590e-02  5.00052874e+00 
 1.19830590e-02  5.00052905e+00 
 1.19930590e-02  5.00052936e+00 
 1.20030590e-02  5.00052967e+00 
 1.20130590e-02  5.00052997e+00 
 1.20230590e-02  5.00053028e+00 
 1.20330590e-02  5.00053058e+00 
 1.20430590e-02  5.00053087e+00 
 1.20530590e-02  5.00053116e+00 
 1.20630590e-02  5.00053145e+00 
 1.20730590e-02  5.00053174e+00 
 1.20830590e-02  5.00053203e+00 
 1.20930590e-02  5.00053231e+00 
 1.21030590e-02  5.00053259e+00 
 1.21130590e-02  5.00053286e+00 
 1.21230590e-02  5.00053314e+00 
 1.21330590e-02  5.00053341e+00 
 1.21430590e-02  5.00053367e+00 
 1.21530590e-02  5.00053394e+00 
 1.21630590e-02  5.00053420e+00 
 1.21730590e-02  5.00053446e+00 
 1.21830590e-02  5.00053472e+00 
 1.21930590e-02  5.00053497e+00 
 1.22030590e-02  5.00053522e+00 
 1.22130590e-02  5.00053547e+00 
 1.22230590e-02  5.00053572e+00 
 1.22330590e-02  5.00053597e+00 
 1.22430590e-02  5.00053621e+00 
 1.22530590e-02  5.00053645e+00 
 1.22630590e-02  5.00053669e+00 
 1.22730590e-02  5.00053692e+00 
 1.22830590e-02  5.00053715e+00 
 1.22930590e-02  5.00053738e+00 
 1.23030590e-02  5.00053761e+00 
 1.23130590e-02  5.00053784e+00 
 1.23230590e-02  5.00053806e+00 
 1.23330590e-02  5.00053828e+00 
 1.23430590e-02  5.00053850e+00 
 1.23530590e-02  5.00053872e+00 
 1.23630590e-02  5.00053893e+00 
 1.23730590e-02  5.00053915e+00 
 1.23830590e-02  5.00053936e+00 
 1.23930590e-02  5.00053957e+00 
 1.24030590e-02  5.00053977e+00 
 1.24130590e-02  5.00053998e+00 
 1.24230590e-02  5.00054018e+00 
 1.24330590e-02  5.00054038e+00 
 1.24430590e-02  5.00054058e+00 
 1.24530590e-02  5.00054077e+00 
 1.24630590e-02  5.00054097e+00 
 1.24730590e-02  5.00054116e+00 
 1.24830590e-02  5.00054135e+00 
 1.24930590e-02  5.00054154e+00 
 1.25030590e-02  5.00054173e+00 
 1.25130590e-02  5.00054191e+00 
 1.25230590e-02  5.00054210e+00 
 1.25330590e-02  5.00054228e+00 
 1.25430590e-02  5.00054246e+00 
 1.25530590e-02  5.00054263e+00 
 1.25630590e-02  5.00054281e+00 
 1.25730590e-02  5.00054298e+00 
 1.25830590e-02  5.00054316e+00 
 1.25930590e-02  5.00054333e+00 
 1.26030590e-02  5.00054350e+00 
 1.26130590e-02  5.00054366e+00 
 1.26230590e-02  5.00054383e+00 
 1.26330590e-02  5.00054399e+00 
 1.26430590e-02  5.00054416e+00 
 1.26530590e-02  5.00054432e+00 
 1.26630590e-02  5.00054448e+00 
 1.26730590e-02  5.00054463e+00 
 1.26830590e-02  5.00054479e+00 
 1.26930590e-02  5.00054494e+00 
 1.27030590e-02  5.00054510e+00 
 1.27130590e-02  5.00054525e+00 
 1.27230590e-02  5.00054540e+00 
 1.27330590e-02  5.00054555e+00 
 1.27430590e-02  5.00054569e+00 
 1.27530590e-02  5.00054584e+00 
 1.27630590e-02  5.00054598e+00 
 1.27730590e-02  5.00054613e+00 
 1.27830590e-02  5.00054627e+00 
 1.27930590e-02  5.00054641e+00 
 1.28030590e-02  5.00054655e+00 
 1.28130590e-02  5.00054668e+00 
 1.28230590e-02  5.00054682e+00 
 1.28330590e-02  5.00054695e+00 
 1.28430590e-02  5.00054709e+00 
 1.28530590e-02  5.00054722e+00 
 1.28630590e-02  5.00054735e+00 
 1.28730590e-02  5.00054748e+00 
 1.28830590e-02  5.00054760e+00 
 1.28930590e-02  5.00054773e+00 
 1.29030590e-02  5.00054786e+00 
 1.29130590e-02  5.00054798e+00 
 1.29230590e-02  5.00054810e+00 
 1.29330590e-02  5.00054822e+00 
 1.29430590e-02  5.00054834e+00 
 1.29530590e-02  5.00054846e+00 
 1.29630590e-02  5.00054858e+00 
 1.29730590e-02  5.00054870e+00 
 1.29830590e-02  5.00054881e+00 
 1.29930590e-02  5.00054893e+00 
 1.30030590e-02  5.00054904e+00 
 1.30130590e-02  5.00054915e+00 
 1.30230590e-02  5.00054926e+00 
 1.30330590e-02  5.00054937e+00 
 1.30430590e-02  5.00054948e+00 
 1.30530590e-02  5.00054959e+00 
 1.30630590e-02  5.00054970e+00 
 1.30730590e-02  5.00054980e+00 
 1.30830590e-02  5.00054991e+00 
 1.30930590e-02  5.00055001e+00 
 1.31030590e-02  5.00055011e+00 
 1.31130590e-02  5.00055022e+00 
 1.31230590e-02  5.00055032e+00 
 1.31330590e-02  5.00055042e+00 
 1.31430590e-02  5.00055051e+00 
 1.31530590e-02  5.00055061e+00 
 1.31630590e-02  5.00055071e+00 
 1.31730590e-02  5.00055080e+00 
 1.31830590e-02  5.00055090e+00 
 1.31930590e-02  5.00055099e+00 
 1.32030590e-02  5.00055108e+00 
 1.32130590e-02  5.00055118e+00 
 1.32230590e-02  5.00055127e+00 
 1.32330590e-02  5.00055136e+00 
 1.32430590e-02  5.00055145e+00 
 1.32530590e-02  5.00055154e+00 
 1.32630590e-02  5.00055162e+00 
 1.32730590e-02  5.00055171e+00 
 1.32830590e-02  5.00055179e+00 
 1.32930590e-02  5.00055188e+00 
 1.33030590e-02  5.00055196e+00 
 1.33130590e-02  5.00055205e+00 
 1.33230590e-02  5.00055213e+00 
 1.33330590e-02  5.00055221e+00 
 1.33430590e-02  5.00055229e+00 
 1.33530590e-02  5.00055237e+00 
 1.33630590e-02  5.00055245e+00 
 1.33730590e-02  5.00055253e+00 
 1.33830590e-02  5.00055261e+00 
 1.33930590e-02  5.00055268e+00 
 1.34030590e-02  5.00055276e+00 
 1.34130590e-02  5.00055283e+00 
 1.34230590e-02  5.00055291e+00 
 1.34330590e-02  5.00055298e+00 
 1.34430590e-02  5.00055305e+00 
 1.34530590e-02  5.00055313e+00 
 1.34630590e-02  5.00055320e+00 
 1.34730590e-02  5.00055327e+00 
 1.34830590e-02  5.00055334e+00 
 1.34930590e-02  5.00055341e+00 
 1.35030590e-02  5.00055348e+00 
 1.35130590e-02  5.00055355e+00 
 1.35230590e-02  5.00055361e+00 
 1.35330590e-02  5.00055368e+00 
 1.35430590e-02  5.00055375e+00 
 1.35530590e-02  5.00055381e+00 
 1.35630590e-02  5.00055388e+00 
 1.35730590e-02  5.00055394e+00 
 1.35830590e-02  5.00055400e+00 
 1.35930590e-02  5.00055407e+00 
 1.36030590e-02  5.00055413e+00 
 1.36130590e-02  5.00055419e+00 
 1.36230590e-02  5.00055425e+00 
 1.36330590e-02  5.00055431e+00 
 1.36430590e-02  5.00055437e+00 
 1.36530590e-02  5.00055443e+00 
 1.36630590e-02  5.00055449e+00 
 1.36730590e-02  5.00055455e+00 
 1.36830590e-02  5.00055460e+00 
 1.36930590e-02  5.00055466e+00 
 1.37030590e-02  5.00055472e+00 
 1.37130590e-02  5.00055477e+00 
 1.37230590e-02  5.00055483e+00 
 1.37330590e-02  5.00055488e+00 
 1.37430590e-02  5.00055494e+00 
 1.37530590e-02  5.00055499e+00 
 1.37630590e-02  5.00055504e+00 
 1.37730590e-02  5.00055510e+00 
 1.37830590e-02  5.00055515e+00 
 1.37930590e-02  5.00055520e+00 
 1.38030590e-02  5.00055525e+00 
 1.38130590e-02  5.00055530e+00 
 1.38230590e-02  5.00055535e+00 
 1.38330590e-02  5.00055540e+00 
 1.38430590e-02  5.00055545e+00 
 1.38530590e-02  5.00055550e+00 
 1.38630590e-02  5.00055554e+00 
 1.38730590e-02  5.00055559e+00 
 1.38830590e-02  5.00055564e+00 
 1.38930590e-02  5.00055569e+00 
 1.39030590e-02  5.00055573e+00 
 1.39130590e-02  5.00055578e+00 
 1.39230590e-02  5.00055582e+00 
 1.39330590e-02  5.00055587e+00 
 1.39430590e-02  5.00055591e+00 
 1.39530590e-02  5.00055596e+00 
 1.39630590e-02  5.00055600e+00 
 1.39730590e-02  5.00055604e+00 
 1.39830590e-02  5.00055608e+00 
 1.39930590e-02  5.00055613e+00 
 1.40030590e-02  5.00055617e+00 
 1.40130590e-02  5.00055621e+00 
 1.40230590e-02  5.00055625e+00 
 1.40330590e-02  5.00055629e+00 
 1.40430590e-02  5.00055633e+00 
 1.40530590e-02  5.00055637e+00 
 1.40630590e-02  5.00055641e+00 
 1.40730590e-02  5.00055645e+00 
 1.40830590e-02  5.00055649e+00 
 1.40930590e-02  5.00055652e+00 
 1.41030590e-02  5.00055656e+00 
 1.41130590e-02  5.00055660e+00 
 1.41230590e-02  5.00055664e+00 
 1.41330590e-02  5.00055667e+00 
 1.41430590e-02  5.00055671e+00 
 1.41530590e-02  5.00055675e+00 
 1.41630590e-02  5.00055678e+00 
 1.41730590e-02  5.00055682e+00 
 1.41830590e-02  5.00055685e+00 
 1.41930590e-02  5.00055689e+00 
 1.42030590e-02  5.00055692e+00 
 1.42130590e-02  5.00055695e+00 
 1.42230590e-02  5.00055699e+00 
 1.42330590e-02  5.00055702e+00 
 1.42430590e-02  5.00055705e+00 
 1.42530590e-02  5.00055709e+00 
 1.42630590e-02  5.00055712e+00 
 1.42730590e-02  5.00055715e+00 
 1.42830590e-02  5.00055718e+00 
 1.42930590e-02  5.00055721e+00 
 1.43030590e-02  5.00055724e+00 
 1.43130590e-02  5.00055727e+00 
 1.43230590e-02  5.00055730e+00 
 1.43330590e-02  5.00055733e+00 
 1.43430590e-02  5.00055736e+00 
 1.43530590e-02  5.00055739e+00 
 1.43630590e-02  5.00055742e+00 
 1.43730590e-02  5.00055745e+00 
 1.43830590e-02  5.00055748e+00 
 1.43930590e-02  5.00055751e+00 
 1.44030590e-02  5.00055753e+00 
 1.44130590e-02  5.00055756e+00 
 1.44230590e-02  5.00055759e+00 
 1.44330590e-02  5.00055762e+00 
 1.44430590e-02  5.00055764e+00 
 1.44530590e-02  5.00055767e+00 
 1.44630590e-02  5.00055770e+00 
 1.44730590e-02  5.00055772e+00 
 1.44830590e-02  5.00055775e+00 
 1.44930590e-02  5.00055777e+00 
 1.45030590e-02  5.00055780e+00 
 1.45130590e-02  5.00055782e+00 
 1.45230590e-02  5.00055785e+00 
 1.45330590e-02  5.00055787e+00 
 1.45430590e-02  5.00055790e+00 
 1.45530590e-02  5.00055792e+00 
 1.45630590e-02  5.00055795e+00 
 1.45730590e-02  5.00055797e+00 
 1.45830590e-02  5.00055799e+00 
 1.45930590e-02  5.00055802e+00 
 1.46030590e-02  5.00055804e+00 
 1.46130590e-02  5.00055806e+00 
 1.46230590e-02  5.00055808e+00 
 1.46330590e-02  5.00055811e+00 
 1.46430590e-02  5.00055813e+00 
 1.46530590e-02  5.00055815e+00 
 1.46630590e-02  5.00055817e+00 
 1.46730590e-02  5.00055819e+00 
 1.46830590e-02  5.00055821e+00 
 1.46930590e-02  5.00055823e+00 
 1.47030590e-02  5.00055826e+00 
 1.47130590e-02  5.00055828e+00 
 1.47230590e-02  5.00055830e+00 
 1.47330590e-02  5.00055832e+00 
 1.47430590e-02  5.00055834e+00 
 1.47530590e-02  5.00055836e+00 
 1.47630590e-02  5.00055838e+00 
 1.47730590e-02  5.00055839e+00 
 1.47830590e-02  5.00055841e+00 
 1.47930590e-02  5.00055843e+00 
 1.48030590e-02  5.00055845e+00 
 1.48130590e-02  5.00055847e+00 
 1.48230590e-02  5.00055849e+00 
 1.48330590e-02  5.00055851e+00 
 1.48430590e-02  5.00055852e+00 
 1.48530590e-02  5.00055854e+00 
 1.48630590e-02  5.00055856e+00 
 1.48730590e-02  5.00055858e+00 
 1.48830590e-02  5.00055859e+00 
 1.48930590e-02  5.00055861e+00 
 1.49030590e-02  5.00055863e+00 
 1.49130590e-02  5.00055865e+00 
 1.49230590e-02  5.00055866e+00 
 1.49330590e-02  5.00055868e+00 
 1.49430590e-02  5.00055869e+00 
 1.49530590e-02  5.00055871e+00 
 1.49630590e-02  5.00055873e+00 
 1.49730590e-02  5.00055874e+00 
 1.49830590e-02  5.00055876e+00 
 1.49930590e-02  5.00055877e+00 
 1.50030590e-02  5.00055879e+00 
 1.50130590e-02  5.00055880e+00 
 1.50230590e-02  5.00055882e+00 
 1.50330590e-02  5.00055883e+00 
 1.50430590e-02  5.00055885e+00 
 1.50530590e-02  5.00055886e+00 
 1.50630590e-02  5.00055888e+00 
 1.50730590e-02  5.00055889e+00 
 1.50830590e-02  5.00055891e+00 
 1.50930590e-02  5.00055892e+00 
 1.51030590e-02  5.00055893e+00 
 1.51130590e-02  5.00055895e+00 
 1.51230590e-02  5.00055896e+00 
 1.51330590e-02  5.00055898e+00 
 1.51430590e-02  5.00055899e+00 
 1.51530590e-02  5.00055900e+00 
 1.51630590e-02  5.00055901e+00 
 1.51730590e-02  5.00055903e+00 
 1.51830590e-02  5.00055904e+00 
 1.51930590e-02  5.00055905e+00 
 1.52030590e-02  5.00055907e+00 
 1.52130590e-02  5.00055908e+00 
 1.52230590e-02  5.00055909e+00 
 1.52330590e-02  5.00055910e+00 
 1.52430590e-02  5.00055911e+00 
 1.52530590e-02  5.00055913e+00 
 1.52630590e-02  5.00055914e+00 
 1.52730590e-02  5.00055915e+00 
 1.52830590e-02  5.00055916e+00 
 1.52930590e-02  5.00055917e+00 
 1.53030590e-02  5.00055918e+00 
 1.53130590e-02  5.00055920e+00 
 1.53230590e-02  5.00055921e+00 
 1.53330590e-02  5.00055922e+00 
 1.53430590e-02  5.00055923e+00 
 1.53530590e-02  5.00055924e+00 
 1.53630590e-02  5.00055925e+00 
 1.53730590e-02  5.00055926e+00 
 1.53830590e-02  5.00055927e+00 
 1.53930590e-02  5.00055928e+00 
 1.54030590e-02  5.00055929e+00 
 1.54130590e-02  5.00055930e+00 
 1.54230590e-02  5.00055931e+00 
 1.54330590e-02  5.00055932e+00 
 1.54430590e-02  5.00055933e+00 
 1.54530590e-02  5.00055934e+00 
 1.54630590e-02  5.00055935e+00 
 1.54730590e-02  5.00055936e+00 
 1.54830590e-02  5.00055937e+00 
 1.54930590e-02  5.00055938e+00 
 1.55030590e-02  5.00055939e+00 
 1.55130590e-02  5.00055940e+00 
 1.55230590e-02  5.00055941e+00 
 1.55330590e-02  5.00055942e+00 
 1.55430590e-02  5.00055943e+00 
 1.55530590e-02  5.00055943e+00 
 1.55630590e-02  5.00055944e+00 
 1.55730590e-02  5.00055945e+00 
 1.55830590e-02  5.00055946e+00 
 1.55930590e-02  5.00055947e+00 
 1.56030590e-02  5.00055948e+00 
 1.56130590e-02  5.00055949e+00 
 1.56230590e-02  5.00055949e+00 
 1.56330590e-02  5.00055950e+00 
 1.56430590e-02  5.00055951e+00 
 1.56530590e-02  5.00055952e+00 
 1.56630590e-02  5.00055953e+00 
 1.56730590e-02  5.00055953e+00 
 1.56830590e-02  5.00055954e+00 
 1.56930590e-02  5.00055955e+00 
 1.57030590e-02  5.00055956e+00 
 1.57130590e-02  5.00055956e+00 
 1.57230590e-02  5.00055957e+00 
 1.57330590e-02  5.00055958e+00 
 1.57430590e-02  5.00055959e+00 
 1.57530590e-02  5.00055959e+00 
 1.57630590e-02  5.00055960e+00 
 1.57730590e-02  5.00055961e+00 
 1.57830590e-02  5.00055962e+00 
 1.57930590e-02  5.00055962e+00 
 1.58030590e-02  5.00055963e+00 
 1.58130590e-02  5.00055964e+00 
 1.58230590e-02  5.00055964e+00 
 1.58330590e-02  5.00055965e+00 
 1.58430590e-02  5.00055966e+00 
 1.58530590e-02  5.00055966e+00 
 1.58630590e-02  5.00055967e+00 
 1.58730590e-02  5.00055968e+00 
 1.58830590e-02  5.00055968e+00 
 1.58930590e-02  5.00055969e+00 
 1.59030590e-02  5.00055969e+00 
 1.59130590e-02  5.00055970e+00 
 1.59230590e-02  5.00055971e+00 
 1.59330590e-02  5.00055971e+00 
 1.59430590e-02  5.00055972e+00 
 1.59530590e-02  5.00055972e+00 
 1.59630590e-02  5.00055973e+00 
 1.59730590e-02  5.00055974e+00 
 1.59830590e-02  5.00055974e+00 
 1.59930590e-02  5.00055975e+00 
 1.60030590e-02  5.00055975e+00 
 1.60130590e-02  5.00055976e+00 
 1.60230590e-02  5.00055976e+00 
 1.60330590e-02  5.00055977e+00 
 1.60430590e-02  5.00055978e+00 
 1.60530590e-02  5.00055978e+00 
 1.60630590e-02  5.00055979e+00 
 1.60730590e-02  5.00055979e+00 
 1.60830590e-02  5.00055980e+00 
 1.60930590e-02  5.00055980e+00 
 1.61030590e-02  5.00055981e+00 
 1.61130590e-02  5.00055981e+00 
 1.61230590e-02  5.00055982e+00 
 1.61330590e-02  5.00055982e+00 
 1.61430590e-02  5.00055983e+00 
 1.61530590e-02  5.00055983e+00 
 1.61630590e-02  5.00055984e+00 
 1.61730590e-02  5.00055984e+00 
 1.61830590e-02  5.00055985e+00 
 1.61930590e-02  5.00055985e+00 
 1.62030590e-02  5.00055986e+00 
 1.62130590e-02  5.00055986e+00 
 1.62230590e-02  5.00055986e+00 
 1.62330590e-02  5.00055987e+00 
 1.62430590e-02  5.00055987e+00 
 1.62530590e-02  5.00055988e+00 
 1.62630590e-02  5.00055988e+00 
 1.62730590e-02  5.00055989e+00 
 1.62830590e-02  5.00055989e+00 
 1.62930590e-02  5.00055989e+00 
 1.63030590e-02  5.00055990e+00 
 1.63130590e-02  5.00055990e+00 
 1.63230590e-02  5.00055991e+00 
 1.63330590e-02  5.00055991e+00 
 1.63430590e-02  5.00055992e+00 
 1.63530590e-02  5.00055992e+00 
 1.63630590e-02  5.00055992e+00 
 1.63730590e-02  5.00055993e+00 
 1.63830590e-02  5.00055993e+00 
 1.63930590e-02  5.00055993e+00 
 1.64030590e-02  5.00055994e+00 
 1.64130590e-02  5.00055994e+00 
 1.64230590e-02  5.00055995e+00 
 1.64330590e-02  5.00055995e+00 
 1.64430590e-02  5.00055995e+00 
 1.64530590e-02  5.00055996e+00 
 1.64630590e-02  5.00055996e+00 
 1.64730590e-02  5.00055996e+00 
 1.64830590e-02  5.00055997e+00 
 1.64930590e-02  5.00055997e+00 
 1.65030590e-02  5.00055997e+00 
 1.65130590e-02  5.00055998e+00 
 1.65230590e-02  5.00055998e+00 
 1.65330590e-02  5.00055998e+00 
 1.65430590e-02  5.00055999e+00 
 1.65530590e-02  5.00055999e+00 
 1.65630590e-02  5.00055999e+00 
 1.65730590e-02  5.00056000e+00 
 1.65830590e-02  5.00056000e+00 
 1.65930590e-02  5.00056000e+00 
 1.66030590e-02  5.00056001e+00 
 1.66130590e-02  5.00056001e+00 
 1.66230590e-02  5.00056001e+00 
 1.66330590e-02  5.00056002e+00 
 1.66430590e-02  5.00056002e+00 
 1.66530590e-02  5.00056002e+00 
 1.66630590e-02  5.00056002e+00 
 1.66730590e-02  5.00056003e+00 
 1.66830590e-02  5.00056003e+00 
 1.66930590e-02  5.00056003e+00 
 1.67030590e-02  5.00056004e+00 
 1.67130590e-02  5.00056004e+00 
 1.67230590e-02  5.00056004e+00 
 1.67330590e-02  5.00056004e+00 
 1.67430590e-02  5.00056005e+00 
 1.67530590e-02  5.00056005e+00 
 1.67630590e-02  5.00056005e+00 
 1.67730590e-02  5.00056006e+00 
 1.67830590e-02  5.00056006e+00 
 1.67930590e-02  5.00056006e+00 
 1.68030590e-02  5.00056006e+00 
 1.68130590e-02  5.00056007e+00 
 1.68230590e-02  5.00056007e+00 
 1.68330590e-02  5.00056007e+00 
 1.68430590e-02  5.00056007e+00 
 1.68530590e-02  5.00056008e+00 
 1.68630590e-02  5.00056008e+00 
 1.68730590e-02  5.00056008e+00 
 1.68830590e-02  5.00056008e+00 
 1.68930590e-02  5.00056008e+00 
 1.69030590e-02  5.00056009e+00 
 1.69130590e-02  5.00056009e+00 
 1.69230590e-02  5.00056009e+00 
 1.69330590e-02  5.00056009e+00 
 1.69430590e-02  5.00056010e+00 
 1.69530590e-02  5.00056010e+00 
 1.69630590e-02  5.00056010e+00 
 1.69730590e-02  5.00056010e+00 
 1.69830590e-02  5.00056010e+00 
 1.69930590e-02  5.00056011e+00 
 1.70030590e-02  5.00056011e+00 
 1.70130590e-02  5.00056011e+00 
 1.70230590e-02  5.00056011e+00 
 1.70330590e-02  5.00056011e+00 
 1.70430590e-02  5.00056012e+00 
 1.70530590e-02  5.00056012e+00 
 1.70630590e-02  5.00056012e+00 
 1.70730590e-02  5.00056012e+00 
 1.70830590e-02  5.00056012e+00 
 1.70930590e-02  5.00056013e+00 
 1.71030590e-02  5.00056013e+00 
 1.71130590e-02  5.00056013e+00 
 1.71230590e-02  5.00056013e+00 
 1.71330590e-02  5.00056013e+00 
 1.71430590e-02  5.00056014e+00 
 1.71530590e-02  5.00056014e+00 
 1.71630590e-02  5.00056014e+00 
 1.71730590e-02  5.00056014e+00 
 1.71830590e-02  5.00056014e+00 
 1.71930590e-02  5.00056014e+00 
 1.72030590e-02  5.00056015e+00 
 1.72130590e-02  5.00056015e+00 
 1.72230590e-02  5.00056015e+00 
 1.72330590e-02  5.00056015e+00 
 1.72430590e-02  5.00056015e+00 
 1.72530590e-02  5.00056015e+00 
 1.72630590e-02  5.00056016e+00 
 1.72730590e-02  5.00056016e+00 
 1.72830590e-02  5.00056016e+00 
 1.72930590e-02  5.00056016e+00 
 1.73030590e-02  5.00056016e+00 
 1.73130590e-02  5.00056016e+00 
 1.73230590e-02  5.00056017e+00 
 1.73330590e-02  5.00056017e+00 
 1.73430590e-02  5.00056017e+00 
 1.73530590e-02  5.00056017e+00 
 1.73630590e-02  5.00056017e+00 
 1.73730590e-02  5.00056017e+00 
 1.73830590e-02  5.00056017e+00 
 1.73930590e-02  5.00056018e+00 
 1.74030590e-02  5.00056018e+00 
 1.74130590e-02  5.00056018e+00 
 1.74230590e-02  5.00056018e+00 
 1.74330590e-02  5.00056018e+00 
 1.74430590e-02  5.00056018e+00 
 1.74530590e-02  5.00056018e+00 
 1.74630590e-02  5.00056018e+00 
 1.74730590e-02  5.00056019e+00 
 1.74830590e-02  5.00056019e+00 
 1.74930590e-02  5.00056019e+00 
 1.75030590e-02  5.00056019e+00 
 1.75130590e-02  5.00056019e+00 
 1.75230590e-02  5.00056019e+00 
 1.75330590e-02  5.00056019e+00 
 1.75430590e-02  5.00056019e+00 
 1.75530590e-02  5.00056020e+00 
 1.75630590e-02  5.00056020e+00 
 1.75730590e-02  5.00056020e+00 
 1.75830590e-02  5.00056020e+00 
 1.75930590e-02  5.00056020e+00 
 1.76030590e-02  5.00056020e+00 
 1.76130590e-02  5.00056020e+00 
 1.76230590e-02  5.00056020e+00 
 1.76330590e-02  5.00056020e+00 
 1.76430590e-02  5.00056021e+00 
 1.76530590e-02  5.00056021e+00 
 1.76630590e-02  5.00056021e+00 
 1.76730590e-02  5.00056021e+00 
 1.76830590e-02  5.00056021e+00 
 1.76930590e-02  5.00056021e+00 
 1.77030590e-02  5.00056021e+00 
 1.77130590e-02  5.00056021e+00 
 1.77230590e-02  5.00056021e+00 
 1.77330590e-02  5.00056022e+00 
 1.77430590e-02  5.00056022e+00 
 1.77530590e-02  5.00056022e+00 
 1.77630590e-02  5.00056022e+00 
 1.77730590e-02  5.00056022e+00 
 1.77830590e-02  5.00056022e+00 
 1.77930590e-02  5.00056022e+00 
 1.78030590e-02  5.00056022e+00 
 1.78130590e-02  5.00056022e+00 
 1.78230590e-02  5.00056022e+00 
 1.78330590e-02  5.00056022e+00 
 1.78430590e-02  5.00056023e+00 
 1.78530590e-02  5.00056023e+00 
 1.78630590e-02  5.00056023e+00 
 1.78730590e-02  5.00056023e+00 
 1.78830590e-02  5.00056023e+00 
 1.78930590e-02  5.00056023e+00 
 1.79030590e-02  5.00056023e+00 
 1.79130590e-02  5.00056023e+00 
 1.79230590e-02  5.00056023e+00 
 1.79330590e-02  5.00056023e+00 
 1.79430590e-02  5.00056023e+00 
 1.79530590e-02  5.00056024e+00 
 1.79630590e-02  5.00056024e+00 
 1.79730590e-02  5.00056024e+00 
 1.79830590e-02  5.00056024e+00 
 1.79930590e-02  5.00056024e+00 
 1.80030590e-02  5.00056024e+00 
 1.80130590e-02  5.00056024e+00 
 1.80230590e-02  5.00056024e+00 
 1.80330590e-02  5.00056024e+00 
 1.80430590e-02  5.00056024e+00 
 1.80530590e-02  5.00056024e+00 
 1.80630590e-02  5.00056024e+00 
 1.80730590e-02  5.00056024e+00 
 1.80830590e-02  5.00056024e+00 
 1.80930590e-02  5.00056025e+00 
 1.81030590e-02  5.00056025e+00 
 1.81130590e-02  5.00056025e+00 
 1.81230590e-02  5.00056025e+00 
 1.81330590e-02  5.00056025e+00 
 1.81430590e-02  5.00056025e+00 
 1.81530590e-02  5.00056025e+00 
 1.81630590e-02  5.00056025e+00 
 1.81730590e-02  5.00056025e+00 
 1.81830590e-02  5.00056025e+00 
 1.81930590e-02  5.00056025e+00 
 1.82030590e-02  5.00056025e+00 
 1.82130590e-02  5.00056025e+00 
 1.82230590e-02  5.00056025e+00 
 1.82330590e-02  5.00056025e+00 
 1.82430590e-02  5.00056026e+00 
 1.82530590e-02  5.00056026e+00 
 1.82630590e-02  5.00056026e+00 
 1.82730590e-02  5.00056026e+00 
 1.82830590e-02  5.00056026e+00 
 1.82930590e-02  5.00056026e+00 
 1.83030590e-02  5.00056026e+00 
 1.83130590e-02  5.00056026e+00 
 1.83230590e-02  5.00056026e+00 
 1.83330590e-02  5.00056026e+00 
 1.83430590e-02  5.00056026e+00 
 1.83530590e-02  5.00056026e+00 
 1.83630590e-02  5.00056026e+00 
 1.83730590e-02  5.00056026e+00 
 1.83830590e-02  5.00056026e+00 
 1.83930590e-02  5.00056026e+00 
 1.84030590e-02  5.00056026e+00 
 1.84130590e-02  5.00056026e+00 
 1.84230590e-02  5.00056027e+00 
 1.84330590e-02  5.00056027e+00 
 1.84430590e-02  5.00056027e+00 
 1.84530590e-02  5.00056027e+00 
 1.84630590e-02  5.00056027e+00 
 1.84730590e-02  5.00056027e+00 
 1.84830590e-02  5.00056027e+00 
 1.84930590e-02  5.00056027e+00 
 1.85030590e-02  5.00056027e+00 
 1.85130590e-02  5.00056027e+00 
 1.85230590e-02  5.00056027e+00 
 1.85330590e-02  5.00056027e+00 
 1.85430590e-02  5.00056027e+00 
 1.85530590e-02  5.00056027e+00 
 1.85630590e-02  5.00056027e+00 
 1.85730590e-02  5.00056027e+00 
 1.85830590e-02  5.00056027e+00 
 1.85930590e-02  5.00056027e+00 
 1.86030590e-02  5.00056027e+00 
 1.86130590e-02  5.00056027e+00 
 1.86230590e-02  5.00056027e+00 
 1.86330590e-02  5.00056027e+00 
 1.86430590e-02  5.00056027e+00 
 1.86530590e-02  5.00056028e+00 
 1.86630590e-02  5.00056028e+00 
 1.86730590e-02  5.00056028e+00 
 1.86830590e-02  5.00056028e+00 
 1.86930590e-02  5.00056028e+00 
 1.87030590e-02  5.00056028e+00 
 1.87130590e-02  5.00056028e+00 
 1.87230590e-02  5.00056028e+00 
 1.87330590e-02  5.00056028e+00 
 1.87430590e-02  5.00056028e+00 
 1.87530590e-02  5.00056028e+00 
 1.87630590e-02  5.00056028e+00 
 1.87730590e-02  5.00056028e+00 
 1.87830590e-02  5.00056028e+00 
 1.87930590e-02  5.00056028e+00 
 1.88030590e-02  5.00056028e+00 
 1.88130590e-02  5.00056028e+00 
 1.88230590e-02  5.00056028e+00 
 1.88330590e-02  5.00056028e+00 
 1.88430590e-02  5.00056028e+00 
 1.88530590e-02  5.00056028e+00 
 1.88630590e-02  5.00056028e+00 
 1.88730590e-02  5.00056028e+00 
 1.88830590e-02  5.00056028e+00 
 1.88930590e-02  5.00056028e+00 
 1.89030590e-02  5.00056028e+00 
 1.89130590e-02  5.00056028e+00 
 1.89230590e-02  5.00056028e+00 
 1.89330590e-02  5.00056028e+00 
 1.89430590e-02  5.00056029e+00 
 1.89530590e-02  5.00056029e+00 
 1.89630590e-02  5.00056029e+00 
 1.89730590e-02  5.00056029e+00 
 1.89830590e-02  5.00056029e+00 
 1.89930590e-02  5.00056029e+00 
 1.90030590e-02  5.00056029e+00 
 1.90130590e-02  5.00056029e+00 
 1.90230590e-02  5.00056029e+00 
 1.90330590e-02  5.00056029e+00 
 1.90430590e-02  5.00056029e+00 
 1.90530590e-02  5.00056029e+00 
 1.90630590e-02  5.00056029e+00 
 1.90730590e-02  5.00056029e+00 
 1.90830590e-02  5.00056029e+00 
 1.90930590e-02  5.00056029e+00 
 1.91030590e-02  5.00056029e+00 
 1.91130590e-02  5.00056029e+00 
 1.91230590e-02  5.00056029e+00 
 1.91330590e-02  5.00056029e+00 
 1.91430590e-02  5.00056029e+00 
 1.91530590e-02  5.00056029e+00 
 1.91630590e-02  5.00056029e+00 
 1.91730590e-02  5.00056029e+00 
 1.91830590e-02  5.00056029e+00 
 1.91930590e-02  5.00056029e+00 
 1.92030590e-02  5.00056029e+00 
 1.92130590e-02  5.00056029e+00 
 1.92230590e-02  5.00056029e+00 
 1.92330590e-02  5.00056029e+00 
 1.92430590e-02  5.00056029e+00 
 1.92530590e-02  5.00056029e+00 
 1.92630590e-02  5.00056029e+00 
 1.92730590e-02  5.00056029e+00 
 1.92830590e-02  5.00056029e+00 
 1.92930590e-02  5.00056029e+00 
 1.93030590e-02  5.00056029e+00 
 1.93130590e-02  5.00056029e+00 
 1.93230590e-02  5.00056029e+00 
 1.93330590e-02  5.00056029e+00 
 1.93430590e-02  5.00056030e+00 
 1.93530590e-02  5.00056030e+00 
 1.93630590e-02  5.00056030e+00 
 1.93730590e-02  5.00056030e+00 
 1.93830590e-02  5.00056030e+00 
 1.93930590e-02  5.00056030e+00 
 1.94030590e-02  5.00056030e+00 
 1.94130590e-02  5.00056030e+00 
 1.94230590e-02  5.00056030e+00 
 1.94330590e-02  5.00056030e+00 
 1.94430590e-02  5.00056030e+00 
 1.94530590e-02  5.00056030e+00 
 1.94630590e-02  5.00056030e+00 
 1.94730590e-02  5.00056030e+00 
 1.94830590e-02  5.00056030e+00 
 1.94930590e-02  5.00056030e+00 
 1.95030590e-02  5.00056030e+00 
 1.95130590e-02  5.00056030e+00 
 1.95230590e-02  5.00056030e+00 
 1.95330590e-02  5.00056030e+00 
 1.95430590e-02  5.00056030e+00 
 1.95530590e-02  5.00056030e+00 
 1.95630590e-02  5.00056030e+00 
 1.95730590e-02  5.00056030e+00 
 1.95830590e-02  5.00056030e+00 
 1.95930590e-02  5.00056030e+00 
 1.96030590e-02  5.00056030e+00 
 1.96130590e-02  5.00056030e+00 
 1.96230590e-02  5.00056030e+00 
 1.96330590e-02  5.00056030e+00 
 1.96430590e-02  5.00056030e+00 
 1.96530590e-02  5.00056030e+00 
 1.96630590e-02  5.00056030e+00 
 1.96730590e-02  5.00056030e+00 
 1.96830590e-02  5.00056030e+00 
 1.96930590e-02  5.00056030e+00 
 1.97030590e-02  5.00056030e+00 
 1.97130590e-02  5.00056030e+00 
 1.97230590e-02  5.00056030e+00 
 1.97330590e-02  5.00056030e+00 
 1.97430590e-02  5.00056030e+00 
 1.97530590e-02  5.00056030e+00 
 1.97630590e-02  5.00056030e+00 
 1.97730590e-02  5.00056030e+00 
 1.97830590e-02  5.00056030e+00 
 1.97930590e-02  5.00056030e+00 
 1.98030590e-02  5.00056030e+00 
 1.98130590e-02  5.00056030e+00 
 1.98230590e-02  5.00056030e+00 
 1.98330590e-02  5.00056030e+00 
 1.98430590e-02  5.00056030e+00 
 1.98530590e-02  5.00056030e+00 
 1.98630590e-02  5.00056030e+00 
 1.98730590e-02  5.00056030e+00 
 1.98830590e-02  5.00056030e+00 
 1.98930590e-02  5.00056030e+00 
 1.99030590e-02  5.00056030e+00 
 1.99130590e-02  5.00056030e+00 
 1.99230590e-02  5.00056030e+00 
 1.99330590e-02  5.00056030e+00 
 1.99430590e-02  5.00056030e+00 
 1.99530590e-02  5.00056030e+00 
 1.99630590e-02  5.00056030e+00 
 1.99730590e-02  5.00056030e+00 
 1.99830590e-02  5.00056030e+00 
 1.99930590e-02  5.00056030e+00 
 2.00000000e-02  5.00056030e+00 
