 5.00000000e-09  4.99558692e-09 
 5.15026471e-09  5.09473663e-09 
 5.45079414e-09  5.28010737e-09 
 6.05185299e-09  5.62171045e-09 
 6.89791083e-09  6.05900073e-09 
 8.17734755e-09  6.64294806e-09 
 1.07362210e-08  7.63756805e-09 
 1.32296150e-08  8.56422480e-09 
 1.58754505e-08  9.50544105e-09 
 1.88166003e-08  1.04876723e-08 
 2.18890567e-08  1.15053568e-08 
 2.46350228e-08  1.23919066e-08 
 2.75643795e-08  1.33058809e-08 
 3.19183909e-08  1.46501110e-08 
 3.62910802e-08  1.60090774e-08 
 4.41215825e-08  1.84833778e-08 
 5.57188463e-08  2.22412952e-08 
 7.41897569e-08  2.84325421e-08 
 1.11131578e-07  4.14078887e-08 
 1.85015220e-07  6.87863234e-08 
 2.75779503e-07  1.03560837e-07 
 3.86916560e-07  1.46284272e-07 
 5.00000000e-07  1.89120598e-07 
 5.14252010e-07  1.94464251e-07 
 5.42756029e-07  2.05108169e-07 
 5.99764068e-07  2.26209719e-07 
 6.37042104e-07  2.39879634e-07 
 6.84266200e-07  2.57058711e-07 
 7.04461120e-07  2.64358972e-07 
 7.15353025e-07  2.68284993e-07 
 7.23088496e-07  2.71068521e-07 
 7.28794221e-07  2.73119158e-07 
 7.35476671e-07  2.75518134e-07 
 7.48349465e-07  2.80131251e-07 
 7.70535988e-07  2.88056908e-07 
 8.09763737e-07  3.01992667e-07 
 8.60784827e-07  3.19975621e-07 
 9.52257604e-07  3.51830514e-07 
 1.00000000e-06  3.68235971e-07 
 1.01128167e-06  3.72085748e-07 
 1.03384502e-06  3.79758436e-07 
 1.07897172e-06  3.94969276e-07 
 1.16922512e-06  4.24766884e-07 
 1.30174482e-06  4.66548165e-07 
 1.41453566e-06  4.99199357e-07 
 1.52551892e-06  5.27615972e-07 
 1.69955575e-06  5.64687792e-07 
 1.86410145e-06  5.94184669e-07 
 2.05348039e-06  6.38911379e-07 
 2.20199179e-06  8.18578431e-07 
 2.29836643e-06  1.34443095e-06 
 2.37028701e-06  2.51656627e-06 
 2.43338531e-06  5.08357607e-06 
 2.49453777e-06  1.09383035e-05 
 2.54903309e-06  2.25626967e-05 
 2.58472700e-06  3.37642636e-05 
 2.60561437e-06  3.90914263e-05 
 2.61938453e-06  4.13615614e-05 
 2.63249551e-06  4.26125240e-05 
 2.64439317e-06  4.32520619e-05 
 2.65517512e-06  4.36218099e-05 
 2.66903561e-06  4.40203566e-05 
 2.68291381e-06  4.45111161e-05 
 2.69545901e-06  4.52349495e-05 
 2.70553477e-06  4.61872710e-05 
 2.71446267e-06  4.74164922e-05 
 2.72600247e-06  4.94601687e-05 
 2.73796236e-06  5.16713148e-05 
 2.75072707e-06  5.35745373e-05 
 2.76317645e-06  5.47711283e-05 
 2.77736274e-06  5.55037402e-05 
 2.80180016e-06  5.60772246e-05 
 2.84361677e-06  5.64950326e-05 
 2.90146528e-06  5.67462318e-05 
 3.01716230e-06  5.70041422e-05 
 3.12258164e-06  5.71203462e-05 
 3.27373253e-06  5.72182812e-05 
 3.44600187e-06  5.72934207e-05 
 3.60322385e-06  5.73483280e-05 
 3.85500044e-06  5.74299720e-05 
 4.13097100e-06  5.75170828e-05 
 4.68291210e-06  5.76893946e-05 
 5.45322332e-06  5.79263319e-05 
 6.19112032e-06  5.81498922e-05 
 7.41824017e-06  5.85160895e-05 
 8.74940091e-06  5.88798471e-05 
 1.00000000e-05  6.59598219e-05 
 1.00339000e-05  6.63523550e-05 
 1.01017001e-05  6.81866063e-05 
 1.01607901e-05  7.46364073e-05 
 1.02120686e-05  9.38888226e-05 
 1.02609676e-05  1.45875944e-04 
 1.03189476e-05  3.03411311e-04 
 1.03739756e-05  6.06786997e-04 
 1.04518744e-05  1.39741417e-03 
 1.05550372e-05  3.24477947e-03 
 1.07263724e-05  8.62369787e-03 
 1.08726245e-05  1.55594648e-02 
 1.09752335e-05  2.16794102e-02 
 1.10512485e-05  2.68452323e-02 
 1.11006872e-05  3.03101716e-02 
 1.11479079e-05  3.34595388e-02 
 1.11848826e-05  3.58556924e-02 
 1.12251186e-05  3.84603911e-02 
 1.12834485e-05  4.22555636e-02 
 1.13448300e-05  4.62555373e-02 
 1.14675929e-05  5.42362991e-02 
 1.16402625e-05  6.54081680e-02 
 1.19856017e-05  8.75008451e-02 
 1.23180091e-05  1.06721798e-01 
 1.26560190e-05  1.18820305e-01 
 1.29670440e-05  1.22862695e-01 
 1.32519550e-05  1.24055694e-01 
 1.36016455e-05  1.24570185e-01 
 1.39601920e-05  1.24741379e-01 
 1.42201027e-05  1.24773396e-01 
 1.44784974e-05  1.24779559e-01 
 1.47510794e-05  1.24777144e-01 
 1.50727539e-05  1.24770789e-01 
 1.53895568e-05  1.24763282e-01 
 1.58395933e-05  1.24752064e-01 
 1.66065285e-05  1.24732608e-01 
 1.81403990e-05  1.24693449e-01 
 2.12081400e-05  1.24614962e-01 
 2.63998654e-05  1.24482074e-01 
 3.16260466e-05  1.46559895e-01 
 3.51837420e-05  1.77313396e-01 
 3.91287904e-05  1.96406504e-01 
 4.35739792e-05  2.13481532e-01 
 4.86372923e-05  2.38298215e-01 
 5.73898645e-05  2.80720757e-01 
 6.73898645e-05  3.27232170e-01 
 7.73898645e-05  3.73667185e-01 
 8.73898645e-05  4.19704589e-01 
 9.73898645e-05  4.65233880e-01 
 1.07389864e-04  5.10318617e-01 
 1.17389864e-04  5.54958724e-01 
 1.27389864e-04  5.99153990e-01 
 1.37389864e-04  6.42909991e-01 
 1.47389864e-04  6.86232236e-01 
 1.57389864e-04  7.29123860e-01 
 1.67389864e-04  7.71589380e-01 
 1.77389864e-04  8.13633132e-01 
 1.87389864e-04  8.55259258e-01 
 1.97389864e-04  8.96471897e-01 
 2.07389864e-04  9.37275149e-01 
 2.17389864e-04  9.77673078e-01 
 2.27389864e-04  1.01766971e+00 
 2.37389864e-04  1.05726899e+00 
 2.47389864e-04  1.09647489e+00 
 2.57389864e-04  1.13529101e+00 
 2.67389864e-04  1.17372178e+00 
 2.77389864e-04  1.21177078e+00 
 2.87389864e-04  1.24944174e+00 
 2.97389864e-04  1.28673844e+00 
 3.07389864e-04  1.32366458e+00 
 3.17389864e-04  1.36022383e+00 
 3.27389864e-04  1.39641985e+00 
 3.37389864e-04  1.43225622e+00 
 3.47389864e-04  1.46773652e+00 
 3.57389864e-04  1.50286429e+00 
 3.67389864e-04  1.53764300e+00 
 3.77389864e-04  1.57207614e+00 
 3.87389864e-04  1.60616713e+00 
 3.97389864e-04  1.63991936e+00 
 4.07389864e-04  1.67333620e+00 
 4.17389864e-04  1.70642096e+00 
 4.27389864e-04  1.73917696e+00 
 4.37389864e-04  1.77160744e+00 
 4.47389864e-04  1.80371564e+00 
 4.57389864e-04  1.83550477e+00 
 4.67389864e-04  1.86697797e+00 
 4.77389864e-04  1.89813840e+00 
 4.87389864e-04  1.92898915e+00 
 4.97389864e-04  1.95953329e+00 
 5.07389864e-04  1.98977388e+00 
 5.17389864e-04  2.01971392e+00 
 5.27389864e-04  2.04935640e+00 
 5.37389864e-04  2.07870427e+00 
 5.47389864e-04  2.10776045e+00 
 5.57389864e-04  2.13652785e+00 
 5.67389864e-04  2.16500932e+00 
 5.77389864e-04  2.19320770e+00 
 5.87389864e-04  2.22112582e+00 
 5.97389864e-04  2.24876644e+00 
 6.07389864e-04  2.27613232e+00 
 6.17389864e-04  2.30322620e+00 
 6.27389864e-04  2.33005077e+00 
 6.37389864e-04  2.35660870e+00 
 6.47389864e-04  2.38290265e+00 
 6.57389864e-04  2.40893523e+00 
 6.67389864e-04  2.43470904e+00 
 6.77389864e-04  2.46022665e+00 
 6.87389864e-04  2.48549060e+00 
 6.97389864e-04  2.51050342e+00 
 7.07389864e-04  2.53526759e+00 
 7.17389864e-04  2.55978558e+00 
 7.27389864e-04  2.58405985e+00 
 7.37389864e-04  2.60809281e+00 
 7.47389864e-04  2.63188685e+00 
 7.57389864e-04  2.65544435e+00 
 7.67389864e-04  2.67876766e+00 
 7.77389864e-04  2.70185911e+00 
 7.87389864e-04  2.72472100e+00 
 7.97389864e-04  2.74735560e+00 
 8.07389864e-04  2.76976518e+00 
 8.17389864e-04  2.79195197e+00 
 8.27389864e-04  2.81391818e+00 
 8.37389864e-04  2.83566600e+00 
 8.47389864e-04  2.85719761e+00 
 8.57389864e-04  2.87851516e+00 
 8.67389864e-04  2.89962076e+00 
 8.77389864e-04  2.92051652e+00 
 8.87389864e-04  2.94120453e+00 
 8.97389864e-04  2.96168685e+00 
 9.07389864e-04  2.98196553e+00 
 9.17389864e-04  3.00204259e+00 
 9.27389864e-04  3.02192002e+00 
 9.37389864e-04  3.04159982e+00 
 9.47389864e-04  3.06108395e+00 
 9.57389864e-04  3.08037435e+00 
 9.67389864e-04  3.09947295e+00 
 9.77389864e-04  3.11838165e+00 
 9.87389864e-04  3.13710234e+00 
 9.97389864e-04  3.15563689e+00 
 1.00738986e-03  3.17398714e+00 
 1.01738986e-03  3.19215493e+00 
 1.02738986e-03  3.21014207e+00 
 1.03738986e-03  3.22795036e+00 
 1.04738986e-03  3.24558157e+00 
 1.05738986e-03  3.26303746e+00 
 1.06738986e-03  3.28031978e+00 
 1.07738986e-03  3.29743025e+00 
 1.08738986e-03  3.31437057e+00 
 1.09738986e-03  3.33114245e+00 
 1.10738986e-03  3.34774754e+00 
 1.11738986e-03  3.36418751e+00 
 1.12738986e-03  3.38046400e+00 
 1.13738986e-03  3.39657864e+00 
 1.14738986e-03  3.41253303e+00 
 1.15738986e-03  3.42832877e+00 
 1.16738986e-03  3.44396743e+00 
 1.17738986e-03  3.45945057e+00 
 1.18738986e-03  3.47477974e+00 
 1.19738986e-03  3.48995647e+00 
 1.20738986e-03  3.50498228e+00 
 1.21738986e-03  3.51985870e+00 
 1.22738986e-03  3.53458714e+00 
 1.23738986e-03  3.54916911e+00 
 1.24738986e-03  3.56360606e+00 
 1.25738986e-03  3.57789944e+00 
 1.26738986e-03  3.59205067e+00 
 1.27738986e-03  3.60606114e+00 
 1.28738986e-03  3.61993230e+00 
 1.29738986e-03  3.63366553e+00 
 1.30738986e-03  3.64726216e+00 
 1.31738986e-03  3.66072358e+00 
 1.32738986e-03  3.67405113e+00 
 1.33738986e-03  3.68724612e+00 
 1.34738986e-03  3.70030989e+00 
 1.35738986e-03  3.71324374e+00 
 1.36738986e-03  3.72604895e+00 
 1.37738986e-03  3.73872681e+00 
 1.38738986e-03  3.75127861e+00 
 1.39738986e-03  3.76370554e+00 
 1.40738986e-03  3.77600888e+00 
 1.41738986e-03  3.78818986e+00 
 1.42738986e-03  3.80024969e+00 
 1.43738986e-03  3.81218958e+00 
 1.44738986e-03  3.82401069e+00 
 1.45738986e-03  3.83571425e+00 
 1.46738986e-03  3.84730141e+00 
 1.47738986e-03  3.85877333e+00 
 1.48738986e-03  3.87013115e+00 
 1.49738986e-03  3.88137600e+00 
 1.50738986e-03  3.89250901e+00 
 1.51738986e-03  3.90353129e+00 
 1.52738986e-03  3.91444394e+00 
 1.53738986e-03  3.92524805e+00 
 1.54738986e-03  3.93594471e+00 
 1.55738986e-03  3.94653497e+00 
 1.56738986e-03  3.95701990e+00 
 1.57738986e-03  3.96740054e+00 
 1.58738986e-03  3.97767793e+00 
 1.59738986e-03  3.98785309e+00 
 1.60738986e-03  3.99792706e+00 
 1.61738986e-03  4.00790082e+00 
 1.62738986e-03  4.01777537e+00 
 1.63738986e-03  4.02755171e+00 
 1.64738986e-03  4.03723081e+00 
 1.65738986e-03  4.04681363e+00 
 1.66738986e-03  4.05630113e+00 
 1.67738986e-03  4.06569427e+00 
 1.68738986e-03  4.07499397e+00 
 1.69738986e-03  4.08420118e+00 
 1.70738986e-03  4.09331679e+00 
 1.71738986e-03  4.10234174e+00 
 1.72738986e-03  4.11127692e+00 
 1.73738986e-03  4.12012322e+00 
 1.74738986e-03  4.12888153e+00 
 1.75738986e-03  4.13755272e+00 
 1.76738986e-03  4.14613765e+00 
 1.77738986e-03  4.15463719e+00 
 1.78738986e-03  4.16305219e+00 
 1.79738986e-03  4.17138348e+00 
 1.80738986e-03  4.17963189e+00 
 1.81738986e-03  4.18779826e+00 
 1.82738986e-03  4.19588340e+00 
 1.83738986e-03  4.20388811e+00 
 1.84738986e-03  4.21181320e+00 
 1.85738986e-03  4.21965945e+00 
 1.86738986e-03  4.22742765e+00 
 1.87738986e-03  4.23511858e+00 
 1.88738986e-03  4.24273301e+00 
 1.89738986e-03  4.25027169e+00 
 1.90738986e-03  4.25773538e+00 
 1.91738986e-03  4.26512483e+00 
 1.92738986e-03  4.27244077e+00 
 1.93738986e-03  4.27968393e+00 
 1.94738986e-03  4.28685505e+00 
 1.95738986e-03  4.29395482e+00 
 1.96738986e-03  4.30098398e+00 
 1.97738986e-03  4.30794320e+00 
 1.98738986e-03  4.31483320e+00 
 1.99738986e-03  4.32165466e+00 
 2.00738986e-03  4.32840827e+00 
 2.01738986e-03  4.33509469e+00 
 2.02738986e-03  4.34171460e+00 
 2.02863986e-03  4.34253690e+00 
 2.03113986e-03  4.34417904e+00 
 2.03176486e-03  4.34458891e+00 
 2.03301486e-03  4.34540804e+00 
 2.03332736e-03  4.34561265e+00 
 2.03340549e-03  4.34566380e+00 
 2.03356174e-03  4.34576609e+00 
 2.03360080e-03  4.34579166e+00 
 2.03367893e-03  4.34584280e+00 
 2.03383518e-03  4.34594507e+00 
 2.03385248e-03  4.34595639e+00 
 2.03388708e-03  4.34597903e+00 
 2.03389573e-03  4.34598469e+00 
 2.03391303e-03  4.34599601e+00 
 2.03394763e-03  4.34601866e+00 
 2.03397931e-03  4.34603939e+00 
 2.03401124e-03  4.34606028e+00 
 2.03403580e-03  4.34607635e+00 
 2.03404929e-03  4.34608518e+00 
 2.03406515e-03  4.34609555e+00 
 2.03407804e-03  4.34610399e+00 
 2.03409182e-03  4.34611301e+00 
 2.03410755e-03  4.34612330e+00 
 2.03413901e-03  4.34614389e+00 
 2.03420192e-03  4.34618506e+00 
 2.03432775e-03  4.34626739e+00 
 2.03457941e-03  4.34643202e+00 
 2.03508272e-03  4.34676115e+00 
 2.03608936e-03  4.34741886e+00 
 2.03810262e-03  4.34873205e+00 
 2.04212914e-03  4.35135036e+00 
 2.05018220e-03  4.35655619e+00 
 2.06018220e-03  4.36296263e+00 
 2.07018220e-03  4.36930525e+00 
 2.08018220e-03  4.37558482e+00 
 2.09018220e-03  4.38180194e+00 
 2.10018220e-03  4.38795720e+00 
 2.11018220e-03  4.39405123e+00 
 2.12018220e-03  4.40008464e+00 
 2.13018220e-03  4.40605803e+00 
 2.14018220e-03  4.41197200e+00 
 2.15018220e-03  4.41782714e+00 
 2.16018220e-03  4.42362402e+00 
 2.17018220e-03  4.42936324e+00 
 2.18018220e-03  4.43504537e+00 
 2.19018220e-03  4.44067096e+00 
 2.20018220e-03  4.44624060e+00 
 2.21018220e-03  4.45175482e+00 
 2.22018220e-03  4.45721419e+00 
 2.23018220e-03  4.46261925e+00 
 2.24018220e-03  4.46797054e+00 
 2.25018220e-03  4.47326859e+00 
 2.26018220e-03  4.47851393e+00 
 2.27018220e-03  4.48370709e+00 
 2.28018220e-03  4.48884859e+00 
 2.29018220e-03  4.49393894e+00 
 2.30018220e-03  4.49897865e+00 
 2.31018220e-03  4.50396822e+00 
 2.32018220e-03  4.50890816e+00 
 2.33018220e-03  4.51379895e+00 
 2.34018220e-03  4.51864108e+00 
 2.35018220e-03  4.52343504e+00 
 2.36018220e-03  4.52818131e+00 
 2.37018220e-03  4.53288036e+00 
 2.38018220e-03  4.53753266e+00 
 2.39018220e-03  4.54213868e+00 
 2.40018220e-03  4.54669888e+00 
 2.41018220e-03  4.55121370e+00 
 2.42018220e-03  4.55568362e+00 
 2.43018220e-03  4.56010906e+00 
 2.44018220e-03  4.56449047e+00 
 2.45018220e-03  4.56882830e+00 
 2.46018220e-03  4.57312297e+00 
 2.47018220e-03  4.57737492e+00 
 2.48018220e-03  4.58158456e+00 
 2.49018220e-03  4.58575232e+00 
 2.50018220e-03  4.58987862e+00 
 2.51018220e-03  4.59396387e+00 
 2.52018220e-03  4.59800847e+00 
 2.53018220e-03  4.60201284e+00 
 2.54018220e-03  4.60597737e+00 
 2.55018220e-03  4.60990245e+00 
 2.56018220e-03  4.61378849e+00 
 2.57018220e-03  4.61763586e+00 
 2.58018220e-03  4.62144496e+00 
 2.59018220e-03  4.62521616e+00 
 2.60018220e-03  4.62894984e+00 
 2.61018220e-03  4.63264638e+00 
 2.62018220e-03  4.63630614e+00 
 2.63018220e-03  4.63992948e+00 
 2.64018220e-03  4.64351679e+00 
 2.65018220e-03  4.64706840e+00 
 2.66018220e-03  4.65058467e+00 
 2.67018220e-03  4.65406596e+00 
 2.68018220e-03  4.65751262e+00 
 2.69018220e-03  4.66092499e+00 
 2.70018220e-03  4.66430341e+00 
 2.71018220e-03  4.66764821e+00 
 2.72018220e-03  4.67095974e+00 
 2.73018220e-03  4.67423832e+00 
 2.74018220e-03  4.67748428e+00 
 2.75018220e-03  4.68069795e+00 
 2.76018220e-03  4.68387965e+00 
 2.77018220e-03  4.68702969e+00 
 2.78018220e-03  4.69014839e+00 
 2.79018220e-03  4.69323606e+00 
 2.80018220e-03  4.69629301e+00 
 2.81018220e-03  4.69931955e+00 
 2.82018220e-03  4.70231598e+00 
 2.83018220e-03  4.70528259e+00 
 2.84018220e-03  4.70821969e+00 
 2.85018220e-03  4.71112757e+00 
 2.86018220e-03  4.71400652e+00 
 2.87018220e-03  4.71685682e+00 
 2.88018220e-03  4.71967877e+00 
 2.89018220e-03  4.72247264e+00 
 2.90018220e-03  4.72523871e+00 
 2.91018220e-03  4.72797726e+00 
 2.92018220e-03  4.73068857e+00 
 2.93018220e-03  4.73337290e+00 
 2.94018220e-03  4.73603052e+00 
 2.95018220e-03  4.73866171e+00 
 2.96018220e-03  4.74126671e+00 
 2.97018220e-03  4.74384580e+00 
 2.98018220e-03  4.74639922e+00 
 2.99018220e-03  4.74892724e+00 
 3.00018220e-03  4.75143011e+00 
 3.01018220e-03  4.75390808e+00 
 3.02018220e-03  4.75636139e+00 
 3.03018220e-03  4.75879030e+00 
 3.04018220e-03  4.76119503e+00 
 3.05018220e-03  4.76357585e+00 
 3.06018220e-03  4.76593297e+00 
 3.07018220e-03  4.76826664e+00 
 3.08018220e-03  4.77057710e+00 
 3.09018220e-03  4.77286457e+00 
 3.10018220e-03  4.77512927e+00 
 3.11018220e-03  4.77737145e+00 
 3.12018220e-03  4.77959132e+00 
 3.13018220e-03  4.78178910e+00 
 3.14018220e-03  4.78396501e+00 
 3.15018220e-03  4.78611928e+00 
 3.16018220e-03  4.78825211e+00 
 3.17018220e-03  4.79036372e+00 
 3.18018220e-03  4.79245432e+00 
 3.19018220e-03  4.79452412e+00 
 3.20018220e-03  4.79657333e+00 
 3.21018220e-03  4.79860214e+00 
 3.22018220e-03  4.80061078e+00 
 3.23018220e-03  4.80259943e+00 
 3.24018220e-03  4.80456829e+00 
 3.25018220e-03  4.80651756e+00 
 3.26018220e-03  4.80844744e+00 
 3.27018220e-03  4.81035812e+00 
 3.28018220e-03  4.81224978e+00 
 3.29018220e-03  4.81412263e+00 
 3.30018220e-03  4.81597684e+00 
 3.31018220e-03  4.81781260e+00 
 3.32018220e-03  4.81963010e+00 
 3.33018220e-03  4.82142951e+00 
 3.34018220e-03  4.82321103e+00 
 3.35018220e-03  4.82497481e+00 
 3.36018220e-03  4.82672105e+00 
 3.37018220e-03  4.82844991e+00 
 3.38018220e-03  4.83016157e+00 
 3.39018220e-03  4.83185620e+00 
 3.40018220e-03  4.83353397e+00 
 3.41018220e-03  4.83519505e+00 
 3.42018220e-03  4.83683960e+00 
 3.43018220e-03  4.83846778e+00 
 3.44018220e-03  4.84007977e+00 
 3.45018220e-03  4.84167572e+00 
 3.46018220e-03  4.84325579e+00 
 3.47018220e-03  4.84482014e+00 
 3.48018220e-03  4.84636892e+00 
 3.49018220e-03  4.84790229e+00 
 3.50018220e-03  4.84942041e+00 
 3.51018220e-03  4.85092342e+00 
 3.52018220e-03  4.85241148e+00 
 3.53018220e-03  4.85388473e+00 
 3.54018220e-03  4.85534332e+00 
 3.55018220e-03  4.85678740e+00 
 3.56018220e-03  4.85821711e+00 
 3.57018220e-03  4.85963260e+00 
 3.58018220e-03  4.86103401e+00 
 3.59018220e-03  4.86242147e+00 
 3.60018220e-03  4.86379512e+00 
 3.61018220e-03  4.86515511e+00 
 3.62018220e-03  4.86650156e+00 
 3.63018220e-03  4.86783462e+00 
 3.64018220e-03  4.86915442e+00 
 3.65018220e-03  4.87046108e+00 
 3.66018220e-03  4.87175474e+00 
 3.67018220e-03  4.87303554e+00 
 3.68018220e-03  4.87430358e+00 
 3.69018220e-03  4.87555901e+00 
 3.70018220e-03  4.87680195e+00 
 3.71018220e-03  4.87803253e+00 
 3.72018220e-03  4.87925086e+00 
 3.73018220e-03  4.88045706e+00 
 3.74018220e-03  4.88165127e+00 
 3.75018220e-03  4.88283359e+00 
 3.76018220e-03  4.88400415e+00 
 3.77018220e-03  4.88516306e+00 
 3.78018220e-03  4.88631044e+00 
 3.79018220e-03  4.88744641e+00 
 3.80018220e-03  4.88857107e+00 
 3.81018220e-03  4.88968454e+00 
 3.82018220e-03  4.89078693e+00 
 3.83018220e-03  4.89187836e+00 
 3.84018220e-03  4.89295892e+00 
 3.85018220e-03  4.89402874e+00 
 3.86018220e-03  4.89508791e+00 
 3.87018220e-03  4.89613654e+00 
 3.88018220e-03  4.89717473e+00 
 3.89018220e-03  4.89820260e+00 
 3.90018220e-03  4.89922024e+00 
 3.91018220e-03  4.90022775e+00 
 3.92018220e-03  4.90122524e+00 
 3.93018220e-03  4.90221281e+00 
 3.94018220e-03  4.90319055e+00 
 3.95018220e-03  4.90415856e+00 
 3.96018220e-03  4.90511694e+00 
 3.97018220e-03  4.90606578e+00 
 3.98018220e-03  4.90700518e+00 
 3.99018220e-03  4.90793524e+00 
 4.00018220e-03  4.90885604e+00 
 4.01018220e-03  4.90976768e+00 
 4.02018220e-03  4.91067025e+00 
 4.03018220e-03  4.91156383e+00 
 4.04018220e-03  4.91244853e+00 
 4.05018220e-03  4.91332443e+00 
 4.06018220e-03  4.91419160e+00 
 4.07018220e-03  4.91505016e+00 
 4.08018220e-03  4.91590016e+00 
 4.09018220e-03  4.91674171e+00 
 4.10018220e-03  4.91757489e+00 
 4.11018220e-03  4.91839978e+00 
 4.12018220e-03  4.91921646e+00 
 4.13018220e-03  4.92002501e+00 
 4.14018220e-03  4.92082552e+00 
 4.15018220e-03  4.92161806e+00 
 4.16018220e-03  4.92240272e+00 
 4.17018220e-03  4.92317957e+00 
 4.18018220e-03  4.92394869e+00 
 4.19018220e-03  4.92471016e+00 
 4.20018220e-03  4.92546405e+00 
 4.21018220e-03  4.92621044e+00 
 4.22018220e-03  4.92694941e+00 
 4.23018220e-03  4.92768102e+00 
 4.24018220e-03  4.92840535e+00 
 4.25018220e-03  4.92912248e+00 
 4.26018220e-03  4.92983247e+00 
 4.27018220e-03  4.93053539e+00 
 4.28018220e-03  4.93123132e+00 
 4.29018220e-03  4.93192033e+00 
 4.30018220e-03  4.93260248e+00 
 4.31018220e-03  4.93327784e+00 
 4.32018220e-03  4.93394649e+00 
 4.33018220e-03  4.93460848e+00 
 4.34018220e-03  4.93526388e+00 
 4.35018220e-03  4.93591276e+00 
 4.36018220e-03  4.93655519e+00 
 4.37018220e-03  4.93719122e+00 
 4.38018220e-03  4.93782093e+00 
 4.39018220e-03  4.93844437e+00 
 4.40018220e-03  4.93906160e+00 
 4.41018220e-03  4.93967270e+00 
 4.42018220e-03  4.94027771e+00 
 4.43018220e-03  4.94087671e+00 
 4.44018220e-03  4.94146974e+00 
 4.45018220e-03  4.94205688e+00 
 4.46018220e-03  4.94263817e+00 
 4.47018220e-03  4.94321368e+00 
 4.48018220e-03  4.94378346e+00 
 4.49018220e-03  4.94434757e+00 
 4.50018220e-03  4.94490607e+00 
 4.51018220e-03  4.94545901e+00 
 4.52018220e-03  4.94600645e+00 
 4.53018220e-03  4.94654845e+00 
 4.54018220e-03  4.94708505e+00 
 4.55018220e-03  4.94761631e+00 
 4.56018220e-03  4.94814228e+00 
 4.57018220e-03  4.94866302e+00 
 4.58018220e-03  4.94917859e+00 
 4.59018220e-03  4.94968902e+00 
 4.60018220e-03  4.95019437e+00 
 4.61018220e-03  4.95069469e+00 
 4.62018220e-03  4.95119004e+00 
 4.63018220e-03  4.95168045e+00 
 4.64018220e-03  4.95216599e+00 
 4.65018220e-03  4.95264670e+00 
 4.66018220e-03  4.95312262e+00 
 4.67018220e-03  4.95359381e+00 
 4.68018220e-03  4.95406030e+00 
 4.69018220e-03  4.95452216e+00 
 4.70018220e-03  4.95497942e+00 
 4.71018220e-03  4.95543214e+00 
 4.72018220e-03  4.95588034e+00 
 4.73018220e-03  4.95632409e+00 
 4.74018220e-03  4.95676342e+00 
 4.75018220e-03  4.95719838e+00 
 4.76018220e-03  4.95762902e+00 
 4.77018220e-03  4.95805536e+00 
 4.78018220e-03  4.95847747e+00 
 4.79018220e-03  4.95889538e+00 
 4.80018220e-03  4.95930912e+00 
 4.81018220e-03  4.95971876e+00 
 4.82018220e-03  4.96012431e+00 
 4.83018220e-03  4.96052583e+00 
 4.84018220e-03  4.96092336e+00 
 4.85018220e-03  4.96131692e+00 
 4.86018220e-03  4.96170658e+00 
 4.87018220e-03  4.96209235e+00 
 4.88018220e-03  4.96247429e+00 
 4.89018220e-03  4.96285243e+00 
 4.90018220e-03  4.96322680e+00 
 4.91018220e-03  4.96359745e+00 
 4.92018220e-03  4.96396441e+00 
 4.93018220e-03  4.96432773e+00 
 4.94018220e-03  4.96468742e+00 
 4.95018220e-03  4.96504354e+00 
 4.96018220e-03  4.96539611e+00 
 4.97018220e-03  4.96574517e+00 
 4.98018220e-03  4.96609077e+00 
 4.99018220e-03  4.96643292e+00 
 5.00018220e-03  4.96677167e+00 
 5.01018220e-03  4.96710705e+00 
 5.02018220e-03  4.96743909e+00 
 5.03018220e-03  4.96776782e+00 
 5.04018220e-03  4.96809329e+00 
 5.05018220e-03  4.96841552e+00 
 5.06018220e-03  4.96873454e+00 
 5.07018220e-03  4.96905039e+00 
 5.08018220e-03  4.96936309e+00 
 5.09018220e-03  4.96967268e+00 
 5.10018220e-03  4.96997920e+00 
 5.11018220e-03  4.97028266e+00 
 5.12018220e-03  4.97058310e+00 
 5.13018220e-03  4.97088055e+00 
 5.14018220e-03  4.97117505e+00 
 5.15018220e-03  4.97146661e+00 
 5.16018220e-03  4.97175527e+00 
 5.17018220e-03  4.97204106e+00 
 5.18018220e-03  4.97232401e+00 
 5.19018220e-03  4.97260414e+00 
 5.20018220e-03  4.97288149e+00 
 5.21018220e-03  4.97315607e+00 
 5.22018220e-03  4.97342792e+00 
 5.23018220e-03  4.97369707e+00 
 5.24018220e-03  4.97396354e+00 
 5.25018220e-03  4.97422736e+00 
 5.26018220e-03  4.97448855e+00 
 5.27018220e-03  4.97474714e+00 
 5.28018220e-03  4.97500317e+00 
 5.29018220e-03  4.97525664e+00 
 5.30018220e-03  4.97550759e+00 
 5.31018220e-03  4.97575604e+00 
 5.32018220e-03  4.97600203e+00 
 5.33018220e-03  4.97624556e+00 
 5.34018220e-03  4.97648667e+00 
 5.35018220e-03  4.97672538e+00 
 5.36018220e-03  4.97696172e+00 
 5.37018220e-03  4.97719571e+00 
 5.38018220e-03  4.97742736e+00 
 5.39018220e-03  4.97765672e+00 
 5.40018220e-03  4.97788379e+00 
 5.41018220e-03  4.97810860e+00 
 5.42018220e-03  4.97833117e+00 
 5.43018220e-03  4.97855153e+00 
 5.44018220e-03  4.97876970e+00 
 5.45018220e-03  4.97898569e+00 
 5.46018220e-03  4.97919954e+00 
 5.47018220e-03  4.97941126e+00 
 5.48018220e-03  4.97962087e+00 
 5.49018220e-03  4.97982840e+00 
 5.50018220e-03  4.98003386e+00 
 5.51018220e-03  4.98023727e+00 
 5.52018220e-03  4.98043867e+00 
 5.53018220e-03  4.98063806e+00 
 5.54018220e-03  4.98083546e+00 
 5.55018220e-03  4.98103090e+00 
 5.56018220e-03  4.98122440e+00 
 5.57018220e-03  4.98141597e+00 
 5.58018220e-03  4.98160564e+00 
 5.59018220e-03  4.98179341e+00 
 5.60018220e-03  4.98197932e+00 
 5.61018220e-03  4.98216338e+00 
 5.62018220e-03  4.98234561e+00 
 5.63018220e-03  4.98252603e+00 
 5.64018220e-03  4.98270464e+00 
 5.65018220e-03  4.98288149e+00 
 5.66018220e-03  4.98305657e+00 
 5.67018220e-03  4.98322991e+00 
 5.68018220e-03  4.98340153e+00 
 5.69018220e-03  4.98357143e+00 
 5.70018220e-03  4.98373965e+00 
 5.71018220e-03  4.98390620e+00 
 5.72018220e-03  4.98407108e+00 
 5.73018220e-03  4.98423433e+00 
 5.74018220e-03  4.98439595e+00 
 5.75018220e-03  4.98455596e+00 
 5.76018220e-03  4.98471439e+00 
 5.77018220e-03  4.98487123e+00 
 5.78018220e-03  4.98502652e+00 
 5.79018220e-03  4.98518025e+00 
 5.80018220e-03  4.98533246e+00 
 5.81018220e-03  4.98548316e+00 
 5.82018220e-03  4.98563235e+00 
 5.83018220e-03  4.98578007e+00 
 5.84018220e-03  4.98592631e+00 
 5.85018220e-03  4.98607109e+00 
 5.86018220e-03  4.98621444e+00 
 5.87018220e-03  4.98635636e+00 
 5.88018220e-03  4.98649687e+00 
 5.89018220e-03  4.98663597e+00 
 5.90018220e-03  4.98677370e+00 
 5.91018220e-03  4.98691005e+00 
 5.92018220e-03  4.98704505e+00 
 5.93018220e-03  4.98717871e+00 
 5.94018220e-03  4.98731103e+00 
 5.95018220e-03  4.98744204e+00 
 5.96018220e-03  4.98757174e+00 
 5.97018220e-03  4.98770016e+00 
 5.98018220e-03  4.98782729e+00 
 5.99018220e-03  4.98795316e+00 
 6.00018220e-03  4.98807778e+00 
 6.01018220e-03  4.98820116e+00 
 6.02018220e-03  4.98832331e+00 
 6.03018220e-03  4.98844425e+00 
 6.04018220e-03  4.98856398e+00 
 6.05018220e-03  4.98868252e+00 
 6.06018220e-03  4.98879988e+00 
 6.07018220e-03  4.98891608e+00 
 6.08018220e-03  4.98903111e+00 
 6.09018220e-03  4.98914501e+00 
 6.10018220e-03  4.98925777e+00 
 6.11018220e-03  4.98936940e+00 
 6.12018220e-03  4.98947993e+00 
 6.13018220e-03  4.98958936e+00 
 6.14018220e-03  4.98969769e+00 
 6.15018220e-03  4.98980495e+00 
 6.16018220e-03  4.98991115e+00 
 6.17018220e-03  4.99001628e+00 
 6.18018220e-03  4.99012037e+00 
 6.19018220e-03  4.99022343e+00 
 6.20018220e-03  4.99032546e+00 
 6.21018220e-03  4.99042647e+00 
 6.22018220e-03  4.99052648e+00 
 6.23018220e-03  4.99062549e+00 
 6.24018220e-03  4.99072352e+00 
 6.25018220e-03  4.99082058e+00 
 6.26018220e-03  4.99091666e+00 
 6.27018220e-03  4.99101179e+00 
 6.28018220e-03  4.99110598e+00 
 6.29018220e-03  4.99119923e+00 
 6.30018220e-03  4.99129155e+00 
 6.31018220e-03  4.99138295e+00 
 6.32018220e-03  4.99147344e+00 
 6.33018220e-03  4.99156303e+00 
 6.34018220e-03  4.99165173e+00 
 6.35018220e-03  4.99173955e+00 
 6.36018220e-03  4.99182649e+00 
 6.37018220e-03  4.99191257e+00 
 6.38018220e-03  4.99199779e+00 
 6.39018220e-03  4.99208216e+00 
 6.40018220e-03  4.99216570e+00 
 6.41018220e-03  4.99224840e+00 
 6.42018220e-03  4.99233028e+00 
 6.43018220e-03  4.99241135e+00 
 6.44018220e-03  4.99249160e+00 
 6.45018220e-03  4.99257106e+00 
 6.46018220e-03  4.99264973e+00 
 6.47018220e-03  4.99272762e+00 
 6.48018220e-03  4.99280473e+00 
 6.49018220e-03  4.99288108e+00 
 6.50018220e-03  4.99295666e+00 
 6.51018220e-03  4.99303149e+00 
 6.52018220e-03  4.99310558e+00 
 6.53018220e-03  4.99317893e+00 
 6.54018220e-03  4.99325155e+00 
 6.55018220e-03  4.99332345e+00 
 6.56018220e-03  4.99339464e+00 
 6.57018220e-03  4.99346511e+00 
 6.58018220e-03  4.99353488e+00 
 6.59018220e-03  4.99360396e+00 
 6.60018220e-03  4.99367236e+00 
 6.61018220e-03  4.99374007e+00 
 6.62018220e-03  4.99380711e+00 
 6.63018220e-03  4.99387348e+00 
 6.64018220e-03  4.99393919e+00 
 6.65018220e-03  4.99400424e+00 
 6.66018220e-03  4.99406865e+00 
 6.67018220e-03  4.99413242e+00 
 6.68018220e-03  4.99419555e+00 
 6.69018220e-03  4.99425806e+00 
 6.70018220e-03  4.99431994e+00 
 6.71018220e-03  4.99438121e+00 
 6.72018220e-03  4.99444187e+00 
 6.73018220e-03  4.99450192e+00 
 6.74018220e-03  4.99456138e+00 
 6.75018220e-03  4.99462025e+00 
 6.76018220e-03  4.99467853e+00 
 6.77018220e-03  4.99473623e+00 
 6.78018220e-03  4.99479335e+00 
 6.79018220e-03  4.99484991e+00 
 6.80018220e-03  4.99490590e+00 
 6.81018220e-03  4.99496134e+00 
 6.82018220e-03  4.99501623e+00 
 6.83018220e-03  4.99507057e+00 
 6.84018220e-03  4.99512436e+00 
 6.85018220e-03  4.99517763e+00 
 6.86018220e-03  4.99523036e+00 
 6.87018220e-03  4.99528257e+00 
 6.88018220e-03  4.99533426e+00 
 6.89018220e-03  4.99538544e+00 
 6.90018220e-03  4.99543610e+00 
 6.91018220e-03  4.99548626e+00 
 6.92018220e-03  4.99553593e+00 
 6.93018220e-03  4.99558509e+00 
 6.94018220e-03  4.99563377e+00 
 6.95018220e-03  4.99568197e+00 
 6.96018220e-03  4.99572968e+00 
 6.97018220e-03  4.99577692e+00 
 6.98018220e-03  4.99582369e+00 
 6.99018220e-03  4.99587000e+00 
 7.00018220e-03  4.99591584e+00 
 7.01018220e-03  4.99596123e+00 
 7.02018220e-03  4.99600617e+00 
 7.03018220e-03  4.99605066e+00 
 7.04018220e-03  4.99609471e+00 
 7.05018220e-03  4.99613831e+00 
 7.06018220e-03  4.99618149e+00 
 7.07018220e-03  4.99622423e+00 
 7.08018220e-03  4.99626655e+00 
 7.09018220e-03  4.99630845e+00 
 7.10018220e-03  4.99634993e+00 
 7.11018220e-03  4.99639100e+00 
 7.12018220e-03  4.99643166e+00 
 7.13018220e-03  4.99647192e+00 
 7.14018220e-03  4.99651177e+00 
 7.15018220e-03  4.99655123e+00 
 7.16018220e-03  4.99659030e+00 
 7.17018220e-03  4.99662898e+00 
 7.18018220e-03  4.99666727e+00 
 7.19018220e-03  4.99670518e+00 
 7.20018220e-03  4.99674271e+00 
 7.21018220e-03  4.99677987e+00 
 7.22018220e-03  4.99681666e+00 
 7.23018220e-03  4.99685309e+00 
 7.24018220e-03  4.99688915e+00 
 7.25018220e-03  4.99692486e+00 
 7.26018220e-03  4.99696020e+00 
 7.27018220e-03  4.99699520e+00 
 7.28018220e-03  4.99702985e+00 
 7.29018220e-03  4.99706415e+00 
 7.30018220e-03  4.99709812e+00 
 7.31018220e-03  4.99713174e+00 
 7.32018220e-03  4.99716503e+00 
 7.33018220e-03  4.99719799e+00 
 7.34018220e-03  4.99723062e+00 
 7.35018220e-03  4.99726292e+00 
 7.36018220e-03  4.99729491e+00 
 7.37018220e-03  4.99732658e+00 
 7.38018220e-03  4.99735793e+00 
 7.39018220e-03  4.99738897e+00 
 7.40018220e-03  4.99741970e+00 
 7.41018220e-03  4.99745012e+00 
 7.42018220e-03  4.99748024e+00 
 7.43018220e-03  4.99751006e+00 
 7.44018220e-03  4.99753959e+00 
 7.45018220e-03  4.99756882e+00 
 7.46018220e-03  4.99759776e+00 
 7.47018220e-03  4.99762641e+00 
 7.48018220e-03  4.99765478e+00 
 7.49018220e-03  4.99768287e+00 
 7.50018220e-03  4.99771067e+00 
 7.51018220e-03  4.99773820e+00 
 7.52018220e-03  4.99776546e+00 
 7.53018220e-03  4.99779244e+00 
 7.54018220e-03  4.99781916e+00 
 7.55018220e-03  4.99784561e+00 
 7.56018220e-03  4.99787179e+00 
 7.57018220e-03  4.99789772e+00 
 7.58018220e-03  4.99792339e+00 
 7.59018220e-03  4.99794880e+00 
 7.60018220e-03  4.99797396e+00 
 7.61018220e-03  4.99799887e+00 
 7.62018220e-03  4.99802353e+00 
 7.63018220e-03  4.99804795e+00 
 7.64018220e-03  4.99807212e+00 
 7.65018220e-03  4.99809605e+00 
 7.66018220e-03  4.99811975e+00 
 7.67018220e-03  4.99814321e+00 
 7.68018220e-03  4.99816643e+00 
 7.69018220e-03  4.99818943e+00 
 7.70018220e-03  4.99821219e+00 
 7.71018220e-03  4.99823473e+00 
 7.72018220e-03  4.99825705e+00 
 7.73018220e-03  4.99827914e+00 
 7.74018220e-03  4.99830101e+00 
 7.75018220e-03  4.99832267e+00 
 7.76018220e-03  4.99834411e+00 
 7.77018220e-03  4.99836533e+00 
 7.78018220e-03  4.99838635e+00 
 7.79018220e-03  4.99840716e+00 
 7.80018220e-03  4.99842775e+00 
 7.81018220e-03  4.99844815e+00 
 7.82018220e-03  4.99846834e+00 
 7.83018220e-03  4.99848833e+00 
 7.84018220e-03  4.99850812e+00 
 7.85018220e-03  4.99852772e+00 
 7.86018220e-03  4.99854712e+00 
 7.87018220e-03  4.99856632e+00 
 7.88018220e-03  4.99858534e+00 
 7.89018220e-03  4.99860416e+00 
 7.90018220e-03  4.99862280e+00 
 7.91018220e-03  4.99864126e+00 
 7.92018220e-03  4.99865953e+00 
 7.93018220e-03  4.99867761e+00 
 7.94018220e-03  4.99869552e+00 
 7.95018220e-03  4.99871325e+00 
 7.96018220e-03  4.99873080e+00 
 7.97018220e-03  4.99874818e+00 
 7.98018220e-03  4.99876539e+00 
 7.99018220e-03  4.99878242e+00 
 8.00018220e-03  4.99879929e+00 
 8.01018220e-03  4.99881599e+00 
 8.02018220e-03  4.99883252e+00 
 8.03018220e-03  4.99884888e+00 
 8.04018220e-03  4.99886509e+00 
 8.05018220e-03  4.99888113e+00 
 8.06018220e-03  4.99889701e+00 
 8.07018220e-03  4.99891274e+00 
 8.08018220e-03  4.99892831e+00 
 8.09018220e-03  4.99894372e+00 
 8.10018220e-03  4.99895898e+00 
 8.11018220e-03  4.99897409e+00 
 8.12018220e-03  4.99898905e+00 
 8.13018220e-03  4.99900386e+00 
 8.14018220e-03  4.99901852e+00 
 8.15018220e-03  4.99903303e+00 
 8.16018220e-03  4.99904740e+00 
 8.17018220e-03  4.99906163e+00 
 8.18018220e-03  4.99907572e+00 
 8.19018220e-03  4.99908967e+00 
 8.20018220e-03  4.99910347e+00 
 8.21018220e-03  4.99911715e+00 
 8.22018220e-03  4.99913068e+00 
 8.23018220e-03  4.99914408e+00 
 8.24018220e-03  4.99915735e+00 
 8.25018220e-03  4.99917048e+00 
 8.26018220e-03  4.99918348e+00 
 8.27018220e-03  4.99919636e+00 
 8.28018220e-03  4.99920911e+00 
 8.29018220e-03  4.99922172e+00 
 8.30018220e-03  4.99923422e+00 
 8.31018220e-03  4.99924659e+00 
 8.32018220e-03  4.99925884e+00 
 8.33018220e-03  4.99927096e+00 
 8.34018220e-03  4.99928296e+00 
 8.35018220e-03  4.99929485e+00 
 8.36018220e-03  4.99930661e+00 
 8.37018220e-03  4.99931826e+00 
 8.38018220e-03  4.99932980e+00 
 8.39018220e-03  4.99934122e+00 
 8.40018220e-03  4.99935252e+00 
 8.41018220e-03  4.99936371e+00 
 8.42018220e-03  4.99937479e+00 
 8.43018220e-03  4.99938577e+00 
 8.44018220e-03  4.99939663e+00 
 8.45018220e-03  4.99940738e+00 
 8.46018220e-03  4.99941803e+00 
 8.47018220e-03  4.99942857e+00 
 8.48018220e-03  4.99943900e+00 
 8.49018220e-03  4.99944934e+00 
 8.50018220e-03  4.99945956e+00 
 8.51018220e-03  4.99946969e+00 
 8.52018220e-03  4.99947972e+00 
 8.53018220e-03  4.99948965e+00 
 8.54018220e-03  4.99949947e+00 
 8.55018220e-03  4.99950920e+00 
 8.56018220e-03  4.99951884e+00 
 8.57018220e-03  4.99952838e+00 
 8.58018220e-03  4.99953782e+00 
 8.59018220e-03  4.99954717e+00 
 8.60018220e-03  4.99955642e+00 
 8.61018220e-03  4.99956559e+00 
 8.62018220e-03  4.99957466e+00 
 8.63018220e-03  4.99958364e+00 
 8.64018220e-03  4.99959253e+00 
 8.65018220e-03  4.99960134e+00 
 8.66018220e-03  4.99961005e+00 
 8.67018220e-03  4.99961868e+00 
 8.68018220e-03  4.99962723e+00 
 8.69018220e-03  4.99963569e+00 
 8.70018220e-03  4.99964406e+00 
 8.71018220e-03  4.99965235e+00 
 8.72018220e-03  4.99966056e+00 
 8.73018220e-03  4.99966869e+00 
 8.74018220e-03  4.99967674e+00 
 8.75018220e-03  4.99968470e+00 
 8.76018220e-03  4.99969259e+00 
 8.77018220e-03  4.99970040e+00 
 8.78018220e-03  4.99970813e+00 
 8.79018220e-03  4.99971578e+00 
 8.80018220e-03  4.99972336e+00 
 8.81018220e-03  4.99973086e+00 
 8.82018220e-03  4.99973829e+00 
 8.83018220e-03  4.99974565e+00 
 8.84018220e-03  4.99975293e+00 
 8.85018220e-03  4.99976014e+00 
 8.86018220e-03  4.99976727e+00 
 8.87018220e-03  4.99977434e+00 
 8.88018220e-03  4.99978133e+00 
 8.89018220e-03  4.99978826e+00 
 8.90018220e-03  4.99979512e+00 
 8.91018220e-03  4.99980190e+00 
 8.92018220e-03  4.99980863e+00 
 8.93018220e-03  4.99981528e+00 
 8.94018220e-03  4.99982187e+00 
 8.95018220e-03  4.99982839e+00 
 8.96018220e-03  4.99983485e+00 
 8.97018220e-03  4.99984124e+00 
 8.98018220e-03  4.99984757e+00 
 8.99018220e-03  4.99985384e+00 
 9.00018220e-03  4.99986004e+00 
 9.01018220e-03  4.99986618e+00 
 9.02018220e-03  4.99987227e+00 
 9.03018220e-03  4.99987829e+00 
 9.04018220e-03  4.99988425e+00 
 9.05018220e-03  4.99989015e+00 
 9.06018220e-03  4.99989599e+00 
 9.07018220e-03  4.99990178e+00 
 9.08018220e-03  4.99990750e+00 
 9.09018220e-03  4.99991317e+00 
 9.10018220e-03  4.99991879e+00 
 9.11018220e-03  4.99992435e+00 
 9.12018220e-03  4.99992985e+00 
 9.13018220e-03  4.99993530e+00 
 9.14018220e-03  4.99994069e+00 
 9.15018220e-03  4.99994603e+00 
 9.16018220e-03  4.99995132e+00 
 9.17018220e-03  4.99995655e+00 
 9.18018220e-03  4.99996173e+00 
 9.19018220e-03  4.99996686e+00 
 9.20018220e-03  4.99997194e+00 
 9.21018220e-03  4.99997697e+00 
 9.22018220e-03  4.99998195e+00 
 9.23018220e-03  4.99998688e+00 
 9.24018220e-03  4.99999176e+00 
 9.25018220e-03  4.99999659e+00 
 9.26018220e-03  5.00000138e+00 
 9.27018220e-03  5.00000611e+00 
 9.28018220e-03  5.00001080e+00 
 9.29018220e-03  5.00001545e+00 
 9.30018220e-03  5.00002004e+00 
 9.31018220e-03  5.00002459e+00 
 9.32018220e-03  5.00002910e+00 
 9.33018220e-03  5.00003356e+00 
 9.34018220e-03  5.00003797e+00 
 9.35018220e-03  5.00004235e+00 
 9.36018220e-03  5.00004667e+00 
 9.37018220e-03  5.00005096e+00 
 9.38018220e-03  5.00005520e+00 
 9.39018220e-03  5.00005940e+00 
 9.40018220e-03  5.00006356e+00 
 9.41018220e-03  5.00006768e+00 
 9.42018220e-03  5.00007176e+00 
 9.43018220e-03  5.00007579e+00 
 9.44018220e-03  5.00007979e+00 
 9.45018220e-03  5.00008374e+00 
 9.46018220e-03  5.00008766e+00 
 9.47018220e-03  5.00009154e+00 
 9.48018220e-03  5.00009538e+00 
 9.49018220e-03  5.00009918e+00 
 9.50018220e-03  5.00010294e+00 
 9.51018220e-03  5.00010667e+00 
 9.52018220e-03  5.00011036e+00 
 9.53018220e-03  5.00011401e+00 
 9.54018220e-03  5.00011762e+00 
 9.55018220e-03  5.00012120e+00 
 9.56018220e-03  5.00012475e+00 
 9.57018220e-03  5.00012825e+00 
 9.58018220e-03  5.00013173e+00 
 9.59018220e-03  5.00013517e+00 
 9.60018220e-03  5.00013857e+00 
 9.61018220e-03  5.00014194e+00 
 9.62018220e-03  5.00014528e+00 
 9.63018220e-03  5.00014859e+00 
 9.64018220e-03  5.00015186e+00 
 9.65018220e-03  5.00015510e+00 
 9.66018220e-03  5.00015830e+00 
 9.67018220e-03  5.00016148e+00 
 9.68018220e-03  5.00016462e+00 
 9.69018220e-03  5.00016773e+00 
 9.70018220e-03  5.00017081e+00 
 9.71018220e-03  5.00017386e+00 
 9.72018220e-03  5.00017688e+00 
 9.73018220e-03  5.00017987e+00 
 9.74018220e-03  5.00018283e+00 
 9.75018220e-03  5.00018576e+00 
 9.76018220e-03  5.00018867e+00 
 9.77018220e-03  5.00019154e+00 
 9.78018220e-03  5.00019438e+00 
 9.79018220e-03  5.00019720e+00 
 9.80018220e-03  5.00019999e+00 
 9.81018220e-03  5.00020275e+00 
 9.82018220e-03  5.00020548e+00 
 9.83018220e-03  5.00020818e+00 
 9.84018220e-03  5.00021086e+00 
 9.85018220e-03  5.00021351e+00 
 9.86018220e-03  5.00021614e+00 
 9.87018220e-03  5.00021874e+00 
 9.88018220e-03  5.00022131e+00 
 9.89018220e-03  5.00022386e+00 
 9.90018220e-03  5.00022638e+00 
 9.91018220e-03  5.00022888e+00 
 9.92018220e-03  5.00023135e+00 
 9.93018220e-03  5.00023380e+00 
 9.94018220e-03  5.00023622e+00 
 9.95018220e-03  5.00023862e+00 
 9.96018220e-03  5.00024100e+00 
 9.97018220e-03  5.00024335e+00 
 9.98018220e-03  5.00024568e+00 
 9.99018220e-03  5.00024798e+00 
 1.00001822e-02  5.00025027e+00 
 1.00101822e-02  5.00025253e+00 
 1.00201822e-02  5.00025476e+00 
 1.00301822e-02  5.00025698e+00 
 1.00401822e-02  5.00025917e+00 
 1.00501822e-02  5.00026134e+00 
 1.00601822e-02  5.00026349e+00 
 1.00701822e-02  5.00026562e+00 
 1.00801822e-02  5.00026773e+00 
 1.00901822e-02  5.00026981e+00 
 1.01001822e-02  5.00027188e+00 
 1.01101822e-02  5.00027392e+00 
 1.01201822e-02  5.00027595e+00 
 1.01301822e-02  5.00027795e+00 
 1.01401822e-02  5.00027994e+00 
 1.01501822e-02  5.00028190e+00 
 1.01601822e-02  5.00028385e+00 
 1.01701822e-02  5.00028577e+00 
 1.01801822e-02  5.00028768e+00 
 1.01901822e-02  5.00028956e+00 
 1.02001822e-02  5.00029143e+00 
 1.02101822e-02  5.00029328e+00 
 1.02201822e-02  5.00029512e+00 
 1.02301822e-02  5.00029693e+00 
 1.02401822e-02  5.00029872e+00 
 1.02501822e-02  5.00030050e+00 
 1.02601822e-02  5.00030226e+00 
 1.02701822e-02  5.00030400e+00 
 1.02801822e-02  5.00030573e+00 
 1.02901822e-02  5.00030744e+00 
 1.03001822e-02  5.00030913e+00 
 1.03101822e-02  5.00031080e+00 
 1.03201822e-02  5.00031246e+00 
 1.03301822e-02  5.00031410e+00 
 1.03401822e-02  5.00031572e+00 
 1.03501822e-02  5.00031733e+00 
 1.03601822e-02  5.00031893e+00 
 1.03701822e-02  5.00032050e+00 
 1.03801822e-02  5.00032206e+00 
 1.03901822e-02  5.00032361e+00 
 1.04001822e-02  5.00032514e+00 
 1.04101822e-02  5.00032665e+00 
 1.04201822e-02  5.00032815e+00 
 1.04301822e-02  5.00032964e+00 
 1.04401822e-02  5.00033111e+00 
 1.04501822e-02  5.00033256e+00 
 1.04601822e-02  5.00033400e+00 
 1.04701822e-02  5.00033543e+00 
 1.04801822e-02  5.00033684e+00 
 1.04901822e-02  5.00033824e+00 
 1.05001822e-02  5.00033962e+00 
 1.05101822e-02  5.00034099e+00 
 1.05201822e-02  5.00034235e+00 
 1.05301822e-02  5.00034370e+00 
 1.05401822e-02  5.00034503e+00 
 1.05501822e-02  5.00034634e+00 
 1.05601822e-02  5.00034765e+00 
 1.05701822e-02  5.00034894e+00 
 1.05801822e-02  5.00035021e+00 
 1.05901822e-02  5.00035148e+00 
 1.06001822e-02  5.00035273e+00 
 1.06101822e-02  5.00035397e+00 
 1.06201822e-02  5.00035520e+00 
 1.06301822e-02  5.00035642e+00 
 1.06401822e-02  5.00035762e+00 
 1.06501822e-02  5.00035881e+00 
 1.06601822e-02  5.00035999e+00 
 1.06701822e-02  5.00036116e+00 
 1.06801822e-02  5.00036231e+00 
 1.06901822e-02  5.00036346e+00 
 1.07001822e-02  5.00036459e+00 
 1.07101822e-02  5.00036572e+00 
 1.07201822e-02  5.00036683e+00 
 1.07301822e-02  5.00036793e+00 
 1.07401822e-02  5.00036901e+00 
 1.07501822e-02  5.00037009e+00 
 1.07601822e-02  5.00037116e+00 
 1.07701822e-02  5.00037222e+00 
 1.07801822e-02  5.00037326e+00 
 1.07901822e-02  5.00037430e+00 
 1.08001822e-02  5.00037532e+00 
 1.08101822e-02  5.00037634e+00 
 1.08201822e-02  5.00037735e+00 
 1.08301822e-02  5.00037834e+00 
 1.08401822e-02  5.00037933e+00 
 1.08501822e-02  5.00038030e+00 
 1.08601822e-02  5.00038127e+00 
 1.08701822e-02  5.00038222e+00 
 1.08801822e-02  5.00038317e+00 
 1.08901822e-02  5.00038411e+00 
 1.09001822e-02  5.00038504e+00 
 1.09101822e-02  5.00038595e+00 
 1.09201822e-02  5.00038686e+00 
 1.09301822e-02  5.00038776e+00 
 1.09401822e-02  5.00038866e+00 
 1.09501822e-02  5.00038954e+00 
 1.09601822e-02  5.00039041e+00 
 1.09701822e-02  5.00039128e+00 
 1.09801822e-02  5.00039213e+00 
 1.09901822e-02  5.00039298e+00 
 1.10001822e-02  5.00039382e+00 
 1.10101822e-02  5.00039465e+00 
 1.10201822e-02  5.00039548e+00 
 1.10301822e-02  5.00039629e+00 
 1.10401822e-02  5.00039710e+00 
 1.10501822e-02  5.00039790e+00 
 1.10601822e-02  5.00039869e+00 
 1.10701822e-02  5.00039947e+00 
 1.10801822e-02  5.00040025e+00 
 1.10901822e-02  5.00040101e+00 
 1.11001822e-02  5.00040177e+00 
 1.11101822e-02  5.00040252e+00 
 1.11201822e-02  5.00040327e+00 
 1.11301822e-02  5.00040401e+00 
 1.11401822e-02  5.00040474e+00 
 1.11501822e-02  5.00040546e+00 
 1.11601822e-02  5.00040617e+00 
 1.11701822e-02  5.00040688e+00 
 1.11801822e-02  5.00040758e+00 
 1.11901822e-02  5.00040828e+00 
 1.12001822e-02  5.00040897e+00 
 1.12101822e-02  5.00040965e+00 
 1.12201822e-02  5.00041032e+00 
 1.12301822e-02  5.00041099e+00 
 1.12401822e-02  5.00041165e+00 
 1.12501822e-02  5.00041230e+00 
 1.12601822e-02  5.00041295e+00 
 1.12701822e-02  5.00041359e+00 
 1.12801822e-02  5.00041423e+00 
 1.12901822e-02  5.00041485e+00 
 1.13001822e-02  5.00041548e+00 
 1.13101822e-02  5.00041609e+00 
 1.13201822e-02  5.00041670e+00 
 1.13301822e-02  5.00041730e+00 
 1.13401822e-02  5.00041790e+00 
 1.13501822e-02  5.00041849e+00 
 1.13601822e-02  5.00041908e+00 
 1.13701822e-02  5.00041966e+00 
 1.13801822e-02  5.00042023e+00 
 1.13901822e-02  5.00042080e+00 
 1.14001822e-02  5.00042137e+00 
 1.14101822e-02  5.00042192e+00 
 1.14201822e-02  5.00042247e+00 
 1.14301822e-02  5.00042302e+00 
 1.14401822e-02  5.00042356e+00 
 1.14501822e-02  5.00042410e+00 
 1.14601822e-02  5.00042463e+00 
 1.14701822e-02  5.00042515e+00 
 1.14801822e-02  5.00042567e+00 
 1.14901822e-02  5.00042619e+00 
 1.15001822e-02  5.00042669e+00 
 1.15101822e-02  5.00042720e+00 
 1.15201822e-02  5.00042770e+00 
 1.15301822e-02  5.00042819e+00 
 1.15401822e-02  5.00042868e+00 
 1.15501822e-02  5.00042917e+00 
 1.15601822e-02  5.00042965e+00 
 1.15701822e-02  5.00043012e+00 
 1.15801822e-02  5.00043059e+00 
 1.15901822e-02  5.00043106e+00 
 1.16001822e-02  5.00043152e+00 
 1.16101822e-02  5.00043197e+00 
 1.16201822e-02  5.00043242e+00 
 1.16301822e-02  5.00043287e+00 
 1.16401822e-02  5.00043331e+00 
 1.16501822e-02  5.00043375e+00 
 1.16601822e-02  5.00043419e+00 
 1.16701822e-02  5.00043462e+00 
 1.16801822e-02  5.00043504e+00 
 1.16901822e-02  5.00043546e+00 
 1.17001822e-02  5.00043588e+00 
 1.17101822e-02  5.00043629e+00 
 1.17201822e-02  5.00043670e+00 
 1.17301822e-02  5.00043711e+00 
 1.17401822e-02  5.00043751e+00 
 1.17501822e-02  5.00043790e+00 
 1.17601822e-02  5.00043830e+00 
 1.17701822e-02  5.00043868e+00 
 1.17801822e-02  5.00043907e+00 
 1.17901822e-02  5.00043945e+00 
 1.18001822e-02  5.00043983e+00 
 1.18101822e-02  5.00044020e+00 
 1.18201822e-02  5.00044057e+00 
 1.18301822e-02  5.00044094e+00 
 1.18401822e-02  5.00044130e+00 
 1.18501822e-02  5.00044166e+00 
 1.18601822e-02  5.00044201e+00 
 1.18701822e-02  5.00044237e+00 
 1.18801822e-02  5.00044271e+00 
 1.18901822e-02  5.00044306e+00 
 1.19001822e-02  5.00044340e+00 
 1.19101822e-02  5.00044374e+00 
 1.19201822e-02  5.00044407e+00 
 1.19301822e-02  5.00044440e+00 
 1.19401822e-02  5.00044473e+00 
 1.19501822e-02  5.00044506e+00 
 1.19601822e-02  5.00044538e+00 
 1.19701822e-02  5.00044570e+00 
 1.19801822e-02  5.00044601e+00 
 1.19901822e-02  5.00044632e+00 
 1.20001822e-02  5.00044663e+00 
 1.20101822e-02  5.00044694e+00 
 1.20201822e-02  5.00044724e+00 
 1.20301822e-02  5.00044754e+00 
 1.20401822e-02  5.00044784e+00 
 1.20501822e-02  5.00044813e+00 
 1.20601822e-02  5.00044842e+00 
 1.20701822e-02  5.00044871e+00 
 1.20801822e-02  5.00044900e+00 
 1.20901822e-02  5.00044928e+00 
 1.21001822e-02  5.00044956e+00 
 1.21101822e-02  5.00044983e+00 
 1.21201822e-02  5.00045011e+00 
 1.21301822e-02  5.00045038e+00 
 1.21401822e-02  5.00045065e+00 
 1.21501822e-02  5.00045091e+00 
 1.21601822e-02  5.00045118e+00 
 1.21701822e-02  5.00045144e+00 
 1.21801822e-02  5.00045170e+00 
 1.21901822e-02  5.00045195e+00 
 1.22001822e-02  5.00045220e+00 
 1.22101822e-02  5.00045245e+00 
 1.22201822e-02  5.00045270e+00 
 1.22301822e-02  5.00045295e+00 
 1.22401822e-02  5.00045319e+00 
 1.22501822e-02  5.00045343e+00 
 1.22601822e-02  5.00045367e+00 
 1.22701822e-02  5.00045390e+00 
 1.22801822e-02  5.00045414e+00 
 1.22901822e-02  5.00045437e+00 
 1.23001822e-02  5.00045460e+00 
 1.23101822e-02  5.00045482e+00 
 1.23201822e-02  5.00045505e+00 
 1.23301822e-02  5.00045527e+00 
 1.23401822e-02  5.00045549e+00 
 1.23501822e-02  5.00045571e+00 
 1.23601822e-02  5.00045592e+00 
 1.23701822e-02  5.00045614e+00 
 1.23801822e-02  5.00045635e+00 
 1.23901822e-02  5.00045656e+00 
 1.24001822e-02  5.00045677e+00 
 1.24101822e-02  5.00045697e+00 
 1.24201822e-02  5.00045717e+00 
 1.24301822e-02  5.00045737e+00 
 1.24401822e-02  5.00045757e+00 
 1.24501822e-02  5.00045777e+00 
 1.24601822e-02  5.00045796e+00 
 1.24701822e-02  5.00045816e+00 
 1.24801822e-02  5.00045835e+00 
 1.24901822e-02  5.00045854e+00 
 1.25001822e-02  5.00045873e+00 
 1.25101822e-02  5.00045891e+00 
 1.25201822e-02  5.00045909e+00 
 1.25301822e-02  5.00045928e+00 
 1.25401822e-02  5.00045946e+00 
 1.25501822e-02  5.00045963e+00 
 1.25601822e-02  5.00045981e+00 
 1.25701822e-02  5.00045999e+00 
 1.25801822e-02  5.00046016e+00 
 1.25901822e-02  5.00046033e+00 
 1.26001822e-02  5.00046050e+00 
 1.26101822e-02  5.00046067e+00 
 1.26201822e-02  5.00046083e+00 
 1.26301822e-02  5.00046100e+00 
 1.26401822e-02  5.00046116e+00 
 1.26501822e-02  5.00046132e+00 
 1.26601822e-02  5.00046148e+00 
 1.26701822e-02  5.00046164e+00 
 1.26801822e-02  5.00046180e+00 
 1.26901822e-02  5.00046195e+00 
 1.27001822e-02  5.00046210e+00 
 1.27101822e-02  5.00046226e+00 
 1.27201822e-02  5.00046241e+00 
 1.27301822e-02  5.00046256e+00 
 1.27401822e-02  5.00046270e+00 
 1.27501822e-02  5.00046285e+00 
 1.27601822e-02  5.00046299e+00 
 1.27701822e-02  5.00046314e+00 
 1.27801822e-02  5.00046328e+00 
 1.27901822e-02  5.00046342e+00 
 1.28001822e-02  5.00046356e+00 
 1.28101822e-02  5.00046369e+00 
 1.28201822e-02  5.00046383e+00 
 1.28301822e-02  5.00046397e+00 
 1.28401822e-02  5.00046410e+00 
 1.28501822e-02  5.00046423e+00 
 1.28601822e-02  5.00046436e+00 
 1.28701822e-02  5.00046449e+00 
 1.28801822e-02  5.00046462e+00 
 1.28901822e-02  5.00046475e+00 
 1.29001822e-02  5.00046487e+00 
 1.29101822e-02  5.00046500e+00 
 1.29201822e-02  5.00046512e+00 
 1.29301822e-02  5.00046524e+00 
 1.29401822e-02  5.00046536e+00 
 1.29501822e-02  5.00046548e+00 
 1.29601822e-02  5.00046560e+00 
 1.29701822e-02  5.00046572e+00 
 1.29801822e-02  5.00046583e+00 
 1.29901822e-02  5.00046595e+00 
 1.30001822e-02  5.00046606e+00 
 1.30101822e-02  5.00046617e+00 
 1.30201822e-02  5.00046628e+00 
 1.30301822e-02  5.00046639e+00 
 1.30401822e-02  5.00046650e+00 
 1.30501822e-02  5.00046661e+00 
 1.30601822e-02  5.00046672e+00 
 1.30701822e-02  5.00046682e+00 
 1.30801822e-02  5.00046693e+00 
 1.30901822e-02  5.00046703e+00 
 1.31001822e-02  5.00046714e+00 
 1.31101822e-02  5.00046724e+00 
 1.31201822e-02  5.00046734e+00 
 1.31301822e-02  5.00046744e+00 
 1.31401822e-02  5.00046754e+00 
 1.31501822e-02  5.00046764e+00 
 1.31601822e-02  5.00046773e+00 
 1.31701822e-02  5.00046783e+00 
 1.31801822e-02  5.00046792e+00 
 1.31901822e-02  5.00046802e+00 
 1.32001822e-02  5.00046811e+00 
 1.32101822e-02  5.00046820e+00 
 1.32201822e-02  5.00046829e+00 
 1.32301822e-02  5.00046838e+00 
 1.32401822e-02  5.00046847e+00 
 1.32501822e-02  5.00046856e+00 
 1.32601822e-02  5.00046865e+00 
 1.32701822e-02  5.00046874e+00 
 1.32801822e-02  5.00046882e+00 
 1.32901822e-02  5.00046891e+00 
 1.33001822e-02  5.00046899e+00 
 1.33101822e-02  5.00046907e+00 
 1.33201822e-02  5.00046916e+00 
 1.33301822e-02  5.00046924e+00 
 1.33401822e-02  5.00046932e+00 
 1.33501822e-02  5.00046940e+00 
 1.33601822e-02  5.00046948e+00 
 1.33701822e-02  5.00046956e+00 
 1.33801822e-02  5.00046963e+00 
 1.33901822e-02  5.00046971e+00 
 1.34001822e-02  5.00046979e+00 
 1.34101822e-02  5.00046986e+00 
 1.34201822e-02  5.00046994e+00 
 1.34301822e-02  5.00047001e+00 
 1.34401822e-02  5.00047009e+00 
 1.34501822e-02  5.00047016e+00 
 1.34601822e-02  5.00047023e+00 
 1.34701822e-02  5.00047030e+00 
 1.34801822e-02  5.00047037e+00 
 1.34901822e-02  5.00047044e+00 
 1.35001822e-02  5.00047051e+00 
 1.35101822e-02  5.00047058e+00 
 1.35201822e-02  5.00047064e+00 
 1.35301822e-02  5.00047071e+00 
 1.35401822e-02  5.00047078e+00 
 1.35501822e-02  5.00047084e+00 
 1.35601822e-02  5.00047091e+00 
 1.35701822e-02  5.00047097e+00 
 1.35801822e-02  5.00047104e+00 
 1.35901822e-02  5.00047110e+00 
 1.36001822e-02  5.00047116e+00 
 1.36101822e-02  5.00047122e+00 
 1.36201822e-02  5.00047128e+00 
 1.36301822e-02  5.00047135e+00 
 1.36401822e-02  5.00047140e+00 
 1.36501822e-02  5.00047146e+00 
 1.36601822e-02  5.00047152e+00 
 1.36701822e-02  5.00047158e+00 
 1.36801822e-02  5.00047164e+00 
 1.36901822e-02  5.00047170e+00 
 1.37001822e-02  5.00047175e+00 
 1.37101822e-02  5.00047181e+00 
 1.37201822e-02  5.00047186e+00 
 1.37301822e-02  5.00047192e+00 
 1.37401822e-02  5.00047197e+00 
 1.37501822e-02  5.00047203e+00 
 1.37601822e-02  5.00047208e+00 
 1.37701822e-02  5.00047213e+00 
 1.37801822e-02  5.00047218e+00 
 1.37901822e-02  5.00047224e+00 
 1.38001822e-02  5.00047229e+00 
 1.38101822e-02  5.00047234e+00 
 1.38201822e-02  5.00047239e+00 
 1.38301822e-02  5.00047244e+00 
 1.38401822e-02  5.00047249e+00 
 1.38501822e-02  5.00047253e+00 
 1.38601822e-02  5.00047258e+00 
 1.38701822e-02  5.00047263e+00 
 1.38801822e-02  5.00047268e+00 
 1.38901822e-02  5.00047272e+00 
 1.39001822e-02  5.00047277e+00 
 1.39101822e-02  5.00047282e+00 
 1.39201822e-02  5.00047286e+00 
 1.39301822e-02  5.00047291e+00 
 1.39401822e-02  5.00047295e+00 
 1.39501822e-02  5.00047299e+00 
 1.39601822e-02  5.00047304e+00 
 1.39701822e-02  5.00047308e+00 
 1.39801822e-02  5.00047312e+00 
 1.39901822e-02  5.00047317e+00 
 1.40001822e-02  5.00047321e+00 
 1.40101822e-02  5.00047325e+00 
 1.40201822e-02  5.00047329e+00 
 1.40301822e-02  5.00047333e+00 
 1.40401822e-02  5.00047337e+00 
 1.40501822e-02  5.00047341e+00 
 1.40601822e-02  5.00047345e+00 
 1.40701822e-02  5.00047349e+00 
 1.40801822e-02  5.00047353e+00 
 1.40901822e-02  5.00047357e+00 
 1.41001822e-02  5.00047360e+00 
 1.41101822e-02  5.00047364e+00 
 1.41201822e-02  5.00047368e+00 
 1.41301822e-02  5.00047371e+00 
 1.41401822e-02  5.00047375e+00 
 1.41501822e-02  5.00047379e+00 
 1.41601822e-02  5.00047382e+00 
 1.41701822e-02  5.00047386e+00 
 1.41801822e-02  5.00047389e+00 
 1.41901822e-02  5.00047393e+00 
 1.42001822e-02  5.00047396e+00 
 1.42101822e-02  5.00047400e+00 
 1.42201822e-02  5.00047403e+00 
 1.42301822e-02  5.00047406e+00 
 1.42401822e-02  5.00047409e+00 
 1.42501822e-02  5.00047413e+00 
 1.42601822e-02  5.00047416e+00 
 1.42701822e-02  5.00047419e+00 
 1.42801822e-02  5.00047422e+00 
 1.42901822e-02  5.00047425e+00 
 1.43001822e-02  5.00047429e+00 
 1.43101822e-02  5.00047432e+00 
 1.43201822e-02  5.00047435e+00 
 1.43301822e-02  5.00047438e+00 
 1.43401822e-02  5.00047441e+00 
 1.43501822e-02  5.00047444e+00 
 1.43601822e-02  5.00047446e+00 
 1.43701822e-02  5.00047449e+00 
 1.43801822e-02  5.00047452e+00 
 1.43901822e-02  5.00047455e+00 
 1.44001822e-02  5.00047458e+00 
 1.44101822e-02  5.00047461e+00 
 1.44201822e-02  5.00047463e+00 
 1.44301822e-02  5.00047466e+00 
 1.44401822e-02  5.00047469e+00 
 1.44501822e-02  5.00047471e+00 
 1.44601822e-02  5.00047474e+00 
 1.44701822e-02  5.00047477e+00 
 1.44801822e-02  5.00047479e+00 
 1.44901822e-02  5.00047482e+00 
 1.45001822e-02  5.00047484e+00 
 1.45101822e-02  5.00047487e+00 
 1.45201822e-02  5.00047489e+00 
 1.45301822e-02  5.00047492e+00 
 1.45401822e-02  5.00047494e+00 
 1.45501822e-02  5.00047497e+00 
 1.45601822e-02  5.00047499e+00 
 1.45701822e-02  5.00047501e+00 
 1.45801822e-02  5.00047504e+00 
 1.45901822e-02  5.00047506e+00 
 1.46001822e-02  5.00047508e+00 
 1.46101822e-02  5.00047511e+00 
 1.46201822e-02  5.00047513e+00 
 1.46301822e-02  5.00047515e+00 
 1.46401822e-02  5.00047517e+00 
 1.46501822e-02  5.00047520e+00 
 1.46601822e-02  5.00047522e+00 
 1.46701822e-02  5.00047524e+00 
 1.46801822e-02  5.00047526e+00 
 1.46901822e-02  5.00047528e+00 
 1.47001822e-02  5.00047530e+00 
 1.47101822e-02  5.00047532e+00 
 1.47201822e-02  5.00047534e+00 
 1.47301822e-02  5.00047536e+00 
 1.47401822e-02  5.00047538e+00 
 1.47501822e-02  5.00047540e+00 
 1.47601822e-02  5.00047542e+00 
 1.47701822e-02  5.00047544e+00 
 1.47801822e-02  5.00047546e+00 
 1.47901822e-02  5.00047548e+00 
 1.48001822e-02  5.00047550e+00 
 1.48101822e-02  5.00047552e+00 
 1.48201822e-02  5.00047553e+00 
 1.48301822e-02  5.00047555e+00 
 1.48401822e-02  5.00047557e+00 
 1.48501822e-02  5.00047559e+00 
 1.48601822e-02  5.00047561e+00 
 1.48701822e-02  5.00047562e+00 
 1.48801822e-02  5.00047564e+00 
 1.48901822e-02  5.00047566e+00 
 1.49001822e-02  5.00047568e+00 
 1.49101822e-02  5.00047569e+00 
 1.49201822e-02  5.00047571e+00 
 1.49301822e-02  5.00047573e+00 
 1.49401822e-02  5.00047574e+00 
 1.49501822e-02  5.00047576e+00 
 1.49601822e-02  5.00047577e+00 
 1.49701822e-02  5.00047579e+00 
 1.49801822e-02  5.00047581e+00 
 1.49901822e-02  5.00047582e+00 
 1.50001822e-02  5.00047584e+00 
 1.50101822e-02  5.00047585e+00 
 1.50201822e-02  5.00047587e+00 
 1.50301822e-02  5.00047588e+00 
 1.50401822e-02  5.00047590e+00 
 1.50501822e-02  5.00047591e+00 
 1.50601822e-02  5.00047593e+00 
 1.50701822e-02  5.00047594e+00 
 1.50801822e-02  5.00047595e+00 
 1.50901822e-02  5.00047597e+00 
 1.51001822e-02  5.00047598e+00 
 1.51101822e-02  5.00047600e+00 
 1.51201822e-02  5.00047601e+00 
 1.51301822e-02  5.00047602e+00 
 1.51401822e-02  5.00047604e+00 
 1.51501822e-02  5.00047605e+00 
 1.51601822e-02  5.00047606e+00 
 1.51701822e-02  5.00047608e+00 
 1.51801822e-02  5.00047609e+00 
 1.51901822e-02  5.00047610e+00 
 1.52001822e-02  5.00047611e+00 
 1.52101822e-02  5.00047613e+00 
 1.52201822e-02  5.00047614e+00 
 1.52301822e-02  5.00047615e+00 
 1.52401822e-02  5.00047616e+00 
 1.52501822e-02  5.00047618e+00 
 1.52601822e-02  5.00047619e+00 
 1.52701822e-02  5.00047620e+00 
 1.52801822e-02  5.00047621e+00 
 1.52901822e-02  5.00047622e+00 
 1.53001822e-02  5.00047623e+00 
 1.53101822e-02  5.00047624e+00 
 1.53201822e-02  5.00047626e+00 
 1.53301822e-02  5.00047627e+00 
 1.53401822e-02  5.00047628e+00 
 1.53501822e-02  5.00047629e+00 
 1.53601822e-02  5.00047630e+00 
 1.53701822e-02  5.00047631e+00 
 1.53801822e-02  5.00047632e+00 
 1.53901822e-02  5.00047633e+00 
 1.54001822e-02  5.00047634e+00 
 1.54101822e-02  5.00047635e+00 
 1.54201822e-02  5.00047636e+00 
 1.54301822e-02  5.00047637e+00 
 1.54401822e-02  5.00047638e+00 
 1.54501822e-02  5.00047639e+00 
 1.54601822e-02  5.00047640e+00 
 1.54701822e-02  5.00047641e+00 
 1.54801822e-02  5.00047642e+00 
 1.54901822e-02  5.00047643e+00 
 1.55001822e-02  5.00047644e+00 
 1.55101822e-02  5.00047645e+00 
 1.55201822e-02  5.00047646e+00 
 1.55301822e-02  5.00047647e+00 
 1.55401822e-02  5.00047648e+00 
 1.55501822e-02  5.00047648e+00 
 1.55601822e-02  5.00047649e+00 
 1.55701822e-02  5.00047650e+00 
 1.55801822e-02  5.00047651e+00 
 1.55901822e-02  5.00047652e+00 
 1.56001822e-02  5.00047653e+00 
 1.56101822e-02  5.00047654e+00 
 1.56201822e-02  5.00047654e+00 
 1.56301822e-02  5.00047655e+00 
 1.56401822e-02  5.00047656e+00 
 1.56501822e-02  5.00047657e+00 
 1.56601822e-02  5.00047658e+00 
 1.56701822e-02  5.00047658e+00 
 1.56801822e-02  5.00047659e+00 
 1.56901822e-02  5.00047660e+00 
 1.57001822e-02  5.00047661e+00 
 1.57101822e-02  5.00047661e+00 
 1.57201822e-02  5.00047662e+00 
 1.57301822e-02  5.00047663e+00 
 1.57401822e-02  5.00047664e+00 
 1.57501822e-02  5.00047664e+00 
 1.57601822e-02  5.00047665e+00 
 1.57701822e-02  5.00047666e+00 
 1.57801822e-02  5.00047667e+00 
 1.57901822e-02  5.00047667e+00 
 1.58001822e-02  5.00047668e+00 
 1.58101822e-02  5.00047669e+00 
 1.58201822e-02  5.00047669e+00 
 1.58301822e-02  5.00047670e+00 
 1.58401822e-02  5.00047671e+00 
 1.58501822e-02  5.00047671e+00 
 1.58601822e-02  5.00047672e+00 
 1.58701822e-02  5.00047673e+00 
 1.58801822e-02  5.00047673e+00 
 1.58901822e-02  5.00047674e+00 
 1.59001822e-02  5.00047674e+00 
 1.59101822e-02  5.00047675e+00 
 1.59201822e-02  5.00047676e+00 
 1.59301822e-02  5.00047676e+00 
 1.59401822e-02  5.00047677e+00 
 1.59501822e-02  5.00047677e+00 
 1.59601822e-02  5.00047678e+00 
 1.59701822e-02  5.00047679e+00 
 1.59801822e-02  5.00047679e+00 
 1.59901822e-02  5.00047680e+00 
 1.60001822e-02  5.00047680e+00 
 1.60101822e-02  5.00047681e+00 
 1.60201822e-02  5.00047681e+00 
 1.60301822e-02  5.00047682e+00 
 1.60401822e-02  5.00047683e+00 
 1.60501822e-02  5.00047683e+00 
 1.60601822e-02  5.00047684e+00 
 1.60701822e-02  5.00047684e+00 
 1.60801822e-02  5.00047685e+00 
 1.60901822e-02  5.00047685e+00 
 1.61001822e-02  5.00047686e+00 
 1.61101822e-02  5.00047686e+00 
 1.61201822e-02  5.00047687e+00 
 1.61301822e-02  5.00047687e+00 
 1.61401822e-02  5.00047688e+00 
 1.61501822e-02  5.00047688e+00 
 1.61601822e-02  5.00047689e+00 
 1.61701822e-02  5.00047689e+00 
 1.61801822e-02  5.00047690e+00 
 1.61901822e-02  5.00047690e+00 
 1.62001822e-02  5.00047691e+00 
 1.62101822e-02  5.00047691e+00 
 1.62201822e-02  5.00047691e+00 
 1.62301822e-02  5.00047692e+00 
 1.62401822e-02  5.00047692e+00 
 1.62501822e-02  5.00047693e+00 
 1.62601822e-02  5.00047693e+00 
 1.62701822e-02  5.00047694e+00 
 1.62801822e-02  5.00047694e+00 
 1.62901822e-02  5.00047695e+00 
 1.63001822e-02  5.00047695e+00 
 1.63101822e-02  5.00047695e+00 
 1.63201822e-02  5.00047696e+00 
 1.63301822e-02  5.00047696e+00 
 1.63401822e-02  5.00047697e+00 
 1.63501822e-02  5.00047697e+00 
 1.63601822e-02  5.00047697e+00 
 1.63701822e-02  5.00047698e+00 
 1.63801822e-02  5.00047698e+00 
 1.63901822e-02  5.00047699e+00 
 1.64001822e-02  5.00047699e+00 
 1.64101822e-02  5.00047699e+00 
 1.64201822e-02  5.00047700e+00 
 1.64301822e-02  5.00047700e+00 
 1.64401822e-02  5.00047700e+00 
 1.64501822e-02  5.00047701e+00 
 1.64601822e-02  5.00047701e+00 
 1.64701822e-02  5.00047701e+00 
 1.64801822e-02  5.00047702e+00 
 1.64901822e-02  5.00047702e+00 
 1.65001822e-02  5.00047703e+00 
 1.65101822e-02  5.00047703e+00 
 1.65201822e-02  5.00047703e+00 
 1.65301822e-02  5.00047704e+00 
 1.65401822e-02  5.00047704e+00 
 1.65501822e-02  5.00047704e+00 
 1.65601822e-02  5.00047705e+00 
 1.65701822e-02  5.00047705e+00 
 1.65801822e-02  5.00047705e+00 
 1.65901822e-02  5.00047705e+00 
 1.66001822e-02  5.00047706e+00 
 1.66101822e-02  5.00047706e+00 
 1.66201822e-02  5.00047706e+00 
 1.66301822e-02  5.00047707e+00 
 1.66401822e-02  5.00047707e+00 
 1.66501822e-02  5.00047707e+00 
 1.66601822e-02  5.00047708e+00 
 1.66701822e-02  5.00047708e+00 
 1.66801822e-02  5.00047708e+00 
 1.66901822e-02  5.00047708e+00 
 1.67001822e-02  5.00047709e+00 
 1.67101822e-02  5.00047709e+00 
 1.67201822e-02  5.00047709e+00 
 1.67301822e-02  5.00047710e+00 
 1.67401822e-02  5.00047710e+00 
 1.67501822e-02  5.00047710e+00 
 1.67601822e-02  5.00047710e+00 
 1.67701822e-02  5.00047711e+00 
 1.67801822e-02  5.00047711e+00 
 1.67901822e-02  5.00047711e+00 
 1.68001822e-02  5.00047711e+00 
 1.68101822e-02  5.00047712e+00 
 1.68201822e-02  5.00047712e+00 
 1.68301822e-02  5.00047712e+00 
 1.68401822e-02  5.00047712e+00 
 1.68501822e-02  5.00047713e+00 
 1.68601822e-02  5.00047713e+00 
 1.68701822e-02  5.00047713e+00 
 1.68801822e-02  5.00047713e+00 
 1.68901822e-02  5.00047714e+00 
 1.69001822e-02  5.00047714e+00 
 1.69101822e-02  5.00047714e+00 
 1.69201822e-02  5.00047714e+00 
 1.69301822e-02  5.00047714e+00 
 1.69401822e-02  5.00047715e+00 
 1.69501822e-02  5.00047715e+00 
 1.69601822e-02  5.00047715e+00 
 1.69701822e-02  5.00047715e+00 
 1.69801822e-02  5.00047716e+00 
 1.69901822e-02  5.00047716e+00 
 1.70001822e-02  5.00047716e+00 
 1.70101822e-02  5.00047716e+00 
 1.70201822e-02  5.00047716e+00 
 1.70301822e-02  5.00047717e+00 
 1.70401822e-02  5.00047717e+00 
 1.70501822e-02  5.00047717e+00 
 1.70601822e-02  5.00047717e+00 
 1.70701822e-02  5.00047717e+00 
 1.70801822e-02  5.00047718e+00 
 1.70901822e-02  5.00047718e+00 
 1.71001822e-02  5.00047718e+00 
 1.71101822e-02  5.00047718e+00 
 1.71201822e-02  5.00047718e+00 
 1.71301822e-02  5.00047718e+00 
 1.71401822e-02  5.00047719e+00 
 1.71501822e-02  5.00047719e+00 
 1.71601822e-02  5.00047719e+00 
 1.71701822e-02  5.00047719e+00 
 1.71801822e-02  5.00047719e+00 
 1.71901822e-02  5.00047720e+00 
 1.72001822e-02  5.00047720e+00 
 1.72101822e-02  5.00047720e+00 
 1.72201822e-02  5.00047720e+00 
 1.72301822e-02  5.00047720e+00 
 1.72401822e-02  5.00047720e+00 
 1.72501822e-02  5.00047721e+00 
 1.72601822e-02  5.00047721e+00 
 1.72701822e-02  5.00047721e+00 
 1.72801822e-02  5.00047721e+00 
 1.72901822e-02  5.00047721e+00 
 1.73001822e-02  5.00047721e+00 
 1.73101822e-02  5.00047721e+00 
 1.73201822e-02  5.00047722e+00 
 1.73301822e-02  5.00047722e+00 
 1.73401822e-02  5.00047722e+00 
 1.73501822e-02  5.00047722e+00 
 1.73601822e-02  5.00047722e+00 
 1.73701822e-02  5.00047722e+00 
 1.73801822e-02  5.00047723e+00 
 1.73901822e-02  5.00047723e+00 
 1.74001822e-02  5.00047723e+00 
 1.74101822e-02  5.00047723e+00 
 1.74201822e-02  5.00047723e+00 
 1.74301822e-02  5.00047723e+00 
 1.74401822e-02  5.00047723e+00 
 1.74501822e-02  5.00047723e+00 
 1.74601822e-02  5.00047724e+00 
 1.74701822e-02  5.00047724e+00 
 1.74801822e-02  5.00047724e+00 
 1.74901822e-02  5.00047724e+00 
 1.75001822e-02  5.00047724e+00 
 1.75101822e-02  5.00047724e+00 
 1.75201822e-02  5.00047724e+00 
 1.75301822e-02  5.00047724e+00 
 1.75401822e-02  5.00047725e+00 
 1.75501822e-02  5.00047725e+00 
 1.75601822e-02  5.00047725e+00 
 1.75701822e-02  5.00047725e+00 
 1.75801822e-02  5.00047725e+00 
 1.75901822e-02  5.00047725e+00 
 1.76001822e-02  5.00047725e+00 
 1.76101822e-02  5.00047725e+00 
 1.76201822e-02  5.00047726e+00 
 1.76301822e-02  5.00047726e+00 
 1.76401822e-02  5.00047726e+00 
 1.76501822e-02  5.00047726e+00 
 1.76601822e-02  5.00047726e+00 
 1.76701822e-02  5.00047726e+00 
 1.76801822e-02  5.00047726e+00 
 1.76901822e-02  5.00047726e+00 
 1.77001822e-02  5.00047726e+00 
 1.77101822e-02  5.00047726e+00 
 1.77201822e-02  5.00047727e+00 
 1.77301822e-02  5.00047727e+00 
 1.77401822e-02  5.00047727e+00 
 1.77501822e-02  5.00047727e+00 
 1.77601822e-02  5.00047727e+00 
 1.77701822e-02  5.00047727e+00 
 1.77801822e-02  5.00047727e+00 
 1.77901822e-02  5.00047727e+00 
 1.78001822e-02  5.00047727e+00 
 1.78101822e-02  5.00047727e+00 
 1.78201822e-02  5.00047728e+00 
 1.78301822e-02  5.00047728e+00 
 1.78401822e-02  5.00047728e+00 
 1.78501822e-02  5.00047728e+00 
 1.78601822e-02  5.00047728e+00 
 1.78701822e-02  5.00047728e+00 
 1.78801822e-02  5.00047728e+00 
 1.78901822e-02  5.00047728e+00 
 1.79001822e-02  5.00047728e+00 
 1.79101822e-02  5.00047728e+00 
 1.79201822e-02  5.00047728e+00 
 1.79301822e-02  5.00047728e+00 
 1.79401822e-02  5.00047729e+00 
 1.79501822e-02  5.00047729e+00 
 1.79601822e-02  5.00047729e+00 
 1.79701822e-02  5.00047729e+00 
 1.79801822e-02  5.00047729e+00 
 1.79901822e-02  5.00047729e+00 
 1.80001822e-02  5.00047729e+00 
 1.80101822e-02  5.00047729e+00 
 1.80201822e-02  5.00047729e+00 
 1.80301822e-02  5.00047729e+00 
 1.80401822e-02  5.00047729e+00 
 1.80501822e-02  5.00047729e+00 
 1.80601822e-02  5.00047729e+00 
 1.80701822e-02  5.00047730e+00 
 1.80801822e-02  5.00047730e+00 
 1.80901822e-02  5.00047730e+00 
 1.81001822e-02  5.00047730e+00 
 1.81101822e-02  5.00047730e+00 
 1.81201822e-02  5.00047730e+00 
 1.81301822e-02  5.00047730e+00 
 1.81401822e-02  5.00047730e+00 
 1.81501822e-02  5.00047730e+00 
 1.81601822e-02  5.00047730e+00 
 1.81701822e-02  5.00047730e+00 
 1.81801822e-02  5.00047730e+00 
 1.81901822e-02  5.00047730e+00 
 1.82001822e-02  5.00047730e+00 
 1.82101822e-02  5.00047730e+00 
 1.82201822e-02  5.00047731e+00 
 1.82301822e-02  5.00047731e+00 
 1.82401822e-02  5.00047731e+00 
 1.82501822e-02  5.00047731e+00 
 1.82601822e-02  5.00047731e+00 
 1.82701822e-02  5.00047731e+00 
 1.82801822e-02  5.00047731e+00 
 1.82901822e-02  5.00047731e+00 
 1.83001822e-02  5.00047731e+00 
 1.83101822e-02  5.00047731e+00 
 1.83201822e-02  5.00047731e+00 
 1.83301822e-02  5.00047731e+00 
 1.83401822e-02  5.00047731e+00 
 1.83501822e-02  5.00047731e+00 
 1.83601822e-02  5.00047731e+00 
 1.83701822e-02  5.00047731e+00 
 1.83801822e-02  5.00047731e+00 
 1.83901822e-02  5.00047732e+00 
 1.84001822e-02  5.00047732e+00 
 1.84101822e-02  5.00047732e+00 
 1.84201822e-02  5.00047732e+00 
 1.84301822e-02  5.00047732e+00 
 1.84401822e-02  5.00047732e+00 
 1.84501822e-02  5.00047732e+00 
 1.84601822e-02  5.00047732e+00 
 1.84701822e-02  5.00047732e+00 
 1.84801822e-02  5.00047732e+00 
 1.84901822e-02  5.00047732e+00 
 1.85001822e-02  5.00047732e+00 
 1.85101822e-02  5.00047732e+00 
 1.85201822e-02  5.00047732e+00 
 1.85301822e-02  5.00047732e+00 
 1.85401822e-02  5.00047732e+00 
 1.85501822e-02  5.00047732e+00 
 1.85601822e-02  5.00047732e+00 
 1.85701822e-02  5.00047732e+00 
 1.85801822e-02  5.00047732e+00 
 1.85901822e-02  5.00047732e+00 
 1.86001822e-02  5.00047732e+00 
 1.86101822e-02  5.00047733e+00 
 1.86201822e-02  5.00047733e+00 
 1.86301822e-02  5.00047733e+00 
 1.86401822e-02  5.00047733e+00 
 1.86501822e-02  5.00047733e+00 
 1.86601822e-02  5.00047733e+00 
 1.86701822e-02  5.00047733e+00 
 1.86801822e-02  5.00047733e+00 
 1.86901822e-02  5.00047733e+00 
 1.87001822e-02  5.00047733e+00 
 1.87101822e-02  5.00047733e+00 
 1.87201822e-02  5.00047733e+00 
 1.87301822e-02  5.00047733e+00 
 1.87401822e-02  5.00047733e+00 
 1.87501822e-02  5.00047733e+00 
 1.87601822e-02  5.00047733e+00 
 1.87701822e-02  5.00047733e+00 
 1.87801822e-02  5.00047733e+00 
 1.87901822e-02  5.00047733e+00 
 1.88001822e-02  5.00047733e+00 
 1.88101822e-02  5.00047733e+00 
 1.88201822e-02  5.00047733e+00 
 1.88301822e-02  5.00047733e+00 
 1.88401822e-02  5.00047733e+00 
 1.88501822e-02  5.00047733e+00 
 1.88601822e-02  5.00047733e+00 
 1.88701822e-02  5.00047733e+00 
 1.88801822e-02  5.00047734e+00 
 1.88901822e-02  5.00047734e+00 
 1.89001822e-02  5.00047734e+00 
 1.89101822e-02  5.00047734e+00 
 1.89201822e-02  5.00047734e+00 
 1.89301822e-02  5.00047734e+00 
 1.89401822e-02  5.00047734e+00 
 1.89501822e-02  5.00047734e+00 
 1.89601822e-02  5.00047734e+00 
 1.89701822e-02  5.00047734e+00 
 1.89801822e-02  5.00047734e+00 
 1.89901822e-02  5.00047734e+00 
 1.90001822e-02  5.00047734e+00 
 1.90101822e-02  5.00047734e+00 
 1.90201822e-02  5.00047734e+00 
 1.90301822e-02  5.00047734e+00 
 1.90401822e-02  5.00047734e+00 
 1.90501822e-02  5.00047734e+00 
 1.90601822e-02  5.00047734e+00 
 1.90701822e-02  5.00047734e+00 
 1.90801822e-02  5.00047734e+00 
 1.90901822e-02  5.00047734e+00 
 1.91001822e-02  5.00047734e+00 
 1.91101822e-02  5.00047734e+00 
 1.91201822e-02  5.00047734e+00 
 1.91301822e-02  5.00047734e+00 
 1.91401822e-02  5.00047734e+00 
 1.91501822e-02  5.00047734e+00 
 1.91601822e-02  5.00047734e+00 
 1.91701822e-02  5.00047734e+00 
 1.91801822e-02  5.00047734e+00 
 1.91901822e-02  5.00047734e+00 
 1.92001822e-02  5.00047734e+00 
 1.92101822e-02  5.00047734e+00 
 1.92201822e-02  5.00047734e+00 
 1.92301822e-02  5.00047734e+00 
 1.92401822e-02  5.00047734e+00 
 1.92501822e-02  5.00047734e+00 
 1.92601822e-02  5.00047735e+00 
 1.92701822e-02  5.00047735e+00 
 1.92801822e-02  5.00047735e+00 
 1.92901822e-02  5.00047735e+00 
 1.93001822e-02  5.00047735e+00 
 1.93101822e-02  5.00047735e+00 
 1.93201822e-02  5.00047735e+00 
 1.93301822e-02  5.00047735e+00 
 1.93401822e-02  5.00047735e+00 
 1.93501822e-02  5.00047735e+00 
 1.93601822e-02  5.00047735e+00 
 1.93701822e-02  5.00047735e+00 
 1.93801822e-02  5.00047735e+00 
 1.93901822e-02  5.00047735e+00 
 1.94001822e-02  5.00047735e+00 
 1.94101822e-02  5.00047735e+00 
 1.94201822e-02  5.00047735e+00 
 1.94301822e-02  5.00047735e+00 
 1.94401822e-02  5.00047735e+00 
 1.94501822e-02  5.00047735e+00 
 1.94601822e-02  5.00047735e+00 
 1.94701822e-02  5.00047735e+00 
 1.94801822e-02  5.00047735e+00 
 1.94901822e-02  5.00047735e+00 
 1.95001822e-02  5.00047735e+00 
 1.95101822e-02  5.00047735e+00 
 1.95201822e-02  5.00047735e+00 
 1.95301822e-02  5.00047735e+00 
 1.95401822e-02  5.00047735e+00 
 1.95501822e-02  5.00047735e+00 
 1.95601822e-02  5.00047735e+00 
 1.95701822e-02  5.00047735e+00 
 1.95801822e-02  5.00047735e+00 
 1.95901822e-02  5.00047735e+00 
 1.96001822e-02  5.00047735e+00 
 1.96101822e-02  5.00047735e+00 
 1.96201822e-02  5.00047735e+00 
 1.96301822e-02  5.00047735e+00 
 1.96401822e-02  5.00047735e+00 
 1.96501822e-02  5.00047735e+00 
 1.96601822e-02  5.00047735e+00 
 1.96701822e-02  5.00047735e+00 
 1.96801822e-02  5.00047735e+00 
 1.96901822e-02  5.00047735e+00 
 1.97001822e-02  5.00047735e+00 
 1.97101822e-02  5.00047735e+00 
 1.97201822e-02  5.00047735e+00 
 1.97301822e-02  5.00047735e+00 
 1.97401822e-02  5.00047735e+00 
 1.97501822e-02  5.00047735e+00 
 1.97601822e-02  5.00047735e+00 
 1.97701822e-02  5.00047735e+00 
 1.97801822e-02  5.00047735e+00 
 1.97901822e-02  5.00047735e+00 
 1.98001822e-02  5.00047735e+00 
 1.98101822e-02  5.00047735e+00 
 1.98201822e-02  5.00047735e+00 
 1.98301822e-02  5.00047735e+00 
 1.98401822e-02  5.00047735e+00 
 1.98501822e-02  5.00047735e+00 
 1.98601822e-02  5.00047735e+00 
 1.98701822e-02  5.00047735e+00 
 1.98801822e-02  5.00047736e+00 
 1.98901822e-02  5.00047736e+00 
 1.99001822e-02  5.00047736e+00 
 1.99101822e-02  5.00047736e+00 
 1.99201822e-02  5.00047736e+00 
 1.99301822e-02  5.00047736e+00 
 1.99401822e-02  5.00047736e+00 
 1.99501822e-02  5.00047736e+00 
 1.99601822e-02  5.00047736e+00 
 1.99701822e-02  5.00047736e+00 
 1.99801822e-02  5.00047736e+00 
 1.99901822e-02  5.00047736e+00 
 2.00000000e-02  5.00047736e+00 
