 5.00000000e-09  4.26800788e-09 
 5.14761360e-09  4.34584356e-09 
 5.44284081e-09  4.49277301e-09 
 6.03329522e-09  4.76420741e-09 
 6.81670312e-09  5.09248794e-09 
 8.19757714e-09  5.60146411e-09 
 1.09593252e-08  6.47835688e-09 
 1.33768254e-08  7.18692706e-09 
 1.60856030e-08  7.92104058e-09 
 1.87276794e-08  8.59334799e-09 
 2.22853010e-08  9.50642434e-09 
 2.49441592e-08  1.01586247e-08 
 2.77888875e-08  1.08313441e-08 
 3.23732930e-08  1.19075845e-08 
 3.74604817e-08  1.31142905e-08 
 4.71723343e-08  1.54688467e-08 
 6.17813207e-08  1.91319794e-08 
 9.08805999e-08  2.68012312e-08 
 1.49079158e-07  4.31432165e-08 
 2.36446815e-07  6.88880590e-08 
 3.30813986e-07  9.71183693e-08 
 4.58833283e-07  1.34924307e-07 
 5.00000000e-07  1.46907582e-07 
 5.08045284e-07  1.49237125e-07 
 5.24135853e-07  1.53884682e-07 
 5.56316990e-07  1.63129495e-07 
 6.20679265e-07  1.81437703e-07 
 6.58412074e-07  1.92070199e-07 
 7.03207586e-07  2.04609356e-07 
 7.30512166e-07  2.12211314e-07 
 7.51342296e-07  2.17990843e-07 
 7.64347695e-07  2.21590794e-07 
 7.71172540e-07  2.23477336e-07 
 7.75407975e-07  2.24647208e-07 
 7.80631527e-07  2.26089061e-07 
 7.84866889e-07  2.27257374e-07 
 7.89485189e-07  2.28530530e-07 
 7.98721789e-07  2.31074355e-07 
 8.14472833e-07  2.35404560e-07 
 8.42681896e-07  2.43134633e-07 
 8.77805527e-07  2.52712859e-07 
 9.33453040e-07  2.67777227e-07 
 1.00000000e-06  2.85613143e-07 
 1.00803332e-06  2.87752280e-07 
 1.02409996e-06  2.92023838e-07 
 1.05623324e-06  3.00537299e-07 
 1.09283980e-06  3.10187961e-07 
 1.13113597e-06  3.20223161e-07 
 1.17465232e-06  3.31534660e-07 
 1.26168501e-06  3.53782240e-07 
 1.37592637e-06  3.82123638e-07 
 1.49082445e-06  4.09537011e-07 
 1.61448162e-06  4.37517879e-07 
 1.76005668e-06  4.72652878e-07 
 1.91672354e-06  5.63693901e-07 
 2.02001028e-06  7.80728205e-07 
 2.10092680e-06  1.28087575e-06 
 2.17070164e-06  2.37814729e-06 
 2.23795478e-06  4.89690997e-06 
 2.31041304e-06  1.15039990e-05 
 2.37849229e-06  2.56380218e-05 
 2.45301530e-06  6.00849978e-05 
 2.52855847e-06  1.33356491e-04 
 2.61569538e-06  3.00472985e-04 
 2.71837449e-06  6.70736806e-04 
 2.85180938e-06  1.55235991e-03 
 2.92403534e-06  2.17927931e-03 
 2.96958254e-06  2.50978026e-03 
 2.99383522e-06  2.65881812e-03 
 3.01546043e-06  2.79209360e-03 
 3.03501976e-06  2.93242560e-03 
 3.04805439e-06  3.04356888e-03 
 3.05980217e-06  3.15803262e-03 
 3.07482396e-06  3.31941121e-03 
 3.09091112e-06  3.49766366e-03 
 3.10554753e-06  3.65213912e-03 
 3.12155271e-06  3.80102152e-03 
 3.13748014e-06  3.92234893e-03 
 3.16235281e-06  4.05776974e-03 
 3.21209817e-06  4.19238994e-03 
 3.28697151e-06  4.26965818e-03 
 3.36018436e-06  4.29468185e-03 
 3.44970894e-06  4.30552192e-03 
 3.54442634e-06  4.30938580e-03 
 3.70475260e-06  4.31184993e-03 
 3.87660523e-06  4.31267876e-03 
 4.05131772e-06  4.31288589e-03 
 4.35856531e-06  4.31290330e-03 
 4.69043301e-06  4.31276563e-03 
 5.10417951e-06  4.31252876e-03 
 5.93167252e-06  4.31200992e-03 
 6.84068115e-06  4.31141634e-03 
 8.10915438e-06  4.31057955e-03 
 9.74830885e-06  4.31064770e-03 
 1.00000000e-05  4.31604711e-03 
 1.00319177e-05  4.31704986e-03 
 1.00957531e-05  4.32095687e-03 
 1.02078831e-05  4.38289087e-03 
 1.03321501e-05  5.00702673e-03 
 1.04859061e-05  7.80231863e-03 
 1.06340524e-05  1.32232219e-02 
 1.07737170e-05  2.08984919e-02 
 1.08681128e-05  2.73727486e-02 
 1.09225010e-05  3.11821815e-02 
 1.09764273e-05  3.48353681e-02 
 1.10223165e-05  3.79125154e-02 
 1.10694378e-05  4.10807333e-02 
 1.11313017e-05  4.52460749e-02 
 1.12198363e-05  5.11945655e-02 
 1.13674291e-05  6.10653744e-02 
 1.16162767e-05  7.75489457e-02 
 1.20062209e-05  1.01538988e-01 
 1.23043593e-05  1.12384155e-01 
 1.25539878e-05  1.15622509e-01 
 1.28012136e-05  1.16684836e-01 
 1.30979389e-05  1.17130282e-01 
 1.33908276e-05  1.17271502e-01 
 1.36547651e-05  1.17308119e-01 
 1.39233876e-05  1.17316323e-01 
 1.41899028e-05  1.17314755e-01 
 1.45066005e-05  1.17309169e-01 
 1.48142956e-05  1.17302425e-01 
 1.52534463e-05  1.17292219e-01 
 1.60077420e-05  1.17274330e-01 
 1.75163334e-05  1.17238286e-01 
 2.05335163e-05  1.17166015e-01 
 2.48784402e-05  1.17061831e-01 
 2.93778419e-05  1.38812811e-01 
 3.31221755e-05  1.67969377e-01 
 3.70060929e-05  1.85167643e-01 
 4.17820437e-05  2.05257700e-01 
 4.78751695e-05  2.35390268e-01 
 5.62230420e-05  2.75201547e-01 
 6.62230420e-05  3.21963273e-01 
 7.62230420e-05  3.68499293e-01 
 8.62230420e-05  4.14556276e-01 
 9.62230420e-05  4.60141164e-01 
 1.06223042e-04  5.05278155e-01 
 1.16223042e-04  5.49967434e-01 
 1.26223042e-04  5.94212178e-01 
 1.36223042e-04  6.38017604e-01 
 1.46223042e-04  6.81388046e-01 
 1.56223042e-04  7.24327763e-01 
 1.66223042e-04  7.66841035e-01 
 1.76223042e-04  8.08932089e-01 
 1.86223042e-04  8.50605108e-01 
 1.96223042e-04  8.91864218e-01 
 2.06223042e-04  9.32713217e-01 
 2.16223042e-04  9.73156787e-01 
 2.26223042e-04  1.01319867e+00 
 2.36223042e-04  1.05284280e+00 
 2.46223042e-04  1.09209313e+00 
 2.56223042e-04  1.13095386e+00 
 2.66223042e-04  1.16942829e+00 
 2.76223042e-04  1.20752048e+00 
 2.86223042e-04  1.24523427e+00 
 2.96223042e-04  1.28257340e+00 
 3.06223042e-04  1.31954158e+00 
 3.16223042e-04  1.35614249e+00 
 3.26223042e-04  1.39237977e+00 
 3.36223042e-04  1.42825702e+00 
 3.46223042e-04  1.46377782e+00 
 3.56223042e-04  1.49894547e+00 
 3.66223042e-04  1.53376393e+00 
 3.76223042e-04  1.56823646e+00 
 3.86223042e-04  1.60236645e+00 
 3.96223042e-04  1.63615732e+00 
 4.06223042e-04  1.66961243e+00 
 4.16223042e-04  1.70273511e+00 
 4.26223042e-04  1.73552866e+00 
 4.36223042e-04  1.76799634e+00 
 4.46223042e-04  1.80014139e+00 
 4.56223042e-04  1.83196701e+00 
 4.66223042e-04  1.86347636e+00 
 4.76223042e-04  1.89467258e+00 
 4.86223042e-04  1.92555879e+00 
 4.96223042e-04  1.95613806e+00 
 5.06223042e-04  1.98641343e+00 
 5.16223042e-04  2.01638792e+00 
 5.26223042e-04  2.04606451e+00 
 5.36223042e-04  2.07544617e+00 
 5.46223042e-04  2.10453582e+00 
 5.56223042e-04  2.13333636e+00 
 5.66223042e-04  2.16185065e+00 
 5.76223042e-04  2.19008155e+00 
 5.86223042e-04  2.21803185e+00 
 5.96223042e-04  2.24570436e+00 
 6.06223042e-04  2.27310181e+00 
 6.16223042e-04  2.30022696e+00 
 6.26223042e-04  2.32708249e+00 
 6.36223042e-04  2.35367109e+00 
 6.46223042e-04  2.37999540e+00 
 6.56223042e-04  2.40605805e+00 
 6.66223042e-04  2.43186164e+00 
 6.76223042e-04  2.45740875e+00 
 6.86223042e-04  2.48270190e+00 
 6.96223042e-04  2.50774364e+00 
 7.06223042e-04  2.53253645e+00 
 7.16223042e-04  2.55708280e+00 
 7.26223042e-04  2.58138515e+00 
 7.36223042e-04  2.60544591e+00 
 7.46223042e-04  2.62926750e+00 
 7.56223042e-04  2.65285227e+00 
 7.66223042e-04  2.67620258e+00 
 7.76223042e-04  2.69932077e+00 
 7.86223042e-04  2.72220913e+00 
 7.96223042e-04  2.74486995e+00 
 8.06223042e-04  2.76730549e+00 
 8.16223042e-04  2.78951799e+00 
 8.26223042e-04  2.81150966e+00 
 8.36223042e-04  2.83328269e+00 
 8.46223042e-04  2.85483926e+00 
 8.56223042e-04  2.87618152e+00 
 8.66223042e-04  2.89731159e+00 
 8.76223042e-04  2.91823159e+00 
 8.86223042e-04  2.93894359e+00 
 8.96223042e-04  2.95944968e+00 
 9.06223042e-04  2.97975188e+00 
 9.16223042e-04  2.99985223e+00 
 9.26223042e-04  3.01975274e+00 
 9.36223042e-04  3.03945538e+00 
 9.46223042e-04  3.05896212e+00 
 9.56223042e-04  3.07827492e+00 
 9.66223042e-04  3.09739569e+00 
 9.76223042e-04  3.11632635e+00 
 9.86223042e-04  3.13506877e+00 
 9.96223042e-04  3.15362485e+00 
 1.00622304e-03  3.17199641e+00 
 1.01622304e-03  3.19018531e+00 
 1.02622304e-03  3.20819335e+00 
 1.03622304e-03  3.22602232e+00 
 1.04622304e-03  3.24367402e+00 
 1.05622304e-03  3.26115020e+00 
 1.06622304e-03  3.27845260e+00 
 1.07622304e-03  3.29558296e+00 
 1.08622304e-03  3.31254297e+00 
 1.09622304e-03  3.32933434e+00 
 1.10622304e-03  3.34595874e+00 
 1.11622304e-03  3.36241782e+00 
 1.12622304e-03  3.37871324e+00 
 1.13622304e-03  3.39484662e+00 
 1.14622304e-03  3.41081956e+00 
 1.15622304e-03  3.42663367e+00 
 1.16622304e-03  3.44229052e+00 
 1.17622304e-03  3.45779167e+00 
 1.18622304e-03  3.47313867e+00 
 1.19622304e-03  3.48833305e+00 
 1.20622304e-03  3.50337634e+00 
 1.21622304e-03  3.51827002e+00 
 1.22622304e-03  3.53301560e+00 
 1.23622304e-03  3.54761453e+00 
 1.24622304e-03  3.56206829e+00 
 1.25622304e-03  3.57637830e+00 
 1.26622304e-03  3.59054600e+00 
 1.27622304e-03  3.60457281e+00 
 1.28622304e-03  3.61846012e+00 
 1.29622304e-03  3.63220932e+00 
 1.30622304e-03  3.64582179e+00 
 1.31622304e-03  3.65929888e+00 
 1.32622304e-03  3.67264194e+00 
 1.33622304e-03  3.68585229e+00 
 1.34622304e-03  3.69893127e+00 
 1.35622304e-03  3.71188018e+00 
 1.36622304e-03  3.72470030e+00 
 1.37622304e-03  3.73739292e+00 
 1.38622304e-03  3.74995930e+00 
 1.39622304e-03  3.76240071e+00 
 1.40622304e-03  3.77471838e+00 
 1.41622304e-03  3.78691355e+00 
 1.42622304e-03  3.79898742e+00 
 1.43622304e-03  3.81094122e+00 
 1.44622304e-03  3.82277612e+00 
 1.45622304e-03  3.83449331e+00 
 1.46622304e-03  3.84609397e+00 
 1.47622304e-03  3.85757925e+00 
 1.48622304e-03  3.86895030e+00 
 1.49622304e-03  3.88020825e+00 
 1.50622304e-03  3.89135423e+00 
 1.51622304e-03  3.90238936e+00 
 1.52622304e-03  3.91331472e+00 
 1.53622304e-03  3.92413142e+00 
 1.54622304e-03  3.93484054e+00 
 1.55622304e-03  3.94544314e+00 
 1.56622304e-03  3.95594028e+00 
 1.57622304e-03  3.96633302e+00 
 1.58622304e-03  3.97662238e+00 
 1.59622304e-03  3.98680941e+00 
 1.60622304e-03  3.99689511e+00 
 1.61622304e-03  4.00688049e+00 
 1.62622304e-03  4.01676655e+00 
 1.63622304e-03  4.02655428e+00 
 1.64622304e-03  4.03624466e+00 
 1.65622304e-03  4.04583865e+00 
 1.66622304e-03  4.05533721e+00 
 1.67622304e-03  4.06474131e+00 
 1.68622304e-03  4.07405185e+00 
 1.69622304e-03  4.08326979e+00 
 1.70622304e-03  4.09239603e+00 
 1.71622304e-03  4.10143150e+00 
 1.72622304e-03  4.11037709e+00 
 1.73622304e-03  4.11923368e+00 
 1.74622304e-03  4.12800220e+00 
 1.75622304e-03  4.13668349e+00 
 1.76622304e-03  4.14527843e+00 
 1.77622304e-03  4.15378788e+00 
 1.78622304e-03  4.16221268e+00 
 1.79622304e-03  4.17055368e+00 
 1.80622304e-03  4.17881172e+00 
 1.81622304e-03  4.18698760e+00 
 1.82622304e-03  4.19508216e+00 
 1.83622304e-03  4.20309620e+00 
 1.84622304e-03  4.21103053e+00 
 1.85622304e-03  4.21888593e+00 
 1.86622304e-03  4.22666319e+00 
 1.87622304e-03  4.23436308e+00 
 1.88622304e-03  4.24198638e+00 
 1.89622304e-03  4.24953385e+00 
 1.90622304e-03  4.25700624e+00 
 1.91622304e-03  4.26440430e+00 
 1.92622304e-03  4.27172877e+00 
 1.93622304e-03  4.27898038e+00 
 1.94622304e-03  4.28615985e+00 
 1.95622304e-03  4.29326790e+00 
 1.96622304e-03  4.30030525e+00 
 1.97622304e-03  4.30727259e+00 
 1.98622304e-03  4.31417062e+00 
 1.99622304e-03  4.32100003e+00 
 2.00622304e-03  4.32776151e+00 
 2.01622304e-03  4.33445572e+00 
 2.02622304e-03  4.34108335e+00 
 2.03622304e-03  4.34764508e+00 
 2.04622304e-03  4.35414145e+00 
 2.05622304e-03  4.36057324e+00 
 2.06622304e-03  4.36694105e+00 
 2.07622304e-03  4.37324551e+00 
 2.08622304e-03  4.37948725e+00 
 2.09622304e-03  4.38566691e+00 
 2.10622304e-03  4.39178509e+00 
 2.11622304e-03  4.39784240e+00 
 2.12622304e-03  4.40383946e+00 
 2.13622304e-03  4.40977685e+00 
 2.14622304e-03  4.41565518e+00 
 2.15622304e-03  4.42147504e+00 
 2.16622304e-03  4.42723699e+00 
 2.17622304e-03  4.43294163e+00 
 2.18622304e-03  4.43858952e+00 
 2.19622304e-03  4.44418122e+00 
 2.20622304e-03  4.44971729e+00 
 2.21622304e-03  4.45519829e+00 
 2.22622304e-03  4.46062476e+00 
 2.23622304e-03  4.46599725e+00 
 2.24622304e-03  4.47131629e+00 
 2.25622304e-03  4.47658241e+00 
 2.26622304e-03  4.48179615e+00 
 2.27622304e-03  4.48695802e+00 
 2.28622304e-03  4.49206854e+00 
 2.29622304e-03  4.49712821e+00 
 2.30622304e-03  4.50213755e+00 
 2.31622304e-03  4.50709706e+00 
 2.32622304e-03  4.51200722e+00 
 2.33622304e-03  4.51686854e+00 
 2.34622304e-03  4.52168149e+00 
 2.35622304e-03  4.52644657e+00 
 2.36622304e-03  4.53116423e+00 
 2.37622304e-03  4.53583497e+00 
 2.38622304e-03  4.54045924e+00 
 2.39622304e-03  4.54503750e+00 
 2.40622304e-03  4.54957021e+00 
 2.41622304e-03  4.55405783e+00 
 2.42622304e-03  4.55850081e+00 
 2.43622304e-03  4.56289958e+00 
 2.44622304e-03  4.56725459e+00 
 2.45622304e-03  4.57156628e+00 
 2.46622304e-03  4.57583507e+00 
 2.47622304e-03  4.58006139e+00 
 2.48622304e-03  4.58424567e+00 
 2.49622304e-03  4.58838831e+00 
 2.50622304e-03  4.59248975e+00 
 2.51622304e-03  4.59655037e+00 
 2.52622304e-03  4.60057060e+00 
 2.53622304e-03  4.60455084e+00 
 2.54622304e-03  4.60849147e+00 
 2.55622304e-03  4.61239290e+00 
 2.56622304e-03  4.61625552e+00 
 2.57622304e-03  4.62007971e+00 
 2.58622304e-03  4.62386585e+00 
 2.59622304e-03  4.62761432e+00 
 2.60622304e-03  4.63132550e+00 
 2.61622304e-03  4.63499976e+00 
 2.62622304e-03  4.63863747e+00 
 2.63622304e-03  4.64223898e+00 
 2.64622304e-03  4.64580466e+00 
 2.65622304e-03  4.64933486e+00 
 2.66622304e-03  4.65282995e+00 
 2.67622304e-03  4.65629026e+00 
 2.68622304e-03  4.65971615e+00 
 2.69622304e-03  4.66310795e+00 
 2.70622304e-03  4.66646600e+00 
 2.71622304e-03  4.66979065e+00 
 2.72622304e-03  4.67308222e+00 
 2.73622304e-03  4.67634104e+00 
 2.74622304e-03  4.67956744e+00 
 2.75622304e-03  4.68276174e+00 
 2.76622304e-03  4.68592426e+00 
 2.77622304e-03  4.68905532e+00 
 2.78622304e-03  4.69215522e+00 
 2.79622304e-03  4.69522428e+00 
 2.80622304e-03  4.69826281e+00 
 2.81622304e-03  4.70127111e+00 
 2.82622304e-03  4.70424948e+00 
 2.83622304e-03  4.70719821e+00 
 2.84622304e-03  4.71011761e+00 
 2.85622304e-03  4.71300796e+00 
 2.86622304e-03  4.71586956e+00 
 2.87622304e-03  4.71870268e+00 
 2.88622304e-03  4.72150762e+00 
 2.89622304e-03  4.72428465e+00 
 2.90622304e-03  4.72703405e+00 
 2.91622304e-03  4.72975610e+00 
 2.92622304e-03  4.73245106e+00 
 2.93622304e-03  4.73511921e+00 
 2.94622304e-03  4.73776082e+00 
 2.95622304e-03  4.74037614e+00 
 2.96622304e-03  4.74296544e+00 
 2.97622304e-03  4.74552898e+00 
 2.98622304e-03  4.74806702e+00 
 2.99622304e-03  4.75057980e+00 
 3.00622304e-03  4.75306758e+00 
 3.01622304e-03  4.75553061e+00 
 3.02622304e-03  4.75796914e+00 
 3.03622304e-03  4.76038340e+00 
 3.04622304e-03  4.76277365e+00 
 3.05622304e-03  4.76514011e+00 
 3.06622304e-03  4.76748302e+00 
 3.07622304e-03  4.76980263e+00 
 3.08622304e-03  4.77209916e+00 
 3.09622304e-03  4.77437284e+00 
 3.10622304e-03  4.77662389e+00 
 3.11622304e-03  4.77885255e+00 
 3.12622304e-03  4.78105904e+00 
 3.13622304e-03  4.78324357e+00 
 3.14622304e-03  4.78540637e+00 
 3.15622304e-03  4.78754765e+00 
 3.16622304e-03  4.78966762e+00 
 3.17622304e-03  4.79176650e+00 
 3.18622304e-03  4.79384450e+00 
 3.19622304e-03  4.79590183e+00 
 3.20622304e-03  4.79793868e+00 
 3.21622304e-03  4.79995527e+00 
 3.22622304e-03  4.80195180e+00 
 3.23622304e-03  4.80392846e+00 
 3.24622304e-03  4.80588545e+00 
 3.25622304e-03  4.80782297e+00 
 3.26622304e-03  4.80974122e+00 
 3.27622304e-03  4.81164038e+00 
 3.28622304e-03  4.81352064e+00 
 3.29622304e-03  4.81538219e+00 
 3.30622304e-03  4.81722523e+00 
 3.31622304e-03  4.81904992e+00 
 3.32622304e-03  4.82085646e+00 
 3.33622304e-03  4.82264503e+00 
 3.34622304e-03  4.82441580e+00 
 3.35622304e-03  4.82616896e+00 
 3.36622304e-03  4.82790467e+00 
 3.37622304e-03  4.82962311e+00 
 3.38622304e-03  4.83132445e+00 
 3.39622304e-03  4.83300886e+00 
 3.40622304e-03  4.83467652e+00 
 3.41622304e-03  4.83632758e+00 
 3.42622304e-03  4.83796221e+00 
 3.43622304e-03  4.83958059e+00 
 3.44622304e-03  4.84118285e+00 
 3.45622304e-03  4.84276918e+00 
 3.46622304e-03  4.84433972e+00 
 3.47622304e-03  4.84589464e+00 
 3.48622304e-03  4.84743409e+00 
 3.49622304e-03  4.84895821e+00 
 3.50622304e-03  4.85046718e+00 
 3.51622304e-03  4.85196113e+00 
 3.52622304e-03  4.85344021e+00 
 3.53622304e-03  4.85490458e+00 
 3.54622304e-03  4.85635438e+00 
 3.55622304e-03  4.85778976e+00 
 3.56622304e-03  4.85921085e+00 
 3.57622304e-03  4.86061780e+00 
 3.58622304e-03  4.86201076e+00 
 3.59622304e-03  4.86338985e+00 
 3.60622304e-03  4.86475523e+00 
 3.61622304e-03  4.86610701e+00 
 3.62622304e-03  4.86744535e+00 
 3.63622304e-03  4.86877037e+00 
 3.64622304e-03  4.87008221e+00 
 3.65622304e-03  4.87138100e+00 
 3.66622304e-03  4.87266686e+00 
 3.67622304e-03  4.87393993e+00 
 3.68622304e-03  4.87520033e+00 
 3.69622304e-03  4.87644819e+00 
 3.70622304e-03  4.87768364e+00 
 3.71622304e-03  4.87890679e+00 
 3.72622304e-03  4.88011777e+00 
 3.73622304e-03  4.88131671e+00 
 3.74622304e-03  4.88250371e+00 
 3.75622304e-03  4.88367891e+00 
 3.76622304e-03  4.88484241e+00 
 3.77622304e-03  4.88599433e+00 
 3.78622304e-03  4.88713479e+00 
 3.79622304e-03  4.88826391e+00 
 3.80622304e-03  4.88938179e+00 
 3.81622304e-03  4.89048855e+00 
 3.82622304e-03  4.89158429e+00 
 3.83622304e-03  4.89266914e+00 
 3.84622304e-03  4.89374319e+00 
 3.85622304e-03  4.89480655e+00 
 3.86622304e-03  4.89585933e+00 
 3.87622304e-03  4.89690164e+00 
 3.88622304e-03  4.89793358e+00 
 3.89622304e-03  4.89895525e+00 
 3.90622304e-03  4.89996675e+00 
 3.91622304e-03  4.90096819e+00 
 3.92622304e-03  4.90195966e+00 
 3.93622304e-03  4.90294127e+00 
 3.94622304e-03  4.90391312e+00 
 3.95622304e-03  4.90487529e+00 
 3.96622304e-03  4.90582789e+00 
 3.97622304e-03  4.90677101e+00 
 3.98622304e-03  4.90770475e+00 
 3.99622304e-03  4.90862919e+00 
 4.00622304e-03  4.90954444e+00 
 4.01622304e-03  4.91045058e+00 
 4.02622304e-03  4.91134771e+00 
 4.03622304e-03  4.91223591e+00 
 4.04622304e-03  4.91311527e+00 
 4.05622304e-03  4.91398588e+00 
 4.06622304e-03  4.91484783e+00 
 4.07622304e-03  4.91570121e+00 
 4.08622304e-03  4.91654609e+00 
 4.09622304e-03  4.91738256e+00 
 4.10622304e-03  4.91821072e+00 
 4.11622304e-03  4.91903063e+00 
 4.12622304e-03  4.91984239e+00 
 4.13622304e-03  4.92064606e+00 
 4.14622304e-03  4.92144174e+00 
 4.15622304e-03  4.92222951e+00 
 4.16622304e-03  4.92300943e+00 
 4.17622304e-03  4.92378160e+00 
 4.18622304e-03  4.92454608e+00 
 4.19622304e-03  4.92530296e+00 
 4.20622304e-03  4.92605230e+00 
 4.21622304e-03  4.92679419e+00 
 4.22622304e-03  4.92752870e+00 
 4.23622304e-03  4.92825590e+00 
 4.24622304e-03  4.92897586e+00 
 4.25622304e-03  4.92968866e+00 
 4.26622304e-03  4.93039437e+00 
 4.27622304e-03  4.93109306e+00 
 4.28622304e-03  4.93178479e+00 
 4.29622304e-03  4.93246964e+00 
 4.30622304e-03  4.93314768e+00 
 4.31622304e-03  4.93381897e+00 
 4.32622304e-03  4.93448358e+00 
 4.33622304e-03  4.93514158e+00 
 4.34622304e-03  4.93579303e+00 
 4.35622304e-03  4.93643800e+00 
 4.36622304e-03  4.93707655e+00 
 4.37622304e-03  4.93770874e+00 
 4.38622304e-03  4.93833465e+00 
 4.39622304e-03  4.93895433e+00 
 4.40622304e-03  4.93956785e+00 
 4.41622304e-03  4.94017525e+00 
 4.42622304e-03  4.94077662e+00 
 4.43622304e-03  4.94137200e+00 
 4.44622304e-03  4.94196146e+00 
 4.45622304e-03  4.94254505e+00 
 4.46622304e-03  4.94312284e+00 
 4.47622304e-03  4.94369487e+00 
 4.48622304e-03  4.94426122e+00 
 4.49622304e-03  4.94482193e+00 
 4.50622304e-03  4.94537706e+00 
 4.51622304e-03  4.94592667e+00 
 4.52622304e-03  4.94647081e+00 
 4.53622304e-03  4.94700953e+00 
 4.54622304e-03  4.94754289e+00 
 4.55622304e-03  4.94807095e+00 
 4.56622304e-03  4.94859375e+00 
 4.57622304e-03  4.94911136e+00 
 4.58622304e-03  4.94962381e+00 
 4.59622304e-03  4.95013116e+00 
 4.60622304e-03  4.95063346e+00 
 4.61622304e-03  4.95113077e+00 
 4.62622304e-03  4.95162312e+00 
 4.63622304e-03  4.95211058e+00 
 4.64622304e-03  4.95259319e+00 
 4.65622304e-03  4.95307100e+00 
 4.66622304e-03  4.95354405e+00 
 4.67622304e-03  4.95401239e+00 
 4.68622304e-03  4.95447608e+00 
 4.69622304e-03  4.95493515e+00 
 4.70622304e-03  4.95538965e+00 
 4.71622304e-03  4.95583963e+00 
 4.72622304e-03  4.95628514e+00 
 4.73622304e-03  4.95672621e+00 
 4.74622304e-03  4.95716289e+00 
 4.75622304e-03  4.95759523e+00 
 4.76622304e-03  4.95802326e+00 
 4.77622304e-03  4.95844704e+00 
 4.78622304e-03  4.95886660e+00 
 4.79622304e-03  4.95928198e+00 
 4.80622304e-03  4.95969324e+00 
 4.81622304e-03  4.96010040e+00 
 4.82622304e-03  4.96050351e+00 
 4.83622304e-03  4.96090260e+00 
 4.84622304e-03  4.96129773e+00 
 4.85622304e-03  4.96168892e+00 
 4.86622304e-03  4.96207623e+00 
 4.87622304e-03  4.96245968e+00 
 4.88622304e-03  4.96283931e+00 
 4.89622304e-03  4.96321517e+00 
 4.90622304e-03  4.96358728e+00 
 4.91622304e-03  4.96395570e+00 
 4.92622304e-03  4.96432044e+00 
 4.93622304e-03  4.96468156e+00 
 4.94622304e-03  4.96503909e+00 
 4.95622304e-03  4.96539306e+00 
 4.96622304e-03  4.96574350e+00 
 4.97622304e-03  4.96609046e+00 
 4.98622304e-03  4.96643397e+00 
 4.99622304e-03  4.96677406e+00 
 5.00622304e-03  4.96711076e+00 
 5.01622304e-03  4.96744411e+00 
 5.02622304e-03  4.96777415e+00 
 5.03622304e-03  4.96810091e+00 
 5.04622304e-03  4.96842441e+00 
 5.05622304e-03  4.96874469e+00 
 5.06622304e-03  4.96906179e+00 
 5.07622304e-03  4.96937573e+00 
 5.08622304e-03  4.96968655e+00 
 5.09622304e-03  4.96999427e+00 
 5.10622304e-03  4.97029894e+00 
 5.11622304e-03  4.97060057e+00 
 5.12622304e-03  4.97089920e+00 
 5.13622304e-03  4.97119486e+00 
 5.14622304e-03  4.97148757e+00 
 5.15622304e-03  4.97177738e+00 
 5.16622304e-03  4.97206430e+00 
 5.17622304e-03  4.97234837e+00 
 5.18622304e-03  4.97262961e+00 
 5.19622304e-03  4.97290805e+00 
 5.20622304e-03  4.97318372e+00 
 5.21622304e-03  4.97345664e+00 
 5.22622304e-03  4.97372686e+00 
 5.23622304e-03  4.97399438e+00 
 5.24622304e-03  4.97425924e+00 
 5.25622304e-03  4.97452147e+00 
 5.26622304e-03  4.97478108e+00 
 5.27622304e-03  4.97503812e+00 
 5.28622304e-03  4.97529259e+00 
 5.29622304e-03  4.97554454e+00 
 5.30622304e-03  4.97579397e+00 
 5.31622304e-03  4.97604093e+00 
 5.32622304e-03  4.97628543e+00 
 5.33622304e-03  4.97652749e+00 
 5.34622304e-03  4.97676715e+00 
 5.35622304e-03  4.97700442e+00 
 5.36622304e-03  4.97723933e+00 
 5.37622304e-03  4.97747191e+00 
 5.38622304e-03  4.97770217e+00 
 5.39622304e-03  4.97793013e+00 
 5.40622304e-03  4.97815583e+00 
 5.41622304e-03  4.97837929e+00 
 5.42622304e-03  4.97860052e+00 
 5.43622304e-03  4.97881955e+00 
 5.44622304e-03  4.97903640e+00 
 5.45622304e-03  4.97925109e+00 
 5.46622304e-03  4.97946365e+00 
 5.47622304e-03  4.97967409e+00 
 5.48622304e-03  4.97988243e+00 
 5.49622304e-03  4.98008871e+00 
 5.50622304e-03  4.98029293e+00 
 5.51622304e-03  4.98049512e+00 
 5.52622304e-03  4.98069530e+00 
 5.53622304e-03  4.98089348e+00 
 5.54622304e-03  4.98108970e+00 
 5.55622304e-03  4.98128396e+00 
 5.56622304e-03  4.98147629e+00 
 5.57622304e-03  4.98166670e+00 
 5.58622304e-03  4.98185522e+00 
 5.59622304e-03  4.98204187e+00 
 5.60622304e-03  4.98222666e+00 
 5.61622304e-03  4.98240960e+00 
 5.62622304e-03  4.98259073e+00 
 5.63622304e-03  4.98277006e+00 
 5.64622304e-03  4.98294760e+00 
 5.65622304e-03  4.98312338e+00 
 5.66622304e-03  4.98329740e+00 
 5.67622304e-03  4.98346970e+00 
 5.68622304e-03  4.98364028e+00 
 5.69622304e-03  4.98380916e+00 
 5.70622304e-03  4.98397636e+00 
 5.71622304e-03  4.98414190e+00 
 5.72622304e-03  4.98430579e+00 
 5.73622304e-03  4.98446805e+00 
 5.74622304e-03  4.98462870e+00 
 5.75622304e-03  4.98478775e+00 
 5.76622304e-03  4.98494521e+00 
 5.77622304e-03  4.98510111e+00 
 5.78622304e-03  4.98525546e+00 
 5.79622304e-03  4.98540827e+00 
 5.80622304e-03  4.98555956e+00 
 5.81622304e-03  4.98570935e+00 
 5.82622304e-03  4.98585764e+00 
 5.83622304e-03  4.98600446e+00 
 5.84622304e-03  4.98614982e+00 
 5.85622304e-03  4.98629373e+00 
 5.86622304e-03  4.98643621e+00 
 5.87622304e-03  4.98657728e+00 
 5.88622304e-03  4.98671693e+00 
 5.89622304e-03  4.98685520e+00 
 5.90622304e-03  4.98699210e+00 
 5.91622304e-03  4.98712763e+00 
 5.92622304e-03  4.98726181e+00 
 5.93622304e-03  4.98739466e+00 
 5.94622304e-03  4.98752619e+00 
 5.95622304e-03  4.98765640e+00 
 5.96622304e-03  4.98778532e+00 
 5.97622304e-03  4.98791296e+00 
 5.98622304e-03  4.98803933e+00 
 5.99622304e-03  4.98816444e+00 
 6.00622304e-03  4.98828831e+00 
 6.01622304e-03  4.98841094e+00 
 6.02622304e-03  4.98853236e+00 
 6.03622304e-03  4.98865256e+00 
 6.04622304e-03  4.98877157e+00 
 6.05622304e-03  4.98888940e+00 
 6.06622304e-03  4.98900605e+00 
 6.07622304e-03  4.98912154e+00 
 6.08622304e-03  4.98923589e+00 
 6.09622304e-03  4.98934909e+00 
 6.10622304e-03  4.98946117e+00 
 6.11622304e-03  4.98957213e+00 
 6.12622304e-03  4.98968199e+00 
 6.13622304e-03  4.98979076e+00 
 6.14622304e-03  4.98989844e+00 
 6.15622304e-03  4.99000506e+00 
 6.16622304e-03  4.99011061e+00 
 6.17622304e-03  4.99021511e+00 
 6.18622304e-03  4.99031857e+00 
 6.19622304e-03  4.99042100e+00 
 6.20622304e-03  4.99052242e+00 
 6.21622304e-03  4.99062282e+00 
 6.22622304e-03  4.99072223e+00 
 6.23622304e-03  4.99082064e+00 
 6.24622304e-03  4.99091808e+00 
 6.25622304e-03  4.99101455e+00 
 6.26622304e-03  4.99111005e+00 
 6.27622304e-03  4.99120461e+00 
 6.28622304e-03  4.99129823e+00 
 6.29622304e-03  4.99139091e+00 
 6.30622304e-03  4.99148267e+00 
 6.31622304e-03  4.99157352e+00 
 6.32622304e-03  4.99166347e+00 
 6.33622304e-03  4.99175252e+00 
 6.34622304e-03  4.99184068e+00 
 6.35622304e-03  4.99192797e+00 
 6.36622304e-03  4.99201439e+00 
 6.37622304e-03  4.99209995e+00 
 6.38622304e-03  4.99218465e+00 
 6.39622304e-03  4.99226852e+00 
 6.40622304e-03  4.99235155e+00 
 6.41622304e-03  4.99243375e+00 
 6.42622304e-03  4.99251514e+00 
 6.43622304e-03  4.99259571e+00 
 6.44622304e-03  4.99267549e+00 
 6.45622304e-03  4.99275447e+00 
 6.46622304e-03  4.99283266e+00 
 6.47622304e-03  4.99291008e+00 
 6.48622304e-03  4.99298673e+00 
 6.49622304e-03  4.99306261e+00 
 6.50622304e-03  4.99313774e+00 
 6.51622304e-03  4.99321212e+00 
 6.52622304e-03  4.99328576e+00 
 6.53622304e-03  4.99335867e+00 
 6.54622304e-03  4.99343085e+00 
 6.55622304e-03  4.99350231e+00 
 6.56622304e-03  4.99357307e+00 
 6.57622304e-03  4.99364312e+00 
 6.58622304e-03  4.99371247e+00 
 6.59622304e-03  4.99378113e+00 
 6.60622304e-03  4.99384911e+00 
 6.61622304e-03  4.99391641e+00 
 6.62622304e-03  4.99398305e+00 
 6.63622304e-03  4.99404902e+00 
 6.64622304e-03  4.99411433e+00 
 6.65622304e-03  4.99417899e+00 
 6.66622304e-03  4.99424301e+00 
 6.67622304e-03  4.99430640e+00 
 6.68622304e-03  4.99436915e+00 
 6.69622304e-03  4.99443128e+00 
 6.70622304e-03  4.99449279e+00 
 6.71622304e-03  4.99455369e+00 
 6.72622304e-03  4.99461398e+00 
 6.73622304e-03  4.99467367e+00 
 6.74622304e-03  4.99473277e+00 
 6.75622304e-03  4.99479128e+00 
 6.76622304e-03  4.99484921e+00 
 6.77622304e-03  4.99490656e+00 
 6.78622304e-03  4.99496334e+00 
 6.79622304e-03  4.99501955e+00 
 6.80622304e-03  4.99507521e+00 
 6.81622304e-03  4.99513031e+00 
 6.82622304e-03  4.99518487e+00 
 6.83622304e-03  4.99523888e+00 
 6.84622304e-03  4.99529235e+00 
 6.85622304e-03  4.99534529e+00 
 6.86622304e-03  4.99539771e+00 
 6.87622304e-03  4.99544960e+00 
 6.88622304e-03  4.99550098e+00 
 6.89622304e-03  4.99555185e+00 
 6.90622304e-03  4.99560221e+00 
 6.91622304e-03  4.99565207e+00 
 6.92622304e-03  4.99570143e+00 
 6.93622304e-03  4.99575030e+00 
 6.94622304e-03  4.99579869e+00 
 6.95622304e-03  4.99584659e+00 
 6.96622304e-03  4.99589402e+00 
 6.97622304e-03  4.99594097e+00 
 6.98622304e-03  4.99598746e+00 
 6.99622304e-03  4.99603349e+00 
 7.00622304e-03  4.99607905e+00 
 7.01622304e-03  4.99612417e+00 
 7.02622304e-03  4.99616883e+00 
 7.03622304e-03  4.99621305e+00 
 7.04622304e-03  4.99625683e+00 
 7.05622304e-03  4.99630018e+00 
 7.06622304e-03  4.99634309e+00 
 7.07622304e-03  4.99638558e+00 
 7.08622304e-03  4.99642764e+00 
 7.09622304e-03  4.99646929e+00 
 7.10622304e-03  4.99651052e+00 
 7.11622304e-03  4.99655134e+00 
 7.12622304e-03  4.99659176e+00 
 7.13622304e-03  4.99663177e+00 
 7.14622304e-03  4.99667138e+00 
 7.15622304e-03  4.99671060e+00 
 7.16622304e-03  4.99674943e+00 
 7.17622304e-03  4.99678788e+00 
 7.18622304e-03  4.99682594e+00 
 7.19622304e-03  4.99686362e+00 
 7.20622304e-03  4.99690093e+00 
 7.21622304e-03  4.99693786e+00 
 7.22622304e-03  4.99697443e+00 
 7.23622304e-03  4.99701064e+00 
 7.24622304e-03  4.99704648e+00 
 7.25622304e-03  4.99708197e+00 
 7.26622304e-03  4.99711711e+00 
 7.27622304e-03  4.99715189e+00 
 7.28622304e-03  4.99718633e+00 
 7.29622304e-03  4.99722043e+00 
 7.30622304e-03  4.99725418e+00 
 7.31622304e-03  4.99728760e+00 
 7.32622304e-03  4.99732069e+00 
 7.33622304e-03  4.99735345e+00 
 7.34622304e-03  4.99738589e+00 
 7.35622304e-03  4.99741800e+00 
 7.36622304e-03  4.99744979e+00 
 7.37622304e-03  4.99748126e+00 
 7.38622304e-03  4.99751243e+00 
 7.39622304e-03  4.99754328e+00 
 7.40622304e-03  4.99757382e+00 
 7.41622304e-03  4.99760406e+00 
 7.42622304e-03  4.99763400e+00 
 7.43622304e-03  4.99766364e+00 
 7.44622304e-03  4.99769299e+00 
 7.45622304e-03  4.99772205e+00 
 7.46622304e-03  4.99775081e+00 
 7.47622304e-03  4.99777929e+00 
 7.48622304e-03  4.99780749e+00 
 7.49622304e-03  4.99783540e+00 
 7.50622304e-03  4.99786304e+00 
 7.51622304e-03  4.99789041e+00 
 7.52622304e-03  4.99791750e+00 
 7.53622304e-03  4.99794432e+00 
 7.54622304e-03  4.99797087e+00 
 7.55622304e-03  4.99799716e+00 
 7.56622304e-03  4.99802319e+00 
 7.57622304e-03  4.99804896e+00 
 7.58622304e-03  4.99807447e+00 
 7.59622304e-03  4.99809973e+00 
 7.60622304e-03  4.99812474e+00 
 7.61622304e-03  4.99814950e+00 
 7.62622304e-03  4.99817401e+00 
 7.63622304e-03  4.99819828e+00 
 7.64622304e-03  4.99822231e+00 
 7.65622304e-03  4.99824610e+00 
 7.66622304e-03  4.99826965e+00 
 7.67622304e-03  4.99829296e+00 
 7.68622304e-03  4.99831605e+00 
 7.69622304e-03  4.99833890e+00 
 7.70622304e-03  4.99836153e+00 
 7.71622304e-03  4.99838394e+00 
 7.72622304e-03  4.99840612e+00 
 7.73622304e-03  4.99842807e+00 
 7.74622304e-03  4.99844982e+00 
 7.75622304e-03  4.99847134e+00 
 7.76622304e-03  4.99849265e+00 
 7.77622304e-03  4.99851375e+00 
 7.78622304e-03  4.99853464e+00 
 7.79622304e-03  4.99855532e+00 
 7.80622304e-03  4.99857579e+00 
 7.81622304e-03  4.99859606e+00 
 7.82622304e-03  4.99861613e+00 
 7.83622304e-03  4.99863600e+00 
 7.84622304e-03  4.99865567e+00 
 7.85622304e-03  4.99867515e+00 
 7.86622304e-03  4.99869443e+00 
 7.87622304e-03  4.99871352e+00 
 7.88622304e-03  4.99873242e+00 
 7.89622304e-03  4.99875114e+00 
 7.90622304e-03  4.99876966e+00 
 7.91622304e-03  4.99878800e+00 
 7.92622304e-03  4.99880616e+00 
 7.93622304e-03  4.99882414e+00 
 7.94622304e-03  4.99884194e+00 
 7.95622304e-03  4.99885956e+00 
 7.96622304e-03  4.99887701e+00 
 7.97622304e-03  4.99889428e+00 
 7.98622304e-03  4.99891139e+00 
 7.99622304e-03  4.99892832e+00 
 8.00622304e-03  4.99894508e+00 
 8.01622304e-03  4.99896168e+00 
 8.02622304e-03  4.99897811e+00 
 8.03622304e-03  4.99899438e+00 
 8.04622304e-03  4.99901048e+00 
 8.05622304e-03  4.99902643e+00 
 8.06622304e-03  4.99904222e+00 
 8.07622304e-03  4.99905785e+00 
 8.08622304e-03  4.99907332e+00 
 8.09622304e-03  4.99908864e+00 
 8.10622304e-03  4.99910381e+00 
 8.11622304e-03  4.99911883e+00 
 8.12622304e-03  4.99913369e+00 
 8.13622304e-03  4.99914841e+00 
 8.14622304e-03  4.99916299e+00 
 8.15622304e-03  4.99917741e+00 
 8.16622304e-03  4.99919170e+00 
 8.17622304e-03  4.99920584e+00 
 8.18622304e-03  4.99921984e+00 
 8.19622304e-03  4.99923371e+00 
 8.20622304e-03  4.99924743e+00 
 8.21622304e-03  4.99926102e+00 
 8.22622304e-03  4.99927447e+00 
 8.23622304e-03  4.99928779e+00 
 8.24622304e-03  4.99930098e+00 
 8.25622304e-03  4.99931403e+00 
 8.26622304e-03  4.99932696e+00 
 8.27622304e-03  4.99933975e+00 
 8.28622304e-03  4.99935242e+00 
 8.29622304e-03  4.99936497e+00 
 8.30622304e-03  4.99937738e+00 
 8.31622304e-03  4.99938968e+00 
 8.32622304e-03  4.99940185e+00 
 8.33622304e-03  4.99941390e+00 
 8.34622304e-03  4.99942583e+00 
 8.35622304e-03  4.99943765e+00 
 8.36622304e-03  4.99944934e+00 
 8.37622304e-03  4.99946092e+00 
 8.38622304e-03  4.99947238e+00 
 8.39622304e-03  4.99948373e+00 
 8.40622304e-03  4.99949497e+00 
 8.41622304e-03  4.99950610e+00 
 8.42622304e-03  4.99951711e+00 
 8.43622304e-03  4.99952801e+00 
 8.44622304e-03  4.99953881e+00 
 8.45622304e-03  4.99954950e+00 
 8.46622304e-03  4.99956008e+00 
 8.47622304e-03  4.99957056e+00 
 8.48622304e-03  4.99958093e+00 
 8.49622304e-03  4.99959120e+00 
 8.50622304e-03  4.99960137e+00 
 8.51622304e-03  4.99961143e+00 
 8.52622304e-03  4.99962140e+00 
 8.53622304e-03  4.99963127e+00 
 8.54622304e-03  4.99964104e+00 
 8.55622304e-03  4.99965071e+00 
 8.56622304e-03  4.99966028e+00 
 8.57622304e-03  4.99966976e+00 
 8.58622304e-03  4.99967915e+00 
 8.59622304e-03  4.99968844e+00 
 8.60622304e-03  4.99969764e+00 
 8.61622304e-03  4.99970675e+00 
 8.62622304e-03  4.99971577e+00 
 8.63622304e-03  4.99972469e+00 
 8.64622304e-03  4.99973353e+00 
 8.65622304e-03  4.99974228e+00 
 8.66622304e-03  4.99975095e+00 
 8.67622304e-03  4.99975953e+00 
 8.68622304e-03  4.99976802e+00 
 8.69622304e-03  4.99977643e+00 
 8.70622304e-03  4.99978475e+00 
 8.71622304e-03  4.99979299e+00 
 8.72622304e-03  4.99980115e+00 
 8.73622304e-03  4.99980923e+00 
 8.74622304e-03  4.99981723e+00 
 8.75622304e-03  4.99982515e+00 
 8.76622304e-03  4.99983299e+00 
 8.77622304e-03  4.99984075e+00 
 8.78622304e-03  4.99984843e+00 
 8.79622304e-03  4.99985604e+00 
 8.80622304e-03  4.99986357e+00 
 8.81622304e-03  4.99987103e+00 
 8.82622304e-03  4.99987841e+00 
 8.83622304e-03  4.99988572e+00 
 8.84622304e-03  4.99989296e+00 
 8.85622304e-03  4.99990012e+00 
 8.86622304e-03  4.99990722e+00 
 8.87622304e-03  4.99991424e+00 
 8.88622304e-03  4.99992119e+00 
 8.89622304e-03  4.99992808e+00 
 8.90622304e-03  4.99993489e+00 
 8.91622304e-03  4.99994164e+00 
 8.92622304e-03  4.99994832e+00 
 8.93622304e-03  4.99995493e+00 
 8.94622304e-03  4.99996148e+00 
 8.95622304e-03  4.99996796e+00 
 8.96622304e-03  4.99997438e+00 
 8.97622304e-03  4.99998074e+00 
 8.98622304e-03  4.99998703e+00 
 8.99622304e-03  4.99999326e+00 
 9.00622304e-03  4.99999942e+00 
 9.01622304e-03  5.00000553e+00 
 9.02622304e-03  5.00001157e+00 
 9.03622304e-03  5.00001756e+00 
 9.04622304e-03  5.00002348e+00 
 9.05622304e-03  5.00002935e+00 
 9.06622304e-03  5.00003516e+00 
 9.07622304e-03  5.00004091e+00 
 9.08622304e-03  5.00004660e+00 
 9.09622304e-03  5.00005224e+00 
 9.10622304e-03  5.00005782e+00 
 9.11622304e-03  5.00006334e+00 
 9.12622304e-03  5.00006881e+00 
 9.13622304e-03  5.00007422e+00 
 9.14622304e-03  5.00007959e+00 
 9.15622304e-03  5.00008489e+00 
 9.16622304e-03  5.00009015e+00 
 9.17622304e-03  5.00009535e+00 
 9.18622304e-03  5.00010050e+00 
 9.19622304e-03  5.00010560e+00 
 9.20622304e-03  5.00011065e+00 
 9.21622304e-03  5.00011565e+00 
 9.22622304e-03  5.00012060e+00 
 9.23622304e-03  5.00012550e+00 
 9.24622304e-03  5.00013035e+00 
 9.25622304e-03  5.00013515e+00 
 9.26622304e-03  5.00013991e+00 
 9.27622304e-03  5.00014461e+00 
 9.28622304e-03  5.00014927e+00 
 9.29622304e-03  5.00015389e+00 
 9.30622304e-03  5.00015846e+00 
 9.31622304e-03  5.00016298e+00 
 9.32622304e-03  5.00016746e+00 
 9.33622304e-03  5.00017189e+00 
 9.34622304e-03  5.00017628e+00 
 9.35622304e-03  5.00018063e+00 
 9.36622304e-03  5.00018493e+00 
 9.37622304e-03  5.00018919e+00 
 9.38622304e-03  5.00019341e+00 
 9.39622304e-03  5.00019758e+00 
 9.40622304e-03  5.00020171e+00 
 9.41622304e-03  5.00020581e+00 
 9.42622304e-03  5.00020986e+00 
 9.43622304e-03  5.00021387e+00 
 9.44622304e-03  5.00021784e+00 
 9.45622304e-03  5.00022177e+00 
 9.46622304e-03  5.00022567e+00 
 9.47622304e-03  5.00022952e+00 
 9.48622304e-03  5.00023334e+00 
 9.49622304e-03  5.00023712e+00 
 9.50622304e-03  5.00024086e+00 
 9.51622304e-03  5.00024456e+00 
 9.52622304e-03  5.00024823e+00 
 9.53622304e-03  5.00025185e+00 
 9.54622304e-03  5.00025545e+00 
 9.55622304e-03  5.00025901e+00 
 9.56622304e-03  5.00026253e+00 
 9.57622304e-03  5.00026602e+00 
 9.58622304e-03  5.00026947e+00 
 9.59622304e-03  5.00027289e+00 
 9.60622304e-03  5.00027627e+00 
 9.61622304e-03  5.00027962e+00 
 9.62622304e-03  5.00028294e+00 
 9.63622304e-03  5.00028622e+00 
 9.64622304e-03  5.00028948e+00 
 9.65622304e-03  5.00029270e+00 
 9.66622304e-03  5.00029588e+00 
 9.67622304e-03  5.00029904e+00 
 9.68622304e-03  5.00030216e+00 
 9.69622304e-03  5.00030526e+00 
 9.70622304e-03  5.00030832e+00 
 9.71622304e-03  5.00031135e+00 
 9.72622304e-03  5.00031435e+00 
 9.73622304e-03  5.00031732e+00 
 9.74622304e-03  5.00032027e+00 
 9.75622304e-03  5.00032318e+00 
 9.76622304e-03  5.00032606e+00 
 9.77622304e-03  5.00032892e+00 
 9.78622304e-03  5.00033174e+00 
 9.79622304e-03  5.00033454e+00 
 9.80622304e-03  5.00033731e+00 
 9.81622304e-03  5.00034006e+00 
 9.82622304e-03  5.00034277e+00 
 9.83622304e-03  5.00034546e+00 
 9.84622304e-03  5.00034812e+00 
 9.85622304e-03  5.00035076e+00 
 9.86622304e-03  5.00035337e+00 
 9.87622304e-03  5.00035595e+00 
 9.88622304e-03  5.00035851e+00 
 9.89622304e-03  5.00036104e+00 
 9.90622304e-03  5.00036355e+00 
 9.91622304e-03  5.00036603e+00 
 9.92622304e-03  5.00036849e+00 
 9.93622304e-03  5.00037092e+00 
 9.94622304e-03  5.00037333e+00 
 9.95622304e-03  5.00037572e+00 
 9.96622304e-03  5.00037808e+00 
 9.97622304e-03  5.00038042e+00 
 9.98622304e-03  5.00038273e+00 
 9.99622304e-03  5.00038502e+00 
 1.00062230e-02  5.00038729e+00 
 1.00162230e-02  5.00038954e+00 
 1.00262230e-02  5.00039176e+00 
 1.00362230e-02  5.00039396e+00 
 1.00462230e-02  5.00039614e+00 
 1.00562230e-02  5.00039830e+00 
 1.00662230e-02  5.00040044e+00 
 1.00762230e-02  5.00040255e+00 
 1.00862230e-02  5.00040465e+00 
 1.00962230e-02  5.00040672e+00 
 1.01062230e-02  5.00040877e+00 
 1.01162230e-02  5.00041080e+00 
 1.01262230e-02  5.00041282e+00 
 1.01362230e-02  5.00041481e+00 
 1.01462230e-02  5.00041678e+00 
 1.01562230e-02  5.00041873e+00 
 1.01662230e-02  5.00042067e+00 
 1.01762230e-02  5.00042258e+00 
 1.01862230e-02  5.00042447e+00 
 1.01962230e-02  5.00042635e+00 
 1.02062230e-02  5.00042821e+00 
 1.02162230e-02  5.00043005e+00 
 1.02262230e-02  5.00043187e+00 
 1.02362230e-02  5.00043367e+00 
 1.02462230e-02  5.00043545e+00 
 1.02562230e-02  5.00043722e+00 
 1.02662230e-02  5.00043897e+00 
 1.02762230e-02  5.00044070e+00 
 1.02862230e-02  5.00044242e+00 
 1.02962230e-02  5.00044411e+00 
 1.03062230e-02  5.00044580e+00 
 1.03162230e-02  5.00044746e+00 
 1.03262230e-02  5.00044911e+00 
 1.03362230e-02  5.00045074e+00 
 1.03462230e-02  5.00045235e+00 
 1.03562230e-02  5.00045395e+00 
 1.03662230e-02  5.00045553e+00 
 1.03762230e-02  5.00045710e+00 
 1.03862230e-02  5.00045865e+00 
 1.03962230e-02  5.00046019e+00 
 1.04062230e-02  5.00046171e+00 
 1.04162230e-02  5.00046321e+00 
 1.04262230e-02  5.00046470e+00 
 1.04362230e-02  5.00046618e+00 
 1.04462230e-02  5.00046764e+00 
 1.04562230e-02  5.00046909e+00 
 1.04662230e-02  5.00047052e+00 
 1.04762230e-02  5.00047194e+00 
 1.04862230e-02  5.00047334e+00 
 1.04962230e-02  5.00047473e+00 
 1.05062230e-02  5.00047611e+00 
 1.05162230e-02  5.00047747e+00 
 1.05262230e-02  5.00047882e+00 
 1.05362230e-02  5.00048015e+00 
 1.05462230e-02  5.00048148e+00 
 1.05562230e-02  5.00048278e+00 
 1.05662230e-02  5.00048408e+00 
 1.05762230e-02  5.00048536e+00 
 1.05862230e-02  5.00048663e+00 
 1.05962230e-02  5.00048789e+00 
 1.06062230e-02  5.00048914e+00 
 1.06162230e-02  5.00049037e+00 
 1.06262230e-02  5.00049159e+00 
 1.06362230e-02  5.00049280e+00 
 1.06462230e-02  5.00049399e+00 
 1.06562230e-02  5.00049518e+00 
 1.06662230e-02  5.00049635e+00 
 1.06762230e-02  5.00049751e+00 
 1.06862230e-02  5.00049866e+00 
 1.06962230e-02  5.00049980e+00 
 1.07062230e-02  5.00050093e+00 
 1.07162230e-02  5.00050204e+00 
 1.07262230e-02  5.00050314e+00 
 1.07362230e-02  5.00050424e+00 
 1.07462230e-02  5.00050532e+00 
 1.07562230e-02  5.00050639e+00 
 1.07662230e-02  5.00050745e+00 
 1.07762230e-02  5.00050850e+00 
 1.07862230e-02  5.00050954e+00 
 1.07962230e-02  5.00051057e+00 
 1.08062230e-02  5.00051159e+00 
 1.08162230e-02  5.00051260e+00 
 1.08262230e-02  5.00051360e+00 
 1.08362230e-02  5.00051459e+00 
 1.08462230e-02  5.00051557e+00 
 1.08562230e-02  5.00051654e+00 
 1.08662230e-02  5.00051750e+00 
 1.08762230e-02  5.00051845e+00 
 1.08862230e-02  5.00051939e+00 
 1.08962230e-02  5.00052032e+00 
 1.09062230e-02  5.00052124e+00 
 1.09162230e-02  5.00052216e+00 
 1.09262230e-02  5.00052306e+00 
 1.09362230e-02  5.00052396e+00 
 1.09462230e-02  5.00052484e+00 
 1.09562230e-02  5.00052572e+00 
 1.09662230e-02  5.00052659e+00 
 1.09762230e-02  5.00052745e+00 
 1.09862230e-02  5.00052830e+00 
 1.09962230e-02  5.00052914e+00 
 1.10062230e-02  5.00052998e+00 
 1.10162230e-02  5.00053080e+00 
 1.10262230e-02  5.00053162e+00 
 1.10362230e-02  5.00053243e+00 
 1.10462230e-02  5.00053323e+00 
 1.10562230e-02  5.00053403e+00 
 1.10662230e-02  5.00053481e+00 
 1.10762230e-02  5.00053559e+00 
 1.10862230e-02  5.00053636e+00 
 1.10962230e-02  5.00053712e+00 
 1.11062230e-02  5.00053788e+00 
 1.11162230e-02  5.00053863e+00 
 1.11262230e-02  5.00053937e+00 
 1.11362230e-02  5.00054010e+00 
 1.11462230e-02  5.00054083e+00 
 1.11562230e-02  5.00054154e+00 
 1.11662230e-02  5.00054226e+00 
 1.11762230e-02  5.00054296e+00 
 1.11862230e-02  5.00054366e+00 
 1.11962230e-02  5.00054435e+00 
 1.12062230e-02  5.00054503e+00 
 1.12162230e-02  5.00054571e+00 
 1.12262230e-02  5.00054638e+00 
 1.12362230e-02  5.00054704e+00 
 1.12462230e-02  5.00054770e+00 
 1.12562230e-02  5.00054835e+00 
 1.12662230e-02  5.00054899e+00 
 1.12762230e-02  5.00054963e+00 
 1.12862230e-02  5.00055026e+00 
 1.12962230e-02  5.00055088e+00 
 1.13062230e-02  5.00055150e+00 
 1.13162230e-02  5.00055211e+00 
 1.13262230e-02  5.00055272e+00 
 1.13362230e-02  5.00055332e+00 
 1.13462230e-02  5.00055391e+00 
 1.13562230e-02  5.00055450e+00 
 1.13662230e-02  5.00055508e+00 
 1.13762230e-02  5.00055566e+00 
 1.13862230e-02  5.00055623e+00 
 1.13962230e-02  5.00055679e+00 
 1.14062230e-02  5.00055735e+00 
 1.14162230e-02  5.00055791e+00 
 1.14262230e-02  5.00055846e+00 
 1.14362230e-02  5.00055900e+00 
 1.14462230e-02  5.00055954e+00 
 1.14562230e-02  5.00056007e+00 
 1.14662230e-02  5.00056060e+00 
 1.14762230e-02  5.00056112e+00 
 1.14862230e-02  5.00056163e+00 
 1.14962230e-02  5.00056214e+00 
 1.15062230e-02  5.00056265e+00 
 1.15162230e-02  5.00056315e+00 
 1.15262230e-02  5.00056365e+00 
 1.15362230e-02  5.00056414e+00 
 1.15462230e-02  5.00056463e+00 
 1.15562230e-02  5.00056511e+00 
 1.15662230e-02  5.00056558e+00 
 1.15762230e-02  5.00056606e+00 
 1.15862230e-02  5.00056652e+00 
 1.15962230e-02  5.00056699e+00 
 1.16062230e-02  5.00056744e+00 
 1.16162230e-02  5.00056790e+00 
 1.16262230e-02  5.00056835e+00 
 1.16362230e-02  5.00056879e+00 
 1.16462230e-02  5.00056923e+00 
 1.16562230e-02  5.00056967e+00 
 1.16662230e-02  5.00057010e+00 
 1.16762230e-02  5.00057052e+00 
 1.16862230e-02  5.00057095e+00 
 1.16962230e-02  5.00057137e+00 
 1.17062230e-02  5.00057178e+00 
 1.17162230e-02  5.00057219e+00 
 1.17262230e-02  5.00057260e+00 
 1.17362230e-02  5.00057300e+00 
 1.17462230e-02  5.00057340e+00 
 1.17562230e-02  5.00057379e+00 
 1.17662230e-02  5.00057418e+00 
 1.17762230e-02  5.00057457e+00 
 1.17862230e-02  5.00057495e+00 
 1.17962230e-02  5.00057533e+00 
 1.18062230e-02  5.00057570e+00 
 1.18162230e-02  5.00057608e+00 
 1.18262230e-02  5.00057644e+00 
 1.18362230e-02  5.00057681e+00 
 1.18462230e-02  5.00057717e+00 
 1.18562230e-02  5.00057752e+00 
 1.18662230e-02  5.00057788e+00 
 1.18762230e-02  5.00057823e+00 
 1.18862230e-02  5.00057857e+00 
 1.18962230e-02  5.00057892e+00 
 1.19062230e-02  5.00057926e+00 
 1.19162230e-02  5.00057959e+00 
 1.19262230e-02  5.00057992e+00 
 1.19362230e-02  5.00058025e+00 
 1.19462230e-02  5.00058058e+00 
 1.19562230e-02  5.00058090e+00 
 1.19662230e-02  5.00058122e+00 
 1.19762230e-02  5.00058154e+00 
 1.19862230e-02  5.00058185e+00 
 1.19962230e-02  5.00058216e+00 
 1.20062230e-02  5.00058247e+00 
 1.20162230e-02  5.00058277e+00 
 1.20262230e-02  5.00058307e+00 
 1.20362230e-02  5.00058337e+00 
 1.20462230e-02  5.00058367e+00 
 1.20562230e-02  5.00058396e+00 
 1.20662230e-02  5.00058425e+00 
 1.20762230e-02  5.00058453e+00 
 1.20862230e-02  5.00058482e+00 
 1.20962230e-02  5.00058510e+00 
 1.21062230e-02  5.00058538e+00 
 1.21162230e-02  5.00058565e+00 
 1.21262230e-02  5.00058592e+00 
 1.21362230e-02  5.00058619e+00 
 1.21462230e-02  5.00058646e+00 
 1.21562230e-02  5.00058672e+00 
 1.21662230e-02  5.00058699e+00 
 1.21762230e-02  5.00058724e+00 
 1.21862230e-02  5.00058750e+00 
 1.21962230e-02  5.00058775e+00 
 1.22062230e-02  5.00058801e+00 
 1.22162230e-02  5.00058825e+00 
 1.22262230e-02  5.00058850e+00 
 1.22362230e-02  5.00058875e+00 
 1.22462230e-02  5.00058899e+00 
 1.22562230e-02  5.00058923e+00 
 1.22662230e-02  5.00058946e+00 
 1.22762230e-02  5.00058970e+00 
 1.22862230e-02  5.00058993e+00 
 1.22962230e-02  5.00059016e+00 
 1.23062230e-02  5.00059039e+00 
 1.23162230e-02  5.00059061e+00 
 1.23262230e-02  5.00059083e+00 
 1.23362230e-02  5.00059105e+00 
 1.23462230e-02  5.00059127e+00 
 1.23562230e-02  5.00059149e+00 
 1.23662230e-02  5.00059170e+00 
 1.23762230e-02  5.00059192e+00 
 1.23862230e-02  5.00059213e+00 
 1.23962230e-02  5.00059233e+00 
 1.24062230e-02  5.00059254e+00 
 1.24162230e-02  5.00059274e+00 
 1.24262230e-02  5.00059295e+00 
 1.24362230e-02  5.00059314e+00 
 1.24462230e-02  5.00059334e+00 
 1.24562230e-02  5.00059354e+00 
 1.24662230e-02  5.00059373e+00 
 1.24762230e-02  5.00059392e+00 
 1.24862230e-02  5.00059411e+00 
 1.24962230e-02  5.00059430e+00 
 1.25062230e-02  5.00059449e+00 
 1.25162230e-02  5.00059467e+00 
 1.25262230e-02  5.00059486e+00 
 1.25362230e-02  5.00059504e+00 
 1.25462230e-02  5.00059521e+00 
 1.25562230e-02  5.00059539e+00 
 1.25662230e-02  5.00059557e+00 
 1.25762230e-02  5.00059574e+00 
 1.25862230e-02  5.00059591e+00 
 1.25962230e-02  5.00059608e+00 
 1.26062230e-02  5.00059625e+00 
 1.26162230e-02  5.00059642e+00 
 1.26262230e-02  5.00059658e+00 
 1.26362230e-02  5.00059675e+00 
 1.26462230e-02  5.00059691e+00 
 1.26562230e-02  5.00059707e+00 
 1.26662230e-02  5.00059723e+00 
 1.26762230e-02  5.00059738e+00 
 1.26862230e-02  5.00059754e+00 
 1.26962230e-02  5.00059769e+00 
 1.27062230e-02  5.00059785e+00 
 1.27162230e-02  5.00059800e+00 
 1.27262230e-02  5.00059815e+00 
 1.27362230e-02  5.00059830e+00 
 1.27462230e-02  5.00059844e+00 
 1.27562230e-02  5.00059859e+00 
 1.27662230e-02  5.00059873e+00 
 1.27762230e-02  5.00059887e+00 
 1.27862230e-02  5.00059901e+00 
 1.27962230e-02  5.00059915e+00 
 1.28062230e-02  5.00059929e+00 
 1.28162230e-02  5.00059943e+00 
 1.28262230e-02  5.00059956e+00 
 1.28362230e-02  5.00059970e+00 
 1.28462230e-02  5.00059983e+00 
 1.28562230e-02  5.00059996e+00 
 1.28662230e-02  5.00060009e+00 
 1.28762230e-02  5.00060022e+00 
 1.28862230e-02  5.00060035e+00 
 1.28962230e-02  5.00060047e+00 
 1.29062230e-02  5.00060060e+00 
 1.29162230e-02  5.00060072e+00 
 1.29262230e-02  5.00060084e+00 
 1.29362230e-02  5.00060096e+00 
 1.29462230e-02  5.00060108e+00 
 1.29562230e-02  5.00060120e+00 
 1.29662230e-02  5.00060132e+00 
 1.29762230e-02  5.00060144e+00 
 1.29862230e-02  5.00060155e+00 
 1.29962230e-02  5.00060167e+00 
 1.30062230e-02  5.00060178e+00 
 1.30162230e-02  5.00060189e+00 
 1.30262230e-02  5.00060200e+00 
 1.30362230e-02  5.00060211e+00 
 1.30462230e-02  5.00060222e+00 
 1.30562230e-02  5.00060233e+00 
 1.30662230e-02  5.00060243e+00 
 1.30762230e-02  5.00060254e+00 
 1.30862230e-02  5.00060264e+00 
 1.30962230e-02  5.00060275e+00 
 1.31062230e-02  5.00060285e+00 
 1.31162230e-02  5.00060295e+00 
 1.31262230e-02  5.00060305e+00 
 1.31362230e-02  5.00060315e+00 
 1.31462230e-02  5.00060325e+00 
 1.31562230e-02  5.00060334e+00 
 1.31662230e-02  5.00060344e+00 
 1.31762230e-02  5.00060354e+00 
 1.31862230e-02  5.00060363e+00 
 1.31962230e-02  5.00060372e+00 
 1.32062230e-02  5.00060382e+00 
 1.32162230e-02  5.00060391e+00 
 1.32262230e-02  5.00060400e+00 
 1.32362230e-02  5.00060409e+00 
 1.32462230e-02  5.00060418e+00 
 1.32562230e-02  5.00060426e+00 
 1.32662230e-02  5.00060435e+00 
 1.32762230e-02  5.00060444e+00 
 1.32862230e-02  5.00060452e+00 
 1.32962230e-02  5.00060461e+00 
 1.33062230e-02  5.00060469e+00 
 1.33162230e-02  5.00060477e+00 
 1.33262230e-02  5.00060486e+00 
 1.33362230e-02  5.00060494e+00 
 1.33462230e-02  5.00060502e+00 
 1.33562230e-02  5.00060510e+00 
 1.33662230e-02  5.00060518e+00 
 1.33762230e-02  5.00060525e+00 
 1.33862230e-02  5.00060533e+00 
 1.33962230e-02  5.00060541e+00 
 1.34062230e-02  5.00060548e+00 
 1.34162230e-02  5.00060556e+00 
 1.34262230e-02  5.00060563e+00 
 1.34362230e-02  5.00060571e+00 
 1.34462230e-02  5.00060578e+00 
 1.34562230e-02  5.00060585e+00 
 1.34662230e-02  5.00060592e+00 
 1.34762230e-02  5.00060599e+00 
 1.34862230e-02  5.00060606e+00 
 1.34962230e-02  5.00060613e+00 
 1.35062230e-02  5.00060620e+00 
 1.35162230e-02  5.00060627e+00 
 1.35262230e-02  5.00060634e+00 
 1.35362230e-02  5.00060640e+00 
 1.35462230e-02  5.00060647e+00 
 1.35562230e-02  5.00060653e+00 
 1.35662230e-02  5.00060660e+00 
 1.35762230e-02  5.00060666e+00 
 1.35862230e-02  5.00060672e+00 
 1.35962230e-02  5.00060679e+00 
 1.36062230e-02  5.00060685e+00 
 1.36162230e-02  5.00060691e+00 
 1.36262230e-02  5.00060697e+00 
 1.36362230e-02  5.00060703e+00 
 1.36462230e-02  5.00060709e+00 
 1.36562230e-02  5.00060715e+00 
 1.36662230e-02  5.00060721e+00 
 1.36762230e-02  5.00060727e+00 
 1.36862230e-02  5.00060732e+00 
 1.36962230e-02  5.00060738e+00 
 1.37062230e-02  5.00060744e+00 
 1.37162230e-02  5.00060749e+00 
 1.37262230e-02  5.00060755e+00 
 1.37362230e-02  5.00060760e+00 
 1.37462230e-02  5.00060765e+00 
 1.37562230e-02  5.00060771e+00 
 1.37662230e-02  5.00060776e+00 
 1.37762230e-02  5.00060781e+00 
 1.37862230e-02  5.00060786e+00 
 1.37962230e-02  5.00060792e+00 
 1.38062230e-02  5.00060797e+00 
 1.38162230e-02  5.00060802e+00 
 1.38262230e-02  5.00060807e+00 
 1.38362230e-02  5.00060812e+00 
 1.38462230e-02  5.00060816e+00 
 1.38562230e-02  5.00060821e+00 
 1.38662230e-02  5.00060826e+00 
 1.38762230e-02  5.00060831e+00 
 1.38862230e-02  5.00060836e+00 
 1.38962230e-02  5.00060840e+00 
 1.39062230e-02  5.00060845e+00 
 1.39162230e-02  5.00060849e+00 
 1.39262230e-02  5.00060854e+00 
 1.39362230e-02  5.00060858e+00 
 1.39462230e-02  5.00060863e+00 
 1.39562230e-02  5.00060867e+00 
 1.39662230e-02  5.00060871e+00 
 1.39762230e-02  5.00060876e+00 
 1.39862230e-02  5.00060880e+00 
 1.39962230e-02  5.00060884e+00 
 1.40062230e-02  5.00060888e+00 
 1.40162230e-02  5.00060892e+00 
 1.40262230e-02  5.00060896e+00 
 1.40362230e-02  5.00060900e+00 
 1.40462230e-02  5.00060904e+00 
 1.40562230e-02  5.00060908e+00 
 1.40662230e-02  5.00060912e+00 
 1.40762230e-02  5.00060916e+00 
 1.40862230e-02  5.00060920e+00 
 1.40962230e-02  5.00060924e+00 
 1.41062230e-02  5.00060928e+00 
 1.41162230e-02  5.00060931e+00 
 1.41262230e-02  5.00060935e+00 
 1.41362230e-02  5.00060939e+00 
 1.41462230e-02  5.00060942e+00 
 1.41562230e-02  5.00060946e+00 
 1.41662230e-02  5.00060949e+00 
 1.41762230e-02  5.00060953e+00 
 1.41862230e-02  5.00060956e+00 
 1.41962230e-02  5.00060960e+00 
 1.42062230e-02  5.00060963e+00 
 1.42162230e-02  5.00060967e+00 
 1.42262230e-02  5.00060970e+00 
 1.42362230e-02  5.00060973e+00 
 1.42462230e-02  5.00060976e+00 
 1.42562230e-02  5.00060980e+00 
 1.42662230e-02  5.00060983e+00 
 1.42762230e-02  5.00060986e+00 
 1.42862230e-02  5.00060989e+00 
 1.42962230e-02  5.00060992e+00 
 1.43062230e-02  5.00060995e+00 
 1.43162230e-02  5.00060998e+00 
 1.43262230e-02  5.00061001e+00 
 1.43362230e-02  5.00061004e+00 
 1.43462230e-02  5.00061007e+00 
 1.43562230e-02  5.00061010e+00 
 1.43662230e-02  5.00061013e+00 
 1.43762230e-02  5.00061016e+00 
 1.43862230e-02  5.00061019e+00 
 1.43962230e-02  5.00061022e+00 
 1.44062230e-02  5.00061025e+00 
 1.44162230e-02  5.00061027e+00 
 1.44262230e-02  5.00061030e+00 
 1.44362230e-02  5.00061033e+00 
 1.44462230e-02  5.00061035e+00 
 1.44562230e-02  5.00061038e+00 
 1.44662230e-02  5.00061041e+00 
 1.44762230e-02  5.00061043e+00 
 1.44862230e-02  5.00061046e+00 
 1.44962230e-02  5.00061048e+00 
 1.45062230e-02  5.00061051e+00 
 1.45162230e-02  5.00061053e+00 
 1.45262230e-02  5.00061056e+00 
 1.45362230e-02  5.00061058e+00 
 1.45462230e-02  5.00061061e+00 
 1.45562230e-02  5.00061063e+00 
 1.45662230e-02  5.00061065e+00 
 1.45762230e-02  5.00061068e+00 
 1.45862230e-02  5.00061070e+00 
 1.45962230e-02  5.00061072e+00 
 1.46062230e-02  5.00061075e+00 
 1.46162230e-02  5.00061077e+00 
 1.46262230e-02  5.00061079e+00 
 1.46362230e-02  5.00061081e+00 
 1.46462230e-02  5.00061084e+00 
 1.46562230e-02  5.00061086e+00 
 1.46662230e-02  5.00061088e+00 
 1.46762230e-02  5.00061090e+00 
 1.46862230e-02  5.00061092e+00 
 1.46962230e-02  5.00061094e+00 
 1.47062230e-02  5.00061096e+00 
 1.47162230e-02  5.00061098e+00 
 1.47262230e-02  5.00061100e+00 
 1.47362230e-02  5.00061102e+00 
 1.47462230e-02  5.00061104e+00 
 1.47562230e-02  5.00061106e+00 
 1.47662230e-02  5.00061108e+00 
 1.47762230e-02  5.00061110e+00 
 1.47862230e-02  5.00061112e+00 
 1.47962230e-02  5.00061114e+00 
 1.48062230e-02  5.00061116e+00 
 1.48162230e-02  5.00061118e+00 
 1.48262230e-02  5.00061120e+00 
 1.48362230e-02  5.00061121e+00 
 1.48462230e-02  5.00061123e+00 
 1.48562230e-02  5.00061125e+00 
 1.48662230e-02  5.00061127e+00 
 1.48762230e-02  5.00061128e+00 
 1.48862230e-02  5.00061130e+00 
 1.48962230e-02  5.00061132e+00 
 1.49062230e-02  5.00061134e+00 
 1.49162230e-02  5.00061135e+00 
 1.49262230e-02  5.00061137e+00 
 1.49362230e-02  5.00061139e+00 
 1.49462230e-02  5.00061140e+00 
 1.49562230e-02  5.00061142e+00 
 1.49662230e-02  5.00061143e+00 
 1.49762230e-02  5.00061145e+00 
 1.49862230e-02  5.00061146e+00 
 1.49962230e-02  5.00061148e+00 
 1.50062230e-02  5.00061150e+00 
 1.50162230e-02  5.00061151e+00 
 1.50262230e-02  5.00061153e+00 
 1.50362230e-02  5.00061154e+00 
 1.50462230e-02  5.00061156e+00 
 1.50562230e-02  5.00061157e+00 
 1.50662230e-02  5.00061158e+00 
 1.50762230e-02  5.00061160e+00 
 1.50862230e-02  5.00061161e+00 
 1.50962230e-02  5.00061163e+00 
 1.51062230e-02  5.00061164e+00 
 1.51162230e-02  5.00061165e+00 
 1.51262230e-02  5.00061167e+00 
 1.51362230e-02  5.00061168e+00 
 1.51462230e-02  5.00061169e+00 
 1.51562230e-02  5.00061171e+00 
 1.51662230e-02  5.00061172e+00 
 1.51762230e-02  5.00061173e+00 
 1.51862230e-02  5.00061175e+00 
 1.51962230e-02  5.00061176e+00 
 1.52062230e-02  5.00061177e+00 
 1.52162230e-02  5.00061178e+00 
 1.52262230e-02  5.00061180e+00 
 1.52362230e-02  5.00061181e+00 
 1.52462230e-02  5.00061182e+00 
 1.52562230e-02  5.00061183e+00 
 1.52662230e-02  5.00061184e+00 
 1.52762230e-02  5.00061186e+00 
 1.52862230e-02  5.00061187e+00 
 1.52962230e-02  5.00061188e+00 
 1.53062230e-02  5.00061189e+00 
 1.53162230e-02  5.00061190e+00 
 1.53262230e-02  5.00061191e+00 
 1.53362230e-02  5.00061192e+00 
 1.53462230e-02  5.00061193e+00 
 1.53562230e-02  5.00061194e+00 
 1.53662230e-02  5.00061196e+00 
 1.53762230e-02  5.00061197e+00 
 1.53862230e-02  5.00061198e+00 
 1.53962230e-02  5.00061199e+00 
 1.54062230e-02  5.00061200e+00 
 1.54162230e-02  5.00061201e+00 
 1.54262230e-02  5.00061202e+00 
 1.54362230e-02  5.00061203e+00 
 1.54462230e-02  5.00061204e+00 
 1.54562230e-02  5.00061205e+00 
 1.54662230e-02  5.00061206e+00 
 1.54762230e-02  5.00061207e+00 
 1.54862230e-02  5.00061208e+00 
 1.54962230e-02  5.00061208e+00 
 1.55062230e-02  5.00061209e+00 
 1.55162230e-02  5.00061210e+00 
 1.55262230e-02  5.00061211e+00 
 1.55362230e-02  5.00061212e+00 
 1.55462230e-02  5.00061213e+00 
 1.55562230e-02  5.00061214e+00 
 1.55662230e-02  5.00061215e+00 
 1.55762230e-02  5.00061216e+00 
 1.55862230e-02  5.00061216e+00 
 1.55962230e-02  5.00061217e+00 
 1.56062230e-02  5.00061218e+00 
 1.56162230e-02  5.00061219e+00 
 1.56262230e-02  5.00061220e+00 
 1.56362230e-02  5.00061221e+00 
 1.56462230e-02  5.00061221e+00 
 1.56562230e-02  5.00061222e+00 
 1.56662230e-02  5.00061223e+00 
 1.56762230e-02  5.00061224e+00 
 1.56862230e-02  5.00061225e+00 
 1.56962230e-02  5.00061225e+00 
 1.57062230e-02  5.00061226e+00 
 1.57162230e-02  5.00061227e+00 
 1.57262230e-02  5.00061228e+00 
 1.57362230e-02  5.00061228e+00 
 1.57462230e-02  5.00061229e+00 
 1.57562230e-02  5.00061230e+00 
 1.57662230e-02  5.00061231e+00 
 1.57762230e-02  5.00061231e+00 
 1.57862230e-02  5.00061232e+00 
 1.57962230e-02  5.00061233e+00 
 1.58062230e-02  5.00061233e+00 
 1.58162230e-02  5.00061234e+00 
 1.58262230e-02  5.00061235e+00 
 1.58362230e-02  5.00061235e+00 
 1.58462230e-02  5.00061236e+00 
 1.58562230e-02  5.00061237e+00 
 1.58662230e-02  5.00061237e+00 
 1.58762230e-02  5.00061238e+00 
 1.58862230e-02  5.00061239e+00 
 1.58962230e-02  5.00061239e+00 
 1.59062230e-02  5.00061240e+00 
 1.59162230e-02  5.00061240e+00 
 1.59262230e-02  5.00061241e+00 
 1.59362230e-02  5.00061242e+00 
 1.59462230e-02  5.00061242e+00 
 1.59562230e-02  5.00061243e+00 
 1.59662230e-02  5.00061243e+00 
 1.59762230e-02  5.00061244e+00 
 1.59862230e-02  5.00061245e+00 
 1.59962230e-02  5.00061245e+00 
 1.60062230e-02  5.00061246e+00 
 1.60162230e-02  5.00061246e+00 
 1.60262230e-02  5.00061247e+00 
 1.60362230e-02  5.00061247e+00 
 1.60462230e-02  5.00061248e+00 
 1.60562230e-02  5.00061248e+00 
 1.60662230e-02  5.00061249e+00 
 1.60762230e-02  5.00061249e+00 
 1.60862230e-02  5.00061250e+00 
 1.60962230e-02  5.00061251e+00 
 1.61062230e-02  5.00061251e+00 
 1.61162230e-02  5.00061252e+00 
 1.61262230e-02  5.00061252e+00 
 1.61362230e-02  5.00061253e+00 
 1.61462230e-02  5.00061253e+00 
 1.61562230e-02  5.00061253e+00 
 1.61662230e-02  5.00061254e+00 
 1.61762230e-02  5.00061254e+00 
 1.61862230e-02  5.00061255e+00 
 1.61962230e-02  5.00061255e+00 
 1.62062230e-02  5.00061256e+00 
 1.62162230e-02  5.00061256e+00 
 1.62262230e-02  5.00061257e+00 
 1.62362230e-02  5.00061257e+00 
 1.62462230e-02  5.00061258e+00 
 1.62562230e-02  5.00061258e+00 
 1.62662230e-02  5.00061258e+00 
 1.62762230e-02  5.00061259e+00 
 1.62862230e-02  5.00061259e+00 
 1.62962230e-02  5.00061260e+00 
 1.63062230e-02  5.00061260e+00 
 1.63162230e-02  5.00061261e+00 
 1.63262230e-02  5.00061261e+00 
 1.63362230e-02  5.00061261e+00 
 1.63462230e-02  5.00061262e+00 
 1.63562230e-02  5.00061262e+00 
 1.63662230e-02  5.00061263e+00 
 1.63762230e-02  5.00061263e+00 
 1.63862230e-02  5.00061263e+00 
 1.63962230e-02  5.00061264e+00 
 1.64062230e-02  5.00061264e+00 
 1.64162230e-02  5.00061265e+00 
 1.64262230e-02  5.00061265e+00 
 1.64362230e-02  5.00061265e+00 
 1.64462230e-02  5.00061266e+00 
 1.64562230e-02  5.00061266e+00 
 1.64662230e-02  5.00061266e+00 
 1.64762230e-02  5.00061267e+00 
 1.64862230e-02  5.00061267e+00 
 1.64962230e-02  5.00061267e+00 
 1.65062230e-02  5.00061268e+00 
 1.65162230e-02  5.00061268e+00 
 1.65262230e-02  5.00061268e+00 
 1.65362230e-02  5.00061269e+00 
 1.65462230e-02  5.00061269e+00 
 1.65562230e-02  5.00061269e+00 
 1.65662230e-02  5.00061270e+00 
 1.65762230e-02  5.00061270e+00 
 1.65862230e-02  5.00061270e+00 
 1.65962230e-02  5.00061271e+00 
 1.66062230e-02  5.00061271e+00 
 1.66162230e-02  5.00061271e+00 
 1.66262230e-02  5.00061272e+00 
 1.66362230e-02  5.00061272e+00 
 1.66462230e-02  5.00061272e+00 
 1.66562230e-02  5.00061272e+00 
 1.66662230e-02  5.00061273e+00 
 1.66762230e-02  5.00061273e+00 
 1.66862230e-02  5.00061273e+00 
 1.66962230e-02  5.00061274e+00 
 1.67062230e-02  5.00061274e+00 
 1.67162230e-02  5.00061274e+00 
 1.67262230e-02  5.00061274e+00 
 1.67362230e-02  5.00061275e+00 
 1.67462230e-02  5.00061275e+00 
 1.67562230e-02  5.00061275e+00 
 1.67662230e-02  5.00061275e+00 
 1.67762230e-02  5.00061276e+00 
 1.67862230e-02  5.00061276e+00 
 1.67962230e-02  5.00061276e+00 
 1.68062230e-02  5.00061276e+00 
 1.68162230e-02  5.00061277e+00 
 1.68262230e-02  5.00061277e+00 
 1.68362230e-02  5.00061277e+00 
 1.68462230e-02  5.00061277e+00 
 1.68562230e-02  5.00061278e+00 
 1.68662230e-02  5.00061278e+00 
 1.68762230e-02  5.00061278e+00 
 1.68862230e-02  5.00061278e+00 
 1.68962230e-02  5.00061279e+00 
 1.69062230e-02  5.00061279e+00 
 1.69162230e-02  5.00061279e+00 
 1.69262230e-02  5.00061279e+00 
 1.69362230e-02  5.00061280e+00 
 1.69462230e-02  5.00061280e+00 
 1.69562230e-02  5.00061280e+00 
 1.69662230e-02  5.00061280e+00 
 1.69762230e-02  5.00061280e+00 
 1.69862230e-02  5.00061281e+00 
 1.69962230e-02  5.00061281e+00 
 1.70062230e-02  5.00061281e+00 
 1.70162230e-02  5.00061281e+00 
 1.70262230e-02  5.00061281e+00 
 1.70362230e-02  5.00061282e+00 
 1.70462230e-02  5.00061282e+00 
 1.70562230e-02  5.00061282e+00 
 1.70662230e-02  5.00061282e+00 
 1.70762230e-02  5.00061282e+00 
 1.70862230e-02  5.00061283e+00 
 1.70962230e-02  5.00061283e+00 
 1.71062230e-02  5.00061283e+00 
 1.71162230e-02  5.00061283e+00 
 1.71262230e-02  5.00061283e+00 
 1.71362230e-02  5.00061284e+00 
 1.71462230e-02  5.00061284e+00 
 1.71562230e-02  5.00061284e+00 
 1.71662230e-02  5.00061284e+00 
 1.71762230e-02  5.00061284e+00 
 1.71862230e-02  5.00061284e+00 
 1.71962230e-02  5.00061285e+00 
 1.72062230e-02  5.00061285e+00 
 1.72162230e-02  5.00061285e+00 
 1.72262230e-02  5.00061285e+00 
 1.72362230e-02  5.00061285e+00 
 1.72462230e-02  5.00061285e+00 
 1.72562230e-02  5.00061286e+00 
 1.72662230e-02  5.00061286e+00 
 1.72762230e-02  5.00061286e+00 
 1.72862230e-02  5.00061286e+00 
 1.72962230e-02  5.00061286e+00 
 1.73062230e-02  5.00061286e+00 
 1.73162230e-02  5.00061287e+00 
 1.73262230e-02  5.00061287e+00 
 1.73362230e-02  5.00061287e+00 
 1.73462230e-02  5.00061287e+00 
 1.73562230e-02  5.00061287e+00 
 1.73662230e-02  5.00061287e+00 
 1.73762230e-02  5.00061287e+00 
 1.73862230e-02  5.00061288e+00 
 1.73962230e-02  5.00061288e+00 
 1.74062230e-02  5.00061288e+00 
 1.74162230e-02  5.00061288e+00 
 1.74262230e-02  5.00061288e+00 
 1.74362230e-02  5.00061288e+00 
 1.74462230e-02  5.00061288e+00 
 1.74562230e-02  5.00061289e+00 
 1.74662230e-02  5.00061289e+00 
 1.74762230e-02  5.00061289e+00 
 1.74862230e-02  5.00061289e+00 
 1.74962230e-02  5.00061289e+00 
 1.75062230e-02  5.00061289e+00 
 1.75162230e-02  5.00061289e+00 
 1.75262230e-02  5.00061289e+00 
 1.75362230e-02  5.00061290e+00 
 1.75462230e-02  5.00061290e+00 
 1.75562230e-02  5.00061290e+00 
 1.75662230e-02  5.00061290e+00 
 1.75762230e-02  5.00061290e+00 
 1.75862230e-02  5.00061290e+00 
 1.75962230e-02  5.00061290e+00 
 1.76062230e-02  5.00061290e+00 
 1.76162230e-02  5.00061290e+00 
 1.76262230e-02  5.00061291e+00 
 1.76362230e-02  5.00061291e+00 
 1.76462230e-02  5.00061291e+00 
 1.76562230e-02  5.00061291e+00 
 1.76662230e-02  5.00061291e+00 
 1.76762230e-02  5.00061291e+00 
 1.76862230e-02  5.00061291e+00 
 1.76962230e-02  5.00061291e+00 
 1.77062230e-02  5.00061291e+00 
 1.77162230e-02  5.00061292e+00 
 1.77262230e-02  5.00061292e+00 
 1.77362230e-02  5.00061292e+00 
 1.77462230e-02  5.00061292e+00 
 1.77562230e-02  5.00061292e+00 
 1.77662230e-02  5.00061292e+00 
 1.77762230e-02  5.00061292e+00 
 1.77862230e-02  5.00061292e+00 
 1.77962230e-02  5.00061292e+00 
 1.78062230e-02  5.00061292e+00 
 1.78162230e-02  5.00061292e+00 
 1.78262230e-02  5.00061293e+00 
 1.78362230e-02  5.00061293e+00 
 1.78462230e-02  5.00061293e+00 
 1.78562230e-02  5.00061293e+00 
 1.78662230e-02  5.00061293e+00 
 1.78762230e-02  5.00061293e+00 
 1.78862230e-02  5.00061293e+00 
 1.78962230e-02  5.00061293e+00 
 1.79062230e-02  5.00061293e+00 
 1.79162230e-02  5.00061293e+00 
 1.79262230e-02  5.00061293e+00 
 1.79362230e-02  5.00061294e+00 
 1.79462230e-02  5.00061294e+00 
 1.79562230e-02  5.00061294e+00 
 1.79662230e-02  5.00061294e+00 
 1.79762230e-02  5.00061294e+00 
 1.79862230e-02  5.00061294e+00 
 1.79962230e-02  5.00061294e+00 
 1.80062230e-02  5.00061294e+00 
 1.80162230e-02  5.00061294e+00 
 1.80262230e-02  5.00061294e+00 
 1.80362230e-02  5.00061294e+00 
 1.80462230e-02  5.00061294e+00 
 1.80562230e-02  5.00061294e+00 
 1.80662230e-02  5.00061295e+00 
 1.80762230e-02  5.00061295e+00 
 1.80862230e-02  5.00061295e+00 
 1.80962230e-02  5.00061295e+00 
 1.81062230e-02  5.00061295e+00 
 1.81162230e-02  5.00061295e+00 
 1.81262230e-02  5.00061295e+00 
 1.81362230e-02  5.00061295e+00 
 1.81462230e-02  5.00061295e+00 
 1.81562230e-02  5.00061295e+00 
 1.81662230e-02  5.00061295e+00 
 1.81762230e-02  5.00061295e+00 
 1.81862230e-02  5.00061295e+00 
 1.81962230e-02  5.00061295e+00 
 1.82062230e-02  5.00061295e+00 
 1.82162230e-02  5.00061295e+00 
 1.82262230e-02  5.00061296e+00 
 1.82362230e-02  5.00061296e+00 
 1.82462230e-02  5.00061296e+00 
 1.82562230e-02  5.00061296e+00 
 1.82662230e-02  5.00061296e+00 
 1.82762230e-02  5.00061296e+00 
 1.82862230e-02  5.00061296e+00 
 1.82962230e-02  5.00061296e+00 
 1.83062230e-02  5.00061296e+00 
 1.83162230e-02  5.00061296e+00 
 1.83262230e-02  5.00061296e+00 
 1.83362230e-02  5.00061296e+00 
 1.83462230e-02  5.00061296e+00 
 1.83562230e-02  5.00061296e+00 
 1.83662230e-02  5.00061296e+00 
 1.83762230e-02  5.00061296e+00 
 1.83862230e-02  5.00061296e+00 
 1.83962230e-02  5.00061297e+00 
 1.84062230e-02  5.00061297e+00 
 1.84162230e-02  5.00061297e+00 
 1.84262230e-02  5.00061297e+00 
 1.84362230e-02  5.00061297e+00 
 1.84462230e-02  5.00061297e+00 
 1.84562230e-02  5.00061297e+00 
 1.84662230e-02  5.00061297e+00 
 1.84762230e-02  5.00061297e+00 
 1.84862230e-02  5.00061297e+00 
 1.84962230e-02  5.00061297e+00 
 1.85062230e-02  5.00061297e+00 
 1.85162230e-02  5.00061297e+00 
 1.85262230e-02  5.00061297e+00 
 1.85362230e-02  5.00061297e+00 
 1.85462230e-02  5.00061297e+00 
 1.85562230e-02  5.00061297e+00 
 1.85662230e-02  5.00061297e+00 
 1.85762230e-02  5.00061297e+00 
 1.85862230e-02  5.00061297e+00 
 1.85962230e-02  5.00061297e+00 
 1.86062230e-02  5.00061297e+00 
 1.86162230e-02  5.00061298e+00 
 1.86262230e-02  5.00061298e+00 
 1.86362230e-02  5.00061298e+00 
 1.86462230e-02  5.00061298e+00 
 1.86562230e-02  5.00061298e+00 
 1.86662230e-02  5.00061298e+00 
 1.86762230e-02  5.00061298e+00 
 1.86862230e-02  5.00061298e+00 
 1.86962230e-02  5.00061298e+00 
 1.87062230e-02  5.00061298e+00 
 1.87162230e-02  5.00061298e+00 
 1.87262230e-02  5.00061298e+00 
 1.87362230e-02  5.00061298e+00 
 1.87462230e-02  5.00061298e+00 
 1.87562230e-02  5.00061298e+00 
 1.87662230e-02  5.00061298e+00 
 1.87762230e-02  5.00061298e+00 
 1.87862230e-02  5.00061298e+00 
 1.87962230e-02  5.00061298e+00 
 1.88062230e-02  5.00061298e+00 
 1.88162230e-02  5.00061298e+00 
 1.88262230e-02  5.00061298e+00 
 1.88362230e-02  5.00061298e+00 
 1.88462230e-02  5.00061298e+00 
 1.88562230e-02  5.00061298e+00 
 1.88662230e-02  5.00061298e+00 
 1.88762230e-02  5.00061298e+00 
 1.88862230e-02  5.00061298e+00 
 1.88962230e-02  5.00061299e+00 
 1.89062230e-02  5.00061299e+00 
 1.89162230e-02  5.00061299e+00 
 1.89262230e-02  5.00061299e+00 
 1.89362230e-02  5.00061299e+00 
 1.89462230e-02  5.00061299e+00 
 1.89562230e-02  5.00061299e+00 
 1.89662230e-02  5.00061299e+00 
 1.89762230e-02  5.00061299e+00 
 1.89862230e-02  5.00061299e+00 
 1.89962230e-02  5.00061299e+00 
 1.90062230e-02  5.00061299e+00 
 1.90162230e-02  5.00061299e+00 
 1.90262230e-02  5.00061299e+00 
 1.90362230e-02  5.00061299e+00 
 1.90462230e-02  5.00061299e+00 
 1.90562230e-02  5.00061299e+00 
 1.90662230e-02  5.00061299e+00 
 1.90762230e-02  5.00061299e+00 
 1.90862230e-02  5.00061299e+00 
 1.90962230e-02  5.00061299e+00 
 1.91062230e-02  5.00061299e+00 
 1.91162230e-02  5.00061299e+00 
 1.91262230e-02  5.00061299e+00 
 1.91362230e-02  5.00061299e+00 
 1.91462230e-02  5.00061299e+00 
 1.91562230e-02  5.00061299e+00 
 1.91662230e-02  5.00061299e+00 
 1.91762230e-02  5.00061299e+00 
 1.91862230e-02  5.00061299e+00 
 1.91962230e-02  5.00061299e+00 
 1.92062230e-02  5.00061299e+00 
 1.92162230e-02  5.00061299e+00 
 1.92262230e-02  5.00061299e+00 
 1.92362230e-02  5.00061299e+00 
 1.92462230e-02  5.00061299e+00 
 1.92562230e-02  5.00061299e+00 
 1.92662230e-02  5.00061299e+00 
 1.92762230e-02  5.00061300e+00 
 1.92862230e-02  5.00061300e+00 
 1.92962230e-02  5.00061300e+00 
 1.93062230e-02  5.00061300e+00 
 1.93162230e-02  5.00061300e+00 
 1.93262230e-02  5.00061300e+00 
 1.93362230e-02  5.00061300e+00 
 1.93462230e-02  5.00061300e+00 
 1.93562230e-02  5.00061300e+00 
 1.93662230e-02  5.00061300e+00 
 1.93762230e-02  5.00061300e+00 
 1.93862230e-02  5.00061300e+00 
 1.93962230e-02  5.00061300e+00 
 1.94062230e-02  5.00061300e+00 
 1.94162230e-02  5.00061300e+00 
 1.94262230e-02  5.00061300e+00 
 1.94362230e-02  5.00061300e+00 
 1.94462230e-02  5.00061300e+00 
 1.94562230e-02  5.00061300e+00 
 1.94662230e-02  5.00061300e+00 
 1.94762230e-02  5.00061300e+00 
 1.94862230e-02  5.00061300e+00 
 1.94962230e-02  5.00061300e+00 
 1.95062230e-02  5.00061300e+00 
 1.95162230e-02  5.00061300e+00 
 1.95262230e-02  5.00061300e+00 
 1.95362230e-02  5.00061300e+00 
 1.95462230e-02  5.00061300e+00 
 1.95562230e-02  5.00061300e+00 
 1.95662230e-02  5.00061300e+00 
 1.95762230e-02  5.00061300e+00 
 1.95862230e-02  5.00061300e+00 
 1.95962230e-02  5.00061300e+00 
 1.96062230e-02  5.00061300e+00 
 1.96162230e-02  5.00061300e+00 
 1.96262230e-02  5.00061300e+00 
 1.96362230e-02  5.00061300e+00 
 1.96462230e-02  5.00061300e+00 
 1.96562230e-02  5.00061300e+00 
 1.96662230e-02  5.00061300e+00 
 1.96762230e-02  5.00061300e+00 
 1.96862230e-02  5.00061300e+00 
 1.96962230e-02  5.00061300e+00 
 1.97062230e-02  5.00061300e+00 
 1.97162230e-02  5.00061300e+00 
 1.97262230e-02  5.00061300e+00 
 1.97362230e-02  5.00061300e+00 
 1.97462230e-02  5.00061300e+00 
 1.97562230e-02  5.00061300e+00 
 1.97662230e-02  5.00061300e+00 
 1.97762230e-02  5.00061300e+00 
 1.97862230e-02  5.00061300e+00 
 1.97962230e-02  5.00061300e+00 
 1.98062230e-02  5.00061300e+00 
 1.98162230e-02  5.00061300e+00 
 1.98262230e-02  5.00061300e+00 
 1.98362230e-02  5.00061300e+00 
 1.98462230e-02  5.00061300e+00 
 1.98562230e-02  5.00061300e+00 
 1.98662230e-02  5.00061300e+00 
 1.98762230e-02  5.00061300e+00 
 1.98862230e-02  5.00061300e+00 
 1.98962230e-02  5.00061300e+00 
 1.99062230e-02  5.00061301e+00 
 1.99162230e-02  5.00061301e+00 
 1.99262230e-02  5.00061301e+00 
 1.99362230e-02  5.00061301e+00 
 1.99462230e-02  5.00061301e+00 
 1.99562230e-02  5.00061301e+00 
 1.99662230e-02  5.00061301e+00 
 1.99762230e-02  5.00061301e+00 
 1.99862230e-02  5.00061301e+00 
 1.99962230e-02  5.00061301e+00 
 2.00000000e-02  5.00061301e+00 
