 1.00000000e+00  5.93796470e+01 
 1.04712855e+00  5.89841731e+01 
 1.09647820e+00  5.85883194e+01 
 1.14815362e+00  5.81921200e+01 
 1.20226443e+00  5.77956064e+01 
 1.25892541e+00  5.73988075e+01 
 1.31825674e+00  5.70017497e+01 
 1.38038426e+00  5.66044576e+01 
 1.44543977e+00  5.62069537e+01 
 1.51356125e+00  5.58092588e+01 
 1.58489319e+00  5.54113923e+01 
 1.65958691e+00  5.50133720e+01 
 1.73780083e+00  5.46152145e+01 
 1.81970086e+00  5.42169353e+01 
 1.90546072e+00  5.38185488e+01 
 1.99526231e+00  5.34200686e+01 
 2.08929613e+00  5.30215075e+01 
 2.18776162e+00  5.26228777e+01 
 2.29086765e+00  5.22241906e+01 
 2.39883292e+00  5.18254575e+01 
 2.51188643e+00  5.14266889e+01 
 2.63026799e+00  5.10278952e+01 
 2.75422870e+00  5.06290868e+01 
 2.88403150e+00  5.02302735e+01 
 3.01995172e+00  4.98314655e+01 
 3.16227766e+00  4.94326729e+01 
 3.31131121e+00  4.90339057e+01 
 3.46736850e+00  4.86351746e+01 
 3.63078055e+00  4.82364900e+01 
 3.80189396e+00  4.78378632e+01 
 3.98107171e+00  4.74393057e+01 
 4.16869383e+00  4.70408297e+01 
 4.36515832e+00  4.66424480e+01 
 4.57088190e+00  4.62441742e+01 
 4.78630092e+00  4.58460228e+01 
 5.01187234e+00  4.54480092e+01 
 5.24807460e+00  4.50501503e+01 
 5.49540874e+00  4.46524638e+01 
 5.75439937e+00  4.42549690e+01 
 6.02559586e+00  4.38576869e+01 
 6.30957344e+00  4.34606401e+01 
 6.60693448e+00  4.30638531e+01 
 6.91830971e+00  4.26673525e+01 
 7.24435960e+00  4.22711671e+01 
 7.58577575e+00  4.18753286e+01 
 7.94328235e+00  4.14798709e+01 
 8.31763771e+00  4.10848314e+01 
 8.70963590e+00  4.06902505e+01 
 9.12010839e+00  4.02961722e+01 
 9.54992586e+00  3.99026445e+01 
 1.00000000e+01  3.95097194e+01 
 1.04712855e+01  3.91174537e+01 
 1.09647820e+01  3.87259090e+01 
 1.14815362e+01  3.83351522e+01 
 1.20226443e+01  3.79452560e+01 
 1.25892541e+01  3.75562994e+01 
 1.31825674e+01  3.71683678e+01 
 1.38038426e+01  3.67815538e+01 
 1.44543977e+01  3.63959576e+01 
 1.51356125e+01  3.60116877e+01 
 1.58489319e+01  3.56288608e+01 
 1.65958691e+01  3.52476030e+01 
 1.73780083e+01  3.48680499e+01 
 1.81970086e+01  3.44903471e+01 
 1.90546072e+01  3.41146509e+01 
 1.99526231e+01  3.37411282e+01 
 2.08929613e+01  3.33699576e+01 
 2.18776162e+01  3.30013289e+01 
 2.29086765e+01  3.26354439e+01 
 2.39883292e+01  3.22725161e+01 
 2.51188643e+01  3.19127709e+01 
 2.63026799e+01  3.15564450e+01 
 2.75422870e+01  3.12037866e+01 
 2.88403150e+01  3.08550541e+01 
 3.01995172e+01  3.05105159e+01 
 3.16227766e+01  3.01704488e+01 
 3.31131121e+01  2.98351365e+01 
 3.46736850e+01  2.95048686e+01 
 3.63078055e+01  2.91799377e+01 
 3.80189396e+01  2.88606375e+01 
 3.98107171e+01  2.85472599e+01 
 4.16869383e+01  2.82400920e+01 
 4.36515832e+01  2.79394128e+01 
 4.57088190e+01  2.76454898e+01 
 4.78630092e+01  2.73585748e+01 
 5.01187234e+01  2.70789001e+01 
 5.24807460e+01  2.68066746e+01 
 5.49540874e+01  2.65420798e+01 
 5.75439937e+01  2.62852657e+01 
 6.02559586e+01  2.60363473e+01 
 6.30957344e+01  2.57954011e+01 
 6.60693448e+01  2.55624621e+01 
 6.91830971e+01  2.53375214e+01 
 7.24435960e+01  2.51205242e+01 
 7.58577575e+01  2.49113683e+01 
 7.94328235e+01  2.47099035e+01 
 8.31763771e+01  2.45159317e+01 
 8.70963590e+01  2.43292071e+01 
 9.12010839e+01  2.41494377e+01 
 9.54992586e+01  2.39762868e+01 
 1.00000000e+02  2.38093755e+01 
 1.04712855e+02  2.36482850e+01 
 1.09647820e+02  2.34925597e+01 
 1.14815362e+02  2.33417108e+01 
 1.20226443e+02  2.31952189e+01 
 1.25892541e+02  2.30525385e+01 
 1.31825674e+02  2.29131006e+01 
 1.38038426e+02  2.27763171e+01 
 1.44543977e+02  2.26415837e+01 
 1.51356125e+02  2.25082839e+01 
 1.58489319e+02  2.23757921e+01 
 1.65958691e+02  2.22434773e+01 
 1.73780083e+02  2.21107062e+01 
 1.81970086e+02  2.19768468e+01 
 1.90546072e+02  2.18412715e+01 
 1.99526231e+02  2.17033608e+01 
 2.08929613e+02  2.15625066e+01 
 2.18776162e+02  2.14181156e+01 
 2.29086765e+02  2.12696128e+01 
 2.39883292e+02  2.11164451e+01 
 2.51188643e+02  2.09580847e+01 
 2.63026799e+02  2.07940324e+01 
 2.75422870e+02  2.06238210e+01 
 2.88403150e+02  2.04470186e+01 
 3.01995172e+02  2.02632307e+01 
 3.16227766e+02  2.00721033e+01 
 3.31131121e+02  1.98733244e+01 
 3.46736850e+02  1.96666257e+01 
 3.63078055e+02  1.94517833e+01 
 3.80189396e+02  1.92286182e+01 
 3.98107171e+02  1.89969955e+01 
 4.16869383e+02  1.87568233e+01 
 4.36515832e+02  1.85080514e+01 
 4.57088190e+02  1.82506683e+01 
 4.78630092e+02  1.79846986e+01 
 5.01187234e+02  1.77101995e+01 
 5.24807460e+02  1.74272569e+01 
 5.49540874e+02  1.71359810e+01 
 5.75439937e+02  1.68365025e+01 
 6.02559586e+02  1.65289672e+01 
 6.30957344e+02  1.62135322e+01 
 6.60693448e+02  1.58903612e+01 
 6.91830971e+02  1.55596200e+01 
 7.24435960e+02  1.52214724e+01 
 7.58577575e+02  1.48760765e+01 
 7.94328235e+02  1.45235807e+01 
 8.31763771e+02  1.41641209e+01 
 8.70963590e+02  1.37978173e+01 
 9.12010839e+02  1.34247719e+01 
 9.54992586e+02  1.30450660e+01 
 1.00000000e+03  1.26587587e+01 
 1.04712855e+03  1.22658852e+01 
 1.09647820e+03  1.18664556e+01 
 1.14815362e+03  1.14604540e+01 
 1.20226443e+03  1.10478383e+01 
 1.25892541e+03  1.06285394e+01 
 1.31825674e+03  1.02024620e+01 
 1.38038426e+03  9.76948479e+00 
 1.44543977e+03  9.32946118e+00 
 1.51356125e+03  8.88222062e+00 
 1.58489319e+03  8.42756999e+00 
 1.65958691e+03  7.96529550e+00 
 1.73780083e+03  7.49516480e+00 
 1.81970086e+03  7.01692952e+00 
 1.90546072e+03  6.53032806e+00 
 1.99526231e+03  6.03508868e+00 
 2.08929613e+03  5.53093286e+00 
 2.18776162e+03  5.01757888e+00 
 2.29086765e+03  4.49474548e+00 
 2.39883292e+03  3.96215567e+00 
 2.51188643e+03  3.41954055e+00 
 2.63026799e+03  2.86664294e+00 
 2.75422870e+03  2.30322100e+00 
 2.88403150e+03  1.72905141e+00 
 3.01995172e+03  1.14393234e+00 
 3.16227766e+03  5.47685878e-01 
 3.31131121e+03 -5.98399544e-02 
 3.46736850e+03 -6.78769807e-01 
 3.63078055e+03 -1.30920013e+00 
 3.80189396e+03 -1.95119890e+00 
 3.98107171e+03 -2.60480590e+00 
 4.16869383e+03 -3.27003348e+00 
 4.36515832e+03 -3.94686780e+00 
 4.57088190e+03 -4.63527040e+00 
 4.78630092e+03 -5.33517999e+00 
 5.01187234e+03 -6.04651438e+00 
 5.24807460e+03 -6.76917250e+00 
 5.49540874e+03 -7.50303614e+00 
 5.75439937e+03 -8.24797168e+00 
 6.02559586e+03 -9.00383135e+00 
 6.30957344e+03 -9.77045418e+00 
 6.60693448e+03 -1.05476665e+01 
 6.91830971e+03 -1.13352817e+01 
 7.24435960e+03 -1.21331001e+01 
 7.58577575e+03 -1.29409076e+01 
 7.94328235e+03 -1.37584742e+01 
 8.31763771e+03 -1.45855522e+01 
 8.70963590e+03 -1.54218739e+01 
 9.12010839e+03 -1.62671492e+01 
 9.54992586e+03 -1.71210627e+01 
 1.00000000e+04 -1.79832717e+01 
 1.04712855e+04 -1.88534031e+01 
 1.09647820e+04 -1.97310517e+01 
 1.14815362e+04 -2.06157782e+01 
 1.20226443e+04 -2.15071081e+01 
 1.25892541e+04 -2.24045313e+01 
 1.31825674e+04 -2.33075016e+01 
 1.38038426e+04 -2.42154385e+01 
 1.44543977e+04 -2.51277283e+01 
 1.51356125e+04 -2.60437271e+01 
 1.58489319e+04 -2.69627641e+01 
 1.65958691e+04 -2.78841456e+01 
 1.73780083e+04 -2.88071601e+01 
 1.81970086e+04 -2.97310835e+01 
 1.90546072e+04 -3.06551847e+01 
 1.99526231e+04 -3.15787317e+01 
 2.08929613e+04 -3.25009979e+01 
 2.18776162e+04 -3.34212673e+01 
 2.29086765e+04 -3.43388412e+01 
 2.39883292e+04 -3.52530422e+01 
 2.51188643e+04 -3.61632201e+01 
 2.63026799e+04 -3.70687548e+01 
 2.75422870e+04 -3.79690600e+01 
 2.88403150e+04 -3.88635854e+01 
 3.01995172e+04 -3.97518184e+01 
 3.16227766e+04 -4.06332839e+01 
 3.31131121e+04 -4.15075450e+01 
 3.46736850e+04 -4.23742014e+01 
 3.63078055e+04 -4.32328879e+01 
 3.80189396e+04 -4.40832722e+01 
 3.98107171e+04 -4.49250525e+01 
 4.16869383e+04 -4.57579543e+01 
 4.36515832e+04 -4.65817277e+01 
 4.57088190e+04 -4.73961446e+01 
 4.78630092e+04 -4.82009957e+01 
 5.01187234e+04 -4.89960882e+01 
 5.24807460e+04 -4.97812437e+01 
 5.49540874e+04 -5.05562963e+01 
 5.75439937e+04 -5.13210923e+01 
 6.02559586e+04 -5.20754886e+01 
 6.30957344e+04 -5.28193536e+01 
 6.60693448e+04 -5.35525670e+01 
 6.91830971e+04 -5.42750214e+01 
 7.24435960e+04 -5.49866234e+01 
 7.58577575e+04 -5.56872952e+01 
 7.94328235e+04 -5.63769770e+01 
 8.31763771e+04 -5.70556288e+01 
 8.70963590e+04 -5.77232325e+01 
 9.12010839e+04 -5.83797943e+01 
 9.54992586e+04 -5.90253460e+01 
 1.00000000e+05 -5.96599472e+01 
 1.04712855e+05 -6.02836856e+01 
 1.09647820e+05 -6.08966787e+01 
 1.14815362e+05 -6.14990731e+01 
 1.20226443e+05 -6.20910451e+01 
 1.25892541e+05 -6.26727991e+01 
 1.31825674e+05 -6.32445667e+01 
 1.38038426e+05 -6.38066052e+01 
 1.44543977e+05 -6.43591946e+01 
 1.51356125e+05 -6.49026362e+01 
 1.58489319e+05 -6.54372488e+01 
 1.65958691e+05 -6.59633666e+01 
 1.73780083e+05 -6.64813355e+01 
 1.81970086e+05 -6.69915104e+01 
 1.90546072e+05 -6.74942519e+01 
 1.99526231e+05 -6.79899237e+01 
 2.08929613e+05 -6.84788894e+01 
 2.18776162e+05 -6.89615105e+01 
 2.29086765e+05 -6.94381433e+01 
 2.39883292e+05 -6.99091377e+01 
 2.51188643e+05 -7.03748345e+01 
 2.63026799e+05 -7.08355649e+01 
 2.75422870e+05 -7.12916481e+01 
 2.88403150e+05 -7.17433915e+01 
 3.01995172e+05 -7.21910889e+01 
 3.16227766e+05 -7.26350206e+01 
 3.31131121e+05 -7.30754530e+01 
 3.46736850e+05 -7.35126383e+01 
 3.63078055e+05 -7.39468145e+01 
 3.80189396e+05 -7.43782058e+01 
 3.98107171e+05 -7.48070227e+01 
 4.16869383e+05 -7.52334623e+01 
 4.36515832e+05 -7.56577089e+01 
 4.57088190e+05 -7.60799343e+01 
 4.78630092e+05 -7.65002986e+01 
 5.01187234e+05 -7.69189504e+01 
 5.24807460e+05 -7.73360278e+01 
 5.49540874e+05 -7.77516586e+01 
 5.75439937e+05 -7.81659610e+01 
 6.02559586e+05 -7.85790445e+01 
 6.30957344e+05 -7.89910100e+01 
 6.60693448e+05 -7.94019504e+01 
 6.91830971e+05 -7.98119517e+01 
 7.24435960e+05 -8.02210927e+01 
 7.58577575e+05 -8.06294459e+01 
 7.94328235e+05 -8.10370783e+01 
 8.31763771e+05 -8.14440510e+01 
 8.70963590e+05 -8.18504203e+01 
 9.12010839e+05 -8.22562379e+01 
 9.54992586e+05 -8.26615511e+01 
 1.00000000e+06 -8.30664034e+01 
 1.04712855e+06 -8.34708344e+01 
 1.09647820e+06 -8.38748807e+01 
 1.14815362e+06 -8.42785755e+01 
 1.20226443e+06 -8.46819495e+01 
 1.25892541e+06 -8.50850306e+01 
 1.31825674e+06 -8.54878444e+01 
 1.38038426e+06 -8.58904143e+01 
 1.44543977e+06 -8.62927616e+01 
 1.51356125e+06 -8.66949061e+01 
 1.58489319e+06 -8.70968656e+01 
 1.65958691e+06 -8.74986566e+01 
 1.73780083e+06 -8.79002940e+01 
 1.81970086e+06 -8.83017916e+01 
 1.90546072e+06 -8.87031619e+01 
 1.99526231e+06 -8.91044166e+01 
 2.08929613e+06 -8.95055661e+01 
 2.18776162e+06 -8.99066202e+01 
 2.29086765e+06 -9.03075876e+01 
 2.39883292e+06 -9.07084767e+01 
 2.51188643e+06 -9.11092949e+01 
 2.63026799e+06 -9.15100490e+01 
 2.75422870e+06 -9.19107455e+01 
 2.88403150e+06 -9.23113903e+01 
 3.01995172e+06 -9.27119888e+01 
 3.16227766e+06 -9.31125461e+01 
 3.31131121e+06 -9.35130669e+01 
 3.46736850e+06 -9.39135556e+01 
 3.63078055e+06 -9.43140163e+01 
 3.80189396e+06 -9.47144530e+01 
 3.98107171e+06 -9.51148694e+01 
 4.16869383e+06 -9.55152689e+01 
 4.36515832e+06 -9.59156550e+01 
 4.57088190e+06 -9.63160309e+01 
 4.78630092e+06 -9.67163999e+01 
 5.01187234e+06 -9.71167650e+01 
 5.24807460e+06 -9.75171294e+01 
 5.49540874e+06 -9.79174962e+01 
 5.75439937e+06 -9.83178684e+01 
 6.02559586e+06 -9.87182492e+01 
 6.30957344e+06 -9.91186419e+01 
 6.60693448e+06 -9.95190498e+01 
 6.91830971e+06 -9.99194763e+01 
 7.24435960e+06 -1.00319925e+02 
 7.58577575e+06 -1.00720400e+02 
 7.94328235e+06 -1.01120905e+02 
 8.31763771e+06 -1.01521444e+02 
 8.70963590e+06 -1.01922022e+02 
 9.12010839e+06 -1.02322644e+02 
 9.54992586e+06 -1.02723315e+02 
 1.00000000e+07 -1.03124041e+02 
 1.04712855e+07 -1.03524828e+02 
 1.09647820e+07 -1.03925682e+02 
 1.14815362e+07 -1.04326611e+02 
 1.20226443e+07 -1.04727622e+02 
 1.25892541e+07 -1.05128725e+02 
 1.31825674e+07 -1.05529928e+02 
 1.38038426e+07 -1.05931241e+02 
 1.44543977e+07 -1.06332676e+02 
 1.51356125e+07 -1.06734244e+02 
 1.58489319e+07 -1.07135959e+02 
 1.65958691e+07 -1.07537836e+02 
 1.73780083e+07 -1.07939889e+02 
 1.81970086e+07 -1.08342136e+02 
 1.90546072e+07 -1.08744596e+02 
 1.99526231e+07 -1.09147289e+02 
 2.08929613e+07 -1.09550237e+02 
 2.18776162e+07 -1.09953466e+02 
 2.29086765e+07 -1.10357001e+02 
 2.39883292e+07 -1.10760872e+02 
 2.51188643e+07 -1.11165112e+02 
 2.63026799e+07 -1.11569753e+02 
 2.75422870e+07 -1.11974836e+02 
 2.88403150e+07 -1.12380400e+02 
 3.01995172e+07 -1.12786492e+02 
 3.16227766e+07 -1.13193161e+02 
 3.31131121e+07 -1.13600460e+02 
 3.46736850e+07 -1.14008447e+02 
 3.63078055e+07 -1.14417188e+02 
 3.80189396e+07 -1.14826749e+02 
 3.98107171e+07 -1.15237208e+02 
 4.16869383e+07 -1.15648645e+02 
 4.36515832e+07 -1.16061150e+02 
 4.57088190e+07 -1.16474817e+02 
 4.78630092e+07 -1.16889752e+02 
 5.01187234e+07 -1.17306067e+02 
 5.24807460e+07 -1.17723882e+02 
 5.49540874e+07 -1.18143330e+02 
 5.75439937e+07 -1.18564550e+02 
 6.02559586e+07 -1.18987694e+02 
 6.30957344e+07 -1.19412924e+02 
 6.60693448e+07 -1.19840416e+02 
 6.91830971e+07 -1.20270353e+02 
 7.24435960e+07 -1.20702934e+02 
 7.58577575e+07 -1.21138369e+02 
 7.94328235e+07 -1.21576881e+02 
 8.31763771e+07 -1.22018704e+02 
 8.70963590e+07 -1.22464087e+02 
 9.12010839e+07 -1.22913288e+02 
 9.54992586e+07 -1.23366577e+02 
 1.00000000e+08 -1.23824237e+02 
