 1.00000000e+00 -8.62894966e+01 
 1.04712855e+00 -8.65174302e+01 
 1.09647820e+00 -8.67381021e+01 
 1.14815362e+00 -8.69519642e+01 
 1.20226443e+00 -8.71594559e+01 
 1.25892541e+00 -8.73610051e+01 
 1.31825674e+00 -8.75570284e+01 
 1.38038426e+00 -8.77479322e+01 
 1.44543977e+00 -8.79341132e+01 
 1.51356125e+00 -8.81159590e+01 
 1.58489319e+00 -8.82938490e+01 
 1.65958691e+00 -8.84681549e+01 
 1.73780083e+00 -8.86392416e+01 
 1.81970086e+00 -8.88074675e+01 
 1.90546072e+00 -8.89731857e+01 
 1.99526231e+00 -8.91367443e+01 
 2.08929613e+00 -8.92984869e+01 
 2.18776162e+00 -8.94587540e+01 
 2.29086765e+00 -8.96178828e+01 
 2.39883292e+00 -8.97762085e+01 
 2.51188643e+00 -8.99340647e+01 
 2.63026799e+00 -9.00917840e+01 
 2.75422870e+00 -9.02496989e+01 
 2.88403150e+00 -9.04081424e+01 
 3.01995172e+00 -9.05674483e+01 
 3.16227766e+00 -9.07279524e+01 
 3.31131121e+00 -9.08899929e+01 
 3.46736850e+00 -9.10539111e+01 
 3.63078055e+00 -9.12200521e+01 
 3.80189396e+00 -9.13887654e+01 
 3.98107171e+00 -9.15604057e+01 
 4.16869383e+00 -9.17353337e+01 
 4.36515832e+00 -9.19139165e+01 
 4.57088190e+00 -9.20965284e+01 
 4.78630092e+00 -9.22835518e+01 
 5.01187234e+00 -9.24753778e+01 
 5.24807460e+00 -9.26724067e+01 
 5.49540874e+00 -9.28750491e+01 
 5.75439937e+00 -9.30837265e+01 
 6.02559586e+00 -9.32988720e+01 
 6.30957344e+00 -9.35209308e+01 
 6.60693448e+00 -9.37503616e+01 
 6.91830971e+00 -9.39876364e+01 
 7.24435960e+00 -9.42332423e+01 
 7.58577575e+00 -9.44876813e+01 
 7.94328235e+00 -9.47514714e+01 
 8.31763771e+00 -9.50251476e+01 
 8.70963590e+00 -9.53092620e+01 
 9.12010839e+00 -9.56043848e+01 
 9.54992586e+00 -9.59111048e+01 
 1.00000000e+01 -9.62300301e+01 
 1.04712855e+01 -9.65617885e+01 
 1.09647820e+01 -9.69070279e+01 
 1.14815362e+01 -9.72664169e+01 
 1.20226443e+01 -9.76406449e+01 
 1.25892541e+01 -9.80304222e+01 
 1.31825674e+01 -9.84364803e+01 
 1.38038426e+01 -9.88595715e+01 
 1.44543977e+01 -9.93004689e+01 
 1.51356125e+01 -9.97599657e+01 
 1.58489319e+01 -1.00238875e+02 
 1.65958691e+01 -1.00738027e+02 
 1.73780083e+01 -1.01258271e+02 
 1.81970086e+01 -1.01800470e+02 
 1.90546072e+01 -1.02365502e+02 
 1.99526231e+01 -1.02954257e+02 
 2.08929613e+01 -1.03567629e+02 
 2.18776162e+01 -1.04206523e+02 
 2.29086765e+01 -1.04871839e+02 
 2.39883292e+01 -1.05564478e+02 
 2.51188643e+01 -1.06285329e+02 
 2.63026799e+01 -1.07035269e+02 
 2.75422870e+01 -1.07815150e+02 
 2.88403150e+01 -1.08625798e+02 
 3.01995172e+01 -1.09468002e+02 
 3.16227766e+01 -1.10342504e+02 
 3.31131121e+01 -1.11249990e+02 
 3.46736850e+01 -1.12191082e+02 
 3.63078055e+01 -1.13166322e+02 
 3.80189396e+01 -1.14176167e+02 
 3.98107171e+01 -1.15220972e+02 
 4.16869383e+01 -1.16300980e+02 
 4.36515832e+01 -1.17416308e+02 
 4.57088190e+01 -1.18566939e+02 
 4.78630092e+01 -1.19752708e+02 
 5.01187234e+01 -1.20973291e+02 
 5.24807460e+01 -1.22228199e+02 
 5.49540874e+01 -1.23516768e+02 
 5.75439937e+01 -1.24838157e+02 
 6.02559586e+01 -1.26191342e+02 
 6.30957344e+01 -1.27575119e+02 
 6.60693448e+01 -1.28988104e+02 
 6.91830971e+01 -1.30428746e+02 
 7.24435960e+01 -1.31895330e+02 
 7.58577575e+01 -1.33385998e+02 
 7.94328235e+01 -1.34898762e+02 
 8.31763771e+01 -1.36431528e+02 
 8.70963590e+01 -1.37982117e+02 
 9.12010839e+01 -1.39548295e+02 
 9.54992586e+01 -1.41127798e+02 
 1.00000000e+02 -1.42718367e+02 
 1.04712855e+02 -1.44317771e+02 
 1.09647820e+02 -1.45923842e+02 
 1.14815362e+02 -1.47534505e+02 
 1.20226443e+02 -1.49147800e+02 
 1.25892541e+02 -1.50761913e+02 
 1.31825674e+02 -1.52375193e+02 
 1.38038426e+02 -1.53986175e+02 
 1.44543977e+02 -1.55593593e+02 
 1.51356125e+02 -1.57196390e+02 
 1.58489319e+02 -1.58793732e+02 
 1.65958691e+02 -1.60385005e+02 
 1.73780083e+02 -1.61969822e+02 
 1.81970086e+02 -1.63548016e+02 
 1.90546072e+02 -1.65119641e+02 
 1.99526231e+02 -1.66684956e+02 
 2.08929613e+02 -1.68244426e+02 
 2.18776162e+02 -1.69798701e+02 
 2.29086765e+02 -1.71348610e+02 
 2.39883292e+02 -1.72895145e+02 
 2.51188643e+02 -1.74439447e+02 
 2.63026799e+02 -1.75982793e+02 
 2.75422870e+02 -1.77526576e+02 
 2.88403150e+02 -1.79072294e+02 
 3.01995172e+02  1.79378465e+02 
 3.16227766e+02  1.77824042e+02 
 3.31131121e+02  1.76262719e+02 
 3.46736850e+02  1.74692739e+02 
 3.63078055e+02  1.73112313e+02 
 3.80189396e+02  1.71519646e+02 
 3.98107171e+02  1.69912942e+02 
 4.16869383e+02  1.68290426e+02 
 4.36515832e+02  1.66650359e+02 
 4.57088190e+02  1.64991050e+02 
 4.78630092e+02  1.63310872e+02 
 5.01187234e+02  1.61608280e+02 
 5.24807460e+02  1.59881825e+02 
 5.49540874e+02  1.58130166e+02 
 5.75439937e+02  1.56352089e+02 
 6.02559586e+02  1.54546516e+02 
 6.30957344e+02  1.52712520e+02 
 6.60693448e+02  1.50849337e+02 
 6.91830971e+02  1.48956374e+02 
 7.24435960e+02  1.47033216e+02 
 7.58577575e+02  1.45079635e+02 
 7.94328235e+02  1.43095589e+02 
 8.31763771e+02  1.41081223e+02 
 8.70963590e+02  1.39036867e+02 
 9.12010839e+02  1.36963029e+02 
 9.54992586e+02  1.34860383e+02 
 1.00000000e+03  1.32729756e+02 
 1.04712855e+03  1.30572112e+02 
 1.09647820e+03  1.28388536e+02 
 1.14815362e+03  1.26180202e+02 
 1.20226443e+03  1.23948362e+02 
 1.25892541e+03  1.21694308e+02 
 1.31825674e+03  1.19419359e+02 
 1.38038426e+03  1.17124824e+02 
 1.44543977e+03  1.14811987e+02 
 1.51356125e+03  1.12482082e+02 
 1.58489319e+03  1.10136271e+02 
 1.65958691e+03  1.07775633e+02 
 1.73780083e+03  1.05401150e+02 
 1.81970086e+03  1.03013696e+02 
 1.90546072e+03  1.00614040e+02 
 1.99526231e+03  9.82028429e+01 
 2.08929613e+03  9.57806645e+01 
 2.18776162e+03  9.33479739e+01 
 2.29086765e+03  9.09051633e+01 
 2.39883292e+03  8.84525659e+01 
 2.51188643e+03  8.59904754e+01 
 2.63026799e+03  8.35191699e+01 
 2.75422870e+03  8.10389355e+01 
 2.88403150e+03  7.85500918e+01 
 3.01995172e+03  7.60530177e+01 
 3.16227766e+03  7.35481760e+01 
 3.31131121e+03  7.10361377e+01 
 3.46736850e+03  6.85176038e+01 
 3.63078055e+03  6.59934252e+01 
 3.80189396e+03  6.34646188e+01 
 3.98107171e+03  6.09323816e+01 
 4.16869383e+03  5.83980995e+01 
 4.36515832e+03  5.58633535e+01 
 4.57088190e+03  5.33299214e+01 
 4.78630092e+03  5.07997753e+01 
 5.01187234e+03  4.82750757e+01 
 5.24807460e+03  4.57581622e+01 
 5.49540874e+03  4.32515407e+01 
 5.75439937e+03  4.07578684e+01 
 6.02559586e+03  3.82799359e+01 
 6.30957344e+03  3.58206485e+01 
 6.60693448e+03  3.33830055e+01 
 6.91830971e+03  3.09700791e+01 
 7.24435960e+03  2.85849924e+01 
 7.58577575e+03  2.62308974e+01 
 7.94328235e+03  2.39109525e+01 
 8.31763771e+03  2.16282996e+01 
 8.70963590e+03  1.93860416e+01 
 9.12010839e+03  1.71872188e+01 
 9.54992586e+03  1.50347847e+01 
 1.00000000e+04  1.29315815e+01 
 1.04712855e+04  1.08803142e+01 
 1.09647820e+04  8.88352403e+00 
 1.14815362e+04  6.94356079e+00 
 1.20226443e+04  5.06255485e+00 
 1.25892541e+04  3.24238829e+00 
 1.31825674e+04  1.48466649e+00 
 1.38038426e+04 -2.09309784e-01 
 1.44543977e+04 -1.83857091e+00 
 1.51356125e+04 -3.40250274e+00 
 1.58489319e+04 -4.90086807e+00 
 1.65958691e+04 -6.33382432e+00 
 1.73780083e+04 -7.70193671e+00 
 1.81970086e+04 -9.00618632e+00 
 1.90546072e+04 -1.02479723e+01 
 1.99526231e+04 -1.14291081e+01 
 2.08929613e+04 -1.25518114e+01 
 2.18776162e+04 -1.36186873e+01 
 2.29086765e+04 -1.46327060e+01 
 2.39883292e+04 -1.55971744e+01 
 2.51188643e+04 -1.65157018e+01 
 2.63026799e+04 -1.73921625e+01 
 2.75422870e+04 -1.82306536e+01 
 2.88403150e+04 -1.90354505e+01 
 3.01995172e+04 -1.98109604e+01 
 3.16227766e+04 -2.05616757e+01 
 3.31131121e+04 -2.12921269e+01 
 3.46736850e+04 -2.20068365e+01 
 3.63078055e+04 -2.27102755e+01 
 3.80189396e+04 -2.34068219e+01 
 3.98107171e+04 -2.41007213e+01 
 4.16869383e+04 -2.47960524e+01 
 4.36515832e+04 -2.54966943e+01 
 4.57088190e+04 -2.62062982e+01 
 4.78630092e+04 -2.69282618e+01 
 5.01187234e+04 -2.76657074e+01 
 5.24807460e+04 -2.84214627e+01 
 5.49540874e+04 -2.91980439e+01 
 5.75439937e+04 -2.99976422e+01 
 6.02559586e+04 -3.08221121e+01 
 6.30957344e+04 -3.16729617e+01 
 6.60693448e+04 -3.25513457e+01 
 6.91830971e+04 -3.34580604e+01 
 7.24435960e+04 -3.43935412e+01 
 7.58577575e+04 -3.53578625e+01 
 7.94328235e+04 -3.63507413e+01 
 8.31763771e+04 -3.73715429e+01 
 8.70963590e+04 -3.84192916e+01 
 9.12010839e+04 -3.94926840e+01 
 9.54992586e+04 -4.05901071e+01 
 1.00000000e+05 -4.17096606e+01 
 1.04712855e+05 -4.28491829e+01 
 1.09647820e+05 -4.40062815e+01 
 1.14815362e+05 -4.51783662e+01 
 1.20226443e+05 -4.63626857e+01 
 1.25892541e+05 -4.75563664e+01 
 1.31825674e+05 -4.87564520e+01 
 1.38038426e+05 -4.99599438e+01 
 1.44543977e+05 -5.11638407e+01 
 1.51356125e+05 -5.23651767e+01 
 1.58489319e+05 -5.35610573e+01 
 1.65958691e+05 -5.47486916e+01 
 1.73780083e+05 -5.59254212e+01 
 1.81970086e+05 -5.70887445e+01 
 1.90546072e+05 -5.82363374e+01 
 1.99526231e+05 -5.93660677e+01 
 2.08929613e+05 -6.04760067e+01 
 2.18776162e+05 -6.15644355e+01 
 2.29086765e+05 -6.26298471e+01 
 2.39883292e+05 -6.36709456e+01 
 2.51188643e+05 -6.46866415e+01 
 2.63026799e+05 -6.56760448e+01 
 2.75422870e+05 -6.66384557e+01 
 2.88403150e+05 -6.75733533e+01 
 3.01995172e+05 -6.84803840e+01 
 3.16227766e+05 -6.93593479e+01 
 3.31131121e+05 -7.02101855e+01 
 3.46736850e+05 -7.10329642e+01 
 3.63078055e+05 -7.18278650e+01 
 3.80189396e+05 -7.25951688e+01 
 3.98107171e+05 -7.33352445e+01 
 4.16869383e+05 -7.40485369e+01 
 4.36515832e+05 -7.47355556e+01 
 4.57088190e+05 -7.53968644e+01 
 4.78630092e+05 -7.60330723e+01 
 5.01187234e+05 -7.66448247e+01 
 5.24807460e+05 -7.72327955e+01 
 5.49540874e+05 -7.77976801e+01 
 5.75439937e+05 -7.83401895e+01 
 6.02559586e+05 -7.88610443e+01 
 6.30957344e+05 -7.93609706e+01 
 6.60693448e+05 -7.98406949e+01 
 6.91830971e+05 -8.03009414e+01 
 7.24435960e+05 -8.07424285e+01 
 7.58577575e+05 -8.11658660e+01 
 7.94328235e+05 -8.15719533e+01 
 8.31763771e+05 -8.19613775e+01 
 8.70963590e+05 -8.23348117e+01 
 9.12010839e+05 -8.26929143e+01 
 9.54992586e+05 -8.30363275e+01 
 1.00000000e+06 -8.33656772e+01 
 1.04712855e+06 -8.36815723e+01 
 1.09647820e+06 -8.39846044e+01 
 1.14815362e+06 -8.42753476e+01 
 1.20226443e+06 -8.45543587e+01 
 1.25892541e+06 -8.48221772e+01 
 1.31825674e+06 -8.50793253e+01 
 1.38038426e+06 -8.53263087e+01 
 1.44543977e+06 -8.55636162e+01 
 1.51356125e+06 -8.57917209e+01 
 1.58489319e+06 -8.60110800e+01 
 1.65958691e+06 -8.62221355e+01 
 1.73780083e+06 -8.64253151e+01 
 1.81970086e+06 -8.66210319e+01 
 1.90546072e+06 -8.68096858e+01 
 1.99526231e+06 -8.69916634e+01 
 2.08929613e+06 -8.71673391e+01 
 2.18776162e+06 -8.73370752e+01 
 2.29086765e+06 -8.75012230e+01 
 2.39883292e+06 -8.76601227e+01 
 2.51188643e+06 -8.78141046e+01 
 2.63026799e+06 -8.79634895e+01 
 2.75422870e+06 -8.81085890e+01 
 2.88403150e+06 -8.82497063e+01 
 3.01995172e+06 -8.83871367e+01 
 3.16227766e+06 -8.85211685e+01 
 3.31131121e+06 -8.86520826e+01 
 3.46736850e+06 -8.87801543e+01 
 3.63078055e+06 -8.89056526e+01 
 3.80189396e+06 -8.90288418e+01 
 3.98107171e+06 -8.91499812e+01 
 4.16869383e+06 -8.92693261e+01 
 4.36515832e+06 -8.93871280e+01 
 4.57088190e+06 -8.95036356e+01 
 4.78630092e+06 -8.96190945e+01 
 5.01187234e+06 -8.97337485e+01 
 5.24807460e+06 -8.98478396e+01 
 5.49540874e+06 -8.99616087e+01 
 5.75439937e+06 -9.00752959e+01 
 6.02559586e+06 -9.01891413e+01 
 6.30957344e+06 -9.03033852e+01 
 6.60693448e+06 -9.04182686e+01 
 6.91830971e+06 -9.05340340e+01 
 7.24435960e+06 -9.06509255e+01 
 7.58577575e+06 -9.07691896e+01 
 7.94328235e+06 -9.08890753e+01 
 8.31763771e+06 -9.10108352e+01 
 8.70963590e+06 -9.11347253e+01 
 9.12010839e+06 -9.12610061e+01 
 9.54992586e+06 -9.13899428e+01 
 1.00000000e+07 -9.15218059e+01 
 1.04712855e+07 -9.16568715e+01 
 1.09647820e+07 -9.17954223e+01 
 1.14815362e+07 -9.19377476e+01 
 1.20226443e+07 -9.20841442e+01 
 1.25892541e+07 -9.22349168e+01 
 1.31825674e+07 -9.23903783e+01 
 1.38038426e+07 -9.25508510e+01 
 1.44543977e+07 -9.27166663e+01 
 1.51356125e+07 -9.28881659e+01 
 1.58489319e+07 -9.30657019e+01 
 1.65958691e+07 -9.32496377e+01 
 1.73780083e+07 -9.34403481e+01 
 1.81970086e+07 -9.36382204e+01 
 1.90546072e+07 -9.38436542e+01 
 1.99526231e+07 -9.40570623e+01 
 2.08929613e+07 -9.42788712e+01 
 2.18776162e+07 -9.45095214e+01 
 2.29086765e+07 -9.47494675e+01 
 2.39883292e+07 -9.49991793e+01 
 2.51188643e+07 -9.52591411e+01 
 2.63026799e+07 -9.55298527e+01 
 2.75422870e+07 -9.58118291e+01 
 2.88403150e+07 -9.61056009e+01 
 3.01995172e+07 -9.64117137e+01 
 3.16227766e+07 -9.67307284e+01 
 3.31131121e+07 -9.70632204e+01 
 3.46736850e+07 -9.74097797e+01 
 3.63078055e+07 -9.77710093e+01 
 3.80189396e+07 -9.81475251e+01 
 3.98107171e+07 -9.85399539e+01 
 4.16869383e+07 -9.89489327e+01 
 4.36515832e+07 -9.93751060e+01 
 4.57088190e+07 -9.98191242e+01 
 4.78630092e+07 -1.00281641e+02 
 5.01187234e+07 -1.00763309e+02 
 5.24807460e+07 -1.01264779e+02 
 5.49540874e+07 -1.01786692e+02 
 5.75439937e+07 -1.02329677e+02 
 6.02559586e+07 -1.02894347e+02 
 6.30957344e+07 -1.03481288e+02 
 6.60693448e+07 -1.04091056e+02 
 6.91830971e+07 -1.04724170e+02 
 7.24435960e+07 -1.05381100e+02 
 7.58577575e+07 -1.06062261e+02 
 7.94328235e+07 -1.06768002e+02 
 8.31763771e+07 -1.07498595e+02 
 8.70963590e+07 -1.08254224e+02 
 9.12010839e+07 -1.09034972e+02 
 9.54992586e+07 -1.09840812e+02 
 1.00000000e+08 -1.10671588e+02 
