 1.00000000e+00 -3.53976066e+01 
 1.04712855e+00 -3.53973180e+01 
 1.09647820e+00 -3.53970016e+01 
 1.14815362e+00 -3.53966547e+01 
 1.20226443e+00 -3.53962743e+01 
 1.25892541e+00 -3.53958573e+01 
 1.31825674e+00 -3.53954001e+01 
 1.38038426e+00 -3.53948989e+01 
 1.44543977e+00 -3.53943493e+01 
 1.51356125e+00 -3.53937468e+01 
 1.58489319e+00 -3.53930863e+01 
 1.65958691e+00 -3.53923622e+01 
 1.73780083e+00 -3.53915684e+01 
 1.81970086e+00 -3.53906981e+01 
 1.90546072e+00 -3.53897441e+01 
 1.99526231e+00 -3.53886983e+01 
 2.08929613e+00 -3.53875518e+01 
 2.18776162e+00 -3.53862951e+01 
 2.29086765e+00 -3.53849176e+01 
 2.39883292e+00 -3.53834077e+01 
 2.51188643e+00 -3.53817527e+01 
 2.63026799e+00 -3.53799388e+01 
 2.75422870e+00 -3.53779507e+01 
 2.88403150e+00 -3.53757719e+01 
 3.01995172e+00 -3.53733841e+01 
 3.16227766e+00 -3.53707674e+01 
 3.31131121e+00 -3.53679001e+01 
 3.46736850e+00 -3.53647584e+01 
 3.63078055e+00 -3.53613162e+01 
 3.80189396e+00 -3.53575450e+01 
 3.98107171e+00 -3.53534137e+01 
 4.16869383e+00 -3.53488883e+01 
 4.36515832e+00 -3.53439318e+01 
 4.57088190e+00 -3.53385035e+01 
 4.78630092e+00 -3.53325594e+01 
 5.01187234e+00 -3.53260511e+01 
 5.24807460e+00 -3.53189261e+01 
 5.49540874e+00 -3.53111270e+01 
 5.75439937e+00 -3.53025916e+01 
 6.02559586e+00 -3.52932520e+01 
 6.30957344e+00 -3.52830343e+01 
 6.60693448e+00 -3.52718585e+01 
 6.91830971e+00 -3.52596373e+01 
 7.24435960e+00 -3.52462765e+01 
 7.58577575e+00 -3.52316737e+01 
 7.94328235e+00 -3.52157183e+01 
 8.31763771e+00 -3.51982907e+01 
 8.70963590e+00 -3.51792617e+01 
 9.12010839e+00 -3.51584923e+01 
 9.54992586e+00 -3.51358326e+01 
 1.00000000e+01 -3.51111219e+01 
 1.04712855e+01 -3.50841877e+01 
 1.09647820e+01 -3.50548458e+01 
 1.14815362e+01 -3.50228992e+01 
 1.20226443e+01 -3.49881384e+01 
 1.25892541e+01 -3.49503411e+01 
 1.31825674e+01 -3.49092717e+01 
 1.38038426e+01 -3.48646820e+01 
 1.44543977e+01 -3.48163108e+01 
 1.51356125e+01 -3.47638848e+01 
 1.58489319e+01 -3.47071190e+01 
 1.65958691e+01 -3.46457176e+01 
 1.73780083e+01 -3.45793753e+01 
 1.81970086e+01 -3.45077786e+01 
 1.90546072e+01 -3.44306076e+01 
 1.99526231e+01 -3.43475381e+01 
 2.08929613e+01 -3.42582440e+01 
 2.18776162e+01 -3.41624000e+01 
 2.29086765e+01 -3.40596844e+01 
 2.39883292e+01 -3.39497828e+01 
 2.51188643e+01 -3.38323908e+01 
 2.63026799e+01 -3.37072184e+01 
 2.75422870e+01 -3.35739928e+01 
 2.88403150e+01 -3.34324630e+01 
 3.01995172e+01 -3.32824024e+01 
 3.16227766e+01 -3.31236127e+01 
 3.31131121e+01 -3.29559268e+01 
 3.46736850e+01 -3.27792116e+01 
 3.63078055e+01 -3.25933696e+01 
 3.80189396e+01 -3.23983413e+01 
 3.98107171e+01 -3.21941055e+01 
 4.16869383e+01 -3.19806801e+01 
 4.36515832e+01 -3.17581217e+01 
 4.57088190e+01 -3.15265245e+01 
 4.78630092e+01 -3.12860189e+01 
 5.01187234e+01 -3.10367693e+01 
 5.24807460e+01 -3.07789716e+01 
 5.49540874e+01 -3.05128500e+01 
 5.75439937e+01 -3.02386538e+01 
 6.02559586e+01 -2.99566540e+01 
 6.30957344e+01 -2.96671394e+01 
 6.60693448e+01 -2.93704132e+01 
 6.91830971e+01 -2.90667893e+01 
 7.24435960e+01 -2.87565888e+01 
 7.58577575e+01 -2.84401367e+01 
 7.94328235e+01 -2.81177592e+01 
 8.31763771e+01 -2.77897806e+01 
 8.70963590e+01 -2.74565213e+01 
 9.12010839e+01 -2.71182952e+01 
 9.54992586e+01 -2.67754083e+01 
 1.00000000e+02 -2.64281571e+01 
 1.04712855e+02 -2.60768275e+01 
 1.09647820e+02 -2.57216936e+01 
 1.14815362e+02 -2.53630175e+01 
 1.20226443e+02 -2.50010484e+01 
 1.25892541e+02 -2.46360226e+01 
 1.31825674e+02 -2.42681636e+01 
 1.38038426e+02 -2.38976815e+01 
 1.44543977e+02 -2.35247741e+01 
 1.51356125e+02 -2.31496266e+01 
 1.58489319e+02 -2.27724121e+01 
 1.65958691e+02 -2.23932919e+01 
 1.73780083e+02 -2.20124165e+01 
 1.81970086e+02 -2.16299255e+01 
 1.90546072e+02 -2.12459485e+01 
 1.99526231e+02 -2.08606054e+01 
 2.08929613e+02 -2.04740072e+01 
 2.18776162e+02 -2.00862563e+01 
 2.29086765e+02 -1.96974474e+01 
 2.39883292e+02 -1.93076674e+01 
 2.51188643e+02 -1.89169964e+01 
 2.63026799e+02 -1.85255082e+01 
 2.75422870e+02 -1.81332702e+01 
 2.88403150e+02 -1.77403446e+01 
 3.01995172e+02 -1.73467881e+01 
 3.16227766e+02 -1.69526527e+01 
 3.31131121e+02 -1.65579859e+01 
 3.46736850e+02 -1.61628312e+01 
 3.63078055e+02 -1.57672280e+01 
 3.80189396e+02 -1.53712123e+01 
 3.98107171e+02 -1.49748170e+01 
 4.16869383e+02 -1.45780717e+01 
 4.36515832e+02 -1.41810032e+01 
 4.57088190e+02 -1.37836358e+01 
 4.78630092e+02 -1.33859913e+01 
 5.01187234e+02 -1.29880893e+01 
 5.24807460e+02 -1.25899472e+01 
 5.49540874e+02 -1.21915805e+01 
 5.75439937e+02 -1.17930028e+01 
 6.02559586e+02 -1.13942259e+01 
 6.30957344e+02 -1.09952601e+01 
 6.60693448e+02 -1.05961139e+01 
 6.91830971e+02 -1.01967946e+01 
 7.24435960e+02 -9.79730772e+00 
 7.58577575e+02 -9.39765762e+00 
 7.94328235e+02 -8.99784716e+00 
 8.31763771e+02 -8.59787790e+00 
 8.70963590e+02 -8.19775004e+00 
 9.12010839e+02 -7.79746245e+00 
 9.54992586e+02 -7.39701265e+00 
 1.00000000e+03 -6.99639678e+00 
 1.04712855e+03 -6.59560960e+00 
 1.09647820e+03 -6.19464437e+00 
 1.14815362e+03 -5.79349289e+00 
 1.20226443e+03 -5.39214535e+00 
 1.25892541e+03 -4.99059028e+00 
 1.31825674e+03 -4.58881445e+00 
 1.38038426e+03 -4.18680275e+00 
 1.44543977e+03 -3.78453808e+00 
 1.51356125e+03 -3.38200116e+00 
 1.58489319e+03 -2.97917041e+00 
 1.65958691e+03 -2.57602175e+00 
 1.73780083e+03 -2.17252839e+00 
 1.81970086e+03 -1.76866061e+00 
 1.90546072e+03 -1.36438547e+00 
 1.99526231e+03 -9.59666596e-01 
 2.08929613e+03 -5.54463803e-01 
 2.18776162e+03 -1.48732789e-01 
 2.29086765e+03  2.57575262e-01 
 2.39883292e+03  6.64514089e-01 
 2.51188643e+03  1.07214282e+00 
 2.63026799e+03  1.48052648e+00 
 2.75422870e+03  1.88973654e+00 
 2.88403150e+03  2.29985153e+00 
 3.01995172e+03  2.71095773e+00 
 3.16227766e+03  3.12314987e+00 
 3.31131121e+03  3.53653199e+00 
 3.46736850e+03  3.95121826e+00 
 3.63078055e+03  4.36733401e+00 
 3.80189396e+03  4.78501675e+00 
 3.98107171e+03  5.20441733e+00 
 4.16869383e+03  5.62570119e+00 
 4.36515832e+03  6.04904974e+00 
 4.57088190e+03  6.47466180e+00 
 4.78630092e+03  6.90275523e+00 
 5.01187234e+03  7.33356855e+00 
 5.24807460e+03  7.76736280e+00 
 5.49540874e+03  8.20442340e+00 
 5.75439937e+03  8.64506207e+00 
 6.02559586e+03  9.08961882e+00 
 6.30957344e+03  9.53846382e+00 
 6.60693448e+03  9.99199920e+00 
 6.91830971e+03  1.04506605e+01 
 7.24435960e+03  1.09149175e+01 
 7.58577575e+03  1.13852745e+01 
 7.94328235e+03  1.18622690e+01 
 8.31763771e+03  1.23464683e+01 
 8.70963590e+03  1.28384635e+01 
 9.12010839e+03  1.33388592e+01 
 9.54992586e+03  1.38482559e+01 
 1.00000000e+04  1.43672243e+01 
 1.04712855e+04  1.48962656e+01 
 1.09647820e+04  1.54357523e+01 
 1.14815362e+04  1.59858414e+01 
 1.20226443e+04  1.65463488e+01 
 1.25892541e+04  1.71165685e+01 
 1.31825674e+04  1.76950172e+01 
 1.38038426e+04  1.82790801e+01 
 1.44543977e+04  1.88645362e+01 
 1.51356125e+04  1.94449502e+01 
 1.58489319e+04  2.00109570e+01 
 1.65958691e+04  2.05495417e+01 
 1.73780083e+04  2.10435566e+01 
 1.81970086e+04  2.14719002e+01 
 1.90546072e+04  2.18109099e+01 
 1.99526231e+04  2.20373709e+01 
 2.08929613e+04  2.21328775e+01 
 2.18776162e+04  2.20882382e+01 
 2.29086765e+04  2.19059723e+01 
 2.39883292e+04  2.15995838e+01 
 2.51188643e+04  2.11900100e+01 
 2.63026799e+04  2.07010122e+01 
 2.75422870e+04  2.01553030e+01 
 2.88403150e+04  1.95722552e+01 
 3.01995172e+04  1.89671029e+01 
 3.16227766e+04  1.83511126e+01 
 3.31131121e+04  1.77322114e+01 
 3.46736850e+04  1.71157264e+01 
 3.63078055e+04  1.65050621e+01 
 3.80189396e+04  1.59022529e+01 
 3.98107171e+04  1.53083843e+01 
 4.16869383e+04  1.47239031e+01 
 4.36515832e+04  1.41488384e+01 
 4.57088190e+04  1.35829575e+01 
 4.78630092e+04  1.30258733e+01 
 5.01187234e+04  1.24771182e+01 
 5.24807460e+04  1.19361932e+01 
 5.49540874e+04  1.14026006e+01 
 5.75439937e+04  1.08758641e+01 
 6.02559586e+04  1.03555414e+01 
 6.30957344e+04  9.84123007e+00 
 6.60693448e+04  9.33256999e+00 
 6.91830971e+04  8.82924262e+00 
 7.24435960e+04  8.33096854e+00 
 7.58577575e+04  7.83750376e+00 
 7.94328235e+04  7.34863527e+00 
 8.31763771e+04  6.86417642e+00 
 8.70963590e+04  6.38396209e+00 
 9.12010839e+04  5.90784418e+00 
 9.54992586e+04  5.43568741e+00 
 1.00000000e+05  4.96736558e+00 
 1.04712855e+05  4.50275840e+00 
 1.09647820e+05  4.04174879e+00 
 1.14815362e+05  3.58422085e+00 
 1.20226443e+05  3.13005834e+00 
 1.25892541e+05  2.67914359e+00 
 1.31825674e+05  2.23135699e+00 
 1.38038426e+05  1.78657670e+00 
 1.44543977e+05  1.34467881e+00 
 1.51356125e+05  9.05537654e-01 
 1.58489319e+05  4.69026334e-01 
 1.65958691e+05  3.50173665e-02 
 1.73780083e+05 -3.96616622e-01 
 1.81970086e+05 -8.26002166e-01 
 1.90546072e+05 -1.25326425e+00 
 1.99526231e+05 -1.67852562e+00 
 2.08929613e+05 -2.10190619e+00 
 2.18776162e+05 -2.52352252e+00 
 2.29086765e+05 -2.94348730e+00 
 2.39883292e+05 -3.36190903e+00 
 2.51188643e+05 -3.77889169e+00 
 2.63026799e+05 -4.19453458e+00 
 2.75422870e+05 -4.60893211e+00 
 2.88403150e+05 -5.02217378e+00 
 3.01995172e+05 -5.43434415e+00 
 3.16227766e+05 -5.84552288e+00 
 3.31131121e+05 -6.25578481e+00 
 3.46736850e+05 -6.66520006e+00 
 3.63078055e+05 -7.07383420e+00 
 3.80189396e+05 -7.48174842e+00 
 3.98107171e+05 -7.88899966e+00 
 4.16869383e+05 -8.29564089e+00 
 4.36515832e+05 -8.70172125e+00 
 4.57088190e+05 -9.10728626e+00 
 4.78630092e+05 -9.51237806e+00 
 5.01187234e+05 -9.91703560e+00 
 5.24807460e+05 -1.03212948e+01 
 5.49540874e+05 -1.07251889e+01 
 5.75439937e+05 -1.11287483e+01 
 6.02559586e+05 -1.15320012e+01 
 6.30957344e+05 -1.19349735e+01 
 6.60693448e+05 -1.23376888e+01 
 6.91830971e+05 -1.27401691e+01 
 7.24435960e+05 -1.31424344e+01 
 7.58577575e+05 -1.35445030e+01 
 7.94328235e+05 -1.39463917e+01 
 8.31763771e+05 -1.43481162e+01 
 8.70963590e+05 -1.47496904e+01 
 9.12010839e+05 -1.51511273e+01 
 9.54992586e+05 -1.55524389e+01 
 1.00000000e+06 -1.59536359e+01 
 1.04712855e+06 -1.63547283e+01 
 1.09647820e+06 -1.67557251e+01 
 1.14815362e+06 -1.71566347e+01 
 1.20226443e+06 -1.75574646e+01 
 1.25892541e+06 -1.79582218e+01 
 1.31825674e+06 -1.83589126e+01 
 1.38038426e+06 -1.87595428e+01 
 1.44543977e+06 -1.91601176e+01 
 1.51356125e+06 -1.95606420e+01 
 1.58489319e+06 -1.99611202e+01 
 1.65958691e+06 -2.03615564e+01 
 1.73780083e+06 -2.07619541e+01 
 1.81970086e+06 -2.11623168e+01 
 1.90546072e+06 -2.15626474e+01 
 1.99526231e+06 -2.19629488e+01 
 2.08929613e+06 -2.23632236e+01 
 2.18776162e+06 -2.27634739e+01 
 2.29086765e+06 -2.31637020e+01 
 2.39883292e+06 -2.35639097e+01 
 2.51188643e+06 -2.39640988e+01 
 2.63026799e+06 -2.43642709e+01 
 2.75422870e+06 -2.47644275e+01 
 2.88403150e+06 -2.51645699e+01 
 3.01995172e+06 -2.55646992e+01 
 3.16227766e+06 -2.59648167e+01 
 3.31131121e+06 -2.63649232e+01 
 3.46736850e+06 -2.67650197e+01 
 3.63078055e+06 -2.71651071e+01 
 3.80189396e+06 -2.75651860e+01 
 3.98107171e+06 -2.79652571e+01 
 4.16869383e+06 -2.83653212e+01 
 4.36515832e+06 -2.87653786e+01 
 4.57088190e+06 -2.91654300e+01 
 4.78630092e+06 -2.95654758e+01 
 5.01187234e+06 -2.99655165e+01 
 5.24807460e+06 -3.03655524e+01 
 5.49540874e+06 -3.07655838e+01 
 5.75439937e+06 -3.11656111e+01 
 6.02559586e+06 -3.15656346e+01 
 6.30957344e+06 -3.19656545e+01 
 6.60693448e+06 -3.23656711e+01 
 6.91830971e+06 -3.27656846e+01 
 7.24435960e+06 -3.31656953e+01 
 7.58577575e+06 -3.35657033e+01 
 7.94328235e+06 -3.39657088e+01 
 8.31763771e+06 -3.43657120e+01 
 8.70963590e+06 -3.47657131e+01 
 9.12010839e+06 -3.51657122e+01 
 9.54992586e+06 -3.55657095e+01 
 1.00000000e+07 -3.59657052e+01 
 1.04712855e+07 -3.63656994e+01 
 1.09647820e+07 -3.67656923e+01 
 1.14815362e+07 -3.71656840e+01 
 1.20226443e+07 -3.75656747e+01 
 1.25892541e+07 -3.79656646e+01 
 1.31825674e+07 -3.83656537e+01 
 1.38038426e+07 -3.87656423e+01 
 1.44543977e+07 -3.91656304e+01 
 1.51356125e+07 -3.95656182e+01 
 1.58489319e+07 -3.99656058e+01 
 1.65958691e+07 -4.03655933e+01 
 1.73780083e+07 -4.07655808e+01 
 1.81970086e+07 -4.11655684e+01 
 1.90546072e+07 -4.15655563e+01 
 1.99526231e+07 -4.19655444e+01 
 2.08929613e+07 -4.23655328e+01 
 2.18776162e+07 -4.27655216e+01 
 2.29086765e+07 -4.31655109e+01 
 2.39883292e+07 -4.35655005e+01 
 2.51188643e+07 -4.39654907e+01 
 2.63026799e+07 -4.43654813e+01 
 2.75422870e+07 -4.47654724e+01 
 2.88403150e+07 -4.51654640e+01 
 3.01995172e+07 -4.55654561e+01 
 3.16227766e+07 -4.59654487e+01 
 3.31131121e+07 -4.63654417e+01 
 3.46736850e+07 -4.67654352e+01 
 3.63078055e+07 -4.71654291e+01 
 3.80189396e+07 -4.75654234e+01 
 3.98107171e+07 -4.79654181e+01 
 4.16869383e+07 -4.83654132e+01 
 4.36515832e+07 -4.87654086e+01 
 4.57088190e+07 -4.91654043e+01 
 4.78630092e+07 -4.95654003e+01 
 5.01187234e+07 -4.99653967e+01 
 5.24807460e+07 -5.03653933e+01 
 5.49540874e+07 -5.07653901e+01 
 5.75439937e+07 -5.11653872e+01 
 6.02559586e+07 -5.15653844e+01 
 6.30957344e+07 -5.19653819e+01 
 6.60693448e+07 -5.23653796e+01 
 6.91830971e+07 -5.27653774e+01 
 7.24435960e+07 -5.31653754e+01 
 7.58577575e+07 -5.35653735e+01 
 7.94328235e+07 -5.39653718e+01 
 8.31763771e+07 -5.43653702e+01 
 8.70963590e+07 -5.47653687e+01 
 9.12010839e+07 -5.51653674e+01 
 9.54992586e+07 -5.55653661e+01 
 1.00000000e+08 -5.59653649e+01 
