 5.00000000e-09  6.30974536e-09 
 5.14019886e-09  6.44073264e-09 
 5.42059659e-09  6.69568484e-09 
 5.98139205e-09  7.19186694e-09 
 6.77345692e-09  7.87345821e-09 
 8.02719431e-09  8.92723165e-09 
 1.05346691e-08  1.09937581e-08 
 1.55496186e-08  1.50706810e-08 
 2.55795177e-08  2.31833336e-08 
 4.56122891e-08  3.94344191e-08 
 5.94321863e-08  5.05753023e-08 
 7.41962652e-08  6.23057868e-08 
 8.34845646e-08  6.95201936e-08 
 9.41018212e-08  7.74824907e-08 
 1.06648915e-07  8.64083604e-08 
 1.20280815e-07  9.56323319e-08 
 1.39376308e-07  1.08196988e-07 
 1.59801065e-07  1.21567234e-07 
 1.89870978e-07  1.41346360e-07 
 2.33180269e-07  1.69679596e-07 
 2.91286061e-07  2.06792689e-07 
 3.54175739e-07  2.45533837e-07 
 4.07994963e-07  2.77349093e-07 
 4.46652110e-07  2.98860409e-07 
 4.95460113e-07  3.23668624e-07 
 5.00000000e-07  3.25973914e-07 
 5.03806357e-07  3.27966505e-07 
 5.11419070e-07  3.32027351e-07 
 5.21114442e-07  3.37250696e-07 
 5.38883083e-07  3.46784119e-07 
 5.59676400e-07  3.57829956e-07 
 6.01263034e-07  3.79573186e-07 
 6.35223868e-07  3.97005550e-07 
 6.59483576e-07  4.09292798e-07 
 6.81407972e-07  4.20289535e-07 
 7.05179325e-07  4.32111566e-07 
 7.20836256e-07  4.39848178e-07 
 7.31670147e-07  4.45181877e-07 
 7.38162144e-07  4.48371350e-07 
 7.41797250e-07  4.50155338e-07 
 7.45203278e-07  4.51825811e-07 
 7.48769740e-07  4.53573964e-07 
 7.52328836e-07  4.55317592e-07 
 7.57387207e-07  4.57794393e-07 
 7.67503949e-07  4.62744702e-07 
 7.87296970e-07  4.72427397e-07 
 8.14255765e-07  4.85643357e-07 
 8.54058996e-07  5.05304063e-07 
 9.13061582e-07  5.34957964e-07 
 9.67087195e-07  5.62757493e-07 
 1.00000000e-06  5.80222798e-07 
 1.00644995e-06  5.83681614e-07 
 1.01934986e-06  5.90574044e-07 
 1.04053288e-06  6.01817263e-07 
 1.06252431e-06  6.13362362e-07 
 1.09020483e-06  6.27675408e-07 
 1.11911492e-06  6.42371736e-07 
 1.17693509e-06  6.71043169e-07 
 1.22612127e-06  6.94619972e-07 
 1.27694252e-06  7.18173501e-07 
 1.33773289e-06  7.45486813e-07 
 1.40599161e-06  7.75075769e-07 
 1.46468685e-06  7.98254620e-07 
 1.52311796e-06  8.18969283e-07 
 1.58137649e-06  8.37987513e-07 
 1.64586696e-06  8.57602970e-07 
 1.76082802e-06  8.90891763e-07 
 1.90257718e-06  9.45097768e-07 
 2.01540730e-06  1.06369622e-06 
 2.10623738e-06  1.37813946e-06 
 2.18055489e-06  2.10565274e-06 
 2.25221409e-06  3.91643849e-06 
 2.32038101e-06  8.14060280e-06 
 2.39214602e-06  1.88387199e-05 
 2.46185915e-06  4.22010982e-05 
 2.53783386e-06  9.61581336e-05 
 2.62080025e-06  2.13859491e-04 
 2.72009928e-06  4.84028079e-04 
 2.76985652e-06  6.72206062e-04 
 2.80255348e-06  7.98177573e-04 
 2.81965301e-06  8.57076882e-04 
 2.83772839e-06  9.10721707e-04 
 2.85630993e-06  9.59857226e-04 
 2.88077723e-06  1.02360316e-03 
 2.90411303e-06  1.08907729e-03 
 2.93381685e-06  1.18476583e-03 
 2.96272652e-06  1.29669834e-03 
 2.99574784e-06  1.45447122e-03 
 3.03150769e-06  1.66151747e-03 
 3.07472744e-06  1.95321462e-03 
 3.11647650e-06  2.27207801e-03 
 3.18234707e-06  2.85005466e-03 
 3.29477350e-06  4.07737974e-03 
 3.51962638e-06  7.61620722e-03 
 3.90331436e-06  1.76476983e-02 
 4.42898654e-06  4.07674125e-02 
 5.02842177e-06  8.22315778e-02 
 5.51110787e-06  1.40652881e-01 
 5.78901234e-06  1.83458530e-01 
 6.04551455e-06  2.27310174e-01 
 6.17077093e-06  2.50026533e-01 
 6.24684249e-06  2.62765022e-01 
 6.27993473e-06  2.67835612e-01 
 6.31222312e-06  2.72516438e-01 
 6.34758125e-06  2.77376372e-01 
 6.39027797e-06  2.82927337e-01 
 6.45605093e-06  2.90943287e-01 
 6.57794774e-06  3.04592892e-01 
 6.74101207e-06  3.21215607e-01 
 6.94472300e-06  3.40353246e-01 
 7.23245492e-06  3.65670212e-01 
 7.68040732e-06  4.03185959e-01 
 8.34175656e-06  4.56851409e-01 
 9.23989473e-06  5.29312386e-01 
 1.00000000e-05  5.92493573e-01 
 1.01178291e-05  6.02394914e-01 
 1.03534874e-05  6.22124309e-01 
 1.08248039e-05  6.61261673e-01 
 1.16087889e-05  7.25786875e-01 
 1.22236637e-05  7.75829159e-01 
 1.25838587e-05  8.03306780e-01 
 1.28077004e-05  8.19031897e-01 
 1.29704064e-05  8.29649199e-01 
 1.30756648e-05  8.36131081e-01 
 1.31769074e-05  8.42075117e-01 
 1.33793927e-05  8.53119420e-01 
 1.37843633e-05  8.71961519e-01 
 1.45943045e-05  8.97893589e-01 
 1.56519988e-05  9.13114549e-01 
 1.69235628e-05  9.19578553e-01 
 1.90511024e-05  9.23734570e-01 
 2.11807342e-05  9.25113774e-01 
 2.45128827e-05  9.25920071e-01 
 2.72327693e-05  9.26113818e-01 
 3.00346197e-05  9.26170781e-01 
 3.41847586e-05  9.26188014e-01 
 3.91769127e-05  9.26177551e-01 
 4.90902978e-05  9.26136458e-01 
 6.89170681e-05  9.26038070e-01 
 1.00000000e-04  9.25873334e-01 
 1.03965354e-04  9.25851501e-01 
 1.11896062e-04  9.25807836e-01 
 1.27757478e-04  9.25720513e-01 
 1.59480311e-04  9.25545893e-01 
 2.22925976e-04  9.25196751e-01 
 3.22925976e-04  9.24646721e-01 
 4.22925976e-04  9.24097022e-01 
 5.22925976e-04  1.00068632e+00 
 5.78608428e-04  1.11721222e+00 
 6.42222894e-04  1.22726908e+00 
 7.22961014e-04  1.35739574e+00 
 8.22961014e-04  1.51460560e+00 
 9.22961014e-04  1.66524732e+00 
 1.02296101e-03  1.80928621e+00 
 1.12296101e-03  1.94711789e+00 
 1.22296101e-03  2.07900226e+00 
 1.32296101e-03  2.20518938e+00 
 1.42296101e-03  2.32593132e+00 
 1.52296101e-03  2.44146135e+00 
 1.62296101e-03  2.55200358e+00 
 1.72296101e-03  2.65777330e+00 
 1.82296101e-03  2.75897646e+00 
 1.92296101e-03  2.85581013e+00 
 2.02296101e-03  2.94846284e+00 
 2.12296101e-03  3.03711504e+00 
 2.22296101e-03  3.12193936e+00 
 2.32296101e-03  3.20310102e+00 
 2.42296101e-03  3.28075809e+00 
 2.52296101e-03  3.35506184e+00 
 2.62296101e-03  3.42615784e+00 
 2.72296101e-03  3.49418298e+00 
 2.82296101e-03  3.55927030e+00 
 2.92296101e-03  3.62154685e+00 
 3.02296101e-03  3.68113398e+00 
 3.12296101e-03  3.73814781e+00 
 3.22296101e-03  3.79269945e+00 
 3.32296101e-03  3.84489519e+00 
 3.42296101e-03  3.89483673e+00 
 3.52296101e-03  3.94262141e+00 
 3.62296101e-03  3.98834199e+00 
 3.72296101e-03  4.03208855e+00 
 3.82296101e-03  4.07394554e+00 
 3.92296101e-03  4.11399461e+00 
 4.02296101e-03  4.15231395e+00 
 4.12296101e-03  4.18897823e+00 
 4.22296101e-03  4.22405871e+00 
 4.32296101e-03  4.25762416e+00 
 4.42296101e-03  4.28973991e+00 
 4.52296101e-03  4.32046864e+00 
 4.53546101e-03  4.32420238e+00 
 4.56046101e-03  4.33162079e+00 
 4.56671101e-03  4.33346215e+00 
 4.57921101e-03  4.33713273e+00 
 4.60421101e-03  4.34441600e+00 
 4.65421101e-03  4.35874705e+00 
 4.73400605e-03  4.38097594e+00 
 4.81569133e-03  4.40293875e+00 
 4.91569133e-03  4.42877395e+00 
 5.01569133e-03  4.45349579e+00 
 5.11569133e-03  4.47715068e+00 
 5.21569133e-03  4.49978413e+00 
 5.31569133e-03  4.52144003e+00 
 5.41569133e-03  4.54216054e+00 
 5.51569133e-03  4.56198603e+00 
 5.61569133e-03  4.58095516e+00 
 5.71569133e-03  4.59910491e+00 
 5.81569133e-03  4.61647066e+00 
 5.91569133e-03  4.63308628e+00 
 6.01569133e-03  4.64898417e+00 
 6.11569133e-03  4.66419532e+00 
 6.21569133e-03  4.67874941e+00 
 6.31569133e-03  4.69267480e+00 
 6.41569133e-03  4.70599866e+00 
 6.51569133e-03  4.71874697e+00 
 6.61569133e-03  4.73094458e+00 
 6.71569133e-03  4.74261529e+00 
 6.81569133e-03  4.75378185e+00 
 6.91569133e-03  4.76446604e+00 
 7.01569133e-03  4.77468869e+00 
 7.11569133e-03  4.78446975e+00 
 7.21569133e-03  4.79382828e+00 
 7.31569133e-03  4.80278254e+00 
 7.41569133e-03  4.81135000e+00 
 7.51569133e-03  4.81954735e+00 
 7.61569133e-03  4.82739059e+00 
 7.71569133e-03  4.83489501e+00 
 7.81569133e-03  4.84207524e+00 
 7.91569133e-03  4.84894531e+00 
 8.01569133e-03  4.85551859e+00 
 8.11569133e-03  4.86180791e+00 
 8.21569133e-03  4.86782554e+00 
 8.31569133e-03  4.87358322e+00 
 8.41569133e-03  4.87909217e+00 
 8.51569133e-03  4.88436313e+00 
 8.61569133e-03  4.88940640e+00 
 8.71569133e-03  4.89423179e+00 
 8.81569133e-03  4.89884874e+00 
 8.91569133e-03  4.90326624e+00 
 9.01569133e-03  4.90749290e+00 
 9.11569133e-03  4.91153697e+00 
 9.21569133e-03  4.91540634e+00 
 9.31569133e-03  4.91910856e+00 
 9.41569133e-03  4.92265084e+00 
 9.51569133e-03  4.92604010e+00 
 9.61569133e-03  4.92928294e+00 
 9.71569133e-03  4.93238569e+00 
 9.81569133e-03  4.93535441e+00 
 9.91569133e-03  4.93819487e+00 
 1.00156913e-02  4.94091263e+00 
 1.01156913e-02  4.94351299e+00 
 1.02156913e-02  4.94600101e+00 
 1.03156913e-02  4.94838155e+00 
 1.04156913e-02  4.95065925e+00 
 1.05156913e-02  4.95283855e+00 
 1.06156913e-02  4.95492371e+00 
 1.07156913e-02  4.95691879e+00 
 1.08156913e-02  4.95882768e+00 
 1.09156913e-02  4.96065411e+00 
 1.10156913e-02  4.96240163e+00 
 1.11156913e-02  4.96407367e+00 
 1.12156913e-02  4.96567347e+00 
 1.13156913e-02  4.96720416e+00 
 1.14156913e-02  4.96866873e+00 
 1.15156913e-02  4.97007003e+00 
 1.16156913e-02  4.97141079e+00 
 1.17156913e-02  4.97269363e+00 
 1.18156913e-02  4.97392105e+00 
 1.19156913e-02  4.97509545e+00 
 1.20156913e-02  4.97621911e+00 
 1.21156913e-02  4.97729424e+00 
 1.22156913e-02  4.97832291e+00 
 1.23156913e-02  4.97930715e+00 
 1.24156913e-02  4.98024887e+00 
 1.25156913e-02  4.98114991e+00 
 1.26156913e-02  4.98201202e+00 
 1.27156913e-02  4.98283689e+00 
 1.28156913e-02  4.98362612e+00 
 1.29156913e-02  4.98438126e+00 
 1.30156913e-02  4.98510378e+00 
 1.31156913e-02  4.98579509e+00 
 1.32156913e-02  4.98645653e+00 
 1.33156913e-02  4.98708940e+00 
 1.34156913e-02  4.98769492e+00 
 1.35156913e-02  4.98827429e+00 
 1.36156913e-02  4.98882863e+00 
 1.37156913e-02  4.98935903e+00 
 1.38156913e-02  4.98986650e+00 
 1.39156913e-02  4.99035206e+00 
 1.40156913e-02  4.99081664e+00 
 1.41156913e-02  4.99126115e+00 
 1.42156913e-02  4.99168646e+00 
 1.43156913e-02  4.99209340e+00 
 1.44156913e-02  4.99248275e+00 
 1.45156913e-02  4.99285529e+00 
 1.46156913e-02  4.99321173e+00 
 1.47156913e-02  4.99355277e+00 
 1.48156913e-02  4.99387908e+00 
 1.49156913e-02  4.99419130e+00 
 1.50156913e-02  4.99449002e+00 
 1.51156913e-02  4.99477584e+00 
 1.52156913e-02  4.99504932e+00 
 1.53156913e-02  4.99531098e+00 
 1.54156913e-02  4.99556133e+00 
 1.55156913e-02  4.99580087e+00 
 1.56156913e-02  4.99603007e+00 
 1.57156913e-02  4.99624936e+00 
 1.58156913e-02  4.99645918e+00 
 1.59156913e-02  4.99665993e+00 
 1.60156913e-02  4.99685201e+00 
 1.61156913e-02  4.99703579e+00 
 1.62156913e-02  4.99721164e+00 
 1.63156913e-02  4.99737989e+00 
 1.64156913e-02  4.99754087e+00 
 1.65156913e-02  4.99769489e+00 
 1.66156913e-02  4.99784226e+00 
 1.67156913e-02  4.99798327e+00 
 1.68156913e-02  4.99811818e+00 
 1.69156913e-02  4.99824727e+00 
 1.70156913e-02  4.99837077e+00 
 1.71156913e-02  4.99848895e+00 
 1.72156913e-02  4.99860202e+00 
 1.73156913e-02  4.99871020e+00 
 1.74156913e-02  4.99881371e+00 
 1.75156913e-02  4.99891275e+00 
 1.76156913e-02  4.99900751e+00 
 1.77156913e-02  4.99909817e+00 
 1.78156913e-02  4.99918492e+00 
 1.79156913e-02  4.99926793e+00 
 1.80156913e-02  4.99934734e+00 
 1.81156913e-02  4.99942333e+00 
 1.82156913e-02  4.99949603e+00 
 1.83156913e-02  4.99956559e+00 
 1.84156913e-02  4.99963215e+00 
 1.85156913e-02  4.99969583e+00 
 1.86156913e-02  4.99975676e+00 
 1.87156913e-02  4.99981506e+00 
 1.88156913e-02  4.99987084e+00 
 1.89156913e-02  4.99992421e+00 
 1.90156913e-02  4.99997528e+00 
 1.91156913e-02  5.00002414e+00 
 1.92156913e-02  5.00007088e+00 
 1.93156913e-02  5.00011561e+00 
 1.94156913e-02  5.00015841e+00 
 1.95156913e-02  5.00019936e+00 
 1.96156913e-02  5.00023853e+00 
 1.97156913e-02  5.00027602e+00 
 1.98156913e-02  5.00031189e+00 
 1.99156913e-02  5.00034620e+00 
 2.00000000e-02  5.00037398e+00 
 2.00100000e-02  4.99998741e+00 
 2.00300000e-02  4.99885745e+00 
 2.00700000e-02  4.99871363e+00 
 2.01500000e-02  5.00025845e+00 
 2.02500000e-02  5.00025211e+00 
 2.03500000e-02  5.00020391e+00 
 2.04500000e-02  5.00023299e+00 
 2.05500000e-02  5.00027849e+00 
 2.06500000e-02  5.00031472e+00 
 2.07500000e-02  5.00034568e+00 
 2.08500000e-02  5.00037372e+00 
 2.09500000e-02  5.00039938e+00 
 2.10500000e-02  5.00042305e+00 
 2.11500000e-02  5.00044505e+00 
 2.12500000e-02  5.00046560e+00 
 2.13500000e-02  5.00048488e+00 
 2.14500000e-02  5.00050302e+00 
 2.15500000e-02  5.00052012e+00 
 2.16500000e-02  5.00053627e+00 
 2.17500000e-02  5.00055155e+00 
 2.18500000e-02  5.00056601e+00 
 2.19500000e-02  5.00057972e+00 
 2.20500000e-02  5.00059272e+00 
 2.21500000e-02  5.00060505e+00 
 2.22500000e-02  5.00061676e+00 
 2.23500000e-02  5.00062787e+00 
 2.24500000e-02  5.00063843e+00 
 2.25500000e-02  5.00064845e+00 
 2.26500000e-02  5.00065797e+00 
 2.27500000e-02  5.00066701e+00 
 2.28500000e-02  5.00067560e+00 
 2.29500000e-02  5.00068375e+00 
 2.30500000e-02  5.00069150e+00 
 2.31500000e-02  5.00069886e+00 
 2.32500000e-02  5.00070584e+00 
 2.33500000e-02  5.00071247e+00 
 2.34500000e-02  5.00071876e+00 
 2.35500000e-02  5.00072473e+00 
 2.36500000e-02  5.00073039e+00 
 2.37500000e-02  5.00073576e+00 
 2.38500000e-02  5.00074085e+00 
 2.39500000e-02  5.00074567e+00 
 2.40500000e-02  5.00075024e+00 
 2.41500000e-02  5.00075457e+00 
 2.42500000e-02  5.00075867e+00 
 2.43500000e-02  5.00076254e+00 
 2.44500000e-02  5.00076621e+00 
 2.45500000e-02  5.00076967e+00 
 2.46500000e-02  5.00077294e+00 
 2.47500000e-02  5.00077603e+00 
 2.48500000e-02  5.00077894e+00 
 2.49500000e-02  5.00078169e+00 
 2.50500000e-02  5.00078427e+00 
 2.51500000e-02  5.00078671e+00 
 2.52500000e-02  5.00078900e+00 
 2.53500000e-02  5.00079115e+00 
 2.54500000e-02  5.00079316e+00 
 2.55500000e-02  5.00079506e+00 
 2.56500000e-02  5.00079683e+00 
 2.57500000e-02  5.00079848e+00 
 2.58500000e-02  5.00080003e+00 
 2.59500000e-02  5.00080147e+00 
 2.60500000e-02  5.00080282e+00 
 2.61500000e-02  5.00080406e+00 
 2.62500000e-02  5.00080522e+00 
 2.63500000e-02  5.00080629e+00 
 2.64500000e-02  5.00080728e+00 
 2.65500000e-02  5.00080819e+00 
 2.66500000e-02  5.00080902e+00 
 2.67500000e-02  5.00080978e+00 
 2.68500000e-02  5.00081048e+00 
 2.69500000e-02  5.00081110e+00 
 2.70500000e-02  5.00081167e+00 
 2.71500000e-02  5.00081218e+00 
 2.72500000e-02  5.00081263e+00 
 2.73500000e-02  5.00081302e+00 
 2.74500000e-02  5.00081337e+00 
 2.75500000e-02  5.00081367e+00 
 2.76500000e-02  5.00081392e+00 
 2.77500000e-02  5.00081412e+00 
 2.78500000e-02  5.00081429e+00 
 2.79500000e-02  5.00081441e+00 
 2.80500000e-02  5.00081450e+00 
 2.81500000e-02  5.00081455e+00 
 2.82500000e-02  5.00081457e+00 
 2.83500000e-02  5.00081455e+00 
 2.84500000e-02  5.00081450e+00 
 2.85500000e-02  5.00081442e+00 
 2.86500000e-02  5.00081432e+00 
 2.87500000e-02  5.00081419e+00 
 2.88500000e-02  5.00081403e+00 
 2.89500000e-02  5.00081385e+00 
 2.90500000e-02  5.00081364e+00 
 2.91500000e-02  5.00081342e+00 
 2.92500000e-02  5.00081317e+00 
 2.93500000e-02  5.00081290e+00 
 2.94500000e-02  5.00081262e+00 
 2.95500000e-02  5.00081232e+00 
 2.96500000e-02  5.00081200e+00 
 2.97500000e-02  5.00081167e+00 
 2.98500000e-02  5.00081132e+00 
 2.99500000e-02  5.00081096e+00 
 3.00500000e-02  5.00081058e+00 
 3.01500000e-02  5.00081019e+00 
 3.02500000e-02  5.00080980e+00 
 3.03500000e-02  5.00080939e+00 
 3.04500000e-02  5.00080897e+00 
 3.05500000e-02  5.00080854e+00 
 3.06500000e-02  5.00080810e+00 
 3.07500000e-02  5.00080765e+00 
 3.08500000e-02  5.00080720e+00 
 3.09500000e-02  5.00080673e+00 
 3.10500000e-02  5.00080626e+00 
 3.11500000e-02  5.00080579e+00 
 3.12500000e-02  5.00080531e+00 
 3.13500000e-02  5.00080482e+00 
 3.14500000e-02  5.00080433e+00 
 3.15500000e-02  5.00080384e+00 
 3.16500000e-02  4.99704754e+00 
 3.17306793e-02  4.97900086e+00 
 3.18233490e-02  4.94403010e+00 
 3.18564078e-02  4.92798064e+00 
 3.18891625e-02  4.91042973e+00 
 3.19019114e-02  4.90319261e+00 
 3.19197184e-02  4.89275619e+00 
 3.19447340e-02  4.87752528e+00 
 3.19853552e-02  4.85158474e+00 
 3.20665976e-02  4.79620463e+00 
 3.21665976e-02  4.72316059e+00 
 3.22665976e-02  4.64597036e+00 
 3.23665976e-02  4.56544591e+00 
 3.24665976e-02  4.48204683e+00 
 3.25665976e-02  4.39600796e+00 
 3.26665976e-02  4.30744119e+00 
 3.26790976e-02  4.29617533e+00 
 3.27040976e-02  4.27355292e+00 
 3.27103476e-02  4.26787278e+00 
 3.27228476e-02  4.25648967e+00 
 3.27478476e-02  4.23361139e+00 
 3.27754829e-02  4.20814535e+00 
 3.28010499e-02  4.18441992e+00 
 3.28425994e-02  4.14552450e+00 
 3.29256984e-02  4.06648039e+00 
 3.30256984e-02  3.96916050e+00 
 3.31256984e-02  3.86945929e+00 
 3.32256984e-02  3.76739776e+00 
 3.33256984e-02  3.66299424e+00 
 3.34256984e-02  3.55626524e+00 
 3.35256984e-02  3.44723442e+00 
 3.36256984e-02  3.33594300e+00 
 3.37256984e-02  3.22244730e+00 
 3.38256984e-02  3.10681573e+00 
 3.39256984e-02  2.98913360e+00 
 3.40256984e-02  2.86951353e+00 
 3.41256984e-02  2.74811137e+00 
 3.42256984e-02  2.62514789e+00 
 3.43256984e-02  2.50093700e+00 
 3.44256984e-02  2.37591961e+00 
 3.45256984e-02  2.25069997e+00 
 3.46256984e-02  2.12607689e+00 
 3.47256984e-02  2.00305741e+00 
 3.48256984e-02  1.88283617e+00 
 3.49256984e-02  1.76672561e+00 
 3.50256984e-02  1.65603275e+00 
 3.51256984e-02  1.55189941e+00 
 3.52256984e-02  1.45514500e+00 
 3.53256984e-02  1.36616064e+00 
 3.54256984e-02  1.28488906e+00 
 3.55256984e-02  1.21090309e+00 
 3.56256984e-02  1.14349856e+00 
 3.57256984e-02  1.08186872e+00 
 3.58256984e-02  1.02521416e+00 
 3.59256984e-02  9.72813473e-01 
 3.60256984e-02  9.24053866e-01 
 3.61256984e-02  8.78432596e-01 
 3.62256984e-02  8.35540767e-01 
 3.63256984e-02  7.95051790e-01 
 3.64256984e-02  7.56695314e-01 
 3.65256984e-02  7.20246882e-01 
 3.66256984e-02  6.85514433e-01 
 3.67256984e-02  6.52335509e-01 
 3.68256984e-02  6.20570367e-01 
 3.69256984e-02  5.90097487e-01 
 3.70256984e-02  5.60810442e-01 
 3.71256984e-02  5.32615502e-01 
 3.72256984e-02  5.05429712e-01 
 3.73256984e-02  4.79179306e-01 
 3.74256984e-02  4.53798126e-01 
 3.75256984e-02  4.29227503e-01 
 3.76256984e-02  4.05414193e-01 
 3.77256984e-02  3.82310034e-01 
 3.78256984e-02  3.59871387e-01 
 3.79256984e-02  3.38058585e-01 
 3.80256984e-02  3.16835453e-01 
 3.81256984e-02  2.96168899e-01 
 3.82256984e-02  2.76028572e-01 
 3.83256984e-02  2.56386565e-01 
 3.84256984e-02  2.37217161e-01 
 3.85256984e-02  2.18496608e-01 
 3.86256984e-02  2.00202923e-01 
 3.87256984e-02  1.82315720e-01 
 3.88256984e-02  1.64816060e-01 
 3.89256984e-02  1.47686313e-01 
 3.90256984e-02  1.30910044e-01 
 3.91256984e-02  1.14471905e-01 
 3.92256984e-02  9.83575418e-02 
 3.93256984e-02  8.25535066e-02 
 3.94256984e-02  6.70471871e-02 
 3.95256984e-02  5.18267360e-02 
 3.96256984e-02  3.68810107e-02 
 3.97256984e-02  2.21995184e-02 
 3.98256984e-02  7.77236594e-03 
 3.99256984e-02 -6.40978502e-03 
 4.00256984e-02 -2.03557588e-02 
 4.01256984e-02 -3.40739032e-02 
 4.02256984e-02 -4.75721230e-02 
 4.03256984e-02 -6.08579116e-02 
 4.04256984e-02 -7.39383782e-02 
 4.05256984e-02 -8.68202749e-02 
 4.06256984e-02 -9.95100192e-02 
 4.07256984e-02 -1.12013717e-01 
 4.08256984e-02 -1.24337181e-01 
 4.09256984e-02 -1.36485952e-01 
 4.10256984e-02 -1.48465312e-01 
 4.11256984e-02 -1.60280302e-01 
 4.12256984e-02 -1.71935739e-01 
 4.13256984e-02 -1.83436224e-01 
 4.14256984e-02 -1.94786158e-01 
 4.15256984e-02 -2.05989754e-01 
 4.16256984e-02 -2.17051043e-01 
 4.17256984e-02 -2.27973891e-01 
 4.18256984e-02 -2.38762001e-01 
 4.19256984e-02 -2.49418928e-01 
 4.20256984e-02 -2.59948082e-01 
 4.21256984e-02 -2.70352735e-01 
 4.22256984e-02 -2.80636033e-01 
 4.23256984e-02 -2.90800996e-01 
 4.24256984e-02 -3.00850527e-01 
 4.25256984e-02 -3.10787417e-01 
 4.26256984e-02 -3.20614347e-01 
 4.27256984e-02 -3.30333897e-01 
 4.28256984e-02 -3.39948542e-01 
 4.29256984e-02 -3.49460664e-01 
 4.30256984e-02 -3.58872545e-01 
 4.31256984e-02 -3.68186376e-01 
 4.32256984e-02 -3.77404254e-01 
 4.33256984e-02 -3.86528181e-01 
 4.34256984e-02 -3.95560068e-01 
 4.35256984e-02 -4.04501726e-01 
 4.36256984e-02 -4.13354869e-01 
 4.37256984e-02 -4.22121103e-01 
 4.38256984e-02 -4.30801921e-01 
 4.39256984e-02 -4.39398698e-01 
 4.40256984e-02 -4.47912671e-01 
 4.41256984e-02 -4.56344930e-01 
 4.42256984e-02 -4.64696394e-01 
 4.43256984e-02 -4.72967791e-01 
 4.44256984e-02 -4.81159629e-01 
 4.45256984e-02 -4.89272157e-01 
 4.46256984e-02 -4.97305325e-01 
 4.47256984e-02 -5.05258734e-01 
 4.48256984e-02 -5.13131579e-01 
 4.49256984e-02 -5.20922580e-01 
 4.50256984e-02 -5.28629910e-01 
 4.51256984e-02 -5.36251119e-01 
 4.52256984e-02 -5.43783051e-01 
 4.53256984e-02 -5.51221775e-01 
 4.54256984e-02 -5.58562515e-01 
 4.55256984e-02 -5.65799621e-01 
 4.56256984e-02 -5.72926555e-01 
 4.57256984e-02 -5.79935943e-01 
 4.58256984e-02 -5.86819671e-01 
 4.59256984e-02 -5.93569057e-01 
 4.60256984e-02 -6.00175096e-01 
 4.61256984e-02 -6.06628770e-01 
 4.62256984e-02 -6.12921423e-01 
 4.63256984e-02 -6.19045166e-01 
 4.64256984e-02 -6.24993297e-01 
 4.65256984e-02 -6.30760676e-01 
 4.66256984e-02 -6.36344031e-01 
 4.67256984e-02 -6.41742153e-01 
 4.68256984e-02 -6.46955954e-01 
 4.69256984e-02 -6.51988384e-01 
 4.70256984e-02 -6.56844237e-01 
 4.71256984e-02 -6.61529849e-01 
 4.72256984e-02 -6.66052760e-01 
 4.73256984e-02 -6.70421356e-01 
 4.74256984e-02 -6.74644531e-01 
 4.75256984e-02 -6.78731390e-01 
 4.76256984e-02 -6.82691008e-01 
 4.77256984e-02 -6.86532240e-01 
 4.78256984e-02 -6.90263584e-01 
 4.79256984e-02 -6.93893099e-01 
 4.80256984e-02 -6.97428341e-01 
 4.81256984e-02 -7.00876347e-01 
 4.82256984e-02 -7.04243631e-01 
 4.83256984e-02 -7.07536193e-01 
 4.84256984e-02 -7.10759544e-01 
 4.85256984e-02 -7.13918736e-01 
 4.86256984e-02 -7.17018389e-01 
 4.87256984e-02 -7.20062729e-01 
 4.88256984e-02 -7.23055617e-01 
 4.89256984e-02 -7.26000582e-01 
 4.90256984e-02 -7.28900851e-01 
 4.91256984e-02 -7.31759377e-01 
 4.92256984e-02 -7.34578864e-01 
 4.93256984e-02 -7.37361790e-01 
 4.94256984e-02 -7.40110431e-01 
 4.95256984e-02 -7.42826876e-01 
 4.96256984e-02 -7.45513048e-01 
 4.97256984e-02 -7.48170719e-01 
 4.98256984e-02 -7.50801522e-01 
 4.99256984e-02 -7.53406967e-01 
 5.00256984e-02 -7.55988449e-01 
 5.01256984e-02 -7.58547261e-01 
 5.02256984e-02 -7.61084601e-01 
 5.03256984e-02 -7.63601582e-01 
 5.04256984e-02 -7.66099236e-01 
 5.05256984e-02 -7.68578525e-01 
 5.06256984e-02 -7.71040344e-01 
 5.07256984e-02 -7.73485527e-01 
 5.08256984e-02 -7.75914852e-01 
 5.09256984e-02 -7.78329045e-01 
 5.10256984e-02 -7.80728783e-01 
 5.11256984e-02 -7.83114699e-01 
 5.12256984e-02 -7.85487386e-01 
 5.13256984e-02 -7.87847397e-01 
 5.14256984e-02 -7.90195250e-01 
 5.15256984e-02 -7.92531429e-01 
 5.16256984e-02 -7.94856388e-01 
 5.17256984e-02 -7.97170552e-01 
 5.18256984e-02 -7.99474317e-01 
 5.19256984e-02 -8.01768056e-01 
 5.20256984e-02 -8.04052118e-01 
 5.21256984e-02 -8.06326830e-01 
 5.22256984e-02 -8.08592499e-01 
 5.23256984e-02 -8.10849411e-01 
 5.24256984e-02 -8.13097837e-01 
 5.25256984e-02 -8.15338030e-01 
 5.26256984e-02 -8.17570229e-01 
 5.27256984e-02 -8.19794658e-01 
 5.28256984e-02 -8.22011527e-01 
 5.29256984e-02 -8.24221036e-01 
 5.30256984e-02 -8.26423373e-01 
 5.31256984e-02 -8.28618715e-01 
 5.32256984e-02 -8.30807230e-01 
 5.33256984e-02 -8.32989078e-01 
 5.34256984e-02 -8.35164410e-01 
 5.35256984e-02 -8.37333369e-01 
 5.36256984e-02 -8.39496093e-01 
 5.37256984e-02 -8.41652711e-01 
 5.38256984e-02 -8.43803349e-01 
 5.39256984e-02 -8.45948124e-01 
 5.40256984e-02 -8.48087153e-01 
 5.41256984e-02 -8.50220543e-01 
 5.42256984e-02 -8.52348400e-01 
 5.43256984e-02 -8.54470825e-01 
 5.44256984e-02 -8.56587915e-01 
 5.45256984e-02 -8.58699764e-01 
 5.46256984e-02 -8.60806461e-01 
 5.47256984e-02 -8.62908094e-01 
 5.48256984e-02 -8.65004748e-01 
 5.49256984e-02 -8.67096503e-01 
 5.50256984e-02 -8.69183439e-01 
 5.51256984e-02 -8.71265632e-01 
 5.52256984e-02 -8.73343156e-01 
 5.53256984e-02 -8.75416082e-01 
 5.54256984e-02 -8.77484480e-01 
 5.55256984e-02 -8.79548417e-01 
 5.56256984e-02 -8.81607960e-01 
 5.57256984e-02 -8.83663172e-01 
 5.58256984e-02 -8.85714114e-01 
 5.59256984e-02 -8.87760847e-01 
 5.60256984e-02 -8.89803430e-01 
 5.61256984e-02 -8.91841919e-01 
 5.62256984e-02 -8.93876370e-01 
 5.63256984e-02 -8.95906836e-01 
 5.64256984e-02 -8.97933371e-01 
 5.65256984e-02 -8.99956025e-01 
 5.66256984e-02 -9.01974848e-01 
 5.67256984e-02 -9.03989889e-01 
 5.68256984e-02 -9.06001194e-01 
 5.69256984e-02 -9.08008811e-01 
 5.70256984e-02 -9.10012784e-01 
 5.71256984e-02 -9.12013156e-01 
 5.72256984e-02 -9.14009971e-01 
 5.73256984e-02 -9.16003270e-01 
 5.74256984e-02 -9.17993094e-01 
 5.75256984e-02 -9.19979483e-01 
 5.76256984e-02 -9.21962475e-01 
 5.77256984e-02 -9.23942108e-01 
 5.78256984e-02 -9.25918419e-01 
 5.79256984e-02 -9.27891445e-01 
 5.80256984e-02 -9.29861219e-01 
 5.81256984e-02 -9.31827778e-01 
 5.82256984e-02 -9.33791153e-01 
 5.83256984e-02 -9.35751379e-01 
 5.84256984e-02 -9.37708487e-01 
 5.85256984e-02 -9.39662509e-01 
 5.86256984e-02 -9.41613475e-01 
 5.87256984e-02 -9.43561415e-01 
 5.88256984e-02 -9.45506359e-01 
 5.89256984e-02 -9.47448336e-01 
 5.90256984e-02 -9.49387372e-01 
 5.91256984e-02 -9.51323497e-01 
 5.92256984e-02 -9.53256736e-01 
 5.93256984e-02 -9.55187115e-01 
 5.94256984e-02 -9.57114662e-01 
 5.95256984e-02 -9.59039400e-01 
 5.96256984e-02 -9.60961355e-01 
 5.97256984e-02 -9.62880551e-01 
 5.98256984e-02 -9.64797010e-01 
 5.99256984e-02 -9.66710758e-01 
 6.00256984e-02 -9.68621815e-01 
 6.01256984e-02 -9.70530204e-01 
 6.02256984e-02 -9.72435948e-01 
 6.03256984e-02 -9.74339067e-01 
 6.04256984e-02 -9.76239583e-01 
 6.05256984e-02 -9.78137515e-01 
 6.06256984e-02 -9.80032884e-01 
 6.07256984e-02 -9.81925711e-01 
 6.08256984e-02 -9.83816013e-01 
 6.09256984e-02 -9.85703810e-01 
 6.10256984e-02 -9.87589121e-01 
 6.11256984e-02 -9.89471963e-01 
 6.12256984e-02 -9.91352356e-01 
 6.13256984e-02 -9.93230316e-01 
 6.14256984e-02 -9.95105860e-01 
 6.15256984e-02 -9.96979006e-01 
 6.16256984e-02 -9.98849770e-01 
 6.17256984e-02 -1.00071817e+00 
 6.18256984e-02 -1.00258422e+00 
 6.19256984e-02 -1.00444793e+00 
 6.20256984e-02 -1.00630933e+00 
 6.21256984e-02 -1.00816842e+00 
 6.22256984e-02 -1.01002523e+00 
 6.23256984e-02 -1.01187976e+00 
 6.24256984e-02 -1.01373203e+00 
 6.25256984e-02 -1.01558206e+00 
 6.26256984e-02 -1.01742986e+00 
 6.27256984e-02 -1.01927544e+00 
 6.28256984e-02 -1.02111881e+00 
 6.29256984e-02 -1.02296000e+00 
 6.30256984e-02 -1.02479900e+00 
 6.31256984e-02 -1.02663584e+00 
 6.32256984e-02 -1.02847053e+00 
 6.33256984e-02 -1.03030308e+00 
 6.34256984e-02 -1.03213350e+00 
 6.35256984e-02 -1.03396180e+00 
 6.36256984e-02 -1.03578800e+00 
 6.37256984e-02 -1.03761211e+00 
 6.38256984e-02 -1.03943413e+00 
 6.39256984e-02 -1.04125409e+00 
 6.40256984e-02 -1.04307198e+00 
 6.41256984e-02 -1.04488783e+00 
 6.42256984e-02 -1.04670164e+00 
 6.43256984e-02 -1.04851342e+00 
 6.44256984e-02 -1.05032319e+00 
 6.45256984e-02 -1.05213095e+00 
 6.46256984e-02 -1.05393671e+00 
 6.47256984e-02 -1.05574048e+00 
 6.48256984e-02 -1.05754228e+00 
 6.49256984e-02 -1.05934211e+00 
 6.50256984e-02 -1.06113998e+00 
 6.51256984e-02 -1.06293591e+00 
 6.52256984e-02 -1.06472989e+00 
 6.53256984e-02 -1.06652194e+00 
 6.54256984e-02 -1.06831207e+00 
 6.55256984e-02 -1.07010029e+00 
 6.56256984e-02 -1.07188660e+00 
 6.57256984e-02 -1.07367102e+00 
 6.58256984e-02 -1.07545355e+00 
 6.59256984e-02 -1.07723420e+00 
 6.60256984e-02 -1.07901297e+00 
 6.61256984e-02 -1.08078989e+00 
 6.62256984e-02 -1.08256495e+00 
 6.63256984e-02 -1.08433816e+00 
 6.64256984e-02 -1.08610953e+00 
 6.65256984e-02 -1.08787907e+00 
 6.66256984e-02 -1.08964678e+00 
 6.67256984e-02 -1.09141268e+00 
 6.68256984e-02 -1.09317676e+00 
 6.69256984e-02 -1.09493904e+00 
 6.70256984e-02 -1.09669953e+00 
 6.71256984e-02 -1.09845822e+00 
 6.72256984e-02 -1.10021514e+00 
 6.73256984e-02 -1.10197027e+00 
 6.74256984e-02 -1.10372364e+00 
 6.75256984e-02 -1.10547524e+00 
 6.76256984e-02 -1.10722509e+00 
 6.77256984e-02 -1.10897319e+00 
 6.78256984e-02 -1.11071954e+00 
 6.79256984e-02 -1.11246416e+00 
 6.80256984e-02 -1.11420704e+00 
 6.81256984e-02 -1.11594820e+00 
 6.82256984e-02 -1.11768764e+00 
 6.83256984e-02 -1.11942536e+00 
 6.84256984e-02 -1.12116138e+00 
 6.85256984e-02 -1.12289569e+00 
 6.86256984e-02 -1.12462831e+00 
 6.87256984e-02 -1.12635923e+00 
 6.88256984e-02 -1.12808847e+00 
 6.89256984e-02 -1.12981603e+00 
 6.90256984e-02 -1.13154191e+00 
 6.91256984e-02 -1.13326613e+00 
 6.92256984e-02 -1.13498867e+00 
 6.93256984e-02 -1.13670956e+00 
 6.94256984e-02 -1.13842879e+00 
 6.95256984e-02 -1.14014637e+00 
 6.96256984e-02 -1.14186231e+00 
 6.97256984e-02 -1.14357660e+00 
 6.98256984e-02 -1.14528926e+00 
 6.99256984e-02 -1.14700029e+00 
 7.00256984e-02 -1.14870969e+00 
 7.01256984e-02 -1.15041746e+00 
 7.02256984e-02 -1.15212362e+00 
 7.03256984e-02 -1.15382817e+00 
 7.04256984e-02 -1.15553110e+00 
 7.05256984e-02 -1.15723243e+00 
 7.06256984e-02 -1.15893216e+00 
 7.07256984e-02 -1.16063029e+00 
 7.08256984e-02 -1.16232682e+00 
 7.09256984e-02 -1.16402177e+00 
 7.10256984e-02 -1.16571513e+00 
 7.11256984e-02 -1.16740691e+00 
 7.12256984e-02 -1.16909711e+00 
 7.13256984e-02 -1.17078574e+00 
 7.14256984e-02 -1.17247279e+00 
 7.15256984e-02 -1.17415828e+00 
 7.16256984e-02 -1.17584220e+00 
 7.17256984e-02 -1.17752456e+00 
 7.18256984e-02 -1.17920536e+00 
 7.19256984e-02 -1.18088461e+00 
 7.20256984e-02 -1.18256231e+00 
 7.21256984e-02 -1.18423846e+00 
 7.22256984e-02 -1.18591307e+00 
 7.23256984e-02 -1.18758613e+00 
 7.24256984e-02 -1.18925766e+00 
 7.25256984e-02 -1.19092764e+00 
 7.26256984e-02 -1.19259610e+00 
 7.27256984e-02 -1.19426302e+00 
 7.28256984e-02 -1.19592842e+00 
 7.29256984e-02 -1.19759228e+00 
 7.30256984e-02 -1.19925463e+00 
 7.31256984e-02 -1.20091546e+00 
 7.32256984e-02 -1.20257476e+00 
 7.33256984e-02 -1.20423256e+00 
 7.34256984e-02 -1.20588883e+00 
 7.35256984e-02 -1.20754360e+00 
 7.36256984e-02 -1.20919686e+00 
 7.37256984e-02 -1.21084861e+00 
 7.38256984e-02 -1.21249885e+00 
 7.39256984e-02 -1.21414759e+00 
 7.40256984e-02 -1.21579483e+00 
 7.41256984e-02 -1.21744057e+00 
 7.42256984e-02 -1.21908482e+00 
 7.43256984e-02 -1.22072756e+00 
 7.44256984e-02 -1.22236881e+00 
 7.45256984e-02 -1.22400857e+00 
 7.46256984e-02 -1.22564683e+00 
 7.47256984e-02 -1.22728361e+00 
 7.48256984e-02 -1.22891889e+00 
 7.49256984e-02 -1.23055269e+00 
 7.50256984e-02 -1.23218500e+00 
 7.51256984e-02 -1.23381582e+00 
 7.52256984e-02 -1.23544516e+00 
 7.53256984e-02 -1.23707302e+00 
 7.54256984e-02 -1.23869939e+00 
 7.55256984e-02 -1.24032428e+00 
 7.56256984e-02 -1.24194769e+00 
 7.57256984e-02 -1.24356961e+00 
 7.58256984e-02 -1.24519006e+00 
 7.59256984e-02 -1.24680902e+00 
 7.60256984e-02 -1.24842651e+00 
 7.61256984e-02 -1.25004252e+00 
 7.62256984e-02 -1.25165704e+00 
 7.63256984e-02 -1.25327009e+00 
 7.64256984e-02 -1.25488165e+00 
 7.65256984e-02 -1.25649174e+00 
 7.66256984e-02 -1.25810035e+00 
 7.67256984e-02 -1.25970748e+00 
 7.68256984e-02 -1.26131312e+00 
 7.69256984e-02 -1.26291729e+00 
 7.70256984e-02 -1.26451998e+00 
 7.71256984e-02 -1.26612118e+00 
 7.72256984e-02 -1.26772090e+00 
 7.73256984e-02 -1.26931913e+00 
 7.74256984e-02 -1.27091589e+00 
 7.75256984e-02 -1.27251115e+00 
 7.76256984e-02 -1.27410493e+00 
 7.77256984e-02 -1.27569722e+00 
 7.78256984e-02 -1.27728802e+00 
 7.79256984e-02 -1.27887733e+00 
 7.80256984e-02 -1.28046515e+00 
 7.81256984e-02 -1.28205148e+00 
 7.82256984e-02 -1.28363630e+00 
 7.83256984e-02 -1.28521963e+00 
 7.84256984e-02 -1.28680146e+00 
 7.85256984e-02 -1.28838179e+00 
 7.86256984e-02 -1.28996061e+00 
 7.87256984e-02 -1.29153793e+00 
 7.88256984e-02 -1.29311374e+00 
 7.89256984e-02 -1.29468803e+00 
 7.90256984e-02 -1.29626081e+00 
 7.91256984e-02 -1.29783207e+00 
 7.92256984e-02 -1.29940181e+00 
 7.93256984e-02 -1.30097003e+00 
 7.94256984e-02 -1.30253672e+00 
 7.95256984e-02 -1.30410188e+00 
 7.96256984e-02 -1.30566550e+00 
 7.97256984e-02 -1.30722758e+00 
 7.98256984e-02 -1.30878813e+00 
 7.99256984e-02 -1.31034712e+00 
 8.00256984e-02 -1.31190457e+00 
 8.01256984e-02 -1.31346046e+00 
 8.02256984e-02 -1.31501479e+00 
 8.03256984e-02 -1.31656755e+00 
 8.04256984e-02 -1.31811875e+00 
 8.05256984e-02 -1.31966837e+00 
 8.06256984e-02 -1.32121642e+00 
 8.07256984e-02 -1.32276287e+00 
 8.08256984e-02 -1.32430774e+00 
 8.09256984e-02 -1.32585101e+00 
 8.10256984e-02 -1.32739268e+00 
 8.11256984e-02 -1.32893274e+00 
 8.12256984e-02 -1.33047118e+00 
 8.13256984e-02 -1.33200800e+00 
 8.14256984e-02 -1.33354320e+00 
 8.15256984e-02 -1.33507676e+00 
 8.16256984e-02 -1.33660868e+00 
 8.17256984e-02 -1.33813894e+00 
 8.18256984e-02 -1.33966755e+00 
 8.19256984e-02 -1.34119450e+00 
 8.20256984e-02 -1.34271977e+00 
 8.21256984e-02 -1.34424336e+00 
 8.22256984e-02 -1.34576527e+00 
 8.23256984e-02 -1.34728547e+00 
 8.24256984e-02 -1.34880397e+00 
 8.25256984e-02 -1.35032075e+00 
 8.26256984e-02 -1.35183580e+00 
 8.27256984e-02 -1.35334912e+00 
 8.28256984e-02 -1.35486070e+00 
 8.29256984e-02 -1.35637052e+00 
 8.30256984e-02 -1.35787858e+00 
 8.31256984e-02 -1.35938486e+00 
 8.32256984e-02 -1.36088935e+00 
 8.33256984e-02 -1.36239205e+00 
 8.34256984e-02 -1.36389294e+00 
 8.35256984e-02 -1.36539200e+00 
 8.36256984e-02 -1.36688924e+00 
 8.37256984e-02 -1.36838463e+00 
 8.38256984e-02 -1.36987817e+00 
 8.39256984e-02 -1.37136983e+00 
 8.40256984e-02 -1.37285962e+00 
 8.41256984e-02 -1.37434751e+00 
 8.42256984e-02 -1.37583350e+00 
 8.43256984e-02 -1.37731756e+00 
 8.44256984e-02 -1.37879969e+00 
 8.45256984e-02 -1.38027987e+00 
 8.46256984e-02 -1.38175809e+00 
 8.47256984e-02 -1.38323433e+00 
 8.48256984e-02 -1.38470858e+00 
 8.49256984e-02 -1.38618082e+00 
 8.50256984e-02 -1.38765104e+00 
 8.51256984e-02 -1.38911923e+00 
 8.52256984e-02 -1.39058536e+00 
 8.53256984e-02 -1.39204942e+00 
 8.54256984e-02 -1.39351140e+00 
 8.55256984e-02 -1.39497129e+00 
 8.56256984e-02 -1.39642905e+00 
 8.57256984e-02 -1.39788468e+00 
 8.58256984e-02 -1.39933816e+00 
 8.59256984e-02 -1.40078948e+00 
 8.60256984e-02 -1.40223861e+00 
 8.61256984e-02 -1.40368555e+00 
 8.62256984e-02 -1.40513026e+00 
 8.63256984e-02 -1.40657275e+00 
 8.64256984e-02 -1.40801298e+00 
 8.65256984e-02 -1.40945094e+00 
 8.66256984e-02 -1.41088661e+00 
 8.67256984e-02 -1.41231998e+00 
 8.68256984e-02 -1.41375103e+00 
 8.69256984e-02 -1.41517974e+00 
 8.70256984e-02 -1.41660609e+00 
 8.71256984e-02 -1.41803006e+00 
 8.72256984e-02 -1.41945165e+00 
 8.73256984e-02 -1.42087082e+00 
 8.74256984e-02 -1.42228756e+00 
 8.75256984e-02 -1.42370185e+00 
 8.76256984e-02 -1.42511368e+00 
 8.77256984e-02 -1.42652303e+00 
 8.78256984e-02 -1.42792988e+00 
 8.79256984e-02 -1.42933421e+00 
 8.80256984e-02 -1.43073600e+00 
 8.81256984e-02 -1.43213525e+00 
 8.82256984e-02 -1.43353192e+00 
 8.83256984e-02 -1.43492600e+00 
 8.84256984e-02 -1.43631748e+00 
 8.85256984e-02 -1.43770634e+00 
 8.86256984e-02 -1.43909257e+00 
 8.87256984e-02 -1.44047613e+00 
 8.88256984e-02 -1.44185703e+00 
 8.89256984e-02 -1.44323524e+00 
 8.90256984e-02 -1.44461074e+00 
 8.91256984e-02 -1.44598353e+00 
 8.92256984e-02 -1.44735358e+00 
 8.93256984e-02 -1.44872089e+00 
 8.94256984e-02 -1.45008542e+00 
 8.95256984e-02 -1.45144718e+00 
 8.96256984e-02 -1.45280614e+00 
 8.97256984e-02 -1.45416229e+00 
 8.98256984e-02 -1.45551562e+00 
 8.99256984e-02 -1.45686611e+00 
 9.00256984e-02 -1.45821375e+00 
 9.01256984e-02 -1.45955853e+00 
 9.02256984e-02 -1.46090043e+00 
 9.03256984e-02 -1.46223944e+00 
 9.04256984e-02 -1.46357555e+00 
 9.05256984e-02 -1.46490874e+00 
 9.06256984e-02 -1.46623901e+00 
 9.07256984e-02 -1.46756635e+00 
 9.08256984e-02 -1.46889073e+00 
 9.09256984e-02 -1.47021216e+00 
 9.10256984e-02 -1.47153061e+00 
 9.11256984e-02 -1.47284609e+00 
 9.12256984e-02 -1.47415858e+00 
 9.13256984e-02 -1.47546808e+00 
 9.14256984e-02 -1.47677457e+00 
 9.15256984e-02 -1.47807804e+00 
 9.16256984e-02 -1.47937849e+00 
 9.17256984e-02 -1.48067591e+00 
 9.18256984e-02 -1.48197029e+00 
 9.19256984e-02 -1.48326163e+00 
 9.20256984e-02 -1.48454992e+00 
 9.21256984e-02 -1.48583515e+00 
 9.22256984e-02 -1.48711732e+00 
 9.23256984e-02 -1.48839643e+00 
 9.24256984e-02 -1.48967246e+00 
 9.25256984e-02 -1.49094541e+00 
 9.26256984e-02 -1.49221528e+00 
 9.27256984e-02 -1.49348207e+00 
 9.28256984e-02 -1.49474577e+00 
 9.29256984e-02 -1.49600638e+00 
 9.30256984e-02 -1.49726390e+00 
 9.31256984e-02 -1.49851833e+00 
 9.32256984e-02 -1.49976965e+00 
 9.33256984e-02 -1.50101788e+00 
 9.34256984e-02 -1.50226302e+00 
 9.35256984e-02 -1.50350505e+00 
 9.36256984e-02 -1.50474399e+00 
 9.37256984e-02 -1.50597983e+00 
 9.38256984e-02 -1.50721258e+00 
 9.39256984e-02 -1.50844223e+00 
 9.40256984e-02 -1.50966879e+00 
 9.41256984e-02 -1.51089226e+00 
 9.42256984e-02 -1.51211264e+00 
 9.43256984e-02 -1.51332993e+00 
 9.44256984e-02 -1.51454415e+00 
 9.45256984e-02 -1.51575528e+00 
 9.46256984e-02 -1.51696335e+00 
 9.47256984e-02 -1.51816834e+00 
 9.48256984e-02 -1.51937027e+00 
 9.49256984e-02 -1.52056914e+00 
 9.50256984e-02 -1.52176496e+00 
 9.51256984e-02 -1.52295774e+00 
 9.52256984e-02 -1.52414747e+00 
 9.53256984e-02 -1.52533417e+00 
 9.54256984e-02 -1.52651785e+00 
 9.55256984e-02 -1.52769850e+00 
 9.56256984e-02 -1.52887615e+00 
 9.57256984e-02 -1.53005079e+00 
 9.58256984e-02 -1.53122243e+00 
 9.59256984e-02 -1.53239110e+00 
 9.60256984e-02 -1.53355678e+00 
 9.61256984e-02 -1.53471950e+00 
 9.62256984e-02 -1.53587926e+00 
 9.63256984e-02 -1.53703608e+00 
 9.64256984e-02 -1.53818996e+00 
 9.65256984e-02 -1.53934091e+00 
 9.66256984e-02 -1.54048894e+00 
 9.67256984e-02 -1.54163407e+00 
 9.68256984e-02 -1.54277631e+00 
 9.69256984e-02 -1.54391566e+00 
 9.70256984e-02 -1.54505215e+00 
 9.71256984e-02 -1.54618577e+00 
 9.72256984e-02 -1.54731655e+00 
 9.73256984e-02 -1.54844449e+00 
 9.74256984e-02 -1.54956962e+00 
 9.75256984e-02 -1.55069193e+00 
 9.76256984e-02 -1.55181145e+00 
 9.77256984e-02 -1.55292819e+00 
 9.78256984e-02 -1.55404215e+00 
 9.79256984e-02 -1.55515337e+00 
 9.80256984e-02 -1.55626183e+00 
 9.81256984e-02 -1.55736757e+00 
 9.82256984e-02 -1.55847060e+00 
 9.83256984e-02 -1.55957092e+00 
 9.84256984e-02 -1.56066856e+00 
 9.85256984e-02 -1.56176352e+00 
 9.86256984e-02 -1.56285583e+00 
 9.87256984e-02 -1.56394549e+00 
 9.88256984e-02 -1.56503253e+00 
 9.89256984e-02 -1.56611694e+00 
 9.90256984e-02 -1.56719876e+00 
 9.91256984e-02 -1.56827800e+00 
 9.92256984e-02 -1.56935466e+00 
 9.93256984e-02 -1.57042877e+00 
 9.94256984e-02 -1.57150034e+00 
 9.95256984e-02 -1.57256938e+00 
 9.96256984e-02 -1.57363591e+00 
 9.97256984e-02 -1.57469995e+00 
 9.98256984e-02 -1.57576150e+00 
 9.99256984e-02 -1.57682060e+00 
 1.00025698e-01 -1.57787724e+00 
 1.00125698e-01 -1.57893145e+00 
 1.00225698e-01 -1.57998323e+00 
 1.00325698e-01 -1.58103262e+00 
 1.00425698e-01 -1.58207962e+00 
 1.00525698e-01 -1.58312424e+00 
 1.00625698e-01 -1.58416650e+00 
 1.00725698e-01 -1.58520643e+00 
 1.00825698e-01 -1.58624402e+00 
 1.00925698e-01 -1.58727930e+00 
 1.01025698e-01 -1.58831229e+00 
 1.01125698e-01 -1.58934299e+00 
 1.01225698e-01 -1.59037143e+00 
 1.01325698e-01 -1.59139761e+00 
 1.01425698e-01 -1.59242156e+00 
 1.01525698e-01 -1.59344329e+00 
 1.01625698e-01 -1.59446281e+00 
 1.01725698e-01 -1.59548014e+00 
 1.01825698e-01 -1.59649529e+00 
 1.01925698e-01 -1.59750828e+00 
 1.02025698e-01 -1.59851913e+00 
 1.02125698e-01 -1.59952784e+00 
 1.02225698e-01 -1.60053444e+00 
 1.02325698e-01 -1.60153894e+00 
 1.02425698e-01 -1.60254134e+00 
 1.02525698e-01 -1.60354168e+00 
 1.02625698e-01 -1.60453996e+00 
 1.02725698e-01 -1.60553619e+00 
 1.02825698e-01 -1.60653039e+00 
 1.02925698e-01 -1.60752258e+00 
 1.03025698e-01 -1.60851277e+00 
 1.03125698e-01 -1.60950097e+00 
 1.03225698e-01 -1.61048720e+00 
 1.03325698e-01 -1.61147147e+00 
 1.03425698e-01 -1.61245379e+00 
 1.03525698e-01 -1.61343419e+00 
 1.03625698e-01 -1.61441267e+00 
 1.03725698e-01 -1.61538924e+00 
 1.03825698e-01 -1.61636393e+00 
 1.03925698e-01 -1.61733674e+00 
 1.04025698e-01 -1.61830769e+00 
 1.04125698e-01 -1.61927678e+00 
 1.04225698e-01 -1.62024405e+00 
 1.04325698e-01 -1.62120949e+00 
 1.04425698e-01 -1.62217312e+00 
 1.04525698e-01 -1.62313496e+00 
 1.04625698e-01 -1.62409501e+00 
 1.04725698e-01 -1.62505330e+00 
 1.04825698e-01 -1.62600983e+00 
 1.04925698e-01 -1.62696461e+00 
 1.05025698e-01 -1.62791766e+00 
 1.05125698e-01 -1.62886899e+00 
 1.05225698e-01 -1.62981861e+00 
 1.05325698e-01 -1.63076654e+00 
 1.05425698e-01 -1.63171279e+00 
 1.05525698e-01 -1.63265737e+00 
 1.05625698e-01 -1.63360029e+00 
 1.05725698e-01 -1.63454157e+00 
 1.05825698e-01 -1.63548121e+00 
 1.05925698e-01 -1.63641923e+00 
 1.06025698e-01 -1.63735564e+00 
 1.06125698e-01 -1.63829045e+00 
 1.06225698e-01 -1.63922367e+00 
 1.06325698e-01 -1.64015532e+00 
 1.06425698e-01 -1.64108540e+00 
 1.06525698e-01 -1.64201393e+00 
 1.06625698e-01 -1.64294092e+00 
 1.06725698e-01 -1.64386638e+00 
 1.06825698e-01 -1.64479032e+00 
 1.06925698e-01 -1.64571275e+00 
 1.07025698e-01 -1.64663368e+00 
 1.07125698e-01 -1.64755313e+00 
 1.07225698e-01 -1.64847109e+00 
 1.07325698e-01 -1.64938760e+00 
 1.07425698e-01 -1.65030265e+00 
 1.07525698e-01 -1.65121625e+00 
 1.07625698e-01 -1.65212842e+00 
 1.07725698e-01 -1.65303916e+00 
 1.07825698e-01 -1.65394849e+00 
 1.07925698e-01 -1.65485642e+00 
 1.08025698e-01 -1.65576295e+00 
 1.08125698e-01 -1.65666810e+00 
 1.08225698e-01 -1.65757188e+00 
 1.08325698e-01 -1.65847429e+00 
 1.08425698e-01 -1.65937534e+00 
 1.08525698e-01 -1.66027505e+00 
 1.08625698e-01 -1.66117342e+00 
 1.08725698e-01 -1.66207047e+00 
 1.08825698e-01 -1.66296620e+00 
 1.08925698e-01 -1.66386062e+00 
 1.09025698e-01 -1.66475374e+00 
 1.09125698e-01 -1.66564557e+00 
 1.09225698e-01 -1.66653612e+00 
 1.09325698e-01 -1.66742540e+00 
 1.09425698e-01 -1.66831342e+00 
 1.09525698e-01 -1.66920018e+00 
 1.09625698e-01 -1.67008569e+00 
 1.09725698e-01 -1.67096997e+00 
 1.09825698e-01 -1.67185302e+00 
 1.09925698e-01 -1.67273485e+00 
 1.10025698e-01 -1.67361547e+00 
 1.10125698e-01 -1.67449488e+00 
 1.10225698e-01 -1.67537310e+00 
 1.10325698e-01 -1.67625013e+00 
 1.10425698e-01 -1.67712598e+00 
 1.10525698e-01 -1.67800066e+00 
 1.10625698e-01 -1.67887418e+00 
 1.10725698e-01 -1.67974654e+00 
 1.10825698e-01 -1.68061776e+00 
 1.10925698e-01 -1.68148783e+00 
 1.11025698e-01 -1.68235677e+00 
 1.11125698e-01 -1.68322459e+00 
 1.11225698e-01 -1.68409129e+00 
 1.11325698e-01 -1.68495688e+00 
 1.11425698e-01 -1.68582136e+00 
 1.11525698e-01 -1.68668475e+00 
 1.11625698e-01 -1.68754706e+00 
 1.11725698e-01 -1.68840828e+00 
 1.11825698e-01 -1.68926843e+00 
 1.11925698e-01 -1.69012751e+00 
 1.12025698e-01 -1.69098553e+00 
 1.12125698e-01 -1.69184250e+00 
 1.12225698e-01 -1.69269843e+00 
 1.12325698e-01 -1.69355331e+00 
 1.12425698e-01 -1.69440716e+00 
 1.12525698e-01 -1.69525999e+00 
 1.12625698e-01 -1.69611180e+00 
 1.12725698e-01 -1.69696259e+00 
 1.12825698e-01 -1.69781238e+00 
 1.12925698e-01 -1.69866117e+00 
 1.13025698e-01 -1.69950896e+00 
 1.13125698e-01 -1.70035577e+00 
 1.13225698e-01 -1.70120159e+00 
 1.13325698e-01 -1.70204644e+00 
 1.13425698e-01 -1.70289032e+00 
 1.13525698e-01 -1.70373324e+00 
 1.13625698e-01 -1.70457521e+00 
 1.13725698e-01 -1.70541622e+00 
 1.13825698e-01 -1.70625629e+00 
 1.13925698e-01 -1.70709541e+00 
 1.14025698e-01 -1.70793361e+00 
 1.14125698e-01 -1.70877088e+00 
 1.14225698e-01 -1.70960722e+00 
 1.14325698e-01 -1.71044265e+00 
 1.14425698e-01 -1.71127717e+00 
 1.14525698e-01 -1.71211079e+00 
 1.14625698e-01 -1.71294350e+00 
 1.14725698e-01 -1.71377533e+00 
 1.14825698e-01 -1.71460626e+00 
 1.14925698e-01 -1.71543631e+00 
 1.15025698e-01 -1.71626548e+00 
 1.15125698e-01 -1.71709378e+00 
 1.15225698e-01 -1.71792121e+00 
 1.15325698e-01 -1.71874778e+00 
 1.15425698e-01 -1.71957349e+00 
 1.15525698e-01 -1.72039835e+00 
 1.15625698e-01 -1.72122236e+00 
 1.15725698e-01 -1.72204553e+00 
 1.15825698e-01 -1.72286786e+00 
 1.15925698e-01 -1.72368936e+00 
 1.16025698e-01 -1.72451003e+00 
 1.16125698e-01 -1.72532988e+00 
 1.16225698e-01 -1.72614891e+00 
 1.16325698e-01 -1.72696713e+00 
 1.16425698e-01 -1.72778454e+00 
 1.16525698e-01 -1.72860114e+00 
 1.16625698e-01 -1.72941695e+00 
 1.16725698e-01 -1.73023196e+00 
 1.16825698e-01 -1.73104618e+00 
 1.16925698e-01 -1.73185961e+00 
 1.17025698e-01 -1.73267226e+00 
 1.17125698e-01 -1.73348414e+00 
 1.17225698e-01 -1.73429524e+00 
 1.17325698e-01 -1.73510557e+00 
 1.17425698e-01 -1.73591514e+00 
 1.17525698e-01 -1.73672395e+00 
 1.17625698e-01 -1.73753200e+00 
 1.17725698e-01 -1.73833930e+00 
 1.17825698e-01 -1.73914586e+00 
 1.17925698e-01 -1.73995166e+00 
 1.18025698e-01 -1.74075673e+00 
 1.18125698e-01 -1.74156107e+00 
 1.18225698e-01 -1.74236467e+00 
 1.18325698e-01 -1.74316755e+00 
 1.18425698e-01 -1.74396970e+00 
 1.18525698e-01 -1.74477113e+00 
 1.18625698e-01 -1.74557184e+00 
 1.18725698e-01 -1.74637185e+00 
 1.18825698e-01 -1.74717114e+00 
 1.18925698e-01 -1.74796973e+00 
 1.19025698e-01 -1.74876762e+00 
 1.19125698e-01 -1.74956481e+00 
 1.19225698e-01 -1.75036130e+00 
 1.19325698e-01 -1.75115711e+00 
 1.19425698e-01 -1.75195223e+00 
 1.19525698e-01 -1.75274667e+00 
 1.19625698e-01 -1.75354043e+00 
 1.19725698e-01 -1.75433351e+00 
 1.19825698e-01 -1.75512592e+00 
 1.19925698e-01 -1.75591766e+00 
 1.20000000e-01 -1.75650550e+00 
