 5.00000000e-09  5.99281083e-09 
 5.14019886e-09  6.11690311e-09 
 5.42059659e-09  6.35944241e-09 
 5.98139205e-09  6.83212543e-09 
 6.75598979e-09  7.46739065e-09 
 8.08109736e-09  8.52820410e-09 
 1.07313125e-08  1.06024336e-08 
 1.60317428e-08  1.46878924e-08 
 2.66326034e-08  2.28113401e-08 
 4.64118674e-08  3.79615914e-08 
 5.83605338e-08  4.70327245e-08 
 7.01997305e-08  5.59118945e-08 
 7.84672663e-08  6.20087648e-08 
 8.77632360e-08  6.86861552e-08 
 9.94992355e-08  7.67248383e-08 
 1.11656121e-07  8.45990133e-08 
 1.29092748e-07  9.54309994e-08 
 1.48154352e-07  1.07102107e-07 
 1.75603390e-07  1.23991698e-07 
 2.15282965e-07  1.48427326e-07 
 2.68277982e-07  1.80486434e-07 
 3.24025517e-07  2.13143761e-07 
 3.70642679e-07  2.39421369e-07 
 4.04080255e-07  2.57284044e-07 
 4.47000095e-07  2.78638684e-07 
 4.67582216e-07  2.89148562e-07 
 4.88987318e-07  3.00175712e-07 
 5.00000000e-07  3.05813290e-07 
 5.04281020e-07  3.07993809e-07 
 5.12843061e-07  3.12338912e-07 
 5.28343996e-07  3.20154247e-07 
 5.59345865e-07  3.35591835e-07 
 6.10625680e-07  3.60595214e-07 
 6.41998533e-07  3.75591262e-07 
 6.82987981e-07  3.94894734e-07 
 7.09468532e-07  4.07224030e-07 
 7.26744684e-07  4.15223606e-07 
 7.36475702e-07  4.19718639e-07 
 7.42398733e-07  4.22452151e-07 
 7.48059336e-07  4.25063643e-07 
 7.54692870e-07  4.28123811e-07 
 7.60699892e-07  4.30895553e-07 
 7.72713937e-07  4.36444465e-07 
 7.91761610e-07  4.45272398e-07 
 8.26015806e-07  4.61336758e-07 
 8.69670622e-07  4.82431848e-07 
 9.24168283e-07  5.10442155e-07 
 9.63430558e-07  5.31416564e-07 
 1.00000000e-06  5.50564652e-07 
 1.00552314e-06  5.53410198e-07 
 1.01656942e-06  5.59040922e-07 
 1.03866199e-06  5.70068118e-07 
 1.06305773e-06  5.81942433e-07 
 1.09134856e-06  5.95390237e-07 
 1.14038797e-06  6.18007698e-07 
 1.18555218e-06  6.38017110e-07 
 1.23815261e-06  6.60355194e-07 
 1.32004774e-06  6.93406395e-07 
 1.37950709e-06  7.14823589e-07 
 1.44653429e-06  7.36279970e-07 
 1.50720102e-06  7.54352722e-07 
 1.57349115e-06  7.73509987e-07 
 1.70607141e-06  8.19254135e-07 
 1.86405306e-06  1.01077321e-06 
 1.96122097e-06  1.46970951e-06 
 2.04002096e-06  2.52069103e-06 
 2.10959456e-06  4.82587659e-06 
 2.17861539e-06  1.02618213e-05 
 2.25072911e-06  2.37045934e-05 
 2.32166634e-06  5.31389804e-05 
 2.39909298e-06  1.20860881e-04 
 2.48407529e-06  2.68693121e-04 
 2.58623343e-06  6.07657954e-04 
 2.63493371e-06  8.33285842e-04 
 2.66777232e-06  9.88234115e-04 
 2.68450123e-06  1.05894186e-03 
 2.70199564e-06  1.12289589e-03 
 2.72033341e-06  1.18283688e-03 
 2.74533223e-06  1.26366306e-03 
 2.76969556e-06  1.34890960e-03 
 2.80075298e-06  1.47405905e-03 
 2.83042696e-06  1.61737696e-03 
 2.86471314e-06  1.82060631e-03 
 2.90213038e-06  2.08808320e-03 
 2.94611485e-06  2.45268937e-03 
 2.98931184e-06  2.85675069e-03 
 3.05683311e-06  3.58167407e-03 
 3.17891444e-06  5.22072193e-03 
 3.42307711e-06  9.99054096e-03 
 3.80586945e-06  2.21408213e-02 
 4.37183584e-06  5.19318081e-02 
 4.82432822e-06  8.81844403e-02 
 5.23661462e-06  1.40823018e-01 
 5.47402062e-06  1.78528325e-01 
 5.63561149e-06  2.06539191e-01 
 5.72672389e-06  2.22602394e-01 
 5.76382192e-06  2.28522777e-01 
 5.79132100e-06  2.32643958e-01 
 5.81522920e-06  2.36055882e-01 
 5.84052997e-06  2.39506482e-01 
 5.88978197e-06  2.45833586e-01 
 5.96077922e-06  2.54249084e-01 
 6.07754118e-06  2.66824385e-01 
 6.23707254e-06  2.82342084e-01 
 6.43018950e-06  2.99536427e-01 
 6.69559950e-06  3.21610074e-01 
 7.14022703e-06  3.56710872e-01 
 7.73267540e-06  4.01858752e-01 
 8.63111832e-06  4.69374207e-01 
 1.00000000e-05  5.76983674e-01 
 1.01672926e-05  5.90434245e-01 
 1.05018777e-05  6.17197032e-01 
 1.11710480e-05  6.70113837e-01 
 1.19077337e-05  7.27767255e-01 
 1.24512743e-05  7.69803742e-01 
 1.27920958e-05  7.94364745e-01 
 1.29748069e-05  8.06513473e-01 
 1.31270677e-05  8.15945298e-01 
 1.32293030e-05  8.21905386e-01 
 1.33269072e-05  8.27312907e-01 
 1.35221157e-05  8.37311731e-01 
 1.39125327e-05  8.54176469e-01 
 1.46933667e-05  8.76634877e-01 
 1.57923864e-05  8.89621513e-01 
 1.70073271e-05  8.94561533e-01 
 1.85300254e-05  8.96768883e-01 
 2.02590981e-05  8.97632763e-01 
 2.19040133e-05  8.97896058e-01 
 2.35972578e-05  8.97981133e-01 
 2.59515674e-05  8.98016502e-01 
 2.90112339e-05  8.98022414e-01 
 3.51305670e-05  8.98007066e-01 
 4.73692331e-05  8.97954632e-01 
 7.18465652e-05  8.97832388e-01 
 1.00000000e-04  8.97683123e-01 
 1.04895466e-04  8.97656363e-01 
 1.14686399e-04  8.97602845e-01 
 1.34268265e-04  8.97495818e-01 
 1.73431997e-04  8.97281804e-01 
 2.51759459e-04  8.96853931e-01 
 3.51759459e-04  8.96307970e-01 
 4.51759459e-04  9.04213310e-01 
 5.14323275e-04  1.02568931e+00 
 5.84950761e-04  1.15579440e+00 
 6.84194516e-04  1.32332126e+00 
 7.84194516e-04  1.48580783e+00 
 8.84194516e-04  1.64147518e+00 
 9.84194516e-04  1.79019643e+00 
 1.08419452e-03  1.93233016e+00 
 1.18419452e-03  2.06817776e+00 
 1.28419452e-03  2.19801091e+00 
 1.38419452e-03  2.32210084e+00 
 1.48419452e-03  2.44069982e+00 
 1.58419452e-03  2.55404999e+00 
 1.68419452e-03  2.66238359e+00 
 1.78419452e-03  2.76592253e+00 
 1.88419452e-03  2.86487891e+00 
 1.98419452e-03  2.95945543e+00 
 2.08419452e-03  3.04984587e+00 
 2.18419452e-03  3.13623540e+00 
 2.28419452e-03  3.21880218e+00 
 2.38419452e-03  3.29771324e+00 
 2.48419452e-03  3.37313100e+00 
 2.58419452e-03  3.44521033e+00 
 2.68419452e-03  3.51409887e+00 
 2.78419452e-03  3.57993781e+00 
 2.88419452e-03  3.64286214e+00 
 2.98419452e-03  3.70300089e+00 
 3.08419452e-03  3.76047733e+00 
 3.18419452e-03  3.81540927e+00 
 3.28419452e-03  3.86790931e+00 
 3.38419452e-03  3.91808510e+00 
 3.48419452e-03  3.96603948e+00 
 3.58419452e-03  4.01187079e+00 
 3.68419452e-03  4.05567297e+00 
 3.78419452e-03  4.09753555e+00 
 3.88419452e-03  4.13754490e+00 
 3.98419452e-03  4.17578291e+00 
 4.08419452e-03  4.21232789e+00 
 4.18419452e-03  4.24725480e+00 
 4.28419452e-03  4.28063528e+00 
 4.38419452e-03  4.31253795e+00 
 4.48419452e-03  4.34302793e+00 
 4.58419452e-03  4.37216819e+00 
 4.68419452e-03  4.40001743e+00 
 4.78419452e-03  4.42663385e+00 
 4.88419452e-03  4.45207189e+00 
 4.98419452e-03  4.47638355e+00 
 5.08419452e-03  4.49961870e+00 
 5.18419452e-03  4.52182503e+00 
 5.28419452e-03  4.54304807e+00 
 5.38419452e-03  4.56333136e+00 
 5.48419452e-03  4.58271650e+00 
 5.58419452e-03  4.60124326e+00 
 5.68419452e-03  4.61894964e+00 
 5.78419452e-03  4.63587196e+00 
 5.88419452e-03  4.65204494e+00 
 5.98419452e-03  4.66750175e+00 
 6.08419452e-03  4.68227411e+00 
 6.18419452e-03  4.69639232e+00 
 6.28419452e-03  4.70988533e+00 
 6.38419452e-03  4.72278084e+00 
 6.48419452e-03  4.73510530e+00 
 6.58419452e-03  4.74688399e+00 
 6.68419452e-03  4.75814108e+00 
 6.78419452e-03  4.76889967e+00 
 6.88419452e-03  4.77918183e+00 
 6.98419452e-03  4.78900865e+00 
 7.08419452e-03  4.79840031e+00 
 7.18419452e-03  4.80737606e+00 
 7.28419452e-03  4.81595433e+00 
 7.38419452e-03  4.82415273e+00 
 7.48419452e-03  4.83198806e+00 
 7.58419452e-03  4.83947641e+00 
 7.68419452e-03  4.84663314e+00 
 7.78419452e-03  4.85347295e+00 
 7.88419452e-03  4.86000986e+00 
 7.98419452e-03  4.86625730e+00 
 8.08419452e-03  4.87222807e+00 
 8.18419452e-03  4.87793443e+00 
 8.28419452e-03  4.88338810e+00 
 8.38419452e-03  4.88860025e+00 
 8.48419452e-03  4.89358160e+00 
 8.58419452e-03  4.89834235e+00 
 8.68419452e-03  4.90289228e+00 
 8.78419452e-03  4.90724073e+00 
 8.88419452e-03  4.91139662e+00 
 8.98419452e-03  4.91536847e+00 
 9.08419452e-03  4.91916443e+00 
 9.18419452e-03  4.92279230e+00 
 9.28419452e-03  4.92625952e+00 
 9.38419452e-03  4.92957320e+00 
 9.48419452e-03  4.93274014e+00 
 9.58419452e-03  4.93576684e+00 
 9.68419452e-03  4.93865951e+00 
 9.78419452e-03  4.94142408e+00 
 9.88419452e-03  4.94406624e+00 
 9.98419452e-03  4.94659139e+00 
 1.00841945e-02  4.94900473e+00 
 1.01841945e-02  4.95131119e+00 
 1.02841945e-02  4.95351552e+00 
 1.03841945e-02  4.95562224e+00 
 1.04841945e-02  4.95763566e+00 
 1.05841945e-02  4.95955993e+00 
 1.06841945e-02  4.96139898e+00 
 1.07841945e-02  4.96315660e+00 
 1.08841945e-02  4.96483639e+00 
 1.09841945e-02  4.96644179e+00 
 1.10841945e-02  4.96797610e+00 
 1.11841945e-02  4.96944246e+00 
 1.12841945e-02  4.97084389e+00 
 1.13841945e-02  4.97218327e+00 
 1.14841945e-02  4.97346333e+00 
 1.15841945e-02  4.97468670e+00 
 1.16841945e-02  4.97585591e+00 
 1.17841945e-02  4.97697333e+00 
 1.18841945e-02  4.97804128e+00 
 1.19841945e-02  4.97906193e+00 
 1.20841945e-02  4.98003738e+00 
 1.21841945e-02  4.98096964e+00 
 1.22841945e-02  4.98186062e+00 
 1.23841945e-02  4.98271214e+00 
 1.24841945e-02  4.98352595e+00 
 1.25841945e-02  4.98430372e+00 
 1.26841945e-02  4.98504705e+00 
 1.27841945e-02  4.98575747e+00 
 1.28841945e-02  4.98643642e+00 
 1.29841945e-02  4.98708531e+00 
 1.30841945e-02  4.98770547e+00 
 1.31841945e-02  4.98829816e+00 
 1.32841945e-02  4.98886460e+00 
 1.33841945e-02  4.98940596e+00 
 1.34841945e-02  4.98992335e+00 
 1.35841945e-02  4.99041783e+00 
 1.36841945e-02  4.99089040e+00 
 1.37841945e-02  4.99134206e+00 
 1.38841945e-02  4.99177371e+00 
 1.39841945e-02  4.99218624e+00 
 1.40841945e-02  4.99258051e+00 
 1.41841945e-02  4.99295732e+00 
 1.42841945e-02  4.99331744e+00 
 1.43841945e-02  4.99366161e+00 
 1.44841945e-02  4.99399054e+00 
 1.45841945e-02  4.99430491e+00 
 1.46841945e-02  4.99460535e+00 
 1.47841945e-02  4.99489249e+00 
 1.48841945e-02  4.99516691e+00 
 1.49841945e-02  4.99542919e+00 
 1.50841945e-02  4.99567984e+00 
 1.51841945e-02  4.99591940e+00 
 1.52841945e-02  4.99614835e+00 
 1.53841945e-02  4.99636716e+00 
 1.54841945e-02  4.99657628e+00 
 1.55841945e-02  4.99677614e+00 
 1.56841945e-02  4.99696715e+00 
 1.57841945e-02  4.99714970e+00 
 1.58841945e-02  4.99732416e+00 
 1.59841945e-02  4.99749090e+00 
 1.60841945e-02  4.99765026e+00 
 1.61841945e-02  4.99780256e+00 
 1.62841945e-02  4.99794811e+00 
 1.63841945e-02  4.99808722e+00 
 1.64841945e-02  4.99822017e+00 
 1.65841945e-02  4.99834723e+00 
 1.66841945e-02  4.99846867e+00 
 1.67841945e-02  4.99858472e+00 
 1.68841945e-02  4.99869564e+00 
 1.69841945e-02  4.99880165e+00 
 1.70841945e-02  4.99890296e+00 
 1.71841945e-02  4.99899978e+00 
 1.72841945e-02  4.99909232e+00 
 1.73841945e-02  4.99918076e+00 
 1.74841945e-02  4.99926528e+00 
 1.75841945e-02  4.99934606e+00 
 1.76841945e-02  4.99942326e+00 
 1.77841945e-02  4.99949704e+00 
 1.78841945e-02  4.99956756e+00 
 1.79841945e-02  4.99963495e+00 
 1.80841945e-02  4.99969936e+00 
 1.81841945e-02  4.99976092e+00 
 1.82841945e-02  4.99981975e+00 
 1.83841945e-02  4.99987597e+00 
 1.84841945e-02  4.99992971e+00 
 1.85841945e-02  4.99998107e+00 
 1.86841945e-02  5.00003015e+00 
 1.87841945e-02  5.00007706e+00 
 1.88841945e-02  5.00012189e+00 
 1.89841945e-02  5.00016473e+00 
 1.90841945e-02  5.00020568e+00 
 1.91841945e-02  5.00024481e+00 
 1.92841945e-02  5.00028222e+00 
 1.93841945e-02  5.00031796e+00 
 1.94841945e-02  5.00035212e+00 
 1.95841945e-02  5.00038477e+00 
 1.96841945e-02  5.00041598e+00 
 1.97841945e-02  5.00044580e+00 
 1.98841945e-02  5.00047430e+00 
 1.99841945e-02  5.00050154e+00 
 2.00000000e-02  5.00050573e+00 
 2.00100000e-02  5.00016444e+00 
 2.00300000e-02  4.99929537e+00 
 2.00700000e-02  4.99929139e+00 
 2.01500000e-02  5.00033493e+00 
 2.02500000e-02  5.00034188e+00 
 2.03500000e-02  5.00033701e+00 
 2.04500000e-02  5.00036933e+00 
 2.05500000e-02  5.00040558e+00 
 2.06500000e-02  5.00043581e+00 
 2.07500000e-02  5.00046189e+00 
 2.08500000e-02  5.00048522e+00 
 2.09500000e-02  5.00050639e+00 
 2.10500000e-02  5.00052579e+00 
 2.11500000e-02  5.00054370e+00 
 2.12500000e-02  5.00056035e+00 
 2.13500000e-02  5.00057588e+00 
 2.14500000e-02  5.00059043e+00 
 2.15500000e-02  5.00060408e+00 
 2.16500000e-02  5.00061692e+00 
 2.17500000e-02  5.00062902e+00 
 2.18500000e-02  5.00064043e+00 
 2.19500000e-02  5.00065121e+00 
 2.20500000e-02  5.00066140e+00 
 2.21500000e-02  5.00067102e+00 
 2.22500000e-02  5.00068013e+00 
 2.23500000e-02  5.00068875e+00 
 2.24500000e-02  5.00069691e+00 
 2.25500000e-02  5.00070463e+00 
 2.26500000e-02  5.00071193e+00 
 2.27500000e-02  5.00071885e+00 
 2.28500000e-02  5.00072540e+00 
 2.29500000e-02  5.00073159e+00 
 2.30500000e-02  5.00073746e+00 
 2.31500000e-02  5.00074300e+00 
 2.32500000e-02  5.00074825e+00 
 2.33500000e-02  5.00075321e+00 
 2.34500000e-02  5.00075789e+00 
 2.35500000e-02  5.00076232e+00 
 2.36500000e-02  5.00076650e+00 
 2.37500000e-02  5.00077045e+00 
 2.38500000e-02  5.00077417e+00 
 2.39500000e-02  5.00077768e+00 
 2.40500000e-02  5.00078099e+00 
 2.41500000e-02  5.00078410e+00 
 2.42500000e-02  5.00078703e+00 
 2.43500000e-02  5.00078978e+00 
 2.44500000e-02  5.00079237e+00 
 2.45500000e-02  5.00079480e+00 
 2.46500000e-02  5.00079707e+00 
 2.47500000e-02  5.00079920e+00 
 2.48500000e-02  5.00080120e+00 
 2.49500000e-02  5.00080306e+00 
 2.50500000e-02  5.00080479e+00 
 2.51500000e-02  5.00080641e+00 
 2.52500000e-02  5.00080791e+00 
 2.53500000e-02  5.00080931e+00 
 2.54500000e-02  5.00081060e+00 
 2.55500000e-02  5.00081179e+00 
 2.56500000e-02  5.00081289e+00 
 2.57500000e-02  5.00081390e+00 
 2.58500000e-02  5.00081482e+00 
 2.59500000e-02  5.00081566e+00 
 2.60500000e-02  5.00081643e+00 
 2.61500000e-02  5.00081712e+00 
 2.62500000e-02  5.00081774e+00 
 2.63500000e-02  5.00081830e+00 
 2.64500000e-02  5.00081879e+00 
 2.65500000e-02  5.00081922e+00 
 2.66500000e-02  5.00081959e+00 
 2.67500000e-02  5.00081991e+00 
 2.68500000e-02  5.00082017e+00 
 2.69500000e-02  5.00082039e+00 
 2.70500000e-02  5.00082056e+00 
 2.71500000e-02  5.00082068e+00 
 2.72500000e-02  5.00082076e+00 
 2.73500000e-02  5.00082080e+00 
 2.74500000e-02  5.00082081e+00 
 2.75500000e-02  5.00082077e+00 
 2.76500000e-02  5.00082070e+00 
 2.77500000e-02  5.00082060e+00 
 2.78500000e-02  5.00082047e+00 
 2.79500000e-02  5.00082030e+00 
 2.80500000e-02  5.00082011e+00 
 2.81500000e-02  5.00081989e+00 
 2.82500000e-02  5.00081965e+00 
 2.83500000e-02  5.00081938e+00 
 2.84500000e-02  5.00081909e+00 
 2.85500000e-02  5.00081877e+00 
 2.86500000e-02  5.00081844e+00 
 2.87500000e-02  5.00081809e+00 
 2.88500000e-02  5.00081772e+00 
 2.89500000e-02  5.00081733e+00 
 2.90500000e-02  5.00081692e+00 
 2.91500000e-02  5.00081650e+00 
 2.92500000e-02  5.00081607e+00 
 2.93500000e-02  5.00081562e+00 
 2.94500000e-02  5.00081516e+00 
 2.95500000e-02  5.00081468e+00 
 2.96500000e-02  5.00081420e+00 
 2.97500000e-02  5.00081370e+00 
 2.98500000e-02  5.00081320e+00 
 2.99500000e-02  5.00081268e+00 
 3.00500000e-02  5.00081216e+00 
 3.01500000e-02  5.00081162e+00 
 3.02500000e-02  5.00081108e+00 
 3.03500000e-02  5.00081054e+00 
 3.04500000e-02  5.00080998e+00 
 3.05500000e-02  5.00080942e+00 
 3.06500000e-02  5.00065416e+00 
 3.07500000e-02  4.98263187e+00 
 3.08423434e-02  4.95004242e+00 
 3.08834647e-02  4.93084707e+00 
 3.09173513e-02  4.91300769e+00 
 3.09294784e-02  4.90621060e+00 
 3.09452435e-02  4.89708807e+00 
 3.09614011e-02  4.88743064e+00 
 3.09901939e-02  4.86953395e+00 
 3.10243259e-02  4.84730839e+00 
 3.10925900e-02  4.80017075e+00 
 3.11925900e-02  4.72606253e+00 
 3.12925900e-02  4.64724802e+00 
 3.13925900e-02  4.56470334e+00 
 3.14925900e-02  4.47905209e+00 
 3.15925900e-02  4.39065769e+00 
 3.16925900e-02  4.29972040e+00 
 3.17925900e-02  4.20634500e+00 
 3.18925900e-02  4.11060969e+00 
 3.19925900e-02  4.01256919e+00 
 3.20925900e-02  3.91227328e+00 
 3.21925900e-02  3.80976857e+00 
 3.22925900e-02  3.70509645e+00 
 3.23925900e-02  3.59829289e+00 
 3.24925900e-02  3.48939126e+00 
 3.25925900e-02  3.37843502e+00 
 3.26925900e-02  3.26548955e+00 
 3.27925900e-02  3.15063909e+00 
 3.28925900e-02  3.03398604e+00 
 3.29925900e-02  2.91565899e+00 
 3.30925900e-02  2.79582744e+00 
 3.31925900e-02  2.67472229e+00 
 3.32925900e-02  2.55266158e+00 
 3.33925900e-02  2.43008019e+00 
 3.34925900e-02  2.30756037e+00 
 3.35925900e-02  2.18585608e+00 
 3.36925900e-02  2.06590037e+00 
 3.37925900e-02  1.94878240e+00 
 3.38925900e-02  1.83568276e+00 
 3.39925900e-02  1.72776562e+00 
 3.40925900e-02  1.62604263e+00 
 3.41925900e-02  1.53124116e+00 
 3.42925900e-02  1.44371585e+00 
 3.43925900e-02  1.36343073e+00 
 3.44925900e-02  1.29001466e+00 
 3.45925900e-02  1.22287438e+00 
 3.46925900e-02  1.16128651e+00 
 3.47925900e-02  1.10452746e+00 
 3.48925900e-02  1.05193448e+00 
 3.49925900e-02  1.00293509e+00 
 3.50925900e-02  9.57051851e-01 
 3.51925900e-02  9.13892746e-01 
 3.52925900e-02  8.73136252e-01 
 3.53925900e-02  8.34515128e-01 
 3.54925900e-02  7.97808813e-01 
 3.55925900e-02  7.62828620e-01 
 3.56925900e-02  7.29412497e-01 
 3.57925900e-02  6.97420406e-01 
 3.58925900e-02  6.66730504e-01 
 3.59925900e-02  6.37236550e-01 
 3.60925900e-02  6.08843769e-01 
 3.61925900e-02  5.81468899e-01 
 3.62925900e-02  5.55037934e-01 
 3.63925900e-02  5.29484665e-01 
 3.64925900e-02  5.04749619e-01 
 3.65925900e-02  4.80779188e-01 
 3.66925900e-02  4.57524897e-01 
 3.67925900e-02  4.34942772e-01 
 3.68925900e-02  4.12992651e-01 
 3.69925900e-02  3.91638255e-01 
 3.70925900e-02  3.70846149e-01 
 3.71925900e-02  3.50585633e-01 
 3.72925900e-02  3.30828497e-01 
 3.73925900e-02  3.11548755e-01 
 3.74925900e-02  2.92722405e-01 
 3.75925900e-02  2.74327229e-01 
 3.76925900e-02  2.56342623e-01 
 3.77925900e-02  2.38749441e-01 
 3.78925900e-02  2.21529860e-01 
 3.79925900e-02  2.04667263e-01 
 3.80925900e-02  1.88146131e-01 
 3.81925900e-02  1.71951950e-01 
 3.82925900e-02  1.56071122e-01 
 3.83925900e-02  1.40490894e-01 
 3.84925900e-02  1.25199284e-01 
 3.85925900e-02  1.10185024e-01 
 3.86925900e-02  9.54375046e-02 
 3.87925900e-02  8.09467205e-02 
 3.88925900e-02  6.67032285e-02 
 3.89925900e-02  5.26981052e-02 
 3.90925900e-02  3.89229094e-02 
 3.91925900e-02  2.53696476e-02 
 3.92925900e-02  1.20307431e-02 
 3.93925900e-02 -1.10099288e-03 
 3.94925900e-02 -1.40323871e-02 
 3.95925900e-02 -2.67699283e-02 
 3.96925900e-02 -3.93197897e-02 
 3.97925900e-02 -5.16878486e-02 
 3.98925900e-02 -6.38797056e-02 
 3.99925900e-02 -7.59007015e-02 
 4.00925900e-02 -8.77559332e-02 
 4.01925900e-02 -9.94502685e-02 
 4.02925900e-02 -1.10988360e-01 
 4.03925900e-02 -1.22374656e-01 
 4.04925900e-02 -1.33613415e-01 
 4.05925900e-02 -1.44708715e-01 
 4.06925900e-02 -1.55664463e-01 
 4.07925900e-02 -1.66484404e-01 
 4.08925900e-02 -1.77172133e-01 
 4.09925900e-02 -1.87731100e-01 
 4.10925900e-02 -1.98164616e-01 
 4.11925900e-02 -2.08475866e-01 
 4.12925900e-02 -2.18667910e-01 
 4.13925900e-02 -2.28743691e-01 
 4.14925900e-02 -2.38706040e-01 
 4.15925900e-02 -2.48557685e-01 
 4.16925900e-02 -2.58301248e-01 
 4.17925900e-02 -2.67939258e-01 
 4.18925900e-02 -2.77474150e-01 
 4.19925900e-02 -2.86908270e-01 
 4.20925900e-02 -2.96243879e-01 
 4.21925900e-02 -3.05483154e-01 
 4.22925900e-02 -3.14628192e-01 
 4.23925900e-02 -3.23681016e-01 
 4.24925900e-02 -3.32643567e-01 
 4.25925900e-02 -3.41517715e-01 
 4.26925900e-02 -3.50305255e-01 
 4.27925900e-02 -3.59007907e-01 
 4.28925900e-02 -3.67627319e-01 
 4.29925900e-02 -3.76165060e-01 
 4.30925900e-02 -3.84622623e-01 
 4.31925900e-02 -3.93001420e-01 
 4.32925900e-02 -4.01302777e-01 
 4.33925900e-02 -4.09527930e-01 
 4.34925900e-02 -4.17678017e-01 
 4.35925900e-02 -4.25754069e-01 
 4.36925900e-02 -4.33757000e-01 
 4.37925900e-02 -4.41687594e-01 
 4.38925900e-02 -4.49546488e-01 
 4.39925900e-02 -4.57334155e-01 
 4.40925900e-02 -4.65050882e-01 
 4.41925900e-02 -4.72696745e-01 
 4.42925900e-02 -4.80271580e-01 
 4.43925900e-02 -4.87774953e-01 
 4.44925900e-02 -4.95206127e-01 
 4.45925900e-02 -5.02564025e-01 
 4.46925900e-02 -5.09847201e-01 
 4.47925900e-02 -5.17053806e-01 
 4.48925900e-02 -5.24181571e-01 
 4.49925900e-02 -5.31227791e-01 
 4.50925900e-02 -5.38189337e-01 
 4.51925900e-02 -5.45062672e-01 
 4.52925900e-02 -5.51843902e-01 
 4.53925900e-02 -5.58528837e-01 
 4.54925900e-02 -5.65113067e-01 
 4.55925900e-02 -5.71592057e-01 
 4.56925900e-02 -5.77961232e-01 
 4.57925900e-02 -5.84216065e-01 
 4.58925900e-02 -5.90352149e-01 
 4.59925900e-02 -5.96365268e-01 
 4.60925900e-02 -6.02251452e-01 
 4.61925900e-02 -6.08007040e-01 
 4.62925900e-02 -6.13628746e-01 
 4.63925900e-02 -6.19113736e-01 
 4.64925900e-02 -6.24459721e-01 
 4.65925900e-02 -6.29665064e-01 
 4.66925900e-02 -6.34728873e-01 
 4.67925900e-02 -6.39651097e-01 
 4.68925900e-02 -6.44432585e-01 
 4.69925900e-02 -6.49075112e-01 
 4.70925900e-02 -6.53581360e-01 
 4.71925900e-02 -6.57954854e-01 
 4.72925900e-02 -6.62199868e-01 
 4.73925900e-02 -6.66321290e-01 
 4.74925900e-02 -6.70324484e-01 
 4.75925900e-02 -6.74215143e-01 
 4.76925900e-02 -6.77999150e-01 
 4.77925900e-02 -6.81682451e-01 
 4.78925900e-02 -6.85270952e-01 
 4.79925900e-02 -6.88770428e-01 
 4.80925900e-02 -6.92186463e-01 
 4.81925900e-02 -6.95524401e-01 
 4.82925900e-02 -6.98789311e-01 
 4.83925900e-02 -7.01985975e-01 
 4.84925900e-02 -7.05118876e-01 
 4.85925900e-02 -7.08192202e-01 
 4.86925900e-02 -7.11209852e-01 
 4.87925900e-02 -7.14175444e-01 
 4.88925900e-02 -7.17092334e-01 
 4.89925900e-02 -7.19963627e-01 
 4.90925900e-02 -7.22792195e-01 
 4.91925900e-02 -7.25580693e-01 
 4.92925900e-02 -7.28331574e-01 
 4.93925900e-02 -7.31047107e-01 
 4.94925900e-02 -7.33729389e-01 
 4.95925900e-02 -7.36380359e-01 
 4.96925900e-02 -7.39001814e-01 
 4.97925900e-02 -7.41595416e-01 
 4.98925900e-02 -7.44162707e-01 
 4.99925900e-02 -7.46705118e-01 
 5.00925900e-02 -7.49223977e-01 
 5.01925900e-02 -7.51720517e-01 
 5.02925900e-02 -7.54195889e-01 
 5.03925900e-02 -7.56651159e-01 
 5.04925900e-02 -7.59087326e-01 
 5.05925900e-02 -7.61505318e-01 
 5.06925900e-02 -7.63906003e-01 
 5.07925900e-02 -7.66290190e-01 
 5.08925900e-02 -7.68658637e-01 
 5.09925900e-02 -7.71012052e-01 
 5.10925900e-02 -7.73351100e-01 
 5.11925900e-02 -7.75676399e-01 
 5.12925900e-02 -7.77988532e-01 
 5.13925900e-02 -7.80288045e-01 
 5.14925900e-02 -7.82575448e-01 
 5.15925900e-02 -7.84851221e-01 
 5.16925900e-02 -7.87115812e-01 
 5.17925900e-02 -7.89369646e-01 
 5.18925900e-02 -7.91613116e-01 
 5.19925900e-02 -7.93846596e-01 
 5.20925900e-02 -7.96070433e-01 
 5.21925900e-02 -7.98284957e-01 
 5.22925900e-02 -8.00490474e-01 
 5.23925900e-02 -8.02687275e-01 
 5.24925900e-02 -8.04875630e-01 
 5.25925900e-02 -8.07055797e-01 
 5.26925900e-02 -8.09228015e-01 
 5.27925900e-02 -8.11392512e-01 
 5.28925900e-02 -8.13549501e-01 
 5.29925900e-02 -8.15699182e-01 
 5.30925900e-02 -8.17841747e-01 
 5.31925900e-02 -8.19977375e-01 
 5.32925900e-02 -8.22106236e-01 
 5.33925900e-02 -8.24228491e-01 
 5.34925900e-02 -8.26344292e-01 
 5.35925900e-02 -8.28453785e-01 
 5.36925900e-02 -8.30557107e-01 
 5.37925900e-02 -8.32654389e-01 
 5.38925900e-02 -8.34745758e-01 
 5.39925900e-02 -8.36831332e-01 
 5.40925900e-02 -8.38911226e-01 
 5.41925900e-02 -8.40985549e-01 
 5.42925900e-02 -8.43054407e-01 
 5.43925900e-02 -8.45117902e-01 
 5.44925900e-02 -8.47176129e-01 
 5.45925900e-02 -8.49229182e-01 
 5.46925900e-02 -8.51277152e-01 
 5.47925900e-02 -8.53320126e-01 
 5.48925900e-02 -8.55358187e-01 
 5.49925900e-02 -8.57391418e-01 
 5.50925900e-02 -8.59419896e-01 
 5.51925900e-02 -8.61443698e-01 
 5.52925900e-02 -8.63462897e-01 
 5.53925900e-02 -8.65477566e-01 
 5.54925900e-02 -8.67487773e-01 
 5.55925900e-02 -8.69493586e-01 
 5.56925900e-02 -8.71495070e-01 
 5.57925900e-02 -8.73492290e-01 
 5.58925900e-02 -8.75485306e-01 
 5.59925900e-02 -8.77474180e-01 
 5.60925900e-02 -8.79458969e-01 
 5.61925900e-02 -8.81439730e-01 
 5.62925900e-02 -8.83416520e-01 
 5.63925900e-02 -8.85389391e-01 
 5.64925900e-02 -8.87358397e-01 
 5.65925900e-02 -8.89323588e-01 
 5.66925900e-02 -8.91285015e-01 
 5.67925900e-02 -8.93242726e-01 
 5.68925900e-02 -8.95196768e-01 
 5.69925900e-02 -8.97147188e-01 
 5.70925900e-02 -8.99094031e-01 
 5.71925900e-02 -9.01037341e-01 
 5.72925900e-02 -9.02977160e-01 
 5.73925900e-02 -9.04913530e-01 
 5.74925900e-02 -9.06846492e-01 
 5.75925900e-02 -9.08776087e-01 
 5.76925900e-02 -9.10702352e-01 
 5.77925900e-02 -9.12625326e-01 
 5.78925900e-02 -9.14545046e-01 
 5.79925900e-02 -9.16461548e-01 
 5.80925900e-02 -9.18374867e-01 
 5.81925900e-02 -9.20285038e-01 
 5.82925900e-02 -9.22192094e-01 
 5.83925900e-02 -9.24096069e-01 
 5.84925900e-02 -9.25996994e-01 
 5.85925900e-02 -9.27894902e-01 
 5.86925900e-02 -9.29789822e-01 
 5.87925900e-02 -9.31681785e-01 
 5.88925900e-02 -9.33570821e-01 
 5.89925900e-02 -9.35456957e-01 
 5.90925900e-02 -9.37340222e-01 
 5.91925900e-02 -9.39220644e-01 
 5.92925900e-02 -9.41098250e-01 
 5.93925900e-02 -9.42973065e-01 
 5.94925900e-02 -9.44845116e-01 
 5.95925900e-02 -9.46714428e-01 
 5.96925900e-02 -9.48581025e-01 
 5.97925900e-02 -9.50444932e-01 
 5.98925900e-02 -9.52306172e-01 
 5.99925900e-02 -9.54164769e-01 
 6.00925900e-02 -9.56020744e-01 
 6.01925900e-02 -9.57874121e-01 
 6.02925900e-02 -9.59724921e-01 
 6.03925900e-02 -9.61573165e-01 
 6.04925900e-02 -9.63418875e-01 
 6.05925900e-02 -9.65262071e-01 
 6.06925900e-02 -9.67102772e-01 
 6.07925900e-02 -9.68940999e-01 
 6.08925900e-02 -9.70776771e-01 
 6.09925900e-02 -9.72610106e-01 
 6.10925900e-02 -9.74441024e-01 
 6.11925900e-02 -9.76269542e-01 
 6.12925900e-02 -9.78095679e-01 
 6.13925900e-02 -9.79919452e-01 
 6.14925900e-02 -9.81740877e-01 
 6.15925900e-02 -9.83559973e-01 
 6.16925900e-02 -9.85376755e-01 
 6.17925900e-02 -9.87191240e-01 
 6.18925900e-02 -9.89003443e-01 
 6.19925900e-02 -9.90813381e-01 
 6.20925900e-02 -9.92621068e-01 
 6.21925900e-02 -9.94426521e-01 
 6.22925900e-02 -9.96229753e-01 
 6.23925900e-02 -9.98030779e-01 
 6.24925900e-02 -9.99829613e-01 
 6.25925900e-02 -1.00162627e+00 
 6.26925900e-02 -1.00342076e+00 
 6.27925900e-02 -1.00521311e+00 
 6.28925900e-02 -1.00700331e+00 
 6.29925900e-02 -1.00879140e+00 
 6.30925900e-02 -1.01057737e+00 
 6.31925900e-02 -1.01236124e+00 
 6.32925900e-02 -1.01414303e+00 
 6.33925900e-02 -1.01592275e+00 
 6.34925900e-02 -1.01770040e+00 
 6.35925900e-02 -1.01947601e+00 
 6.36925900e-02 -1.02124957e+00 
 6.37925900e-02 -1.02302111e+00 
 6.38925900e-02 -1.02479064e+00 
 6.39925900e-02 -1.02655816e+00 
 6.40925900e-02 -1.02832369e+00 
 6.41925900e-02 -1.03008724e+00 
 6.42925900e-02 -1.03184881e+00 
 6.43925900e-02 -1.03360842e+00 
 6.44925900e-02 -1.03536608e+00 
 6.45925900e-02 -1.03712180e+00 
 6.46925900e-02 -1.03887559e+00 
 6.47925900e-02 -1.04062746e+00 
 6.48925900e-02 -1.04237742e+00 
 6.49925900e-02 -1.04412547e+00 
 6.50925900e-02 -1.04587164e+00 
 6.51925900e-02 -1.04761591e+00 
 6.52925900e-02 -1.04935832e+00 
 6.53925900e-02 -1.05109886e+00 
 6.54925900e-02 -1.05283754e+00 
 6.55925900e-02 -1.05457437e+00 
 6.56925900e-02 -1.05630936e+00 
 6.57925900e-02 -1.05804252e+00 
 6.58925900e-02 -1.05977386e+00 
 6.59925900e-02 -1.06150338e+00 
 6.60925900e-02 -1.06323110e+00 
 6.61925900e-02 -1.06495702e+00 
 6.62925900e-02 -1.06668114e+00 
 6.63925900e-02 -1.06840349e+00 
 6.64925900e-02 -1.07012405e+00 
 6.65925900e-02 -1.07184285e+00 
 6.66925900e-02 -1.07355989e+00 
 6.67925900e-02 -1.07527518e+00 
 6.68925900e-02 -1.07698871e+00 
 6.69925900e-02 -1.07870051e+00 
 6.70925900e-02 -1.08041058e+00 
 6.71925900e-02 -1.08211892e+00 
 6.72925900e-02 -1.08382554e+00 
 6.73925900e-02 -1.08553045e+00 
 6.74925900e-02 -1.08723365e+00 
 6.75925900e-02 -1.08893515e+00 
 6.76925900e-02 -1.09063497e+00 
 6.77925900e-02 -1.09233309e+00 
 6.78925900e-02 -1.09402954e+00 
 6.79925900e-02 -1.09572431e+00 
 6.80925900e-02 -1.09741741e+00 
 6.81925900e-02 -1.09910885e+00 
 6.82925900e-02 -1.10079864e+00 
 6.83925900e-02 -1.10248677e+00 
 6.84925900e-02 -1.10417326e+00 
 6.85925900e-02 -1.10585811e+00 
 6.86925900e-02 -1.10754133e+00 
 6.87925900e-02 -1.10922292e+00 
 6.88925900e-02 -1.11090289e+00 
 6.89925900e-02 -1.11258124e+00 
 6.90925900e-02 -1.11425798e+00 
 6.91925900e-02 -1.11593311e+00 
 6.92925900e-02 -1.11760664e+00 
 6.93925900e-02 -1.11927858e+00 
 6.94925900e-02 -1.12094892e+00 
 6.95925900e-02 -1.12261768e+00 
 6.96925900e-02 -1.12428486e+00 
 6.97925900e-02 -1.12595046e+00 
 6.98925900e-02 -1.12761449e+00 
 6.99925900e-02 -1.12927695e+00 
 7.00925900e-02 -1.13093785e+00 
 7.01925900e-02 -1.13259719e+00 
 7.02925900e-02 -1.13425497e+00 
 7.03925900e-02 -1.13591121e+00 
 7.04925900e-02 -1.13756590e+00 
 7.05925900e-02 -1.13921906e+00 
 7.06925900e-02 -1.14087067e+00 
 7.07925900e-02 -1.14252076e+00 
 7.08925900e-02 -1.14416931e+00 
 7.09925900e-02 -1.14581634e+00 
 7.10925900e-02 -1.14746185e+00 
 7.11925900e-02 -1.14910585e+00 
 7.12925900e-02 -1.15074833e+00 
 7.13925900e-02 -1.15238931e+00 
 7.14925900e-02 -1.15402878e+00 
 7.15925900e-02 -1.15566675e+00 
 7.16925900e-02 -1.15730322e+00 
 7.17925900e-02 -1.15893820e+00 
 7.18925900e-02 -1.16057169e+00 
 7.19925900e-02 -1.16220369e+00 
 7.20925900e-02 -1.16383420e+00 
 7.21925900e-02 -1.16546324e+00 
 7.22925900e-02 -1.16709080e+00 
 7.23925900e-02 -1.16871689e+00 
 7.24925900e-02 -1.17034151e+00 
 7.25925900e-02 -1.17196466e+00 
 7.26925900e-02 -1.17358635e+00 
 7.27925900e-02 -1.17520657e+00 
 7.28925900e-02 -1.17682534e+00 
 7.29925900e-02 -1.17844266e+00 
 7.30925900e-02 -1.18005852e+00 
 7.31925900e-02 -1.18167293e+00 
 7.32925900e-02 -1.18328589e+00 
 7.33925900e-02 -1.18489742e+00 
 7.34925900e-02 -1.18650750e+00 
 7.35925900e-02 -1.18811614e+00 
 7.36925900e-02 -1.18972334e+00 
 7.37925900e-02 -1.19132912e+00 
 7.38925900e-02 -1.19293346e+00 
 7.39925900e-02 -1.19453637e+00 
 7.40925900e-02 -1.19613786e+00 
 7.41925900e-02 -1.19773792e+00 
 7.42925900e-02 -1.19933656e+00 
 7.43925900e-02 -1.20093378e+00 
 7.44925900e-02 -1.20252958e+00 
 7.45925900e-02 -1.20412397e+00 
 7.46925900e-02 -1.20571694e+00 
 7.47925900e-02 -1.20730851e+00 
 7.48925900e-02 -1.20889866e+00 
 7.49925900e-02 -1.21048741e+00 
 7.50925900e-02 -1.21207475e+00 
 7.51925900e-02 -1.21366068e+00 
 7.52925900e-02 -1.21524521e+00 
 7.53925900e-02 -1.21682835e+00 
 7.54925900e-02 -1.21841008e+00 
 7.55925900e-02 -1.21999041e+00 
 7.56925900e-02 -1.22156935e+00 
 7.57925900e-02 -1.22314689e+00 
 7.58925900e-02 -1.22472304e+00 
 7.59925900e-02 -1.22629780e+00 
 7.60925900e-02 -1.22787117e+00 
 7.61925900e-02 -1.22944314e+00 
 7.62925900e-02 -1.23101373e+00 
 7.63925900e-02 -1.23258293e+00 
 7.64925900e-02 -1.23415074e+00 
 7.65925900e-02 -1.23571717e+00 
 7.66925900e-02 -1.23728221e+00 
 7.67925900e-02 -1.23884587e+00 
 7.68925900e-02 -1.24040814e+00 
 7.69925900e-02 -1.24196903e+00 
 7.70925900e-02 -1.24352854e+00 
 7.71925900e-02 -1.24508666e+00 
 7.72925900e-02 -1.24664341e+00 
 7.73925900e-02 -1.24819877e+00 
 7.74925900e-02 -1.24975275e+00 
 7.75925900e-02 -1.25130535e+00 
 7.76925900e-02 -1.25285657e+00 
 7.77925900e-02 -1.25440642e+00 
 7.78925900e-02 -1.25595488e+00 
 7.79925900e-02 -1.25750196e+00 
 7.80925900e-02 -1.25904766e+00 
 7.81925900e-02 -1.26059198e+00 
 7.82925900e-02 -1.26213492e+00 
 7.83925900e-02 -1.26367647e+00 
 7.84925900e-02 -1.26521665e+00 
 7.85925900e-02 -1.26675544e+00 
 7.86925900e-02 -1.26829285e+00 
 7.87925900e-02 -1.26982888e+00 
 7.88925900e-02 -1.27136353e+00 
 7.89925900e-02 -1.27289679e+00 
 7.90925900e-02 -1.27442866e+00 
 7.91925900e-02 -1.27595915e+00 
 7.92925900e-02 -1.27748824e+00 
 7.93925900e-02 -1.27901595e+00 
 7.94925900e-02 -1.28054227e+00 
 7.95925900e-02 -1.28206720e+00 
 7.96925900e-02 -1.28359074e+00 
 7.97925900e-02 -1.28511288e+00 
 7.98925900e-02 -1.28663362e+00 
 7.99925900e-02 -1.28815297e+00 
 8.00925900e-02 -1.28967091e+00 
 8.01925900e-02 -1.29118746e+00 
 8.02925900e-02 -1.29270260e+00 
 8.03925900e-02 -1.29421633e+00 
 8.04925900e-02 -1.29572866e+00 
 8.05925900e-02 -1.29723958e+00 
 8.06925900e-02 -1.29874908e+00 
 8.07925900e-02 -1.30025717e+00 
 8.08925900e-02 -1.30176384e+00 
 8.09925900e-02 -1.30326909e+00 
 8.10925900e-02 -1.30477291e+00 
 8.11925900e-02 -1.30627531e+00 
 8.12925900e-02 -1.30777628e+00 
 8.13925900e-02 -1.30927582e+00 
 8.14925900e-02 -1.31077391e+00 
 8.15925900e-02 -1.31227057e+00 
 8.16925900e-02 -1.31376579e+00 
 8.17925900e-02 -1.31525956e+00 
 8.18925900e-02 -1.31675187e+00 
 8.19925900e-02 -1.31824273e+00 
 8.20925900e-02 -1.31973213e+00 
 8.21925900e-02 -1.32122007e+00 
 8.22925900e-02 -1.32270654e+00 
 8.23925900e-02 -1.32419153e+00 
 8.24925900e-02 -1.32567505e+00 
 8.25925900e-02 -1.32715709e+00 
 8.26925900e-02 -1.32863764e+00 
 8.27925900e-02 -1.33011669e+00 
 8.28925900e-02 -1.33159425e+00 
 8.29925900e-02 -1.33307030e+00 
 8.30925900e-02 -1.33454484e+00 
 8.31925900e-02 -1.33601787e+00 
 8.32925900e-02 -1.33748938e+00 
 8.33925900e-02 -1.33895936e+00 
 8.34925900e-02 -1.34042781e+00 
 8.35925900e-02 -1.34189471e+00 
 8.36925900e-02 -1.34336007e+00 
 8.37925900e-02 -1.34482388e+00 
 8.38925900e-02 -1.34628612e+00 
 8.39925900e-02 -1.34774680e+00 
 8.40925900e-02 -1.34920590e+00 
 8.41925900e-02 -1.35066342e+00 
 8.42925900e-02 -1.35211935e+00 
 8.43925900e-02 -1.35357368e+00 
 8.44925900e-02 -1.35502640e+00 
 8.45925900e-02 -1.35647751e+00 
 8.46925900e-02 -1.35792699e+00 
 8.47925900e-02 -1.35937485e+00 
 8.48925900e-02 -1.36082106e+00 
 8.49925900e-02 -1.36226562e+00 
 8.50925900e-02 -1.36370852e+00 
 8.51925900e-02 -1.36514975e+00 
 8.52925900e-02 -1.36658930e+00 
 8.53925900e-02 -1.36802717e+00 
 8.54925900e-02 -1.36946333e+00 
 8.55925900e-02 -1.37089779e+00 
 8.56925900e-02 -1.37233052e+00 
 8.57925900e-02 -1.37376153e+00 
 8.58925900e-02 -1.37519079e+00 
 8.59925900e-02 -1.37661830e+00 
 8.60925900e-02 -1.37804405e+00 
 8.61925900e-02 -1.37946802e+00 
 8.62925900e-02 -1.38089021e+00 
 8.63925900e-02 -1.38231059e+00 
 8.64925900e-02 -1.38372916e+00 
 8.65925900e-02 -1.38514591e+00 
 8.66925900e-02 -1.38656083e+00 
 8.67925900e-02 -1.38797389e+00 
 8.68925900e-02 -1.38938509e+00 
 8.69925900e-02 -1.39079442e+00 
 8.70925900e-02 -1.39220186e+00 
 8.71925900e-02 -1.39360739e+00 
 8.72925900e-02 -1.39501102e+00 
 8.73925900e-02 -1.39641271e+00 
 8.74925900e-02 -1.39781246e+00 
 8.75925900e-02 -1.39921025e+00 
 8.76925900e-02 -1.40060607e+00 
 8.77925900e-02 -1.40199991e+00 
 8.78925900e-02 -1.40339175e+00 
 8.79925900e-02 -1.40478157e+00 
 8.80925900e-02 -1.40616936e+00 
 8.81925900e-02 -1.40755511e+00 
 8.82925900e-02 -1.40893880e+00 
 8.83925900e-02 -1.41032041e+00 
 8.84925900e-02 -1.41169994e+00 
 8.85925900e-02 -1.41307736e+00 
 8.86925900e-02 -1.41445266e+00 
 8.87925900e-02 -1.41582583e+00 
 8.88925900e-02 -1.41719685e+00 
 8.89925900e-02 -1.41856570e+00 
 8.90925900e-02 -1.41993237e+00 
 8.91925900e-02 -1.42129685e+00 
 8.92925900e-02 -1.42265911e+00 
 8.93925900e-02 -1.42401915e+00 
 8.94925900e-02 -1.42537694e+00 
 8.95925900e-02 -1.42673248e+00 
 8.96925900e-02 -1.42808574e+00 
 8.97925900e-02 -1.42943671e+00 
 8.98925900e-02 -1.43078539e+00 
 8.99925900e-02 -1.43213174e+00 
 9.00925900e-02 -1.43347576e+00 
 9.01925900e-02 -1.43481743e+00 
 9.02925900e-02 -1.43615673e+00 
 9.03925900e-02 -1.43749366e+00 
 9.04925900e-02 -1.43882820e+00 
 9.05925900e-02 -1.44016032e+00 
 9.06925900e-02 -1.44149003e+00 
 9.07925900e-02 -1.44281730e+00 
 9.08925900e-02 -1.44414211e+00 
 9.09925900e-02 -1.44546447e+00 
 9.10925900e-02 -1.44678434e+00 
 9.11925900e-02 -1.44810173e+00 
 9.12925900e-02 -1.44941661e+00 
 9.13925900e-02 -1.45072897e+00 
 9.14925900e-02 -1.45203879e+00 
 9.15925900e-02 -1.45334608e+00 
 9.16925900e-02 -1.45465081e+00 
 9.17925900e-02 -1.45595297e+00 
 9.18925900e-02 -1.45725255e+00 
 9.19925900e-02 -1.45854953e+00 
 9.20925900e-02 -1.45984391e+00 
 9.21925900e-02 -1.46113568e+00 
 9.22925900e-02 -1.46242481e+00 
 9.23925900e-02 -1.46371131e+00 
 9.24925900e-02 -1.46499516e+00 
 9.25925900e-02 -1.46627636e+00 
 9.26925900e-02 -1.46755488e+00 
 9.27925900e-02 -1.46883072e+00 
 9.28925900e-02 -1.47010388e+00 
 9.29925900e-02 -1.47137434e+00 
 9.30925900e-02 -1.47264209e+00 
 9.31925900e-02 -1.47390713e+00 
 9.32925900e-02 -1.47516945e+00 
 9.33925900e-02 -1.47642904e+00 
 9.34925900e-02 -1.47768588e+00 
 9.35925900e-02 -1.47893999e+00 
 9.36925900e-02 -1.48019134e+00 
 9.37925900e-02 -1.48143993e+00 
 9.38925900e-02 -1.48268575e+00 
 9.39925900e-02 -1.48392881e+00 
 9.40925900e-02 -1.48516908e+00 
 9.41925900e-02 -1.48640658e+00 
 9.42925900e-02 -1.48764128e+00 
 9.43925900e-02 -1.48887320e+00 
 9.44925900e-02 -1.49010232e+00 
 9.45925900e-02 -1.49132864e+00 
 9.46925900e-02 -1.49255215e+00 
 9.47925900e-02 -1.49377286e+00 
 9.48925900e-02 -1.49499075e+00 
 9.49925900e-02 -1.49620584e+00 
 9.50925900e-02 -1.49741811e+00 
 9.51925900e-02 -1.49862756e+00 
 9.52925900e-02 -1.49983420e+00 
 9.53925900e-02 -1.50103801e+00 
 9.54925900e-02 -1.50223900e+00 
 9.55925900e-02 -1.50343718e+00 
 9.56925900e-02 -1.50463253e+00 
 9.57925900e-02 -1.50582506e+00 
 9.58925900e-02 -1.50701477e+00 
 9.59925900e-02 -1.50820166e+00 
 9.60925900e-02 -1.50938574e+00 
 9.61925900e-02 -1.51056699e+00 
 9.62925900e-02 -1.51174543e+00 
 9.63925900e-02 -1.51292106e+00 
 9.64925900e-02 -1.51409388e+00 
 9.65925900e-02 -1.51526389e+00 
 9.66925900e-02 -1.51643110e+00 
 9.67925900e-02 -1.51759550e+00 
 9.68925900e-02 -1.51875711e+00 
 9.69925900e-02 -1.51991593e+00 
 9.70925900e-02 -1.52107196e+00 
 9.71925900e-02 -1.52222520e+00 
 9.72925900e-02 -1.52337567e+00 
 9.73925900e-02 -1.52452337e+00 
 9.74925900e-02 -1.52566829e+00 
 9.75925900e-02 -1.52681046e+00 
 9.76925900e-02 -1.52794987e+00 
 9.77925900e-02 -1.52908653e+00 
 9.78925900e-02 -1.53022045e+00 
 9.79925900e-02 -1.53135164e+00 
 9.80925900e-02 -1.53248010e+00 
 9.81925900e-02 -1.53360583e+00 
 9.82925900e-02 -1.53472886e+00 
 9.83925900e-02 -1.53584919e+00 
 9.84925900e-02 -1.53696681e+00 
 9.85925900e-02 -1.53808176e+00 
 9.86925900e-02 -1.53919402e+00 
 9.87925900e-02 -1.54030362e+00 
 9.88925900e-02 -1.54141055e+00 
 9.89925900e-02 -1.54251484e+00 
 9.90925900e-02 -1.54361649e+00 
 9.91925900e-02 -1.54471550e+00 
 9.92925900e-02 -1.54581190e+00 
 9.93925900e-02 -1.54690568e+00 
 9.94925900e-02 -1.54799687e+00 
 9.95925900e-02 -1.54908547e+00 
 9.96925900e-02 -1.55017149e+00 
 9.97925900e-02 -1.55125494e+00 
 9.98925900e-02 -1.55233583e+00 
 9.99925900e-02 -1.55341419e+00 
 1.00092590e-01 -1.55449001e+00 
 1.00192590e-01 -1.55556330e+00 
 1.00292590e-01 -1.55663409e+00 
 1.00392590e-01 -1.55770238e+00 
 1.00492590e-01 -1.55876818e+00 
 1.00592590e-01 -1.55983151e+00 
 1.00692590e-01 -1.56089238e+00 
 1.00792590e-01 -1.56195080e+00 
 1.00892590e-01 -1.56300678e+00 
 1.00992590e-01 -1.56406034e+00 
 1.01092590e-01 -1.56511148e+00 
 1.01192590e-01 -1.56616022e+00 
 1.01292590e-01 -1.56720658e+00 
 1.01392590e-01 -1.56825057e+00 
 1.01492590e-01 -1.56929219e+00 
 1.01592590e-01 -1.57033147e+00 
 1.01692590e-01 -1.57136841e+00 
 1.01792590e-01 -1.57240302e+00 
 1.01892590e-01 -1.57343533e+00 
 1.01992590e-01 -1.57446535e+00 
 1.02092590e-01 -1.57549308e+00 
 1.02192590e-01 -1.57651854e+00 
 1.02292590e-01 -1.57754174e+00 
 1.02392590e-01 -1.57856270e+00 
 1.02492590e-01 -1.57958143e+00 
 1.02592590e-01 -1.58059795e+00 
 1.02692590e-01 -1.58161226e+00 
 1.02792590e-01 -1.58262438e+00 
 1.02892590e-01 -1.58363433e+00 
 1.02992590e-01 -1.58464211e+00 
 1.03092590e-01 -1.58564775e+00 
 1.03192590e-01 -1.58665124e+00 
 1.03292590e-01 -1.58765261e+00 
 1.03392590e-01 -1.58865188e+00 
 1.03492590e-01 -1.58964904e+00 
 1.03592590e-01 -1.59064412e+00 
 1.03692590e-01 -1.59163714e+00 
 1.03792590e-01 -1.59262809e+00 
 1.03892590e-01 -1.59361700e+00 
 1.03992590e-01 -1.59460388e+00 
 1.04092590e-01 -1.59558875e+00 
 1.04192590e-01 -1.59657161e+00 
 1.04292590e-01 -1.59755247e+00 
 1.04392590e-01 -1.59853136e+00 
 1.04492590e-01 -1.59950829e+00 
 1.04592590e-01 -1.60048326e+00 
 1.04692590e-01 -1.60145629e+00 
 1.04792590e-01 -1.60242740e+00 
 1.04892590e-01 -1.60339659e+00 
 1.04992590e-01 -1.60436388e+00 
 1.05092590e-01 -1.60532928e+00 
 1.05192590e-01 -1.60629281e+00 
 1.05292590e-01 -1.60725447e+00 
 1.05392590e-01 -1.60821429e+00 
 1.05492590e-01 -1.60917226e+00 
 1.05592590e-01 -1.61012841e+00 
 1.05692590e-01 -1.61108275e+00 
 1.05792590e-01 -1.61203529e+00 
 1.05892590e-01 -1.61298604e+00 
 1.05992590e-01 -1.61393501e+00 
 1.06092590e-01 -1.61488221e+00 
 1.06192590e-01 -1.61582767e+00 
 1.06292590e-01 -1.61677138e+00 
 1.06392590e-01 -1.61771337e+00 
 1.06492590e-01 -1.61865364e+00 
 1.06592590e-01 -1.61959220e+00 
 1.06692590e-01 -1.62052908e+00 
 1.06792590e-01 -1.62146427e+00 
 1.06892590e-01 -1.62239779e+00 
 1.06992590e-01 -1.62332965e+00 
 1.07092590e-01 -1.62425987e+00 
 1.07192590e-01 -1.62518845e+00 
 1.07292590e-01 -1.62611541e+00 
 1.07392590e-01 -1.62704075e+00 
 1.07492590e-01 -1.62796450e+00 
 1.07592590e-01 -1.62888665e+00 
 1.07692590e-01 -1.62980722e+00 
 1.07792590e-01 -1.63072623e+00 
 1.07892590e-01 -1.63164367e+00 
 1.07992590e-01 -1.63255957e+00 
 1.08092590e-01 -1.63347393e+00 
 1.08192590e-01 -1.63438677e+00 
 1.08292590e-01 -1.63529809e+00 
 1.08392590e-01 -1.63620791e+00 
 1.08492590e-01 -1.63711623e+00 
 1.08592590e-01 -1.63802307e+00 
 1.08692590e-01 -1.63892844e+00 
 1.08792590e-01 -1.63983234e+00 
 1.08892590e-01 -1.64073478e+00 
 1.08992590e-01 -1.64163579e+00 
 1.09092590e-01 -1.64253536e+00 
 1.09192590e-01 -1.64343351e+00 
 1.09292590e-01 -1.64433024e+00 
 1.09392590e-01 -1.64522557e+00 
 1.09492590e-01 -1.64611950e+00 
 1.09592590e-01 -1.64701205e+00 
 1.09692590e-01 -1.64790322e+00 
 1.09792590e-01 -1.64879303e+00 
 1.09892590e-01 -1.64968148e+00 
 1.09992590e-01 -1.65056859e+00 
 1.10092590e-01 -1.65145435e+00 
 1.10192590e-01 -1.65233879e+00 
 1.10292590e-01 -1.65322190e+00 
 1.10392590e-01 -1.65410371e+00 
 1.10492590e-01 -1.65498421e+00 
 1.10592590e-01 -1.65586342e+00 
 1.10692590e-01 -1.65674134e+00 
 1.10792590e-01 -1.65761799e+00 
 1.10892590e-01 -1.65849337e+00 
 1.10992590e-01 -1.65936749e+00 
 1.11092590e-01 -1.66024036e+00 
 1.11192590e-01 -1.66111199e+00 
 1.11292590e-01 -1.66198238e+00 
 1.11392590e-01 -1.66285155e+00 
 1.11492590e-01 -1.66371951e+00 
 1.11592590e-01 -1.66458625e+00 
 1.11692590e-01 -1.66545179e+00 
 1.11792590e-01 -1.66631614e+00 
 1.11892590e-01 -1.66717930e+00 
 1.11992590e-01 -1.66804129e+00 
 1.12092590e-01 -1.66890211e+00 
 1.12192590e-01 -1.66976176e+00 
 1.12292590e-01 -1.67062026e+00 
 1.12392590e-01 -1.67147762e+00 
 1.12492590e-01 -1.67233383e+00 
 1.12592590e-01 -1.67318891e+00 
 1.12692590e-01 -1.67404287e+00 
 1.12792590e-01 -1.67489572e+00 
 1.12892590e-01 -1.67574745e+00 
 1.12992590e-01 -1.67659808e+00 
 1.13092590e-01 -1.67744761e+00 
 1.13192590e-01 -1.67829606e+00 
 1.13292590e-01 -1.67914342e+00 
 1.13392590e-01 -1.67998971e+00 
 1.13492590e-01 -1.68083493e+00 
 1.13592590e-01 -1.68167910e+00 
 1.13692590e-01 -1.68252221e+00 
 1.13792590e-01 -1.68336427e+00 
 1.13892590e-01 -1.68420529e+00 
 1.13992590e-01 -1.68504527e+00 
 1.14092590e-01 -1.68588423e+00 
 1.14192590e-01 -1.68672217e+00 
 1.14292590e-01 -1.68755910e+00 
 1.14392590e-01 -1.68839501e+00 
 1.14492590e-01 -1.68922993e+00 
 1.14592590e-01 -1.69006384e+00 
 1.14692590e-01 -1.69089677e+00 
 1.14792590e-01 -1.69172872e+00 
 1.14892590e-01 -1.69255969e+00 
 1.14992590e-01 -1.69338969e+00 
 1.15092590e-01 -1.69421872e+00 
 1.15192590e-01 -1.69504679e+00 
 1.15292590e-01 -1.69587391e+00 
 1.15392590e-01 -1.69670009e+00 
 1.15492590e-01 -1.69752532e+00 
 1.15592590e-01 -1.69834961e+00 
 1.15692590e-01 -1.69917298e+00 
 1.15792590e-01 -1.69999542e+00 
 1.15892590e-01 -1.70081694e+00 
 1.15992590e-01 -1.70163755e+00 
 1.16092590e-01 -1.70245725e+00 
 1.16192590e-01 -1.70327604e+00 
 1.16292590e-01 -1.70409394e+00 
 1.16392590e-01 -1.70491095e+00 
 1.16492590e-01 -1.70572707e+00 
 1.16592590e-01 -1.70654231e+00 
 1.16692590e-01 -1.70735668e+00 
 1.16792590e-01 -1.70817017e+00 
 1.16892590e-01 -1.70898280e+00 
 1.16992590e-01 -1.70979456e+00 
 1.17092590e-01 -1.71060547e+00 
 1.17192590e-01 -1.71141553e+00 
 1.17292590e-01 -1.71222475e+00 
 1.17392590e-01 -1.71303312e+00 
 1.17492590e-01 -1.71384065e+00 
 1.17592590e-01 -1.71464736e+00 
 1.17692590e-01 -1.71545324e+00 
 1.17792590e-01 -1.71625829e+00 
 1.17892590e-01 -1.71706253e+00 
 1.17992590e-01 -1.71786596e+00 
 1.18092590e-01 -1.71866858e+00 
 1.18192590e-01 -1.71947039e+00 
 1.18292590e-01 -1.72027141e+00 
 1.18392590e-01 -1.72107163e+00 
 1.18492590e-01 -1.72187106e+00 
 1.18592590e-01 -1.72266971e+00 
 1.18692590e-01 -1.72346757e+00 
 1.18792590e-01 -1.72426466e+00 
 1.18892590e-01 -1.72506097e+00 
 1.18992590e-01 -1.72585652e+00 
 1.19092590e-01 -1.72665130e+00 
 1.19192590e-01 -1.72744532e+00 
 1.19292590e-01 -1.72823859e+00 
 1.19392590e-01 -1.72903110e+00 
 1.19492590e-01 -1.72982287e+00 
 1.19592590e-01 -1.73061389e+00 
 1.19692590e-01 -1.73140418e+00 
 1.19792590e-01 -1.73219372e+00 
 1.19892590e-01 -1.73298254e+00 
 1.19992590e-01 -1.73377063e+00 
 1.20000000e-01 -1.73382900e+00 
