 5.00000000e-09  6.59244984e-09 
 5.14019886e-09  6.73044562e-09 
 5.42059659e-09  6.99804883e-09 
 5.98139205e-09  7.51883214e-09 
 6.80459426e-09  8.26365311e-09 
 7.99282241e-09  9.31524026e-09 
 1.03692787e-08  1.13812847e-08 
 1.51221913e-08  1.54588273e-08 
 2.46280165e-08  2.35745516e-08 
 4.36396669e-08  3.98809180e-08 
 5.84903030e-08  5.25848226e-08 
 7.15685078e-08  6.36425021e-08 
 8.11155939e-08  7.15829661e-08 
 8.80249333e-08  7.72118187e-08 
 9.58083428e-08  8.33753114e-08 
 1.06433952e-07  9.14405758e-08 
 1.18244322e-07  1.00016905e-07 
 1.35848231e-07  1.12407754e-07 
 1.56035788e-07  1.26477045e-07 
 1.81961947e-07  1.44600722e-07 
 2.19342444e-07  1.70694018e-07 
 2.80756298e-07  2.12713391e-07 
 3.37591158e-07  2.50344791e-07 
 4.36883233e-07  3.12966898e-07 
 4.87660906e-07  3.42596310e-07 
 5.00000000e-07  3.49378758e-07 
 5.06600912e-07  3.52861719e-07 
 5.19802736e-07  3.59547660e-07 
 5.35562772e-07  3.67347937e-07 
 5.48264692e-07  3.74055792e-07 
 5.62737814e-07  3.82094056e-07 
 5.77101483e-07  3.90146544e-07 
 5.95755433e-07  4.00524330e-07 
 6.24504510e-07  4.16336457e-07 
 6.53750397e-07  4.32209227e-07 
 6.75500965e-07  4.43885974e-07 
 6.90181428e-07  4.51710450e-07 
 7.06395046e-07  4.60304553e-07 
 7.20954315e-07  4.67984158e-07 
 7.33651494e-07  4.74656604e-07 
 7.46155002e-07  4.81208665e-07 
 7.51031838e-07  4.83759839e-07 
 7.55842574e-07  4.86274488e-07 
 7.59787906e-07  4.88335554e-07 
 7.64078094e-07  4.90575743e-07 
 7.72230450e-07  4.94830524e-07 
 7.88052504e-07  5.03085695e-07 
 8.14298836e-07  5.16797893e-07 
 8.56267933e-07  5.38850125e-07 
 9.12746424e-07  5.68828369e-07 
 9.69238859e-07  5.99017465e-07 
 1.00000000e-06  6.15800624e-07 
 1.00550298e-06  6.18870464e-07 
 1.01650893e-06  6.25044912e-07 
 1.03852084e-06  6.37402023e-07 
 1.05978488e-06  6.49340882e-07 
 1.08445958e-06  6.63116623e-07 
 1.11102953e-06  6.77767934e-07 
 1.13967885e-06  6.93338789e-07 
 1.19697748e-06  7.23786822e-07 
 1.30176949e-06  7.76873864e-07 
 1.36054897e-06  8.05245572e-07 
 1.42006174e-06  8.33170715e-07 
 1.52389445e-06  8.79341365e-07 
 1.58847332e-06  9.04464958e-07 
 1.64741684e-06  9.25243889e-07 
 1.72018174e-06  9.48751008e-07 
 1.79745559e-06  9.71649147e-07 
 1.95200327e-06  1.01523017e-06 
 2.12434869e-06  1.10681731e-06 
 2.25680490e-06  1.46079695e-06 
 2.34630065e-06  2.35023542e-06 
 2.41899969e-06  4.32814068e-06 
 2.48627809e-06  8.78465710e-06 
 2.56027177e-06  2.07668188e-05 
 2.62916736e-06  4.55884760e-05 
 2.70767671e-06  1.04706069e-04 
 2.79304952e-06  2.31317057e-04 
 2.86446575e-06  4.09681448e-04 
 2.90800051e-06  5.46668803e-04 
 2.93391109e-06  6.31186488e-04 
 2.95243654e-06  6.86366110e-04 
 2.96669830e-06  7.23155619e-04 
 2.98109954e-06  7.55642648e-04 
 3.00084321e-06  7.96742783e-04 
 3.02097673e-06  8.38838466e-04 
 3.04723082e-06  8.98933861e-04 
 3.07355235e-06  9.68454044e-04 
 3.10138681e-06  1.05660102e-03 
 3.13299127e-06  1.18031987e-03 
 3.16771947e-06  1.34502214e-03 
 3.20843383e-06  1.56971858e-03 
 3.25058839e-06  1.83306706e-03 
 3.31560025e-06  2.30091515e-03 
 3.43527634e-06  3.38742667e-03 
 3.67462853e-06  6.62448754e-03 
 4.06282659e-06  1.55513196e-02 
 4.60583706e-06  3.69457983e-02 
 5.37749973e-06  8.79231451e-02 
 5.94715880e-06  1.57786557e-01 
 6.29143809e-06  2.11451155e-01 
 6.60385224e-06  2.65640365e-01 
 6.75449707e-06  2.93421395e-01 
 6.83874121e-06  3.07574728e-01 
 6.87704359e-06  3.13477525e-01 
 6.91432988e-06  3.18915805e-01 
 6.94864746e-06  3.23684667e-01 
 7.00163717e-06  3.30674347e-01 
 7.06494907e-06  3.38546390e-01 
 7.19157288e-06  3.53191680e-01 
 7.37906632e-06  3.73103731e-01 
 7.59778740e-06  3.94657347e-01 
 7.91951399e-06  4.24576224e-01 
 8.42751673e-06  4.69846188e-01 
 9.16244820e-06  5.33957442e-01 
 1.00000000e-05  6.07982763e-01 
 1.01012297e-05  6.16972729e-01 
 1.03036892e-05  6.34894894e-01 
 1.07086082e-05  6.70497521e-01 
 1.14122892e-05  7.31955099e-01 
 1.20088999e-05  7.83566815e-01 
 1.23609074e-05  8.12359544e-01 
 1.25901806e-05  8.29776481e-01 
 1.27357172e-05  8.40161199e-01 
 1.28317651e-05  8.46708455e-01 
 1.29258378e-05  8.52880363e-01 
 1.30796157e-05  8.62459657e-01 
 1.33871715e-05  8.79766585e-01 
 1.40022832e-05  9.07387517e-01 
 1.51031664e-05  9.36728693e-01 
 1.61416521e-05  9.47031791e-01 
 1.79384496e-05  9.53940482e-01 
 2.03450881e-05  9.57300876e-01 
 2.30662035e-05  9.58608080e-01 
 2.72993762e-05  9.59362873e-01 
 3.19826001e-05  9.59633324e-01 
 3.71836110e-05  9.59717896e-01 
 4.24088575e-05  9.59726869e-01 
 4.90601386e-05  9.59707207e-01 
 6.07536609e-05  9.59653950e-01 
 8.41407055e-05  9.59533150e-01 
 1.00000000e-04  9.59446640e-01 
 1.04677409e-04  9.59420578e-01 
 1.14032227e-04  9.59368457e-01 
 1.32741862e-04  9.59264224e-01 
 1.70161134e-04  9.59055790e-01 
 2.44999677e-04  9.58639061e-01 
 3.44999677e-04  9.58082507e-01 
 4.44999677e-04  9.57526280e-01 
 5.32103208e-04  9.92321853e-01 
 5.80909422e-04  1.09532483e+00 
 6.37773637e-04  1.19450047e+00 
 7.11648442e-04  1.31117040e+00 
 8.07293850e-04  1.45968150e+00 
 9.07293850e-04  1.60909622e+00 
 1.00729385e-03  1.75206606e+00 
 1.10729385e-03  1.88900542e+00 
 1.20729385e-03  2.02018894e+00 
 1.30729385e-03  2.14584271e+00 
 1.40729385e-03  2.26619823e+00 
 1.50729385e-03  2.38148435e+00 
 1.60729385e-03  2.49191292e+00 
 1.70729385e-03  2.59768781e+00 
 1.80729385e-03  2.69900511e+00 
 1.90729385e-03  2.79605259e+00 
 2.00729385e-03  2.88901010e+00 
 2.10729385e-03  2.97804991e+00 
 2.20729385e-03  3.06333705e+00 
 2.30729385e-03  3.14502961e+00 
 2.40729385e-03  3.22327902e+00 
 2.50729385e-03  3.29823033e+00 
 2.60729385e-03  3.37002249e+00 
 2.70729385e-03  3.43878860e+00 
 2.80729385e-03  3.50465616e+00 
 2.90729385e-03  3.56774726e+00 
 3.00729385e-03  3.62817888e+00 
 3.10729385e-03  3.68606309e+00 
 3.20729385e-03  3.74150727e+00 
 3.30729385e-03  3.79461472e+00 
 3.40729385e-03  3.84548308e+00 
 3.50729385e-03  3.89420695e+00 
 3.60729385e-03  3.94087687e+00 
 3.70729385e-03  3.98557936e+00 
 3.80729385e-03  4.02839734e+00 
 3.90729385e-03  4.06941024e+00 
 4.00729385e-03  4.10869413e+00 
 4.10729385e-03  4.14632165e+00 
 4.20729385e-03  4.18236303e+00 
 4.30729385e-03  4.21688519e+00 
 4.40729385e-03  4.24995174e+00 
 4.50729385e-03  4.28162415e+00 
 4.60729385e-03  4.31196126e+00 
 4.70729385e-03  4.34101935e+00 
 4.71979385e-03  4.34455265e+00 
 4.72291885e-03  4.34543479e+00 
 4.72370010e-03  4.34565525e+00 
 4.72526260e-03  4.34609599e+00 
 4.72838760e-03  4.34697663e+00 
 4.72891058e-03  4.34712388e+00 
 4.72995654e-03  4.34741831e+00 
 4.73058930e-03  4.34759637e+00 
 4.73108236e-03  4.34773510e+00 
 4.73165153e-03  4.34789524e+00 
 4.73194977e-03  4.34797915e+00 
 4.73230066e-03  4.34807786e+00 
 4.73274003e-03  4.34820144e+00 
 4.73340678e-03  4.34838893e+00 
 4.73474029e-03  4.34876374e+00 
 4.73740732e-03  4.34951269e+00 
 4.74274136e-03  4.35100782e+00 
 4.75340945e-03  4.35398708e+00 
 4.77474563e-03  4.35990326e+00 
 4.81741799e-03  4.37157497e+00 
 4.90276270e-03  4.39429192e+00 
 5.00276270e-03  4.41987458e+00 
 5.10276270e-03  4.44438123e+00 
 5.20276270e-03  4.46785577e+00 
 5.30276270e-03  4.49034097e+00 
 5.40276270e-03  4.51187823e+00 
 5.50276270e-03  4.53250747e+00 
 5.60276270e-03  4.55226694e+00 
 5.70276270e-03  4.57119330e+00 
 5.80276270e-03  4.58932166e+00 
 5.90276270e-03  4.60668568e+00 
 6.00276270e-03  4.62331756e+00 
 6.10276270e-03  4.63924819e+00 
 6.20276270e-03  4.65450712e+00 
 6.30276270e-03  4.66912267e+00 
 6.40276270e-03  4.68312197e+00 
 6.50276270e-03  4.69653099e+00 
 6.60276270e-03  4.70937463e+00 
 6.70276270e-03  4.72167673e+00 
 6.80276270e-03  4.73346010e+00 
 6.90276270e-03  4.74474663e+00 
 7.00276270e-03  4.75555726e+00 
 7.10276270e-03  4.76591206e+00 
 7.20276270e-03  4.77583025e+00 
 7.30276270e-03  4.78533023e+00 
 7.40276270e-03  4.79442964e+00 
 7.50276270e-03  4.80314536e+00 
 7.60276270e-03  4.81149358e+00 
 7.70276270e-03  4.81948979e+00 
 7.80276270e-03  4.82714883e+00 
 7.90276270e-03  4.83448491e+00 
 8.00276270e-03  4.84151166e+00 
 8.10276270e-03  4.84824213e+00 
 8.20276270e-03  4.85468879e+00 
 8.30276270e-03  4.86086361e+00 
 8.40276270e-03  4.86677807e+00 
 8.50276270e-03  4.87244314e+00 
 8.60276270e-03  4.87786932e+00 
 8.70276270e-03  4.88306671e+00 
 8.80276270e-03  4.88804493e+00 
 8.90276270e-03  4.89281324e+00 
 9.00276270e-03  4.89738049e+00 
 9.10276270e-03  4.90175515e+00 
 9.20276270e-03  4.90594534e+00 
 9.30276270e-03  4.90995884e+00 
 9.40276270e-03  4.91380311e+00 
 9.50276270e-03  4.91748528e+00 
 9.60276270e-03  4.92101218e+00 
 9.70276270e-03  4.92439035e+00 
 9.80276270e-03  4.92762609e+00 
 9.90276270e-03  4.93072538e+00 
 1.00027627e-02  4.93369398e+00 
 1.01027627e-02  4.93653740e+00 
 1.02027627e-02  4.93926092e+00 
 1.03027627e-02  4.94186960e+00 
 1.04027627e-02  4.94436828e+00 
 1.05027627e-02  4.94676160e+00 
 1.06027627e-02  4.94905399e+00 
 1.07027627e-02  4.95124973e+00 
 1.08027627e-02  4.95335287e+00 
 1.09027627e-02  4.95536733e+00 
 1.10027627e-02  4.95729684e+00 
 1.11027627e-02  4.95914500e+00 
 1.12027627e-02  4.96091522e+00 
 1.13027627e-02  4.96261079e+00 
 1.14027627e-02  4.96423487e+00 
 1.15027627e-02  4.96579046e+00 
 1.16027627e-02  4.96728046e+00 
 1.17027627e-02  4.96870763e+00 
 1.18027627e-02  4.97007462e+00 
 1.19027627e-02  4.97138396e+00 
 1.20027627e-02  4.97263810e+00 
 1.21027627e-02  4.97383935e+00 
 1.22027627e-02  4.97498994e+00 
 1.23027627e-02  4.97609202e+00 
 1.24027627e-02  4.97714763e+00 
 1.25027627e-02  4.97815872e+00 
 1.26027627e-02  4.97912718e+00 
 1.27027627e-02  4.98005480e+00 
 1.28027627e-02  4.98094331e+00 
 1.29027627e-02  4.98179435e+00 
 1.30027627e-02  4.98260951e+00 
 1.31027627e-02  4.98339029e+00 
 1.32027627e-02  4.98413814e+00 
 1.33027627e-02  4.98485447e+00 
 1.34027627e-02  4.98554058e+00 
 1.35027627e-02  4.98619777e+00 
 1.36027627e-02  4.98682724e+00 
 1.37027627e-02  4.98743017e+00 
 1.38027627e-02  4.98800768e+00 
 1.39027627e-02  4.98856083e+00 
 1.40027627e-02  4.98909066e+00 
 1.41027627e-02  4.98959815e+00 
 1.42027627e-02  4.99008424e+00 
 1.43027627e-02  4.99054983e+00 
 1.44027627e-02  4.99099578e+00 
 1.45027627e-02  4.99142294e+00 
 1.46027627e-02  4.99183208e+00 
 1.47027627e-02  4.99222397e+00 
 1.48027627e-02  4.99259933e+00 
 1.49027627e-02  4.99295887e+00 
 1.50027627e-02  4.99330324e+00 
 1.51027627e-02  4.99363309e+00 
 1.52027627e-02  4.99394904e+00 
 1.53027627e-02  4.99425166e+00 
 1.54027627e-02  4.99454152e+00 
 1.55027627e-02  4.99481916e+00 
 1.56027627e-02  4.99508509e+00 
 1.57027627e-02  4.99533981e+00 
 1.58027627e-02  4.99558378e+00 
 1.59027627e-02  4.99581747e+00 
 1.60027627e-02  4.99604131e+00 
 1.61027627e-02  4.99625570e+00 
 1.62027627e-02  4.99646106e+00 
 1.63027627e-02  4.99665776e+00 
 1.64027627e-02  4.99684616e+00 
 1.65027627e-02  4.99702661e+00 
 1.66027627e-02  4.99719946e+00 
 1.67027627e-02  4.99736502e+00 
 1.68027627e-02  4.99752360e+00 
 1.69027627e-02  4.99767549e+00 
 1.70027627e-02  4.99782098e+00 
 1.71027627e-02  4.99796033e+00 
 1.72027627e-02  4.99809381e+00 
 1.73027627e-02  4.99822165e+00 
 1.74027627e-02  4.99834411e+00 
 1.75027627e-02  4.99846140e+00 
 1.76027627e-02  4.99857375e+00 
 1.77027627e-02  4.99868136e+00 
 1.78027627e-02  4.99878443e+00 
 1.79027627e-02  4.99888316e+00 
 1.80027627e-02  4.99897772e+00 
 1.81027627e-02  4.99906830e+00 
 1.82027627e-02  4.99915505e+00 
 1.83027627e-02  4.99923815e+00 
 1.84027627e-02  4.99931774e+00 
 1.85027627e-02  4.99939398e+00 
 1.86027627e-02  4.99946700e+00 
 1.87027627e-02  4.99953695e+00 
 1.88027627e-02  4.99960394e+00 
 1.89027627e-02  4.99966811e+00 
 1.90027627e-02  4.99972957e+00 
 1.91027627e-02  4.99978844e+00 
 1.92027627e-02  4.99984483e+00 
 1.93027627e-02  4.99989884e+00 
 1.94027627e-02  4.99995058e+00 
 1.95027627e-02  5.00000013e+00 
 1.96027627e-02  5.00004759e+00 
 1.97027627e-02  5.00009305e+00 
 1.98027627e-02  5.00013660e+00 
 1.99027627e-02  5.00017831e+00 
 2.00000000e-02  5.00021717e+00 
 2.00100000e-02  4.99982008e+00 
 2.00300000e-02  4.99861517e+00 
 2.00700000e-02  4.99838248e+00 
 2.01500000e-02  5.00010584e+00 
 2.02500000e-02  5.00010922e+00 
 2.03500000e-02  5.00004605e+00 
 2.04500000e-02  5.00008012e+00 
 2.05500000e-02  5.00013342e+00 
 2.06500000e-02  5.00017565e+00 
 2.07500000e-02  5.00021221e+00 
 2.08500000e-02  5.00024567e+00 
 2.09500000e-02  5.00027651e+00 
 2.10500000e-02  5.00030516e+00 
 2.11500000e-02  5.00033193e+00 
 2.12500000e-02  5.00035707e+00 
 2.13500000e-02  5.00038075e+00 
 2.14500000e-02  5.00040311e+00 
 2.15500000e-02  5.00042428e+00 
 2.16500000e-02  5.00044433e+00 
 2.17500000e-02  5.00046336e+00 
 2.18500000e-02  5.00048143e+00 
 2.19500000e-02  5.00049860e+00 
 2.20500000e-02  5.00051492e+00 
 2.21500000e-02  5.00053045e+00 
 2.22500000e-02  5.00054523e+00 
 2.23500000e-02  5.00055930e+00 
 2.24500000e-02  5.00057269e+00 
 2.25500000e-02  5.00058544e+00 
 2.26500000e-02  5.00059758e+00 
 2.27500000e-02  5.00060914e+00 
 2.28500000e-02  5.00062015e+00 
 2.29500000e-02  5.00063063e+00 
 2.30500000e-02  5.00064062e+00 
 2.31500000e-02  5.00065013e+00 
 2.32500000e-02  5.00065918e+00 
 2.33500000e-02  5.00066780e+00 
 2.34500000e-02  5.00067600e+00 
 2.35500000e-02  5.00068381e+00 
 2.36500000e-02  5.00069124e+00 
 2.37500000e-02  5.00069831e+00 
 2.38500000e-02  5.00070504e+00 
 2.39500000e-02  5.00071144e+00 
 2.40500000e-02  5.00071752e+00 
 2.41500000e-02  5.00072331e+00 
 2.42500000e-02  5.00072880e+00 
 2.43500000e-02  5.00073403e+00 
 2.44500000e-02  5.00073899e+00 
 2.45500000e-02  5.00074370e+00 
 2.46500000e-02  5.00074817e+00 
 2.47500000e-02  5.00075242e+00 
 2.48500000e-02  5.00075644e+00 
 2.49500000e-02  5.00076026e+00 
 2.50500000e-02  5.00076388e+00 
 2.51500000e-02  5.00076731e+00 
 2.52500000e-02  5.00077055e+00 
 2.53500000e-02  5.00077362e+00 
 2.54500000e-02  5.00077653e+00 
 2.55500000e-02  5.00077927e+00 
 2.56500000e-02  5.00078187e+00 
 2.57500000e-02  5.00078432e+00 
 2.58500000e-02  5.00078663e+00 
 2.59500000e-02  5.00078881e+00 
 2.60500000e-02  5.00079086e+00 
 2.61500000e-02  5.00079279e+00 
 2.62500000e-02  5.00079461e+00 
 2.63500000e-02  5.00079631e+00 
 2.64500000e-02  5.00079791e+00 
 2.65500000e-02  5.00079941e+00 
 2.66500000e-02  5.00080081e+00 
 2.67500000e-02  5.00080212e+00 
 2.68500000e-02  5.00080334e+00 
 2.69500000e-02  5.00080448e+00 
 2.70500000e-02  5.00080554e+00 
 2.71500000e-02  5.00080653e+00 
 2.72500000e-02  5.00080744e+00 
 2.73500000e-02  5.00080828e+00 
 2.74500000e-02  5.00080905e+00 
 2.75500000e-02  5.00080976e+00 
 2.76500000e-02  5.00081041e+00 
 2.77500000e-02  5.00081100e+00 
 2.78500000e-02  5.00081154e+00 
 2.79500000e-02  5.00081203e+00 
 2.80500000e-02  5.00081246e+00 
 2.81500000e-02  5.00081285e+00 
 2.82500000e-02  5.00081319e+00 
 2.83500000e-02  5.00081349e+00 
 2.84500000e-02  5.00081375e+00 
 2.85500000e-02  5.00081397e+00 
 2.86500000e-02  5.00081415e+00 
 2.87500000e-02  5.00081429e+00 
 2.88500000e-02  5.00081441e+00 
 2.89500000e-02  5.00081448e+00 
 2.90500000e-02  5.00081453e+00 
 2.91500000e-02  5.00081455e+00 
 2.92500000e-02  5.00081454e+00 
 2.93500000e-02  5.00081451e+00 
 2.94500000e-02  5.00081445e+00 
 2.95500000e-02  5.00081436e+00 
 2.96500000e-02  5.00081426e+00 
 2.97500000e-02  5.00081413e+00 
 2.98500000e-02  5.00081398e+00 
 2.99500000e-02  5.00081381e+00 
 3.00500000e-02  5.00081363e+00 
 3.01500000e-02  5.00081342e+00 
 3.02500000e-02  5.00081320e+00 
 3.03500000e-02  5.00081297e+00 
 3.04500000e-02  5.00081272e+00 
 3.05500000e-02  5.00081245e+00 
 3.06500000e-02  5.00081218e+00 
 3.07500000e-02  5.00081189e+00 
 3.08500000e-02  5.00081158e+00 
 3.09500000e-02  5.00081127e+00 
 3.10500000e-02  5.00081095e+00 
 3.11500000e-02  5.00081062e+00 
 3.12500000e-02  5.00081027e+00 
 3.13500000e-02  5.00080992e+00 
 3.14500000e-02  5.00080956e+00 
 3.15500000e-02  5.00080920e+00 
 3.16500000e-02  5.00080882e+00 
 3.17500000e-02  5.00080844e+00 
 3.18500000e-02  5.00080806e+00 
 3.19500000e-02  5.00080767e+00 
 3.20500000e-02  5.00080727e+00 
 3.21500000e-02  5.00080686e+00 
 3.22500000e-02  5.00080646e+00 
 3.23500000e-02  5.00080605e+00 
 3.24500000e-02  5.00080563e+00 
 3.25500000e-02  5.00080521e+00 
 3.26500000e-02  5.00080480e+00 
 3.27500000e-02  5.00027606e+00 
 3.28329322e-02  4.98513935e+00 
 3.29157268e-02  4.95754973e+00 
 3.29611399e-02  4.93794702e+00 
 3.29826144e-02  4.92757436e+00 
 3.30033270e-02  4.91695622e+00 
 3.30222435e-02  4.90678723e+00 
 3.30422610e-02  4.89559129e+00 
 3.30822959e-02  4.87207549e+00 
 3.31623658e-02  4.82157966e+00 
 3.32623658e-02  4.75368249e+00 
 3.33623658e-02  4.68172715e+00 
 3.34623658e-02  4.60654462e+00 
 3.35623658e-02  4.52858089e+00 
 3.36623658e-02  4.44804538e+00 
 3.37623658e-02  4.36502307e+00 
 3.38623658e-02  4.27954273e+00 
 3.38748658e-02  4.26866706e+00 
 3.38998658e-02  4.24682272e+00 
 3.39261987e-02  4.22365865e+00 
 3.39511698e-02  4.20153907e+00 
 3.39914069e-02  4.16557673e+00 
 3.40718810e-02  4.09246218e+00 
 3.41718810e-02  3.99939753e+00 
 3.42718810e-02  3.90388624e+00 
 3.43718810e-02  3.80592972e+00 
 3.44718810e-02  3.70552748e+00 
 3.45718810e-02  3.60267866e+00 
 3.46718810e-02  3.49738962e+00 
 3.47718810e-02  3.38968068e+00 
 3.48718810e-02  3.27958228e+00 
 3.49718810e-02  3.16713236e+00 
 3.50718810e-02  3.05237851e+00 
 3.51718810e-02  2.93538450e+00 
 3.52718810e-02  2.81624061e+00 
 3.53718810e-02  2.69507888e+00 
 3.54718810e-02  2.57209432e+00 
 3.55718810e-02  2.44757331e+00 
 3.56718810e-02  2.32192914e+00 
 3.57718810e-02  2.19574197e+00 
 3.58718810e-02  2.06979648e+00 
 3.59718810e-02  1.94510455e+00 
 3.60718810e-02  1.82289489e+00 
 3.61718810e-02  1.70455074e+00 
 3.62718810e-02  1.59148676e+00 
 3.63718810e-02  1.48497769e+00 
 3.64718810e-02  1.38597901e+00 
 3.65718810e-02  1.29499497e+00 
 3.66718810e-02  1.21205004e+00 
 3.67718810e-02  1.13671461e+00 
 3.68718810e-02  1.06827263e+00 
 3.69718810e-02  1.00587302e+00 
 3.70718810e-02  9.48660317e-01 
 3.71718810e-02  8.95859532e-01 
 3.72718810e-02  8.46810149e-01 
 3.73718810e-02  8.00982247e-01 
 3.74718810e-02  7.57948392e-01 
 3.75718810e-02  7.17358807e-01 
 3.76718810e-02  6.78931690e-01 
 3.77718810e-02  6.42434839e-01 
 3.78718810e-02  6.07673212e-01 
 3.79718810e-02  5.74480612e-01 
 3.80718810e-02  5.42713955e-01 
 3.81718810e-02  5.12249081e-01 
 3.82718810e-02  4.82977053e-01 
 3.83718810e-02  4.54803335e-01 
 3.84718810e-02  4.27643708e-01 
 3.85718810e-02  4.01423288e-01 
 3.86718810e-02  3.76075320e-01 
 3.87718810e-02  3.51540043e-01 
 3.88718810e-02  3.27763722e-01 
 3.89718810e-02  3.04697846e-01 
 3.90718810e-02  2.82298465e-01 
 3.91718810e-02  2.60525634e-01 
 3.92718810e-02  2.39342937e-01 
 3.93718810e-02  2.18717082e-01 
 3.94718810e-02  1.98617551e-01 
 3.95718810e-02  1.79016304e-01 
 3.96718810e-02  1.59887510e-01 
 3.97718810e-02  1.41207324e-01 
 3.98718810e-02  1.22953687e-01 
 3.99718810e-02  1.05106151e-01 
 4.00718810e-02  8.76457253e-02 
 4.01718810e-02  7.05547393e-02 
 4.02718810e-02  5.38167250e-02 
 4.03718810e-02  3.74163078e-02 
 4.04718810e-02  2.13391122e-02 
 4.05718810e-02  5.57167634e-03 
 4.06718810e-02 -9.89862398e-03 
 4.07718810e-02 -2.50836438e-02 
 4.08718810e-02 -3.99945304e-02 
 4.09718810e-02 -5.46417791e-02 
 4.10718810e-02 -6.90352834e-02 
 4.11718810e-02 -8.31843798e-02 
 4.12718810e-02 -9.70978897e-02 
 4.13718810e-02 -1.10784157e-01 
 4.14718810e-02 -1.24251080e-01 
 4.15718810e-02 -1.37506146e-01 
 4.16718810e-02 -1.50556458e-01 
 4.17718810e-02 -1.63408759e-01 
 4.18718810e-02 -1.76069459e-01 
 4.19718810e-02 -1.88544655e-01 
 4.20718810e-02 -2.00840150e-01 
 4.21718810e-02 -2.12961474e-01 
 4.22718810e-02 -2.24913899e-01 
 4.23718810e-02 -2.36702456e-01 
 4.24718810e-02 -2.48331948e-01 
 4.25718810e-02 -2.59806965e-01 
 4.26718810e-02 -2.71131894e-01 
 4.27718810e-02 -2.82310932e-01 
 4.28718810e-02 -2.93348095e-01 
 4.29718810e-02 -3.04247229e-01 
 4.30718810e-02 -3.15012018e-01 
 4.31718810e-02 -3.25645988e-01 
 4.32718810e-02 -3.36152523e-01 
 4.33718810e-02 -3.46534860e-01 
 4.34718810e-02 -3.56796104e-01 
 4.35718810e-02 -3.66939224e-01 
 4.36718810e-02 -3.76967064e-01 
 4.37718810e-02 -3.86882338e-01 
 4.38718810e-02 -3.96687636e-01 
 4.39718810e-02 -4.06385420e-01 
 4.40718810e-02 -4.15978026e-01 
 4.41718810e-02 -4.25467651e-01 
 4.42718810e-02 -4.34856355e-01 
 4.43718810e-02 -4.44146046e-01 
 4.44718810e-02 -4.53338461e-01 
 4.45718810e-02 -4.62435156e-01 
 4.46718810e-02 -4.71437471e-01 
 4.47718810e-02 -4.80346503e-01 
 4.48718810e-02 -4.89163057e-01 
 4.49718810e-02 -4.97887598e-01 
 4.50718810e-02 -5.06520180e-01 
 4.51718810e-02 -5.15060362e-01 
 4.52718810e-02 -5.23507112e-01 
 4.53718810e-02 -5.31858678e-01 
 4.54718810e-02 -5.40112456e-01 
 4.55718810e-02 -5.48264830e-01 
 4.56718810e-02 -5.56311005e-01 
 4.57718810e-02 -5.64244843e-01 
 4.58718810e-02 -5.72058719e-01 
 4.59718810e-02 -5.79743430e-01 
 4.60718810e-02 -5.87288193e-01 
 4.61718810e-02 -5.94680778e-01 
 4.62718810e-02 -6.01907822e-01 
 4.63718810e-02 -6.08955342e-01 
 4.64718810e-02 -6.15809462e-01 
 4.65718810e-02 -6.22457284e-01 
 4.66718810e-02 -6.28887830e-01 
 4.67718810e-02 -6.35092898e-01 
 4.68718810e-02 -6.41067713e-01 
 4.69718810e-02 -6.46811247e-01 
 4.70718810e-02 -6.52326188e-01 
 4.71718810e-02 -6.57618578e-01 
 4.72718810e-02 -6.62697216e-01 
 4.73718810e-02 -6.67572952e-01 
 4.74718810e-02 -6.72257958e-01 
 4.75718810e-02 -6.76765089e-01 
 4.76718810e-02 -6.81107344e-01 
 4.77718810e-02 -6.85297462e-01 
 4.78718810e-02 -6.89347645e-01 
 4.79718810e-02 -6.93269379e-01 
 4.80718810e-02 -6.97073334e-01 
 4.81718810e-02 -7.00769336e-01 
 4.82718810e-02 -7.04366364e-01 
 4.83718810e-02 -7.07872589e-01 
 4.84718810e-02 -7.11295420e-01 
 4.85718810e-02 -7.14641562e-01 
 4.86718810e-02 -7.17917075e-01 
 4.87718810e-02 -7.21127437e-01 
 4.88718810e-02 -7.24277598e-01 
 4.89718810e-02 -7.27372034e-01 
 4.90718810e-02 -7.30414800e-01 
 4.91718810e-02 -7.33409570e-01 
 4.92718810e-02 -7.36359680e-01 
 4.93718810e-02 -7.39268163e-01 
 4.94718810e-02 -7.42137782e-01 
 4.95718810e-02 -7.44971058e-01 
 4.96718810e-02 -7.47770295e-01 
 4.97718810e-02 -7.50537602e-01 
 4.98718810e-02 -7.53274915e-01 
 4.99718810e-02 -7.55984011e-01 
 5.00718810e-02 -7.58666528e-01 
 5.01718810e-02 -7.61323974e-01 
 5.02718810e-02 -7.63957741e-01 
 5.03718810e-02 -7.66569119e-01 
 5.04718810e-02 -7.69159299e-01 
 5.05718810e-02 -7.71729388e-01 
 5.06718810e-02 -7.74280412e-01 
 5.07718810e-02 -7.76813323e-01 
 5.08718810e-02 -7.79329010e-01 
 5.09718810e-02 -7.81828298e-01 
 5.10718810e-02 -7.84311955e-01 
 5.11718810e-02 -7.86780698e-01 
 5.12718810e-02 -7.89235195e-01 
 5.13718810e-02 -7.91676070e-01 
 5.14718810e-02 -7.94103906e-01 
 5.15718810e-02 -7.96519244e-01 
 5.16718810e-02 -7.98922592e-01 
 5.17718810e-02 -8.01314424e-01 
 5.18718810e-02 -8.03695183e-01 
 5.19718810e-02 -8.06065282e-01 
 5.20718810e-02 -8.08425108e-01 
 5.21718810e-02 -8.10775022e-01 
 5.22718810e-02 -8.13115363e-01 
 5.23718810e-02 -8.15446446e-01 
 5.24718810e-02 -8.17768568e-01 
 5.25718810e-02 -8.20082008e-01 
 5.26718810e-02 -8.22387025e-01 
 5.27718810e-02 -8.24683864e-01 
 5.28718810e-02 -8.26972754e-01 
 5.29718810e-02 -8.29253913e-01 
 5.30718810e-02 -8.31527543e-01 
 5.31718810e-02 -8.33793838e-01 
 5.32718810e-02 -8.36052978e-01 
 5.33718810e-02 -8.38305135e-01 
 5.34718810e-02 -8.40550472e-01 
 5.35718810e-02 -8.42789144e-01 
 5.36718810e-02 -8.45021297e-01 
 5.37718810e-02 -8.47247070e-01 
 5.38718810e-02 -8.49466598e-01 
 5.39718810e-02 -8.51680008e-01 
 5.40718810e-02 -8.53887420e-01 
 5.41718810e-02 -8.56088952e-01 
 5.42718810e-02 -8.58284714e-01 
 5.43718810e-02 -8.60474815e-01 
 5.44718810e-02 -8.62659358e-01 
 5.45718810e-02 -8.64838440e-01 
 5.46718810e-02 -8.67012159e-01 
 5.47718810e-02 -8.69180605e-01 
 5.48718810e-02 -8.71343868e-01 
 5.49718810e-02 -8.73502033e-01 
 5.50718810e-02 -8.75655184e-01 
 5.51718810e-02 -8.77803400e-01 
 5.52718810e-02 -8.79946760e-01 
 5.53718810e-02 -8.82085337e-01 
 5.54718810e-02 -8.84219206e-01 
 5.55718810e-02 -8.86348437e-01 
 5.56718810e-02 -8.88473098e-01 
 5.57718810e-02 -8.90593255e-01 
 5.58718810e-02 -8.92708975e-01 
 5.59718810e-02 -8.94820318e-01 
 5.60718810e-02 -8.96927347e-01 
 5.61718810e-02 -8.99030120e-01 
 5.62718810e-02 -9.01128695e-01 
 5.63718810e-02 -9.03223129e-01 
 5.64718810e-02 -9.05313475e-01 
 5.65718810e-02 -9.07399787e-01 
 5.66718810e-02 -9.09482116e-01 
 5.67718810e-02 -9.11560514e-01 
 5.68718810e-02 -9.13635028e-01 
 5.69718810e-02 -9.15705707e-01 
 5.70718810e-02 -9.17772597e-01 
 5.71718810e-02 -9.19835744e-01 
 5.72718810e-02 -9.21895192e-01 
 5.73718810e-02 -9.23950984e-01 
 5.74718810e-02 -9.26003162e-01 
 5.75718810e-02 -9.28051768e-01 
 5.76718810e-02 -9.30096840e-01 
 5.77718810e-02 -9.32138420e-01 
 5.78718810e-02 -9.34176543e-01 
 5.79718810e-02 -9.36211249e-01 
 5.80718810e-02 -9.38242574e-01 
 5.81718810e-02 -9.40270552e-01 
 5.82718810e-02 -9.42295218e-01 
 5.83718810e-02 -9.44316608e-01 
 5.84718810e-02 -9.46334753e-01 
 5.85718810e-02 -9.48349686e-01 
 5.86718810e-02 -9.50361440e-01 
 5.87718810e-02 -9.52370044e-01 
 5.88718810e-02 -9.54375529e-01 
 5.89718810e-02 -9.56377925e-01 
 5.90718810e-02 -9.58377261e-01 
 5.91718810e-02 -9.60373566e-01 
 5.92718810e-02 -9.62366866e-01 
 5.93718810e-02 -9.64357189e-01 
 5.94718810e-02 -9.66344562e-01 
 5.95718810e-02 -9.68329011e-01 
 5.96718810e-02 -9.70310561e-01 
 5.97718810e-02 -9.72289237e-01 
 5.98718810e-02 -9.74265064e-01 
 5.99718810e-02 -9.76238066e-01 
 6.00718810e-02 -9.78208265e-01 
 6.01718810e-02 -9.80175686e-01 
 6.02718810e-02 -9.82140350e-01 
 6.03718810e-02 -9.84102280e-01 
 6.04718810e-02 -9.86061498e-01 
 6.05718810e-02 -9.88018024e-01 
 6.06718810e-02 -9.89971879e-01 
 6.07718810e-02 -9.91923084e-01 
 6.08718810e-02 -9.93871659e-01 
 6.09718810e-02 -9.95817623e-01 
 6.10718810e-02 -9.97760996e-01 
 6.11718810e-02 -9.99701797e-01 
 6.12718810e-02 -1.00164004e+00 
 6.13718810e-02 -1.00357575e+00 
 6.14718810e-02 -1.00550895e+00 
 6.15718810e-02 -1.00743964e+00 
 6.16718810e-02 -1.00936785e+00 
 6.17718810e-02 -1.01129359e+00 
 6.18718810e-02 -1.01321689e+00 
 6.19718810e-02 -1.01513775e+00 
 6.20718810e-02 -1.01705619e+00 
 6.21718810e-02 -1.01897224e+00 
 6.22718810e-02 -1.02088589e+00 
 6.23718810e-02 -1.02279718e+00 
 6.24718810e-02 -1.02470611e+00 
 6.25718810e-02 -1.02661270e+00 
 6.26718810e-02 -1.02851696e+00 
 6.27718810e-02 -1.03041891e+00 
 6.28718810e-02 -1.03231856e+00 
 6.29718810e-02 -1.03421593e+00 
 6.30718810e-02 -1.03611102e+00 
 6.31718810e-02 -1.03800386e+00 
 6.32718810e-02 -1.03989445e+00 
 6.33718810e-02 -1.04178281e+00 
 6.34718810e-02 -1.04366894e+00 
 6.35718810e-02 -1.04555287e+00 
 6.36718810e-02 -1.04743461e+00 
 6.37718810e-02 -1.04931416e+00 
 6.38718810e-02 -1.05119154e+00 
 6.39718810e-02 -1.05306676e+00 
 6.40718810e-02 -1.05493984e+00 
 6.41718810e-02 -1.05681077e+00 
 6.42718810e-02 -1.05867958e+00 
 6.43718810e-02 -1.06054628e+00 
 6.44718810e-02 -1.06241087e+00 
 6.45718810e-02 -1.06427336e+00 
 6.46718810e-02 -1.06613377e+00 
 6.47718810e-02 -1.06799211e+00 
 6.48718810e-02 -1.06984839e+00 
 6.49718810e-02 -1.07170261e+00 
 6.50718810e-02 -1.07355479e+00 
 6.51718810e-02 -1.07540493e+00 
 6.52718810e-02 -1.07725306e+00 
 6.53718810e-02 -1.07909916e+00 
 6.54718810e-02 -1.08094326e+00 
 6.55718810e-02 -1.08278536e+00 
 6.56718810e-02 -1.08462548e+00 
 6.57718810e-02 -1.08646361e+00 
 6.58718810e-02 -1.08829978e+00 
 6.59718810e-02 -1.09013398e+00 
 6.60718810e-02 -1.09196623e+00 
 6.61718810e-02 -1.09379653e+00 
 6.62718810e-02 -1.09562490e+00 
 6.63718810e-02 -1.09745134e+00 
 6.64718810e-02 -1.09927585e+00 
 6.65718810e-02 -1.10109846e+00 
 6.66718810e-02 -1.10291915e+00 
 6.67718810e-02 -1.10473795e+00 
 6.68718810e-02 -1.10655486e+00 
 6.69718810e-02 -1.10836988e+00 
 6.70718810e-02 -1.11018303e+00 
 6.71718810e-02 -1.11199431e+00 
 6.72718810e-02 -1.11380373e+00 
 6.73718810e-02 -1.11561129e+00 
 6.74718810e-02 -1.11741700e+00 
 6.75718810e-02 -1.11922087e+00 
 6.76718810e-02 -1.12102291e+00 
 6.77718810e-02 -1.12282312e+00 
 6.78718810e-02 -1.12462150e+00 
 6.79718810e-02 -1.12641807e+00 
 6.80718810e-02 -1.12821283e+00 
 6.81718810e-02 -1.13000579e+00 
 6.82718810e-02 -1.13179695e+00 
 6.83718810e-02 -1.13358632e+00 
 6.84718810e-02 -1.13537390e+00 
 6.85718810e-02 -1.13715970e+00 
 6.86718810e-02 -1.13894373e+00 
 6.87718810e-02 -1.14072599e+00 
 6.88718810e-02 -1.14250648e+00 
 6.89718810e-02 -1.14428522e+00 
 6.90718810e-02 -1.14606220e+00 
 6.91718810e-02 -1.14783744e+00 
 6.92718810e-02 -1.14961094e+00 
 6.93718810e-02 -1.15138269e+00 
 6.94718810e-02 -1.15315272e+00 
 6.95718810e-02 -1.15492102e+00 
 6.96718810e-02 -1.15668760e+00 
 6.97718810e-02 -1.15845246e+00 
 6.98718810e-02 -1.16021560e+00 
 6.99718810e-02 -1.16197704e+00 
 7.00718810e-02 -1.16373677e+00 
 7.01718810e-02 -1.16549481e+00 
 7.02718810e-02 -1.16725114e+00 
 7.03718810e-02 -1.16900579e+00 
 7.04718810e-02 -1.17075875e+00 
 7.05718810e-02 -1.17251003e+00 
 7.06718810e-02 -1.17425963e+00 
 7.07718810e-02 -1.17600755e+00 
 7.08718810e-02 -1.17775380e+00 
 7.09718810e-02 -1.17949839e+00 
 7.10718810e-02 -1.18124131e+00 
 7.11718810e-02 -1.18298257e+00 
 7.12718810e-02 -1.18472218e+00 
 7.13718810e-02 -1.18646013e+00 
 7.14718810e-02 -1.18819643e+00 
 7.15718810e-02 -1.18993109e+00 
 7.16718810e-02 -1.19166410e+00 
 7.17718810e-02 -1.19339548e+00 
 7.18718810e-02 -1.19512521e+00 
 7.19718810e-02 -1.19685332e+00 
 7.20718810e-02 -1.19857979e+00 
 7.21718810e-02 -1.20030463e+00 
 7.22718810e-02 -1.20202785e+00 
 7.23718810e-02 -1.20374944e+00 
 7.24718810e-02 -1.20546942e+00 
 7.25718810e-02 -1.20718777e+00 
 7.26718810e-02 -1.20890451e+00 
 7.27718810e-02 -1.21061964e+00 
 7.28718810e-02 -1.21233316e+00 
 7.29718810e-02 -1.21404507e+00 
 7.30718810e-02 -1.21575537e+00 
 7.31718810e-02 -1.21746407e+00 
 7.32718810e-02 -1.21917116e+00 
 7.33718810e-02 -1.22087666e+00 
 7.34718810e-02 -1.22258055e+00 
 7.35718810e-02 -1.22428285e+00 
 7.36718810e-02 -1.22598355e+00 
 7.37718810e-02 -1.22768266e+00 
 7.38718810e-02 -1.22938017e+00 
 7.39718810e-02 -1.23107610e+00 
 7.40718810e-02 -1.23277043e+00 
 7.41718810e-02 -1.23446317e+00 
 7.42718810e-02 -1.23615433e+00 
 7.43718810e-02 -1.23784390e+00 
 7.44718810e-02 -1.23953188e+00 
 7.45718810e-02 -1.24121827e+00 
 7.46718810e-02 -1.24290308e+00 
 7.47718810e-02 -1.24458631e+00 
 7.48718810e-02 -1.24626795e+00 
 7.49718810e-02 -1.24794801e+00 
 7.50718810e-02 -1.24962648e+00 
 7.51718810e-02 -1.25130337e+00 
 7.52718810e-02 -1.25297868e+00 
 7.53718810e-02 -1.25465240e+00 
 7.54718810e-02 -1.25632454e+00 
 7.55718810e-02 -1.25799510e+00 
 7.56718810e-02 -1.25966407e+00 
 7.57718810e-02 -1.26133145e+00 
 7.58718810e-02 -1.26299725e+00 
 7.59718810e-02 -1.26466147e+00 
 7.60718810e-02 -1.26632410e+00 
 7.61718810e-02 -1.26798513e+00 
 7.62718810e-02 -1.26964458e+00 
 7.63718810e-02 -1.27130244e+00 
 7.64718810e-02 -1.27295871e+00 
 7.65718810e-02 -1.27461339e+00 
 7.66718810e-02 -1.27626646e+00 
 7.67718810e-02 -1.27791795e+00 
 7.68718810e-02 -1.27956783e+00 
 7.69718810e-02 -1.28121611e+00 
 7.70718810e-02 -1.28286279e+00 
 7.71718810e-02 -1.28450787e+00 
 7.72718810e-02 -1.28615134e+00 
 7.73718810e-02 -1.28779319e+00 
 7.74718810e-02 -1.28943344e+00 
 7.75718810e-02 -1.29107207e+00 
 7.76718810e-02 -1.29270908e+00 
 7.77718810e-02 -1.29434446e+00 
 7.78718810e-02 -1.29597823e+00 
 7.79718810e-02 -1.29761036e+00 
 7.80718810e-02 -1.29924086e+00 
 7.81718810e-02 -1.30086972e+00 
 7.82718810e-02 -1.30249694e+00 
 7.83718810e-02 -1.30412252e+00 
 7.84718810e-02 -1.30574645e+00 
 7.85718810e-02 -1.30736872e+00 
 7.86718810e-02 -1.30898934e+00 
 7.87718810e-02 -1.31060829e+00 
 7.88718810e-02 -1.31222558e+00 
 7.89718810e-02 -1.31384118e+00 
 7.90718810e-02 -1.31545511e+00 
 7.91718810e-02 -1.31706736e+00 
 7.92718810e-02 -1.31867791e+00 
 7.93718810e-02 -1.32028676e+00 
 7.94718810e-02 -1.32189391e+00 
 7.95718810e-02 -1.32349935e+00 
 7.96718810e-02 -1.32510307e+00 
 7.97718810e-02 -1.32670507e+00 
 7.98718810e-02 -1.32830533e+00 
 7.99718810e-02 -1.32990386e+00 
 8.00718810e-02 -1.33150064e+00 
 8.01718810e-02 -1.33309566e+00 
 8.02718810e-02 -1.33468892e+00 
 8.03718810e-02 -1.33628041e+00 
 8.04718810e-02 -1.33787011e+00 
 8.05718810e-02 -1.33945803e+00 
 8.06718810e-02 -1.34104415e+00 
 8.07718810e-02 -1.34262845e+00 
 8.08718810e-02 -1.34421094e+00 
 8.09718810e-02 -1.34579160e+00 
 8.10718810e-02 -1.34737042e+00 
 8.11718810e-02 -1.34894740e+00 
 8.12718810e-02 -1.35052251e+00 
 8.13718810e-02 -1.35209575e+00 
 8.14718810e-02 -1.35366710e+00 
 8.15718810e-02 -1.35523656e+00 
 8.16718810e-02 -1.35680412e+00 
 8.17718810e-02 -1.35836975e+00 
 8.18718810e-02 -1.35993345e+00 
 8.19718810e-02 -1.36149521e+00 
 8.20718810e-02 -1.36305501e+00 
 8.21718810e-02 -1.36461283e+00 
 8.22718810e-02 -1.36616867e+00 
 8.23718810e-02 -1.36772252e+00 
 8.24718810e-02 -1.36927434e+00 
 8.25718810e-02 -1.37082414e+00 
 8.26718810e-02 -1.37237189e+00 
 8.27718810e-02 -1.37391759e+00 
 8.28718810e-02 -1.37546120e+00 
 8.29718810e-02 -1.37700273e+00 
 8.30718810e-02 -1.37854215e+00 
 8.31718810e-02 -1.38007945e+00 
 8.32718810e-02 -1.38161461e+00 
 8.33718810e-02 -1.38314761e+00 
 8.34718810e-02 -1.38467843e+00 
 8.35718810e-02 -1.38620707e+00 
 8.36718810e-02 -1.38773349e+00 
 8.37718810e-02 -1.38925769e+00 
 8.38718810e-02 -1.39077964e+00 
 8.39718810e-02 -1.39229933e+00 
 8.40718810e-02 -1.39381673e+00 
 8.41718810e-02 -1.39533183e+00 
 8.42718810e-02 -1.39684462e+00 
 8.43718810e-02 -1.39835506e+00 
 8.44718810e-02 -1.39986314e+00 
 8.45718810e-02 -1.40136884e+00 
 8.46718810e-02 -1.40287215e+00 
 8.47718810e-02 -1.40437304e+00 
 8.48718810e-02 -1.40587149e+00 
 8.49718810e-02 -1.40736748e+00 
 8.50718810e-02 -1.40886099e+00 
 8.51718810e-02 -1.41035200e+00 
 8.52718810e-02 -1.41184049e+00 
 8.53718810e-02 -1.41332645e+00 
 8.54718810e-02 -1.41480984e+00 
 8.55718810e-02 -1.41629065e+00 
 8.56718810e-02 -1.41776886e+00 
 8.57718810e-02 -1.41924445e+00 
 8.58718810e-02 -1.42071740e+00 
 8.59718810e-02 -1.42218769e+00 
 8.60718810e-02 -1.42365529e+00 
 8.61718810e-02 -1.42512019e+00 
 8.62718810e-02 -1.42658236e+00 
 8.63718810e-02 -1.42804180e+00 
 8.64718810e-02 -1.42949846e+00 
 8.65718810e-02 -1.43095235e+00 
 8.66718810e-02 -1.43240343e+00 
 8.67718810e-02 -1.43385168e+00 
 8.68718810e-02 -1.43529710e+00 
 8.69718810e-02 -1.43673965e+00 
 8.70718810e-02 -1.43817932e+00 
 8.71718810e-02 -1.43961609e+00 
 8.72718810e-02 -1.44104994e+00 
 8.73718810e-02 -1.44248085e+00 
 8.74718810e-02 -1.44390881e+00 
 8.75718810e-02 -1.44533379e+00 
 8.76718810e-02 -1.44675578e+00 
 8.77718810e-02 -1.44817477e+00 
 8.78718810e-02 -1.44959072e+00 
 8.79718810e-02 -1.45100363e+00 
 8.80718810e-02 -1.45241348e+00 
 8.81718810e-02 -1.45382026e+00 
 8.82718810e-02 -1.45522394e+00 
 8.83718810e-02 -1.45662451e+00 
 8.84718810e-02 -1.45802197e+00 
 8.85718810e-02 -1.45941628e+00 
 8.86718810e-02 -1.46080744e+00 
 8.87718810e-02 -1.46219543e+00 
 8.88718810e-02 -1.46358024e+00 
 8.89718810e-02 -1.46496186e+00 
 8.90718810e-02 -1.46634027e+00 
 8.91718810e-02 -1.46771546e+00 
 8.92718810e-02 -1.46908741e+00 
 8.93718810e-02 -1.47045613e+00 
 8.94718810e-02 -1.47182158e+00 
 8.95718810e-02 -1.47318377e+00 
 8.96718810e-02 -1.47454269e+00 
 8.97718810e-02 -1.47589831e+00 
 8.98718810e-02 -1.47725064e+00 
 8.99718810e-02 -1.47859967e+00 
 9.00718810e-02 -1.47994538e+00 
 9.01718810e-02 -1.48128777e+00 
 9.02718810e-02 -1.48262682e+00 
 9.03718810e-02 -1.48396254e+00 
 9.04718810e-02 -1.48529492e+00 
 9.05718810e-02 -1.48662394e+00 
 9.06718810e-02 -1.48794961e+00 
 9.07718810e-02 -1.48927192e+00 
 9.08718810e-02 -1.49059085e+00 
 9.09718810e-02 -1.49190642e+00 
 9.10718810e-02 -1.49321862e+00 
 9.11718810e-02 -1.49452743e+00 
 9.12718810e-02 -1.49583287e+00 
 9.13718810e-02 -1.49713492e+00 
 9.14718810e-02 -1.49843359e+00 
 9.15718810e-02 -1.49972887e+00 
 9.16718810e-02 -1.50102076e+00 
 9.17718810e-02 -1.50230927e+00 
 9.18718810e-02 -1.50359439e+00 
 9.19718810e-02 -1.50487612e+00 
 9.20718810e-02 -1.50615447e+00 
 9.21718810e-02 -1.50742943e+00 
 9.22718810e-02 -1.50870102e+00 
 9.23718810e-02 -1.50996922e+00 
 9.24718810e-02 -1.51123405e+00 
 9.25718810e-02 -1.51249550e+00 
 9.26718810e-02 -1.51375359e+00 
 9.27718810e-02 -1.51500832e+00 
 9.28718810e-02 -1.51625969e+00 
 9.29718810e-02 -1.51750770e+00 
 9.30718810e-02 -1.51875237e+00 
 9.31718810e-02 -1.51999369e+00 
 9.32718810e-02 -1.52123168e+00 
 9.33718810e-02 -1.52246635e+00 
 9.34718810e-02 -1.52369770e+00 
 9.35718810e-02 -1.52492573e+00 
 9.36718810e-02 -1.52615047e+00 
 9.37718810e-02 -1.52737191e+00 
 9.38718810e-02 -1.52859006e+00 
 9.39718810e-02 -1.52980494e+00 
 9.40718810e-02 -1.53101656e+00 
 9.41718810e-02 -1.53222492e+00 
 9.42718810e-02 -1.53343004e+00 
 9.43718810e-02 -1.53463192e+00 
 9.44718810e-02 -1.53583058e+00 
 9.45718810e-02 -1.53702604e+00 
 9.46718810e-02 -1.53821829e+00 
 9.47718810e-02 -1.53940736e+00 
 9.48718810e-02 -1.54059326e+00 
 9.49718810e-02 -1.54177600e+00 
 9.50718810e-02 -1.54295559e+00 
 9.51718810e-02 -1.54413205e+00 
 9.52718810e-02 -1.54530539e+00 
 9.53718810e-02 -1.54647562e+00 
 9.54718810e-02 -1.54764277e+00 
 9.55718810e-02 -1.54880683e+00 
 9.56718810e-02 -1.54996783e+00 
 9.57718810e-02 -1.55112579e+00 
 9.58718810e-02 -1.55228071e+00 
 9.59718810e-02 -1.55343262e+00 
 9.60718810e-02 -1.55458152e+00 
 9.61718810e-02 -1.55572744e+00 
 9.62718810e-02 -1.55687039e+00 
 9.63718810e-02 -1.55801038e+00 
 9.64718810e-02 -1.55914743e+00 
 9.65718810e-02 -1.56028157e+00 
 9.66718810e-02 -1.56141279e+00 
 9.67718810e-02 -1.56254113e+00 
 9.68718810e-02 -1.56366659e+00 
 9.69718810e-02 -1.56478920e+00 
 9.70718810e-02 -1.56590896e+00 
 9.71718810e-02 -1.56702591e+00 
 9.72718810e-02 -1.56814005e+00 
 9.73718810e-02 -1.56925140e+00 
 9.74718810e-02 -1.57035997e+00 
 9.75718810e-02 -1.57146580e+00 
 9.76718810e-02 -1.57256888e+00 
 9.77718810e-02 -1.57366925e+00 
 9.78718810e-02 -1.57476691e+00 
 9.79718810e-02 -1.57586189e+00 
 9.80718810e-02 -1.57695419e+00 
 9.81718810e-02 -1.57804385e+00 
 9.82718810e-02 -1.57913087e+00 
 9.83718810e-02 -1.58021528e+00 
 9.84718810e-02 -1.58129709e+00 
 9.85718810e-02 -1.58237632e+00 
 9.86718810e-02 -1.58345298e+00 
 9.87718810e-02 -1.58452710e+00 
 9.88718810e-02 -1.58559868e+00 
 9.89718810e-02 -1.58666776e+00 
 9.90718810e-02 -1.58773434e+00 
 9.91718810e-02 -1.58879844e+00 
 9.92718810e-02 -1.58986008e+00 
 9.93718810e-02 -1.59091928e+00 
 9.94718810e-02 -1.59197606e+00 
 9.95718810e-02 -1.59303042e+00 
 9.96718810e-02 -1.59408240e+00 
 9.97718810e-02 -1.59513200e+00 
 9.98718810e-02 -1.59617924e+00 
 9.99718810e-02 -1.59722414e+00 
 1.00071881e-01 -1.59826672e+00 
 1.00171881e-01 -1.59930700e+00 
 1.00271881e-01 -1.60034498e+00 
 1.00371881e-01 -1.60138069e+00 
 1.00471881e-01 -1.60241414e+00 
 1.00571881e-01 -1.60344535e+00 
 1.00671881e-01 -1.60447434e+00 
 1.00771881e-01 -1.60550112e+00 
 1.00871881e-01 -1.60652571e+00 
 1.00971881e-01 -1.60754813e+00 
 1.01071881e-01 -1.60856839e+00 
 1.01171881e-01 -1.60958650e+00 
 1.01271881e-01 -1.61060249e+00 
 1.01371881e-01 -1.61161637e+00 
 1.01471881e-01 -1.61262816e+00 
 1.01571881e-01 -1.61363786e+00 
 1.01671881e-01 -1.61464550e+00 
 1.01771881e-01 -1.61565109e+00 
 1.01871881e-01 -1.61665465e+00 
 1.01971881e-01 -1.61765620e+00 
 1.02071881e-01 -1.61865574e+00 
 1.02171881e-01 -1.61965329e+00 
 1.02271881e-01 -1.62064888e+00 
 1.02371881e-01 -1.62164250e+00 
 1.02471881e-01 -1.62263418e+00 
 1.02571881e-01 -1.62362394e+00 
 1.02671881e-01 -1.62461178e+00 
 1.02771881e-01 -1.62559773e+00 
 1.02871881e-01 -1.62658179e+00 
 1.02971881e-01 -1.62756398e+00 
 1.03071881e-01 -1.62854431e+00 
 1.03171881e-01 -1.62952281e+00 
 1.03271881e-01 -1.63049947e+00 
 1.03371881e-01 -1.63147433e+00 
 1.03471881e-01 -1.63244738e+00 
 1.03571881e-01 -1.63341864e+00 
 1.03671881e-01 -1.63438814e+00 
 1.03771881e-01 -1.63535587e+00 
 1.03871881e-01 -1.63632186e+00 
 1.03971881e-01 -1.63728612e+00 
 1.04071881e-01 -1.63824866e+00 
 1.04171881e-01 -1.63920949e+00 
 1.04271881e-01 -1.64016862e+00 
 1.04371881e-01 -1.64112608e+00 
 1.04471881e-01 -1.64208187e+00 
 1.04571881e-01 -1.64303600e+00 
 1.04671881e-01 -1.64398849e+00 
 1.04771881e-01 -1.64493935e+00 
 1.04871881e-01 -1.64588859e+00 
 1.04971881e-01 -1.64683622e+00 
 1.05071881e-01 -1.64778226e+00 
 1.05171881e-01 -1.64872672e+00 
 1.05271881e-01 -1.64966961e+00 
 1.05371881e-01 -1.65061093e+00 
 1.05471881e-01 -1.65155072e+00 
 1.05571881e-01 -1.65248896e+00 
 1.05671881e-01 -1.65342568e+00 
 1.05771881e-01 -1.65436089e+00 
 1.05871881e-01 -1.65529460e+00 
 1.05971881e-01 -1.65622682e+00 
 1.06071881e-01 -1.65715756e+00 
 1.06171881e-01 -1.65808683e+00 
 1.06271881e-01 -1.65901464e+00 
 1.06371881e-01 -1.65994101e+00 
 1.06471881e-01 -1.66086594e+00 
 1.06571881e-01 -1.66178945e+00 
 1.06671881e-01 -1.66271154e+00 
 1.06771881e-01 -1.66363222e+00 
 1.06871881e-01 -1.66455151e+00 
 1.06971881e-01 -1.66546942e+00 
 1.07071881e-01 -1.66638595e+00 
 1.07171881e-01 -1.66730112e+00 
 1.07271881e-01 -1.66821494e+00 
 1.07371881e-01 -1.66912741e+00 
 1.07471881e-01 -1.67003854e+00 
 1.07571881e-01 -1.67094835e+00 
 1.07671881e-01 -1.67185685e+00 
 1.07771881e-01 -1.67276403e+00 
 1.07871881e-01 -1.67366993e+00 
 1.07971881e-01 -1.67457453e+00 
 1.08071881e-01 -1.67547786e+00 
 1.08171881e-01 -1.67637991e+00 
 1.08271881e-01 -1.67728071e+00 
 1.08371881e-01 -1.67818025e+00 
 1.08471881e-01 -1.67907855e+00 
 1.08571881e-01 -1.67997562e+00 
 1.08671881e-01 -1.68087146e+00 
 1.08771881e-01 -1.68176609e+00 
 1.08871881e-01 -1.68265951e+00 
 1.08971881e-01 -1.68355173e+00 
 1.09071881e-01 -1.68444276e+00 
 1.09171881e-01 -1.68533260e+00 
 1.09271881e-01 -1.68622127e+00 
 1.09371881e-01 -1.68710877e+00 
 1.09471881e-01 -1.68799512e+00 
 1.09571881e-01 -1.68888031e+00 
 1.09671881e-01 -1.68976436e+00 
 1.09771881e-01 -1.69064728e+00 
 1.09871881e-01 -1.69152907e+00 
 1.09971881e-01 -1.69240973e+00 
 1.10071881e-01 -1.69328929e+00 
 1.10171881e-01 -1.69416774e+00 
 1.10271881e-01 -1.69504510e+00 
 1.10371881e-01 -1.69592136e+00 
 1.10471881e-01 -1.69679655e+00 
 1.10571881e-01 -1.69767066e+00 
 1.10671881e-01 -1.69854370e+00 
 1.10771881e-01 -1.69941568e+00 
 1.10871881e-01 -1.70028660e+00 
 1.10971881e-01 -1.70115648e+00 
 1.11071881e-01 -1.70202532e+00 
 1.11171881e-01 -1.70289312e+00 
 1.11271881e-01 -1.70375990e+00 
 1.11371881e-01 -1.70462566e+00 
 1.11471881e-01 -1.70549041e+00 
 1.11571881e-01 -1.70635415e+00 
 1.11671881e-01 -1.70721689e+00 
 1.11771881e-01 -1.70807863e+00 
 1.11871881e-01 -1.70893939e+00 
 1.11971881e-01 -1.70979917e+00 
 1.12071881e-01 -1.71065797e+00 
 1.12171881e-01 -1.71151581e+00 
 1.12271881e-01 -1.71237268e+00 
 1.12371881e-01 -1.71322860e+00 
 1.12471881e-01 -1.71408357e+00 
 1.12571881e-01 -1.71493759e+00 
 1.12671881e-01 -1.71579068e+00 
 1.12771881e-01 -1.71664283e+00 
 1.12871881e-01 -1.71749406e+00 
 1.12971881e-01 -1.71834436e+00 
 1.13071881e-01 -1.71919375e+00 
 1.13171881e-01 -1.72004223e+00 
 1.13271881e-01 -1.72088981e+00 
 1.13371881e-01 -1.72173649e+00 
 1.13471881e-01 -1.72258228e+00 
 1.13571881e-01 -1.72342718e+00 
 1.13671881e-01 -1.72427120e+00 
 1.13771881e-01 -1.72511434e+00 
 1.13871881e-01 -1.72595661e+00 
 1.13971881e-01 -1.72679801e+00 
 1.14071881e-01 -1.72763856e+00 
 1.14171881e-01 -1.72847825e+00 
 1.14271881e-01 -1.72931708e+00 
 1.14371881e-01 -1.73015508e+00 
 1.14471881e-01 -1.73099223e+00 
 1.14571881e-01 -1.73182855e+00 
 1.14671881e-01 -1.73266403e+00 
 1.14771881e-01 -1.73349869e+00 
 1.14871881e-01 -1.73433253e+00 
 1.14971881e-01 -1.73516556e+00 
 1.15071881e-01 -1.73599777e+00 
 1.15171881e-01 -1.73682917e+00 
 1.15271881e-01 -1.73765978e+00 
 1.15371881e-01 -1.73848958e+00 
 1.15471881e-01 -1.73931860e+00 
 1.15571881e-01 -1.74014682e+00 
 1.15671881e-01 -1.74097426e+00 
 1.15771881e-01 -1.74180092e+00 
 1.15871881e-01 -1.74262681e+00 
 1.15971881e-01 -1.74345193e+00 
 1.16071881e-01 -1.74427628e+00 
 1.16171881e-01 -1.74509987e+00 
 1.16271881e-01 -1.74592270e+00 
 1.16371881e-01 -1.74674477e+00 
 1.16471881e-01 -1.74756610e+00 
 1.16571881e-01 -1.74838668e+00 
 1.16671881e-01 -1.74920653e+00 
 1.16771881e-01 -1.75002563e+00 
 1.16871881e-01 -1.75084400e+00 
 1.16971881e-01 -1.75166164e+00 
 1.17071881e-01 -1.75247856e+00 
 1.17171881e-01 -1.75329476e+00 
 1.17271881e-01 -1.75411023e+00 
 1.17371881e-01 -1.75492500e+00 
 1.17471881e-01 -1.75573906e+00 
 1.17571881e-01 -1.75655241e+00 
 1.17671881e-01 -1.75736505e+00 
 1.17771881e-01 -1.75817700e+00 
 1.17871881e-01 -1.75898826e+00 
 1.17971881e-01 -1.75979882e+00 
 1.18071881e-01 -1.76060870e+00 
 1.18171881e-01 -1.76141789e+00 
 1.18271881e-01 -1.76222640e+00 
 1.18371881e-01 -1.76303424e+00 
 1.18471881e-01 -1.76384140e+00 
 1.18571881e-01 -1.76464789e+00 
 1.18671881e-01 -1.76545371e+00 
 1.18771881e-01 -1.76625888e+00 
 1.18871881e-01 -1.76706338e+00 
 1.18971881e-01 -1.76786723e+00 
 1.19071881e-01 -1.76867042e+00 
 1.19171881e-01 -1.76947296e+00 
 1.19271881e-01 -1.77027486e+00 
 1.19371881e-01 -1.77107612e+00 
 1.19471881e-01 -1.77187673e+00 
 1.19571881e-01 -1.77267671e+00 
 1.19671881e-01 -1.77347605e+00 
 1.19771881e-01 -1.77427477e+00 
 1.19871881e-01 -1.77507285e+00 
 1.19971881e-01 -1.77587031e+00 
 1.20000000e-01 -1.77609444e+00 
