 5.00000000e-09  2.35098346e-03 
 5.14019886e-09  2.41747381e-03 
 5.42059659e-09  2.55033204e-03 
 5.98139205e-09  2.81633433e-03 
 6.77345692e-09  3.19278101e-03 
 8.02719431e-09  3.79013439e-03 
 1.05346691e-08  4.98936787e-03 
 1.55496186e-08  7.40272118e-03 
 2.55795177e-08  1.22737951e-02 
 4.56122891e-08  2.21096287e-02 
 5.94321863e-08  2.89411977e-02 
 7.41962652e-08  3.62630868e-02 
 8.34845646e-08  4.08778289e-02 
 9.41018212e-08  4.61586345e-02 
 1.06648915e-07  5.24053557e-02 
 1.20280815e-07  5.91977950e-02 
 1.39376308e-07  6.87199177e-02 
 1.59801065e-07  7.89118915e-02 
 1.89870978e-07  9.39263129e-02 
 2.33180269e-07  1.15565689e-01 
 2.91286061e-07  1.44615662e-01 
 3.54175739e-07  1.76015973e-01 
 4.07994963e-07  2.02320598e-01 
 4.46652110e-07  2.19092407e-01 
 4.95460113e-07  2.35118254e-01 
 5.00000000e-07  2.36698571e-01 
 5.03806357e-07  2.38227226e-01 
 5.11419070e-07  2.41560175e-01 
 5.21114442e-07  2.46038612e-01 
 5.38883083e-07  2.54337306e-01 
 5.59676400e-07  2.64044509e-01 
 6.01263034e-07  2.83422882e-01 
 6.35223868e-07  2.99216834e-01 
 6.59483576e-07  3.10481742e-01 
 6.81407972e-07  3.20651211e-01 
 7.05179325e-07  3.31668292e-01 
 7.20836256e-07  3.38920998e-01 
 7.31670147e-07  3.43938622e-01 
 7.38162144e-07  3.46945235e-01 
 7.41797250e-07  3.48628781e-01 
 7.45203278e-07  3.50206298e-01 
 7.48769740e-07  3.51858226e-01 
 7.52328836e-07  3.53506882e-01 
 7.57387207e-07  3.55850352e-01 
 7.67503949e-07  3.60538880e-01 
 7.87296970e-07  3.69721977e-01 
 8.14255765e-07  3.82268354e-01 
 8.54058996e-07  4.00959897e-01 
 9.13061582e-07  4.29568264e-01 
 9.67087195e-07  4.57757388e-01 
 1.00000000e-06  4.76605688e-01 
 1.00644995e-06  4.80407590e-01 
 1.01934986e-06  4.87956561e-01 
 1.04053288e-06  5.00211133e-01 
 1.06252431e-06  5.12689753e-01 
 1.09020483e-06  5.27981658e-01 
 1.11911492e-06  5.43507663e-01 
 1.17693509e-06  5.73358829e-01 
 1.22612127e-06  5.97545910e-01 
 1.27694252e-06  6.21301858e-01 
 1.33773289e-06  6.48048201e-01 
 1.40599161e-06  6.75653049e-01 
 1.46468685e-06  6.94143380e-01 
 1.52311796e-06  7.07164294e-01 
 1.58137649e-06  7.16441759e-01 
 1.64586696e-06  7.23392515e-01 
 1.76082802e-06  7.30135177e-01 
 1.90257718e-06  7.33304845e-01 
 2.01540730e-06  7.34441812e-01 
 2.10623738e-06  7.35458532e-01 
 2.18055489e-06  7.36483529e-01 
 2.25221409e-06  7.38338598e-01 
 2.32038101e-06  7.39844694e-01 
 2.39214602e-06  7.41645812e-01 
 2.46185915e-06  7.43573442e-01 
 2.53783386e-06  7.45703085e-01 
 2.62080025e-06  7.47715698e-01 
 2.72009928e-06  7.47820209e-01 
 2.76985652e-06  7.59129688e-01 
 2.80255348e-06  7.92684674e-01 
 2.81965301e-06  8.26882222e-01 
 2.83772839e-06  8.62308356e-01 
 2.85630993e-06  8.84553031e-01 
 2.88077723e-06  8.96708343e-01 
 2.90411303e-06  9.00063222e-01 
 2.93381685e-06  9.00331933e-01 
 2.96272652e-06  8.95146802e-01 
 2.99574784e-06  8.85018635e-01 
 3.03150769e-06  8.80679140e-01 
 3.07472744e-06  8.86302839e-01 
 3.11647650e-06  8.95801028e-01 
 3.18234707e-06  9.09057290e-01 
 3.29477350e-06  9.26943607e-01 
 3.51962638e-06  9.56727977e-01 
 3.90331436e-06  1.00512298e+00 
 4.42898654e-06  1.08269915e+00 
 5.02842177e-06  1.16865996e+00 
 5.51110787e-06  8.29184794e-01 
 5.78901234e-06  8.04696214e-01 
 6.04551455e-06  8.60909970e-01 
 6.17077093e-06  8.95752338e-01 
 6.24684249e-06  1.17660553e+00 
 6.27993473e-06  1.34056434e+00 
 6.31222312e-06  1.45107448e+00 
 6.34758125e-06  1.55635712e+00 
 6.39027797e-06  1.66931683e+00 
 6.45605093e-06  1.81413610e+00 
 6.57794774e-06  2.01777983e+00 
 6.74101207e-06  2.22158570e+00 
 6.94472300e-06  2.42469272e+00 
 7.23245492e-06  2.66980499e+00 
 7.68040732e-06  3.01156681e+00 
 8.34175656e-06  3.49141796e+00 
 9.23989473e-06  4.13689536e+00 
 1.00000000e-05  4.68904406e+00 
 1.01178291e-05  4.71590221e+00 
 1.03534874e-05  4.76542687e+00 
 1.08248039e-05  4.83379866e+00 
 1.16087889e-05  4.84229918e+00 
 1.22236637e-05  4.85364616e+00 
 1.25838587e-05  4.92745384e+00 
 1.28077004e-05  4.99904957e+00 
 1.29704064e-05  5.05298832e+00 
 1.30756648e-05  5.08747936e+00 
 1.31769074e-05  5.12033262e+00 
 1.33793927e-05  5.18581646e+00 
 1.37843633e-05  5.31658114e+00 
 1.45943045e-05  5.57751740e+00 
 1.56519988e-05  5.91764631e+00 
 1.69235628e-05  6.32629214e+00 
 1.90511024e-05  6.86614712e+00 
 2.11807342e-05  6.99143305e+00 
 2.45128827e-05  7.01518201e+00 
 2.72327693e-05  7.00645005e+00 
 3.00346197e-05  7.00104340e+00 
 3.41847586e-05  6.99953789e+00 
 3.91769127e-05  6.99980298e+00 
 4.90902978e-05  7.00002416e+00 
 6.89170681e-05  7.00004260e+00 
 1.00000000e-04  7.00004074e+00 
 1.03965354e-04  7.00004137e+00 
 1.11896062e-04  7.00004415e+00 
 1.27757478e-04  7.00005012e+00 
 1.59480311e-04  7.00006247e+00 
 2.22925976e-04  7.00009122e+00 
 3.22925976e-04  7.00016426e+00 
 4.22925976e-04  7.00041821e+00 
 5.22925976e-04  6.04228135e+00 
 5.78608428e-04  5.96903843e+00 
 6.42222894e-04  6.01198171e+00 
 7.22961014e-04  6.00762074e+00 
 8.22961014e-04  6.00301358e+00 
 9.22961014e-04  6.00339475e+00 
 1.02296101e-03  6.00373875e+00 
 1.12296101e-03  6.00417186e+00 
 1.22296101e-03  6.00486610e+00 
 1.32296101e-03  6.00573735e+00 
 1.42296101e-03  6.00673781e+00 
 1.52296101e-03  6.00785244e+00 
 1.62296101e-03  6.00905732e+00 
 1.72296101e-03  6.01033640e+00 
 1.82296101e-03  6.01167826e+00 
 1.92296101e-03  6.01307384e+00 
 2.02296101e-03  6.01451605e+00 
 2.12296101e-03  6.01599923e+00 
 2.22296101e-03  6.01751881e+00 
 2.32296101e-03  6.01907102e+00 
 2.42296101e-03  6.02065267e+00 
 2.52296101e-03  6.02226088e+00 
 2.62296101e-03  6.02389130e+00 
 2.72296101e-03  6.02554347e+00 
 2.82296101e-03  6.02720630e+00 
 2.92296101e-03  6.02887422e+00 
 3.02296101e-03  6.03054355e+00 
 3.12296101e-03  6.03221308e+00 
 3.22296101e-03  6.03388280e+00 
 3.32296101e-03  6.03555263e+00 
 3.42296101e-03  6.03722223e+00 
 3.52296101e-03  6.03889098e+00 
 3.62296101e-03  6.04055875e+00 
 3.72296101e-03  6.04222147e+00 
 3.82296101e-03  6.04388213e+00 
 3.92296101e-03  6.04553562e+00 
 4.02296101e-03  6.04717979e+00 
 4.12296101e-03  6.04881227e+00 
 4.22296101e-03  6.05043114e+00 
 4.32296101e-03  6.05203303e+00 
 4.42296101e-03  6.05361832e+00 
 4.52296101e-03  6.05518503e+00 
 4.53546101e-03  6.05537991e+00 
 4.56046101e-03  6.05576715e+00 
 4.56671101e-03  6.05586353e+00 
 4.57921101e-03  6.05605629e+00 
 4.60421101e-03  6.05644229e+00 
 4.65421101e-03  6.05723560e+00 
 4.73400605e-03  6.05845863e+00 
 4.81569133e-03  6.05968265e+00 
 4.91569133e-03  6.06116671e+00 
 5.01569133e-03  6.06262780e+00 
 5.11569133e-03  6.06406454e+00 
 5.21569133e-03  6.06547720e+00 
 5.31569133e-03  6.06686562e+00 
 5.41569133e-03  6.06822964e+00 
 5.51569133e-03  6.06956921e+00 
 5.61569133e-03  6.07088428e+00 
 5.71569133e-03  6.07217479e+00 
 5.81569133e-03  6.07344068e+00 
 5.91569133e-03  6.07468188e+00 
 6.01569133e-03  6.07589831e+00 
 6.11569133e-03  6.07708992e+00 
 6.21569133e-03  6.07825664e+00 
 6.31569133e-03  6.07939843e+00 
 6.41569133e-03  6.08051526e+00 
 6.51569133e-03  6.08160710e+00 
 6.61569133e-03  6.08267397e+00 
 6.71569133e-03  6.08371587e+00 
 6.81569133e-03  6.08473286e+00 
 6.91569133e-03  6.08572500e+00 
 7.01569133e-03  6.08669238e+00 
 7.11569133e-03  6.08763510e+00 
 7.21569133e-03  6.08855332e+00 
 7.31569133e-03  6.08944718e+00 
 7.41569133e-03  6.09031688e+00 
 7.51569133e-03  6.09116261e+00 
 7.61569133e-03  6.09198463e+00 
 7.71569133e-03  6.09278317e+00 
 7.81569133e-03  6.09355851e+00 
 7.91569133e-03  6.09431097e+00 
 8.01569133e-03  6.09504084e+00 
 8.11569133e-03  6.09574847e+00 
 8.21569133e-03  6.09643420e+00 
 8.31569133e-03  6.09709842e+00 
 8.41569133e-03  6.09774150e+00 
 8.51569133e-03  6.09836384e+00 
 8.61569133e-03  6.09896584e+00 
 8.71569133e-03  6.09954794e+00 
 8.81569133e-03  6.10011055e+00 
 8.91569133e-03  6.10065412e+00 
 9.01569133e-03  6.10117908e+00 
 9.11569133e-03  6.10168588e+00 
 9.21569133e-03  6.10217497e+00 
 9.31569133e-03  6.10264682e+00 
 9.41569133e-03  6.10310186e+00 
 9.51569133e-03  6.10354056e+00 
 9.61569133e-03  6.10396337e+00 
 9.71569133e-03  6.10437074e+00 
 9.81569133e-03  6.10476311e+00 
 9.91569133e-03  6.10514095e+00 
 1.00156913e-02  6.10550467e+00 
 1.01156913e-02  6.10585473e+00 
 1.02156913e-02  6.10619154e+00 
 1.03156913e-02  6.10651554e+00 
 1.04156913e-02  6.10682713e+00 
 1.05156913e-02  6.10712673e+00 
 1.06156913e-02  6.10741473e+00 
 1.07156913e-02  6.10769152e+00 
 1.08156913e-02  6.10795750e+00 
 1.09156913e-02  6.10821304e+00 
 1.10156913e-02  6.10845849e+00 
 1.11156913e-02  6.10869423e+00 
 1.12156913e-02  6.10892059e+00 
 1.13156913e-02  6.10913791e+00 
 1.14156913e-02  6.10934653e+00 
 1.15156913e-02  6.10954676e+00 
 1.16156913e-02  6.10973891e+00 
 1.17156913e-02  6.10992329e+00 
 1.18156913e-02  6.11010018e+00 
 1.19156913e-02  6.11026988e+00 
 1.20156913e-02  6.11043265e+00 
 1.21156913e-02  6.11058876e+00 
 1.22156913e-02  6.11073847e+00 
 1.23156913e-02  6.11088202e+00 
 1.24156913e-02  6.11101965e+00 
 1.25156913e-02  6.11115161e+00 
 1.26156913e-02  6.11127810e+00 
 1.27156913e-02  6.11139934e+00 
 1.28156913e-02  6.11151555e+00 
 1.29156913e-02  6.11162693e+00 
 1.30156913e-02  6.11173366e+00 
 1.31156913e-02  6.11183594e+00 
 1.32156913e-02  6.11193394e+00 
 1.33156913e-02  6.11202783e+00 
 1.34156913e-02  6.11211779e+00 
 1.35156913e-02  6.11220397e+00 
 1.36156913e-02  6.11228653e+00 
 1.37156913e-02  6.11236561e+00 
 1.38156913e-02  6.11244136e+00 
 1.39156913e-02  6.11251392e+00 
 1.40156913e-02  6.11258340e+00 
 1.41156913e-02  6.11264996e+00 
 1.42156913e-02  6.11271369e+00 
 1.43156913e-02  6.11277473e+00 
 1.44156913e-02  6.11283318e+00 
 1.45156913e-02  6.11288914e+00 
 1.46156913e-02  6.11294273e+00 
 1.47156913e-02  6.11299405e+00 
 1.48156913e-02  6.11304318e+00 
 1.49156913e-02  6.11309022e+00 
 1.50156913e-02  6.11313526e+00 
 1.51156913e-02  6.11317838e+00 
 1.52156913e-02  6.11321966e+00 
 1.53156913e-02  6.11325918e+00 
 1.54156913e-02  6.11329701e+00 
 1.55156913e-02  6.11333323e+00 
 1.56156913e-02  6.11336790e+00 
 1.57156913e-02  6.11340108e+00 
 1.58156913e-02  6.11343285e+00 
 1.59156913e-02  6.11346326e+00 
 1.60156913e-02  6.11349236e+00 
 1.61156913e-02  6.11352022e+00 
 1.62156913e-02  6.11354689e+00 
 1.63156913e-02  6.11357242e+00 
 1.64156913e-02  6.11359684e+00 
 1.65156913e-02  6.11362023e+00 
 1.66156913e-02  6.11364261e+00 
 1.67156913e-02  6.11366402e+00 
 1.68156913e-02  6.11368452e+00 
 1.69156913e-02  6.11370414e+00 
 1.70156913e-02  6.11372292e+00 
 1.71156913e-02  6.11374089e+00 
 1.72156913e-02  6.11375809e+00 
 1.73156913e-02  6.11377454e+00 
 1.74156913e-02  6.11379030e+00 
 1.75156913e-02  6.11380537e+00 
 1.76156913e-02  6.11381979e+00 
 1.77156913e-02  6.11383360e+00 
 1.78156913e-02  6.11384681e+00 
 1.79156913e-02  6.11385945e+00 
 1.80156913e-02  6.11387155e+00 
 1.81156913e-02  6.11388313e+00 
 1.82156913e-02  6.11389421e+00 
 1.83156913e-02  6.11390481e+00 
 1.84156913e-02  6.11391496e+00 
 1.85156913e-02  6.11392466e+00 
 1.86156913e-02  6.11393395e+00 
 1.87156913e-02  6.11394285e+00 
 1.88156913e-02  6.11395135e+00 
 1.89156913e-02  6.11395949e+00 
 1.90156913e-02  6.11396728e+00 
 1.91156913e-02  6.11397474e+00 
 1.92156913e-02  6.11398187e+00 
 1.93156913e-02  6.11398869e+00 
 1.94156913e-02  6.11399522e+00 
 1.95156913e-02  6.11400147e+00 
 1.96156913e-02  6.11400745e+00 
 1.97156913e-02  6.11401318e+00 
 1.98156913e-02  6.11401865e+00 
 1.99156913e-02  6.11402389e+00 
 2.00000000e-02  6.11402813e+00 
 2.00100000e-02  6.10811299e+00 
 2.00300000e-02  6.07986536e+00 
 2.00700000e-02  6.01955036e+00 
 2.01500000e-02  5.97563069e+00 
 2.02500000e-02  5.94203877e+00 
 2.03500000e-02  5.91462168e+00 
 2.04500000e-02  5.89063879e+00 
 2.05500000e-02  5.86941331e+00 
 2.06500000e-02  5.85008712e+00 
 2.07500000e-02  5.83214535e+00 
 2.08500000e-02  5.81527818e+00 
 2.09500000e-02  5.79927002e+00 
 2.10500000e-02  5.78396644e+00 
 2.11500000e-02  5.76925386e+00 
 2.12500000e-02  5.75504611e+00 
 2.13500000e-02  5.74127620e+00 
 2.14500000e-02  5.72789101e+00 
 2.15500000e-02  5.71484762e+00 
 2.16500000e-02  5.70211081e+00 
 2.17500000e-02  5.68965128e+00 
 2.18500000e-02  5.67744436e+00 
 2.19500000e-02  5.66546902e+00 
 2.20500000e-02  5.65370717e+00 
 2.21500000e-02  5.64214310e+00 
 2.22500000e-02  5.63076303e+00 
 2.23500000e-02  5.61955484e+00 
 2.24500000e-02  5.60850772e+00 
 2.25500000e-02  5.59761203e+00 
 2.26500000e-02  5.58685910e+00 
 2.27500000e-02  5.57624107e+00 
 2.28500000e-02  5.56575083e+00 
 2.29500000e-02  5.55538186e+00 
 2.30500000e-02  5.54512821e+00 
 2.31500000e-02  5.53498440e+00 
 2.32500000e-02  5.52494537e+00 
 2.33500000e-02  5.51500644e+00 
 2.34500000e-02  5.50516328e+00 
 2.35500000e-02  5.49541183e+00 
 2.36500000e-02  5.48574834e+00 
 2.37500000e-02  5.47616926e+00 
 2.38500000e-02  5.46667129e+00 
 2.39500000e-02  5.45725134e+00 
 2.40500000e-02  5.44790649e+00 
 2.41500000e-02  5.43863398e+00 
 2.42500000e-02  5.42943123e+00 
 2.43500000e-02  5.42029577e+00 
 2.44500000e-02  5.41122530e+00 
 2.45500000e-02  5.40221761e+00 
 2.46500000e-02  5.39327063e+00 
 2.47500000e-02  5.38438236e+00 
 2.48500000e-02  5.37555092e+00 
 2.49500000e-02  5.36677454e+00 
 2.50500000e-02  5.35805149e+00 
 2.51500000e-02  5.34938015e+00 
 2.52500000e-02  5.34075896e+00 
 2.53500000e-02  5.33218645e+00 
 2.54500000e-02  5.32366120e+00 
 2.55500000e-02  5.31518184e+00 
 2.56500000e-02  5.30674708e+00 
 2.57500000e-02  5.29835567e+00 
 2.58500000e-02  5.29000642e+00 
 2.59500000e-02  5.28169818e+00 
 2.60500000e-02  5.27342986e+00 
 2.61500000e-02  5.26520040e+00 
 2.62500000e-02  5.25700878e+00 
 2.63500000e-02  5.24885403e+00 
 2.64500000e-02  5.24073521e+00 
 2.65500000e-02  5.23265141e+00 
 2.66500000e-02  5.22460177e+00 
 2.67500000e-02  5.21658543e+00 
 2.68500000e-02  5.20860161e+00 
 2.69500000e-02  5.20064951e+00 
 2.70500000e-02  5.19272837e+00 
 2.71500000e-02  5.18483749e+00 
 2.72500000e-02  5.17697614e+00 
 2.73500000e-02  5.16914365e+00 
 2.74500000e-02  5.16133937e+00 
 2.75500000e-02  5.15356266e+00 
 2.76500000e-02  5.14581291e+00 
 2.77500000e-02  5.13808951e+00 
 2.78500000e-02  5.13039191e+00 
 2.79500000e-02  5.12271953e+00 
 2.80500000e-02  5.11507184e+00 
 2.81500000e-02  5.10744831e+00 
 2.82500000e-02  5.09984844e+00 
 2.83500000e-02  5.09227173e+00 
 2.84500000e-02  5.08471772e+00 
 2.85500000e-02  5.07718592e+00 
 2.86500000e-02  5.06967589e+00 
 2.87500000e-02  5.06218720e+00 
 2.88500000e-02  5.05471942e+00 
 2.89500000e-02  5.04727213e+00 
 2.90500000e-02  5.03984494e+00 
 2.91500000e-02  5.03243746e+00 
 2.92500000e-02  5.02504930e+00 
 2.93500000e-02  5.01768010e+00 
 2.94500000e-02  5.01032949e+00 
 2.95500000e-02  5.00299713e+00 
 2.96500000e-02  4.99568267e+00 
 2.97500000e-02  4.98838579e+00 
 2.98500000e-02  4.98110617e+00 
 2.99500000e-02  4.97384347e+00 
 3.00500000e-02  4.96659741e+00 
 3.01500000e-02  4.95936768e+00 
 3.02500000e-02  4.95215398e+00 
 3.03500000e-02  4.94495604e+00 
 3.04500000e-02  4.93777358e+00 
 3.05500000e-02  4.93060632e+00 
 3.06500000e-02  4.92345400e+00 
 3.07500000e-02  4.91631637e+00 
 3.08500000e-02  4.90919316e+00 
 3.09500000e-02  4.90208414e+00 
 3.10500000e-02  4.89498907e+00 
 3.11500000e-02  4.88790770e+00 
 3.12500000e-02  4.88083982e+00 
 3.13500000e-02  4.87378519e+00 
 3.14500000e-02  4.86674360e+00 
 3.15500000e-02  4.85971492e+00 
 3.16500000e-02  4.82157746e+00 
 3.17306793e-02  4.47945016e+00 
 3.18233490e-02  3.11989666e+00 
 3.18564078e-02  2.93456491e+00 
 3.18891625e-02  2.90999557e+00 
 3.19019114e-02  2.90777049e+00 
 3.19197184e-02  2.90206908e+00 
 3.19447340e-02  2.89364536e+00 
 3.19853552e-02  2.88179556e+00 
 3.20665976e-02  2.86311344e+00 
 3.21665976e-02  2.84604471e+00 
 3.22665976e-02  2.83311632e+00 
 3.23665976e-02  2.82293525e+00 
 3.24665976e-02  2.81470657e+00 
 3.25665976e-02  2.80791606e+00 
 3.26665976e-02  2.80221311e+00 
 3.26790976e-02  2.80156357e+00 
 3.27040976e-02  2.80030192e+00 
 3.27103476e-02  2.79999428e+00 
 3.27228476e-02  2.79938779e+00 
 3.27478476e-02  2.79820927e+00 
 3.27754829e-02  2.79695706e+00 
 3.28010499e-02  2.79584305e+00 
 3.28425994e-02  2.79411769e+00 
 3.29256984e-02  2.79095129e+00 
 3.30256984e-02  2.78757376e+00 
 3.31256984e-02  2.78459119e+00 
 3.32256984e-02  2.78193857e+00 
 3.33256984e-02  2.77956454e+00 
 3.34256984e-02  2.77742800e+00 
 3.35256984e-02  2.77549573e+00 
 3.36256984e-02  2.77374079e+00 
 3.37256984e-02  2.77214115e+00 
 3.38256984e-02  2.77067792e+00 
 3.39256984e-02  2.76933579e+00 
 3.40256984e-02  2.76810172e+00 
 3.41256984e-02  2.76696479e+00 
 3.42256984e-02  2.76591598e+00 
 3.43256984e-02  2.76494788e+00 
 3.44256984e-02  2.76405464e+00 
 3.45256984e-02  2.76323171e+00 
 3.46256984e-02  2.76247579e+00 
 3.47256984e-02  2.76178450e+00 
 3.48256984e-02  2.76115609e+00 
 3.49256984e-02  2.76058905e+00 
 3.50256984e-02  2.76008154e+00 
 3.51256984e-02  2.75963103e+00 
 3.52256984e-02  2.75923393e+00 
 3.53256984e-02  2.75888564e+00 
 3.54256984e-02  2.75858072e+00 
 3.55256984e-02  2.75831345e+00 
 3.56256984e-02  2.75807789e+00 
 3.57256984e-02  2.75786886e+00 
 3.58256984e-02  2.75768180e+00 
 3.59256984e-02  2.75751298e+00 
 3.60256984e-02  2.75735937e+00 
 3.61256984e-02  2.75721860e+00 
 3.62256984e-02  2.75708877e+00 
 3.63256984e-02  2.75696841e+00 
 3.64256984e-02  2.75685629e+00 
 3.65256984e-02  2.75675144e+00 
 3.66256984e-02  2.75665300e+00 
 3.67256984e-02  2.75656030e+00 
 3.68256984e-02  2.75647275e+00 
 3.69256984e-02  2.75638982e+00 
 3.70256984e-02  2.75631110e+00 
 3.71256984e-02  2.75623620e+00 
 3.72256984e-02  2.75616479e+00 
 3.73256984e-02  2.75609658e+00 
 3.74256984e-02  2.75603131e+00 
 3.75256984e-02  2.75596875e+00 
 3.76256984e-02  2.75590870e+00 
 3.77256984e-02  2.75585098e+00 
 3.78256984e-02  2.75579542e+00 
 3.79256984e-02  2.75574188e+00 
 3.80256984e-02  2.75569023e+00 
 3.81256984e-02  2.75564034e+00 
 3.82256984e-02  2.75559210e+00 
 3.83256984e-02  2.75554542e+00 
 3.84256984e-02  2.75550020e+00 
 3.85256984e-02  2.75545636e+00 
 3.86256984e-02  2.75541382e+00 
 3.87256984e-02  2.75537252e+00 
 3.88256984e-02  2.75533238e+00 
 3.89256984e-02  2.75529334e+00 
 3.90256984e-02  2.75525536e+00 
 3.91256984e-02  2.75521837e+00 
 3.92256984e-02  2.75518233e+00 
 3.93256984e-02  2.75514720e+00 
 3.94256984e-02  2.75511293e+00 
 3.95256984e-02  2.75507948e+00 
 3.96256984e-02  2.75504682e+00 
 3.97256984e-02  2.75501492e+00 
 3.98256984e-02  2.75498373e+00 
 3.99256984e-02  2.75495324e+00 
 4.00256984e-02  2.75492340e+00 
 4.01256984e-02  2.75489421e+00 
 4.02256984e-02  2.75486562e+00 
 4.03256984e-02  2.75483762e+00 
 4.04256984e-02  2.75481019e+00 
 4.05256984e-02  2.75478330e+00 
 4.06256984e-02  2.75475693e+00 
 4.07256984e-02  2.75473107e+00 
 4.08256984e-02  2.75470569e+00 
 4.09256984e-02  2.75468078e+00 
 4.10256984e-02  2.75465633e+00 
 4.11256984e-02  2.75463231e+00 
 4.12256984e-02  2.75460872e+00 
 4.13256984e-02  2.75458554e+00 
 4.14256984e-02  2.75456275e+00 
 4.15256984e-02  2.75454035e+00 
 4.16256984e-02  2.75451832e+00 
 4.17256984e-02  2.75449665e+00 
 4.18256984e-02  2.75447533e+00 
 4.19256984e-02  2.75445435e+00 
 4.20256984e-02  2.75443369e+00 
 4.21256984e-02  2.75441336e+00 
 4.22256984e-02  2.75439333e+00 
 4.23256984e-02  2.75437361e+00 
 4.24256984e-02  2.75435418e+00 
 4.25256984e-02  2.75433503e+00 
 4.26256984e-02  2.75431616e+00 
 4.27256984e-02  2.75429756e+00 
 4.28256984e-02  2.75427923e+00 
 4.29256984e-02  2.75426115e+00 
 4.30256984e-02  2.75424331e+00 
 4.31256984e-02  2.75422572e+00 
 4.32256984e-02  2.75420837e+00 
 4.33256984e-02  2.75419125e+00 
 4.34256984e-02  2.75417435e+00 
 4.35256984e-02  2.75415767e+00 
 4.36256984e-02  2.75414121e+00 
 4.37256984e-02  2.75412496e+00 
 4.38256984e-02  2.75410892e+00 
 4.39256984e-02  2.75409307e+00 
 4.40256984e-02  2.75407743e+00 
 4.41256984e-02  2.75406198e+00 
 4.42256984e-02  2.75404672e+00 
 4.43256984e-02  2.75403165e+00 
 4.44256984e-02  2.75401677e+00 
 4.45256984e-02  2.75400207e+00 
 4.46256984e-02  2.75398756e+00 
 4.47256984e-02  2.75397323e+00 
 4.48256984e-02  2.75395908e+00 
 4.49256984e-02  2.75394512e+00 
 4.50256984e-02  2.75393134e+00 
 4.51256984e-02  2.75391775e+00 
 4.52256984e-02  2.75390436e+00 
 4.53256984e-02  2.75389116e+00 
 4.54256984e-02  2.75387817e+00 
 4.55256984e-02  2.75386540e+00 
 4.56256984e-02  2.75385285e+00 
 4.57256984e-02  2.75384054e+00 
 4.58256984e-02  2.75382848e+00 
 4.59256984e-02  2.75381668e+00 
 4.60256984e-02  2.75380516e+00 
 4.61256984e-02  2.75379393e+00 
 4.62256984e-02  2.75378300e+00 
 4.63256984e-02  2.75377239e+00 
 4.64256984e-02  2.75376210e+00 
 4.65256984e-02  2.75375215e+00 
 4.66256984e-02  2.75374254e+00 
 4.67256984e-02  2.75373326e+00 
 4.68256984e-02  2.75372431e+00 
 4.69256984e-02  2.75371569e+00 
 4.70256984e-02  2.75370738e+00 
 4.71256984e-02  2.75369938e+00 
 4.72256984e-02  2.75369167e+00 
 4.73256984e-02  2.75368423e+00 
 4.74256984e-02  2.75367705e+00 
 4.75256984e-02  2.75367011e+00 
 4.76256984e-02  2.75366339e+00 
 4.77256984e-02  2.75365689e+00 
 4.78256984e-02  2.75365057e+00 
 4.79256984e-02  2.75364444e+00 
 4.80256984e-02  2.75363847e+00 
 4.81256984e-02  2.75363266e+00 
 4.82256984e-02  2.75362698e+00 
 4.83256984e-02  2.75362144e+00 
 4.84256984e-02  2.75361603e+00 
 4.85256984e-02  2.75361072e+00 
 4.86256984e-02  2.75360552e+00 
 4.87256984e-02  2.75360042e+00 
 4.88256984e-02  2.75359540e+00 
 4.89256984e-02  2.75359048e+00 
 4.90256984e-02  2.75358563e+00 
 4.91256984e-02  2.75358085e+00 
 4.92256984e-02  2.75357615e+00 
 4.93256984e-02  2.75357151e+00 
 4.94256984e-02  2.75356693e+00 
 4.95256984e-02  2.75356241e+00 
 4.96256984e-02  2.75355794e+00 
 4.97256984e-02  2.75355353e+00 
 4.98256984e-02  2.75354916e+00 
 4.99256984e-02  2.75354484e+00 
 5.00256984e-02  2.75354056e+00 
 5.01256984e-02  2.75353632e+00 
 5.02256984e-02  2.75353212e+00 
 5.03256984e-02  2.75352796e+00 
 5.04256984e-02  2.75352384e+00 
 5.05256984e-02  2.75351974e+00 
 5.06256984e-02  2.75351568e+00 
 5.07256984e-02  2.75351165e+00 
 5.08256984e-02  2.75350765e+00 
 5.09256984e-02  2.75350368e+00 
 5.10256984e-02  2.75349973e+00 
 5.11256984e-02  2.75349581e+00 
 5.12256984e-02  2.75349192e+00 
 5.13256984e-02  2.75348805e+00 
 5.14256984e-02  2.75348420e+00 
 5.15256984e-02  2.75348037e+00 
 5.16256984e-02  2.75347656e+00 
 5.17256984e-02  2.75347278e+00 
 5.18256984e-02  2.75346901e+00 
 5.19256984e-02  2.75346527e+00 
 5.20256984e-02  2.75346154e+00 
 5.21256984e-02  2.75345783e+00 
 5.22256984e-02  2.75345414e+00 
 5.23256984e-02  2.75345046e+00 
 5.24256984e-02  2.75344680e+00 
 5.25256984e-02  2.75344316e+00 
 5.26256984e-02  2.75343953e+00 
 5.27256984e-02  2.75343592e+00 
 5.28256984e-02  2.75343232e+00 
 5.29256984e-02  2.75342874e+00 
 5.30256984e-02  2.75342517e+00 
 5.31256984e-02  2.75342161e+00 
 5.32256984e-02  2.75341807e+00 
 5.33256984e-02  2.75341454e+00 
 5.34256984e-02  2.75341103e+00 
 5.35256984e-02  2.75340753e+00 
 5.36256984e-02  2.75340404e+00 
 5.37256984e-02  2.75340056e+00 
 5.38256984e-02  2.75339709e+00 
 5.39256984e-02  2.75339364e+00 
 5.40256984e-02  2.75339019e+00 
 5.41256984e-02  2.75338676e+00 
 5.42256984e-02  2.75338334e+00 
 5.43256984e-02  2.75337993e+00 
 5.44256984e-02  2.75337654e+00 
 5.45256984e-02  2.75337315e+00 
 5.46256984e-02  2.75336977e+00 
 5.47256984e-02  2.75336641e+00 
 5.48256984e-02  2.75336305e+00 
 5.49256984e-02  2.75335970e+00 
 5.50256984e-02  2.75335637e+00 
 5.51256984e-02  2.75335304e+00 
 5.52256984e-02  2.75334972e+00 
 5.53256984e-02  2.75334642e+00 
 5.54256984e-02  2.75334312e+00 
 5.55256984e-02  2.75333983e+00 
 5.56256984e-02  2.75333655e+00 
 5.57256984e-02  2.75333328e+00 
 5.58256984e-02  2.75333002e+00 
 5.59256984e-02  2.75332677e+00 
 5.60256984e-02  2.75332352e+00 
 5.61256984e-02  2.75332029e+00 
 5.62256984e-02  2.75331706e+00 
 5.63256984e-02  2.75331384e+00 
 5.64256984e-02  2.75331063e+00 
 5.65256984e-02  2.75330743e+00 
 5.66256984e-02  2.75330423e+00 
 5.67256984e-02  2.75330105e+00 
 5.68256984e-02  2.75329787e+00 
 5.69256984e-02  2.75329470e+00 
 5.70256984e-02  2.75329154e+00 
 5.71256984e-02  2.75328838e+00 
 5.72256984e-02  2.75328523e+00 
 5.73256984e-02  2.75328209e+00 
 5.74256984e-02  2.75327896e+00 
 5.75256984e-02  2.75327584e+00 
 5.76256984e-02  2.75327272e+00 
 5.77256984e-02  2.75326961e+00 
 5.78256984e-02  2.75326651e+00 
 5.79256984e-02  2.75326341e+00 
 5.80256984e-02  2.75326032e+00 
 5.81256984e-02  2.75325724e+00 
 5.82256984e-02  2.75325416e+00 
 5.83256984e-02  2.75325109e+00 
 5.84256984e-02  2.75324803e+00 
 5.85256984e-02  2.75324498e+00 
 5.86256984e-02  2.75324193e+00 
 5.87256984e-02  2.75323889e+00 
 5.88256984e-02  2.75323585e+00 
 5.89256984e-02  2.75323282e+00 
 5.90256984e-02  2.75322980e+00 
 5.91256984e-02  2.75322678e+00 
 5.92256984e-02  2.75322377e+00 
 5.93256984e-02  2.75322077e+00 
 5.94256984e-02  2.75321777e+00 
 5.95256984e-02  2.75321478e+00 
 5.96256984e-02  2.75321180e+00 
 5.97256984e-02  2.75320882e+00 
 5.98256984e-02  2.75320585e+00 
 5.99256984e-02  2.75320288e+00 
 6.00256984e-02  2.75319992e+00 
 6.01256984e-02  2.75319696e+00 
 6.02256984e-02  2.75319401e+00 
 6.03256984e-02  2.75319107e+00 
 6.04256984e-02  2.75318813e+00 
 6.05256984e-02  2.75318520e+00 
 6.06256984e-02  2.75318228e+00 
 6.07256984e-02  2.75317935e+00 
 6.08256984e-02  2.75317644e+00 
 6.09256984e-02  2.75317353e+00 
 6.10256984e-02  2.75317063e+00 
 6.11256984e-02  2.75316773e+00 
 6.12256984e-02  2.75316484e+00 
 6.13256984e-02  2.75316195e+00 
 6.14256984e-02  2.75315907e+00 
 6.15256984e-02  2.75315619e+00 
 6.16256984e-02  2.75315332e+00 
 6.17256984e-02  2.75315045e+00 
 6.18256984e-02  2.75314759e+00 
 6.19256984e-02  2.75314474e+00 
 6.20256984e-02  2.75314189e+00 
 6.21256984e-02  2.75313904e+00 
 6.22256984e-02  2.75313620e+00 
 6.23256984e-02  2.75313337e+00 
 6.24256984e-02  2.75313054e+00 
 6.25256984e-02  2.75312771e+00 
 6.26256984e-02  2.75312489e+00 
 6.27256984e-02  2.75312208e+00 
 6.28256984e-02  2.75311927e+00 
 6.29256984e-02  2.75311646e+00 
 6.30256984e-02  2.75311366e+00 
 6.31256984e-02  2.75311087e+00 
 6.32256984e-02  2.75310808e+00 
 6.33256984e-02  2.75310529e+00 
 6.34256984e-02  2.75310251e+00 
 6.35256984e-02  2.75309974e+00 
 6.36256984e-02  2.75309696e+00 
 6.37256984e-02  2.75309420e+00 
 6.38256984e-02  2.75309144e+00 
 6.39256984e-02  2.75308868e+00 
 6.40256984e-02  2.75308593e+00 
 6.41256984e-02  2.75308318e+00 
 6.42256984e-02  2.75308044e+00 
 6.43256984e-02  2.75307770e+00 
 6.44256984e-02  2.75307497e+00 
 6.45256984e-02  2.75307224e+00 
 6.46256984e-02  2.75306951e+00 
 6.47256984e-02  2.75306679e+00 
 6.48256984e-02  2.75306408e+00 
 6.49256984e-02  2.75306137e+00 
 6.50256984e-02  2.75305866e+00 
 6.51256984e-02  2.75305596e+00 
 6.52256984e-02  2.75305326e+00 
 6.53256984e-02  2.75305056e+00 
 6.54256984e-02  2.75304788e+00 
 6.55256984e-02  2.75304519e+00 
 6.56256984e-02  2.75304251e+00 
 6.57256984e-02  2.75303983e+00 
 6.58256984e-02  2.75303716e+00 
 6.59256984e-02  2.75303450e+00 
 6.60256984e-02  2.75303183e+00 
 6.61256984e-02  2.75302917e+00 
 6.62256984e-02  2.75302652e+00 
 6.63256984e-02  2.75302387e+00 
 6.64256984e-02  2.75302122e+00 
 6.65256984e-02  2.75301858e+00 
 6.66256984e-02  2.75301594e+00 
 6.67256984e-02  2.75301331e+00 
 6.68256984e-02  2.75301068e+00 
 6.69256984e-02  2.75300805e+00 
 6.70256984e-02  2.75300543e+00 
 6.71256984e-02  2.75300281e+00 
 6.72256984e-02  2.75300020e+00 
 6.73256984e-02  2.75299759e+00 
 6.74256984e-02  2.75299498e+00 
 6.75256984e-02  2.75299238e+00 
 6.76256984e-02  2.75298978e+00 
 6.77256984e-02  2.75298719e+00 
 6.78256984e-02  2.75298460e+00 
 6.79256984e-02  2.75298202e+00 
 6.80256984e-02  2.75297943e+00 
 6.81256984e-02  2.75297686e+00 
 6.82256984e-02  2.75297428e+00 
 6.83256984e-02  2.75297171e+00 
 6.84256984e-02  2.75296915e+00 
 6.85256984e-02  2.75296659e+00 
 6.86256984e-02  2.75296403e+00 
 6.87256984e-02  2.75296147e+00 
 6.88256984e-02  2.75295892e+00 
 6.89256984e-02  2.75295638e+00 
 6.90256984e-02  2.75295383e+00 
 6.91256984e-02  2.75295129e+00 
 6.92256984e-02  2.75294876e+00 
 6.93256984e-02  2.75294623e+00 
 6.94256984e-02  2.75294370e+00 
 6.95256984e-02  2.75294118e+00 
 6.96256984e-02  2.75293866e+00 
 6.97256984e-02  2.75293614e+00 
 6.98256984e-02  2.75293363e+00 
 6.99256984e-02  2.75293112e+00 
 7.00256984e-02  2.75292861e+00 
 7.01256984e-02  2.75292611e+00 
 7.02256984e-02  2.75292361e+00 
 7.03256984e-02  2.75292112e+00 
 7.04256984e-02  2.75291863e+00 
 7.05256984e-02  2.75291614e+00 
 7.06256984e-02  2.75291366e+00 
 7.07256984e-02  2.75291118e+00 
 7.08256984e-02  2.75290870e+00 
 7.09256984e-02  2.75290623e+00 
 7.10256984e-02  2.75290376e+00 
 7.11256984e-02  2.75290129e+00 
 7.12256984e-02  2.75289883e+00 
 7.13256984e-02  2.75289637e+00 
 7.14256984e-02  2.75289392e+00 
 7.15256984e-02  2.75289146e+00 
 7.16256984e-02  2.75288902e+00 
 7.17256984e-02  2.75288657e+00 
 7.18256984e-02  2.75288413e+00 
 7.19256984e-02  2.75288169e+00 
 7.20256984e-02  2.75287926e+00 
 7.21256984e-02  2.75287683e+00 
 7.22256984e-02  2.75287440e+00 
 7.23256984e-02  2.75287198e+00 
 7.24256984e-02  2.75286956e+00 
 7.25256984e-02  2.75286714e+00 
 7.26256984e-02  2.75286473e+00 
 7.27256984e-02  2.75286232e+00 
 7.28256984e-02  2.75285991e+00 
 7.29256984e-02  2.75285751e+00 
 7.30256984e-02  2.75285511e+00 
 7.31256984e-02  2.75285272e+00 
 7.32256984e-02  2.75285032e+00 
 7.33256984e-02  2.75284793e+00 
 7.34256984e-02  2.75284555e+00 
 7.35256984e-02  2.75284316e+00 
 7.36256984e-02  2.75284079e+00 
 7.37256984e-02  2.75283841e+00 
 7.38256984e-02  2.75283604e+00 
 7.39256984e-02  2.75283367e+00 
 7.40256984e-02  2.75283130e+00 
 7.41256984e-02  2.75282894e+00 
 7.42256984e-02  2.75282658e+00 
 7.43256984e-02  2.75282422e+00 
 7.44256984e-02  2.75282187e+00 
 7.45256984e-02  2.75281952e+00 
 7.46256984e-02  2.75281718e+00 
 7.47256984e-02  2.75281483e+00 
 7.48256984e-02  2.75281249e+00 
 7.49256984e-02  2.75281016e+00 
 7.50256984e-02  2.75280783e+00 
 7.51256984e-02  2.75280550e+00 
 7.52256984e-02  2.75280317e+00 
 7.53256984e-02  2.75280085e+00 
 7.54256984e-02  2.75279853e+00 
 7.55256984e-02  2.75279621e+00 
 7.56256984e-02  2.75279390e+00 
 7.57256984e-02  2.75279159e+00 
 7.58256984e-02  2.75278928e+00 
 7.59256984e-02  2.75278698e+00 
 7.60256984e-02  2.75278468e+00 
 7.61256984e-02  2.75278238e+00 
 7.62256984e-02  2.75278008e+00 
 7.63256984e-02  2.75277779e+00 
 7.64256984e-02  2.75277551e+00 
 7.65256984e-02  2.75277322e+00 
 7.66256984e-02  2.75277094e+00 
 7.67256984e-02  2.75276866e+00 
 7.68256984e-02  2.75276639e+00 
 7.69256984e-02  2.75276412e+00 
 7.70256984e-02  2.75276185e+00 
 7.71256984e-02  2.75275958e+00 
 7.72256984e-02  2.75275732e+00 
 7.73256984e-02  2.75275506e+00 
 7.74256984e-02  2.75275280e+00 
 7.75256984e-02  2.75275055e+00 
 7.76256984e-02  2.75274830e+00 
 7.77256984e-02  2.75274606e+00 
 7.78256984e-02  2.75274381e+00 
 7.79256984e-02  2.75274157e+00 
 7.80256984e-02  2.75273934e+00 
 7.81256984e-02  2.75273710e+00 
 7.82256984e-02  2.75273487e+00 
 7.83256984e-02  2.75273264e+00 
 7.84256984e-02  2.75273042e+00 
 7.85256984e-02  2.75272820e+00 
 7.86256984e-02  2.75272598e+00 
 7.87256984e-02  2.75272377e+00 
 7.88256984e-02  2.75272156e+00 
 7.89256984e-02  2.75271935e+00 
 7.90256984e-02  2.75271714e+00 
 7.91256984e-02  2.75271494e+00 
 7.92256984e-02  2.75271274e+00 
 7.93256984e-02  2.75271055e+00 
 7.94256984e-02  2.75270835e+00 
 7.95256984e-02  2.75270616e+00 
 7.96256984e-02  2.75270398e+00 
 7.97256984e-02  2.75270179e+00 
 7.98256984e-02  2.75269961e+00 
 7.99256984e-02  2.75269744e+00 
 8.00256984e-02  2.75269526e+00 
 8.01256984e-02  2.75269309e+00 
 8.02256984e-02  2.75269093e+00 
 8.03256984e-02  2.75268876e+00 
 8.04256984e-02  2.75268660e+00 
 8.05256984e-02  2.75268444e+00 
 8.06256984e-02  2.75268229e+00 
 8.07256984e-02  2.75268014e+00 
 8.08256984e-02  2.75267799e+00 
 8.09256984e-02  2.75267584e+00 
 8.10256984e-02  2.75267370e+00 
 8.11256984e-02  2.75267156e+00 
 8.12256984e-02  2.75266943e+00 
 8.13256984e-02  2.75266730e+00 
 8.14256984e-02  2.75266517e+00 
 8.15256984e-02  2.75266304e+00 
 8.16256984e-02  2.75266092e+00 
 8.17256984e-02  2.75265880e+00 
 8.18256984e-02  2.75265669e+00 
 8.19256984e-02  2.75265457e+00 
 8.20256984e-02  2.75265246e+00 
 8.21256984e-02  2.75265036e+00 
 8.22256984e-02  2.75264825e+00 
 8.23256984e-02  2.75264616e+00 
 8.24256984e-02  2.75264406e+00 
 8.25256984e-02  2.75264197e+00 
 8.26256984e-02  2.75263988e+00 
 8.27256984e-02  2.75263779e+00 
 8.28256984e-02  2.75263571e+00 
 8.29256984e-02  2.75263363e+00 
 8.30256984e-02  2.75263155e+00 
 8.31256984e-02  2.75262948e+00 
 8.32256984e-02  2.75262741e+00 
 8.33256984e-02  2.75262534e+00 
 8.34256984e-02  2.75262328e+00 
 8.35256984e-02  2.75262122e+00 
 8.36256984e-02  2.75261917e+00 
 8.37256984e-02  2.75261711e+00 
 8.38256984e-02  2.75261506e+00 
 8.39256984e-02  2.75261302e+00 
 8.40256984e-02  2.75261098e+00 
 8.41256984e-02  2.75260894e+00 
 8.42256984e-02  2.75260690e+00 
 8.43256984e-02  2.75260487e+00 
 8.44256984e-02  2.75260284e+00 
 8.45256984e-02  2.75260082e+00 
 8.46256984e-02  2.75259880e+00 
 8.47256984e-02  2.75259678e+00 
 8.48256984e-02  2.75259477e+00 
 8.49256984e-02  2.75259276e+00 
 8.50256984e-02  2.75259075e+00 
 8.51256984e-02  2.75258875e+00 
 8.52256984e-02  2.75258675e+00 
 8.53256984e-02  2.75258475e+00 
 8.54256984e-02  2.75258276e+00 
 8.55256984e-02  2.75258077e+00 
 8.56256984e-02  2.75257879e+00 
 8.57256984e-02  2.75257681e+00 
 8.58256984e-02  2.75257483e+00 
 8.59256984e-02  2.75257286e+00 
 8.60256984e-02  2.75257089e+00 
 8.61256984e-02  2.75256892e+00 
 8.62256984e-02  2.75256696e+00 
 8.63256984e-02  2.75256500e+00 
 8.64256984e-02  2.75256305e+00 
 8.65256984e-02  2.75256110e+00 
 8.66256984e-02  2.75255915e+00 
 8.67256984e-02  2.75255721e+00 
 8.68256984e-02  2.75255527e+00 
 8.69256984e-02  2.75255334e+00 
 8.70256984e-02  2.75255141e+00 
 8.71256984e-02  2.75254948e+00 
 8.72256984e-02  2.75254756e+00 
 8.73256984e-02  2.75254564e+00 
 8.74256984e-02  2.75254373e+00 
 8.75256984e-02  2.75254182e+00 
 8.76256984e-02  2.75253991e+00 
 8.77256984e-02  2.75253801e+00 
 8.78256984e-02  2.75253611e+00 
 8.79256984e-02  2.75253422e+00 
 8.80256984e-02  2.75253233e+00 
 8.81256984e-02  2.75253045e+00 
 8.82256984e-02  2.75252857e+00 
 8.83256984e-02  2.75252669e+00 
 8.84256984e-02  2.75252482e+00 
 8.85256984e-02  2.75252295e+00 
 8.86256984e-02  2.75252109e+00 
 8.87256984e-02  2.75251923e+00 
 8.88256984e-02  2.75251737e+00 
 8.89256984e-02  2.75251552e+00 
 8.90256984e-02  2.75251368e+00 
 8.91256984e-02  2.75251183e+00 
 8.92256984e-02  2.75251000e+00 
 8.93256984e-02  2.75250816e+00 
 8.94256984e-02  2.75250633e+00 
 8.95256984e-02  2.75250451e+00 
 8.96256984e-02  2.75250269e+00 
 8.97256984e-02  2.75250088e+00 
 8.98256984e-02  2.75249906e+00 
 8.99256984e-02  2.75249726e+00 
 9.00256984e-02  2.75249546e+00 
 9.01256984e-02  2.75249366e+00 
 9.02256984e-02  2.75249187e+00 
 9.03256984e-02  2.75249008e+00 
 9.04256984e-02  2.75248830e+00 
 9.05256984e-02  2.75248652e+00 
 9.06256984e-02  2.75248474e+00 
 9.07256984e-02  2.75248297e+00 
 9.08256984e-02  2.75248121e+00 
 9.09256984e-02  2.75247945e+00 
 9.10256984e-02  2.75247769e+00 
 9.11256984e-02  2.75247594e+00 
 9.12256984e-02  2.75247419e+00 
 9.13256984e-02  2.75247245e+00 
 9.14256984e-02  2.75247071e+00 
 9.15256984e-02  2.75246898e+00 
 9.16256984e-02  2.75246725e+00 
 9.17256984e-02  2.75246553e+00 
 9.18256984e-02  2.75246381e+00 
 9.19256984e-02  2.75246210e+00 
 9.20256984e-02  2.75246039e+00 
 9.21256984e-02  2.75245868e+00 
 9.22256984e-02  2.75245698e+00 
 9.23256984e-02  2.75245529e+00 
 9.24256984e-02  2.75245360e+00 
 9.25256984e-02  2.75245191e+00 
 9.26256984e-02  2.75245023e+00 
 9.27256984e-02  2.75244856e+00 
 9.28256984e-02  2.75244688e+00 
 9.29256984e-02  2.75244522e+00 
 9.30256984e-02  2.75244356e+00 
 9.31256984e-02  2.75244190e+00 
 9.32256984e-02  2.75244024e+00 
 9.33256984e-02  2.75243860e+00 
 9.34256984e-02  2.75243695e+00 
 9.35256984e-02  2.75243531e+00 
 9.36256984e-02  2.75243368e+00 
 9.37256984e-02  2.75243205e+00 
 9.38256984e-02  2.75243043e+00 
 9.39256984e-02  2.75242881e+00 
 9.40256984e-02  2.75242719e+00 
 9.41256984e-02  2.75242558e+00 
 9.42256984e-02  2.75242397e+00 
 9.43256984e-02  2.75242237e+00 
 9.44256984e-02  2.75242077e+00 
 9.45256984e-02  2.75241918e+00 
 9.46256984e-02  2.75241759e+00 
 9.47256984e-02  2.75241601e+00 
 9.48256984e-02  2.75241443e+00 
 9.49256984e-02  2.75241286e+00 
 9.50256984e-02  2.75241129e+00 
 9.51256984e-02  2.75240972e+00 
 9.52256984e-02  2.75240816e+00 
 9.53256984e-02  2.75240661e+00 
 9.54256984e-02  2.75240506e+00 
 9.55256984e-02  2.75240351e+00 
 9.56256984e-02  2.75240197e+00 
 9.57256984e-02  2.75240043e+00 
 9.58256984e-02  2.75239889e+00 
 9.59256984e-02  2.75239736e+00 
 9.60256984e-02  2.75239584e+00 
 9.61256984e-02  2.75239432e+00 
 9.62256984e-02  2.75239280e+00 
 9.63256984e-02  2.75239129e+00 
 9.64256984e-02  2.75238978e+00 
 9.65256984e-02  2.75238828e+00 
 9.66256984e-02  2.75238678e+00 
 9.67256984e-02  2.75238529e+00 
 9.68256984e-02  2.75238380e+00 
 9.69256984e-02  2.75238231e+00 
 9.70256984e-02  2.75238083e+00 
 9.71256984e-02  2.75237935e+00 
 9.72256984e-02  2.75237788e+00 
 9.73256984e-02  2.75237641e+00 
 9.74256984e-02  2.75237494e+00 
 9.75256984e-02  2.75237348e+00 
 9.76256984e-02  2.75237203e+00 
 9.77256984e-02  2.75237057e+00 
 9.78256984e-02  2.75236913e+00 
 9.79256984e-02  2.75236768e+00 
 9.80256984e-02  2.75236624e+00 
 9.81256984e-02  2.75236480e+00 
 9.82256984e-02  2.75236337e+00 
 9.83256984e-02  2.75236194e+00 
 9.84256984e-02  2.75236052e+00 
 9.85256984e-02  2.75235910e+00 
 9.86256984e-02  2.75235768e+00 
 9.87256984e-02  2.75235627e+00 
 9.88256984e-02  2.75235486e+00 
 9.89256984e-02  2.75235345e+00 
 9.90256984e-02  2.75235205e+00 
 9.91256984e-02  2.75235065e+00 
 9.92256984e-02  2.75234926e+00 
 9.93256984e-02  2.75234787e+00 
 9.94256984e-02  2.75234648e+00 
 9.95256984e-02  2.75234510e+00 
 9.96256984e-02  2.75234372e+00 
 9.97256984e-02  2.75234234e+00 
 9.98256984e-02  2.75234097e+00 
 9.99256984e-02  2.75233960e+00 
 1.00025698e-01  2.75233824e+00 
 1.00125698e-01  2.75233688e+00 
 1.00225698e-01  2.75233552e+00 
 1.00325698e-01  2.75233417e+00 
 1.00425698e-01  2.75233282e+00 
 1.00525698e-01  2.75233147e+00 
 1.00625698e-01  2.75233012e+00 
 1.00725698e-01  2.75232878e+00 
 1.00825698e-01  2.75232745e+00 
 1.00925698e-01  2.75232611e+00 
 1.01025698e-01  2.75232478e+00 
 1.01125698e-01  2.75232346e+00 
 1.01225698e-01  2.75232213e+00 
 1.01325698e-01  2.75232081e+00 
 1.01425698e-01  2.75231950e+00 
 1.01525698e-01  2.75231818e+00 
 1.01625698e-01  2.75231687e+00 
 1.01725698e-01  2.75231556e+00 
 1.01825698e-01  2.75231426e+00 
 1.01925698e-01  2.75231296e+00 
 1.02025698e-01  2.75231166e+00 
 1.02125698e-01  2.75231037e+00 
 1.02225698e-01  2.75230907e+00 
 1.02325698e-01  2.75230778e+00 
 1.02425698e-01  2.75230650e+00 
 1.02525698e-01  2.75230522e+00 
 1.02625698e-01  2.75230394e+00 
 1.02725698e-01  2.75230266e+00 
 1.02825698e-01  2.75230139e+00 
 1.02925698e-01  2.75230012e+00 
 1.03025698e-01  2.75229885e+00 
 1.03125698e-01  2.75229758e+00 
 1.03225698e-01  2.75229632e+00 
 1.03325698e-01  2.75229506e+00 
 1.03425698e-01  2.75229380e+00 
 1.03525698e-01  2.75229255e+00 
 1.03625698e-01  2.75229130e+00 
 1.03725698e-01  2.75229005e+00 
 1.03825698e-01  2.75228881e+00 
 1.03925698e-01  2.75228756e+00 
 1.04025698e-01  2.75228632e+00 
 1.04125698e-01  2.75228509e+00 
 1.04225698e-01  2.75228385e+00 
 1.04325698e-01  2.75228262e+00 
 1.04425698e-01  2.75228139e+00 
 1.04525698e-01  2.75228017e+00 
 1.04625698e-01  2.75227894e+00 
 1.04725698e-01  2.75227772e+00 
 1.04825698e-01  2.75227650e+00 
 1.04925698e-01  2.75227529e+00 
 1.05025698e-01  2.75227407e+00 
 1.05125698e-01  2.75227286e+00 
 1.05225698e-01  2.75227165e+00 
 1.05325698e-01  2.75227045e+00 
 1.05425698e-01  2.75226924e+00 
 1.05525698e-01  2.75226804e+00 
 1.05625698e-01  2.75226684e+00 
 1.05725698e-01  2.75226565e+00 
 1.05825698e-01  2.75226445e+00 
 1.05925698e-01  2.75226326e+00 
 1.06025698e-01  2.75226207e+00 
 1.06125698e-01  2.75226088e+00 
 1.06225698e-01  2.75225970e+00 
 1.06325698e-01  2.75225852e+00 
 1.06425698e-01  2.75225734e+00 
 1.06525698e-01  2.75225616e+00 
 1.06625698e-01  2.75225498e+00 
 1.06725698e-01  2.75225381e+00 
 1.06825698e-01  2.75225264e+00 
 1.06925698e-01  2.75225147e+00 
 1.07025698e-01  2.75225031e+00 
 1.07125698e-01  2.75224914e+00 
 1.07225698e-01  2.75224798e+00 
 1.07325698e-01  2.75224682e+00 
 1.07425698e-01  2.75224566e+00 
 1.07525698e-01  2.75224450e+00 
 1.07625698e-01  2.75224335e+00 
 1.07725698e-01  2.75224220e+00 
 1.07825698e-01  2.75224105e+00 
 1.07925698e-01  2.75223990e+00 
 1.08025698e-01  2.75223876e+00 
 1.08125698e-01  2.75223761e+00 
 1.08225698e-01  2.75223647e+00 
 1.08325698e-01  2.75223533e+00 
 1.08425698e-01  2.75223420e+00 
 1.08525698e-01  2.75223306e+00 
 1.08625698e-01  2.75223193e+00 
 1.08725698e-01  2.75223080e+00 
 1.08825698e-01  2.75222967e+00 
 1.08925698e-01  2.75222854e+00 
 1.09025698e-01  2.75222741e+00 
 1.09125698e-01  2.75222629e+00 
 1.09225698e-01  2.75222517e+00 
 1.09325698e-01  2.75222405e+00 
 1.09425698e-01  2.75222293e+00 
 1.09525698e-01  2.75222181e+00 
 1.09625698e-01  2.75222070e+00 
 1.09725698e-01  2.75221959e+00 
 1.09825698e-01  2.75221848e+00 
 1.09925698e-01  2.75221737e+00 
 1.10025698e-01  2.75221626e+00 
 1.10125698e-01  2.75221516e+00 
 1.10225698e-01  2.75221405e+00 
 1.10325698e-01  2.75221295e+00 
 1.10425698e-01  2.75221185e+00 
 1.10525698e-01  2.75221075e+00 
 1.10625698e-01  2.75220966e+00 
 1.10725698e-01  2.75220856e+00 
 1.10825698e-01  2.75220747e+00 
 1.10925698e-01  2.75220638e+00 
 1.11025698e-01  2.75220529e+00 
 1.11125698e-01  2.75220420e+00 
 1.11225698e-01  2.75220311e+00 
 1.11325698e-01  2.75220203e+00 
 1.11425698e-01  2.75220094e+00 
 1.11525698e-01  2.75219986e+00 
 1.11625698e-01  2.75219878e+00 
 1.11725698e-01  2.75219771e+00 
 1.11825698e-01  2.75219663e+00 
 1.11925698e-01  2.75219555e+00 
 1.12025698e-01  2.75219448e+00 
 1.12125698e-01  2.75219341e+00 
 1.12225698e-01  2.75219234e+00 
 1.12325698e-01  2.75219127e+00 
 1.12425698e-01  2.75219020e+00 
 1.12525698e-01  2.75218914e+00 
 1.12625698e-01  2.75218807e+00 
 1.12725698e-01  2.75218701e+00 
 1.12825698e-01  2.75218595e+00 
 1.12925698e-01  2.75218489e+00 
 1.13025698e-01  2.75218383e+00 
 1.13125698e-01  2.75218277e+00 
 1.13225698e-01  2.75218172e+00 
 1.13325698e-01  2.75218067e+00 
 1.13425698e-01  2.75217961e+00 
 1.13525698e-01  2.75217856e+00 
 1.13625698e-01  2.75217751e+00 
 1.13725698e-01  2.75217647e+00 
 1.13825698e-01  2.75217542e+00 
 1.13925698e-01  2.75217437e+00 
 1.14025698e-01  2.75217333e+00 
 1.14125698e-01  2.75217229e+00 
 1.14225698e-01  2.75217125e+00 
 1.14325698e-01  2.75217021e+00 
 1.14425698e-01  2.75216917e+00 
 1.14525698e-01  2.75216813e+00 
 1.14625698e-01  2.75216710e+00 
 1.14725698e-01  2.75216606e+00 
 1.14825698e-01  2.75216503e+00 
 1.14925698e-01  2.75216400e+00 
 1.15025698e-01  2.75216297e+00 
 1.15125698e-01  2.75216194e+00 
 1.15225698e-01  2.75216091e+00 
 1.15325698e-01  2.75215989e+00 
 1.15425698e-01  2.75215886e+00 
 1.15525698e-01  2.75215784e+00 
 1.15625698e-01  2.75215682e+00 
 1.15725698e-01  2.75215580e+00 
 1.15825698e-01  2.75215478e+00 
 1.15925698e-01  2.75215376e+00 
 1.16025698e-01  2.75215274e+00 
 1.16125698e-01  2.75215173e+00 
 1.16225698e-01  2.75215071e+00 
 1.16325698e-01  2.75214970e+00 
 1.16425698e-01  2.75214869e+00 
 1.16525698e-01  2.75214767e+00 
 1.16625698e-01  2.75214667e+00 
 1.16725698e-01  2.75214566e+00 
 1.16825698e-01  2.75214465e+00 
 1.16925698e-01  2.75214364e+00 
 1.17025698e-01  2.75214264e+00 
 1.17125698e-01  2.75214163e+00 
 1.17225698e-01  2.75214063e+00 
 1.17325698e-01  2.75213963e+00 
 1.17425698e-01  2.75213863e+00 
 1.17525698e-01  2.75213763e+00 
 1.17625698e-01  2.75213663e+00 
 1.17725698e-01  2.75213564e+00 
 1.17825698e-01  2.75213464e+00 
 1.17925698e-01  2.75213365e+00 
 1.18025698e-01  2.75213265e+00 
 1.18125698e-01  2.75213166e+00 
 1.18225698e-01  2.75213067e+00 
 1.18325698e-01  2.75212968e+00 
 1.18425698e-01  2.75212869e+00 
 1.18525698e-01  2.75212770e+00 
 1.18625698e-01  2.75212672e+00 
 1.18725698e-01  2.75212573e+00 
 1.18825698e-01  2.75212475e+00 
 1.18925698e-01  2.75212377e+00 
 1.19025698e-01  2.75212278e+00 
 1.19125698e-01  2.75212180e+00 
 1.19225698e-01  2.75212082e+00 
 1.19325698e-01  2.75211984e+00 
 1.19425698e-01  2.75211886e+00 
 1.19525698e-01  2.75211789e+00 
 1.19625698e-01  2.75211691e+00 
 1.19725698e-01  2.75211594e+00 
 1.19825698e-01  2.75211496e+00 
 1.19925698e-01  2.75211399e+00 
 1.20000000e-01  2.75211327e+00 
