 5.00000000e-09  6.73385769e-09 
 5.14019886e-09  6.87743164e-09 
 5.42059659e-09  7.15591402e-09 
 5.98139205e-09  7.69649161e-09 
 6.81262403e-09  8.47467237e-09 
 8.01025027e-09  9.56908644e-09 
 1.04055027e-08  1.17165127e-08 
 1.51960077e-08  1.59540422e-08 
 2.47770176e-08  2.43879423e-08 
 4.39390374e-08  4.12658673e-08 
 4.69352964e-08  4.38897968e-08 
 5.29278145e-08  4.91268450e-08 
 6.03397480e-08  5.55729888e-08 
 6.83976889e-08  6.25266213e-08 
 7.47977244e-08  6.79978758e-08 
 8.01027821e-08  7.24818579e-08 
 8.57779325e-08  7.72051229e-08 
 9.35436549e-08  8.35019532e-08 
 1.03356094e-07  9.11515849e-08 
 1.18007619e-07  1.02068944e-07 
 1.34875237e-07  1.14285748e-07 
 1.55494840e-07  1.29124552e-07 
 1.84823401e-07  1.50306140e-07 
 2.29278137e-07  1.82203851e-07 
 2.82418877e-07  2.19457426e-07 
 3.42928153e-07  2.60391062e-07 
 3.91450937e-07  2.91481525e-07 
 4.26212577e-07  3.11568562e-07 
 4.50983477e-07  3.25510434e-07 
 4.70155956e-07  3.36885169e-07 
 4.91710615e-07  3.49833340e-07 
 5.00000000e-07  3.54786966e-07 
 5.02500181e-07  3.56275309e-07 
 5.07500542e-07  3.59244926e-07 
 5.17501266e-07  3.65160433e-07 
 5.37502712e-07  3.76901866e-07 
 5.77505605e-07  4.00025840e-07 
 6.23427093e-07  4.26001916e-07 
 6.53543365e-07  4.42732993e-07 
 6.75054881e-07  4.54548300e-07 
 6.91684458e-07  4.63611427e-07 
 7.03680321e-07  4.70114057e-07 
 7.09574147e-07  4.73298837e-07 
 7.14039109e-07  4.75707371e-07 
 7.18934669e-07  4.78344317e-07 
 7.23806066e-07  4.80964443e-07 
 7.28568491e-07  4.83522486e-07 
 7.38093340e-07  4.88629251e-07 
 7.55630694e-07  4.98005312e-07 
 7.86129322e-07  5.14264297e-07 
 8.26293868e-07  5.35683828e-07 
 8.89318269e-07  5.69535853e-07 
 9.45953865e-07  6.00146444e-07 
 9.89743171e-07  6.24541229e-07 
 1.00000000e-06  6.30377058e-07 
 1.00489664e-06  6.33180298e-07 
 1.01468993e-06  6.38798491e-07 
 1.03427650e-06  6.50059466e-07 
 1.05393887e-06  6.61302857e-07 
 1.07806728e-06  6.74941021e-07 
 1.10647154e-06  6.90749827e-07 
 1.16328008e-06  7.21554228e-07 
 1.25641434e-06  7.69372510e-07 
 1.37889705e-06  8.26630700e-07 
 1.48714506e-06  8.71451978e-07 
 1.58636078e-06  9.06920520e-07 
 1.68260696e-06  9.36225720e-07 
 1.76171039e-06  9.58276152e-07 
 1.84570932e-06  9.80817831e-07 
 2.00235448e-06  1.03301834e-06 
 2.11812558e-06  1.14065769e-06 
 2.21012215e-06  1.44079886e-06 
 2.28388792e-06  2.15982718e-06 
 2.34469438e-06  3.60269546e-06 
 2.40301779e-06  6.67798189e-06 
 2.47150981e-06  1.52052860e-05 
 2.53529004e-06  3.30084800e-05 
 2.58593403e-06  5.91379019e-05 
 2.61669839e-06  7.84625428e-05 
 2.63520537e-06  9.01783290e-05 
 2.65306852e-06  1.00092330e-04 
 2.66467699e-06  1.05199514e-04 
 2.67548372e-06  1.08958574e-04 
 2.69134749e-06  1.13463844e-04 
 2.70669833e-06  1.17425531e-04 
 2.72669681e-06  1.22923191e-04 
 2.76243616e-06  1.35780629e-04 
 2.79526771e-06  1.53235499e-04 
 2.83021118e-06  1.81880734e-04 
 2.86815401e-06  2.28270612e-04 
 2.90761991e-06  2.93251946e-04 
 2.95087876e-06  3.82899104e-04 
 3.00764163e-06  5.31856931e-04 
 3.10299227e-06  8.80306556e-04 
 3.29369356e-06  2.06518843e-03 
 3.52567674e-06  4.61785563e-03 
 3.89451430e-06  1.18696422e-02 
 4.40522816e-06  2.96639362e-02 
 5.24992797e-06  8.21179314e-02 
 5.90395371e-06  1.60529024e-01 
 6.29929236e-06  2.21827841e-01 
 6.60603111e-06  2.75076922e-01 
 6.62115952e-06  2.77834867e-01 
 6.65141632e-06  2.83374468e-01 
 6.68972914e-06  2.90447525e-01 
 6.72046371e-06  2.96167188e-01 
 6.73656468e-06  2.98996765e-01 
 6.74548676e-06  3.00498615e-01 
 6.75373578e-06  3.01856746e-01 
 6.76185803e-06  3.03173678e-01 
 6.77022412e-06  3.04507688e-01 
 6.78059747e-06  3.06126421e-01 
 6.79191250e-06  3.07852624e-01 
 6.80959831e-06  3.10481085e-01 
 6.82787835e-06  3.13115175e-01 
 6.86443843e-06  3.18166224e-01 
 6.92392496e-06  3.25882117e-01 
 7.01553305e-06  3.36856391e-01 
 7.16782575e-06  3.53459769e-01 
 7.31750197e-06  3.68411335e-01 
 7.52997306e-06  3.88245769e-01 
 7.87534572e-06  4.18621259e-01 
 8.33444563e-06  4.57267100e-01 
 9.09906995e-06  5.20278812e-01 
 1.00000000e-05  5.95627501e-01 
 1.00961463e-05  6.03721923e-01 
 1.02884390e-05  6.19871475e-01 
 1.06730243e-05  6.51995915e-01 
 1.14421948e-05  7.15664000e-01 
 1.20889888e-05  7.68781409e-01 
 1.25475773e-05  8.06110873e-01 
 1.28483719e-05  8.29212346e-01 
 1.30122020e-05  8.41074088e-01 
 1.31340907e-05  8.49498908e-01 
 1.32110709e-05  8.54632887e-01 
 1.32905252e-05  8.59777239e-01 
 1.34494338e-05  8.69597756e-01 
 1.37672509e-05  8.87410519e-01 
 1.44028852e-05  9.16120927e-01 
 1.55324349e-05  9.47347963e-01 
 1.66480295e-05  9.59483942e-01 
 1.83689638e-05  9.66547023e-01 
 2.08708581e-05  9.70358096e-01 
 2.35933300e-05  9.71768321e-01 
 2.80069748e-05  9.72626090e-01 
 3.27898547e-05  9.72925791e-01 
 3.70823420e-05  9.72995246e-01 
 4.15595566e-05  9.73002532e-01 
 4.81868953e-05  9.72982510e-01 
 5.86372395e-05  9.72932978e-01 
 7.43203168e-05  9.72848323e-01 
 9.50826513e-05  9.72731028e-01 
 1.00000000e-04  9.72702658e-01 
 1.04152467e-04  9.72678605e-01 
 1.12457401e-04  9.72630502e-01 
 1.29067268e-04  9.72534302e-01 
 1.62287004e-04  9.72341932e-01 
 2.28726474e-04  9.71957306e-01 
 3.28726474e-04  9.71378683e-01 
 4.28726474e-04  9.70800406e-01 
 5.16890751e-04  9.89944055e-01 
 5.67809949e-04  1.09620371e+00 
 6.27071710e-04  1.20263174e+00 
 7.09683362e-04  1.33611142e+00 
 8.00999963e-04  1.48051584e+00 
 9.00999963e-04  1.63264718e+00 
 1.00099996e-03  1.77810247e+00 
 1.10099996e-03  1.91727453e+00 
 1.20099996e-03  2.05044552e+00 
 1.30099996e-03  2.17786385e+00 
 1.40099996e-03  2.29978357e+00 
 1.50099996e-03  2.41644057e+00 
 1.60099996e-03  2.52806111e+00 
 1.70099996e-03  2.63486255e+00 
 1.80099996e-03  2.73705288e+00 
 1.90099996e-03  2.83483107e+00 
 2.00099996e-03  2.92838753e+00 
 2.10099996e-03  3.01790444e+00 
 2.20099996e-03  3.10355613e+00 
 2.30099996e-03  3.18551055e+00 
 2.40099996e-03  3.26392522e+00 
 2.50099996e-03  3.33895357e+00 
 2.60099996e-03  3.41074209e+00 
 2.70099996e-03  3.47943060e+00 
 2.80099996e-03  3.54515289e+00 
 2.90099996e-03  3.60803697e+00 
 3.00099996e-03  3.66820535e+00 
 3.10099996e-03  3.72577529e+00 
 3.20099996e-03  3.78085901e+00 
 3.30099996e-03  3.83356384e+00 
 3.40099996e-03  3.88399251e+00 
 3.50099996e-03  3.93224327e+00 
 3.60099996e-03  3.97841016e+00 
 3.70099996e-03  4.02258284e+00 
 3.80099996e-03  4.06484798e+00 
 3.90099996e-03  4.10528779e+00 
 4.00099996e-03  4.14398097e+00 
 4.10099996e-03  4.18100294e+00 
 4.20099996e-03  4.21642588e+00 
 4.30099996e-03  4.25031883e+00 
 4.40099996e-03  4.28274787e+00 
 4.50099996e-03  4.31377637e+00 
 4.60099996e-03  4.34346454e+00 
 4.70099996e-03  4.37187073e+00 
 4.80099996e-03  4.39904914e+00 
 4.90099996e-03  4.42505403e+00 
 5.00099996e-03  4.44993573e+00 
 5.10099996e-03  4.47374252e+00 
 5.20099996e-03  4.49652105e+00 
 5.30099996e-03  4.51831570e+00 
 5.40099996e-03  4.53916892e+00 
 5.50099996e-03  4.55912137e+00 
 5.60099996e-03  4.57821197e+00 
 5.70099996e-03  4.59647793e+00 
 5.80099996e-03  4.61395487e+00 
 5.90099996e-03  4.63067687e+00 
 6.00099996e-03  4.64667653e+00 
 6.10099996e-03  4.66198506e+00 
 6.20099996e-03  4.67663230e+00 
 6.30099996e-03  4.69064683e+00 
 6.40099996e-03  4.70405595e+00 
 6.50099996e-03  4.71688584e+00 
 6.60099996e-03  4.72916149e+00 
 6.70099996e-03  4.74090686e+00 
 6.80099996e-03  4.75214485e+00 
 6.90099996e-03  4.76289737e+00 
 7.00099996e-03  4.77318540e+00 
 7.10099996e-03  4.78302899e+00 
 7.20099996e-03  4.79244735e+00 
 7.30099996e-03  4.80145884e+00 
 7.40099996e-03  4.81008105e+00 
 7.50099996e-03  4.81833077e+00 
 7.60099996e-03  4.82622412e+00 
 7.70099996e-03  4.83377647e+00 
 7.80099996e-03  4.84100257e+00 
 7.90099996e-03  4.84791650e+00 
 8.00099996e-03  4.85453175e+00 
 8.10099996e-03  4.86086122e+00 
 8.20099996e-03  4.86691726e+00 
 8.30099996e-03  4.87271168e+00 
 8.40099996e-03  4.87825578e+00 
 8.50099996e-03  4.88356038e+00 
 8.60099996e-03  4.88863583e+00 
 8.70099996e-03  4.89349201e+00 
 8.80099996e-03  4.89813841e+00 
 8.90099996e-03  4.90258409e+00 
 9.00099996e-03  4.90683772e+00 
 9.10099996e-03  4.91090759e+00 
 9.20099996e-03  4.91480165e+00 
 9.30099996e-03  4.91852749e+00 
 9.40099996e-03  4.92209237e+00 
 9.50099996e-03  4.92550326e+00 
 9.60099996e-03  4.92876679e+00 
 9.70099996e-03  4.93188935e+00 
 9.80099996e-03  4.93487701e+00 
 9.90099996e-03  4.93773561e+00 
 1.00010000e-02  4.94047072e+00 
 1.01010000e-02  4.94308768e+00 
 1.02010000e-02  4.94559159e+00 
 1.03010000e-02  4.94798733e+00 
 1.04010000e-02  4.95027958e+00 
 1.05010000e-02  4.95247281e+00 
 1.06010000e-02  4.95457130e+00 
 1.07010000e-02  4.95657913e+00 
 1.08010000e-02  4.95850022e+00 
 1.09010000e-02  4.96033833e+00 
 1.10010000e-02  4.96209703e+00 
 1.11010000e-02  4.96377976e+00 
 1.12010000e-02  4.96538980e+00 
 1.13010000e-02  4.96693029e+00 
 1.14010000e-02  4.96840423e+00 
 1.15010000e-02  4.96981449e+00 
 1.16010000e-02  4.97116384e+00 
 1.17010000e-02  4.97245489e+00 
 1.18010000e-02  4.97369018e+00 
 1.19010000e-02  4.97487210e+00 
 1.20010000e-02  4.97600296e+00 
 1.21010000e-02  4.97708497e+00 
 1.22010000e-02  4.97812024e+00 
 1.23010000e-02  4.97911079e+00 
 1.24010000e-02  4.98005854e+00 
 1.25010000e-02  4.98096536e+00 
 1.26010000e-02  4.98183300e+00 
 1.27010000e-02  4.98266316e+00 
 1.28010000e-02  4.98345746e+00 
 1.29010000e-02  4.98421744e+00 
 1.30010000e-02  4.98494460e+00 
 1.31010000e-02  4.98564034e+00 
 1.32010000e-02  4.98630603e+00 
 1.33010000e-02  4.98694295e+00 
 1.34010000e-02  4.98755237e+00 
 1.35010000e-02  4.98813546e+00 
 1.36010000e-02  4.98869336e+00 
 1.37010000e-02  4.98922716e+00 
 1.38010000e-02  4.98973790e+00 
 1.39010000e-02  4.99022657e+00 
 1.40010000e-02  4.99069414e+00 
 1.41010000e-02  4.99114150e+00 
 1.42010000e-02  4.99156954e+00 
 1.43010000e-02  4.99197909e+00 
 1.44010000e-02  4.99237095e+00 
 1.45010000e-02  4.99274588e+00 
 1.46010000e-02  4.99310461e+00 
 1.47010000e-02  4.99344785e+00 
 1.48010000e-02  4.99377626e+00 
 1.49010000e-02  4.99409048e+00 
 1.50010000e-02  4.99439112e+00 
 1.51010000e-02  4.99467878e+00 
 1.52010000e-02  4.99495402e+00 
 1.53010000e-02  4.99521736e+00 
 1.54010000e-02  4.99546933e+00 
 1.55010000e-02  4.99571041e+00 
 1.56010000e-02  4.99594107e+00 
 1.57010000e-02  4.99616178e+00 
 1.58010000e-02  4.99637294e+00 
 1.59010000e-02  4.99657499e+00 
 1.60010000e-02  4.99676831e+00 
 1.61010000e-02  4.99695327e+00 
 1.62010000e-02  4.99713025e+00 
 1.63010000e-02  4.99729958e+00 
 1.64010000e-02  4.99746159e+00 
 1.65010000e-02  4.99761661e+00 
 1.66010000e-02  4.99776493e+00 
 1.67010000e-02  4.99790684e+00 
 1.68010000e-02  4.99804262e+00 
 1.69010000e-02  4.99817254e+00 
 1.70010000e-02  4.99829684e+00 
 1.71010000e-02  4.99841578e+00 
 1.72010000e-02  4.99852957e+00 
 1.73010000e-02  4.99863845e+00 
 1.74010000e-02  4.99874263e+00 
 1.75010000e-02  4.99884230e+00 
 1.76010000e-02  4.99893767e+00 
 1.77010000e-02  4.99902892e+00 
 1.78010000e-02  4.99911623e+00 
 1.79010000e-02  4.99919977e+00 
 1.80010000e-02  4.99927970e+00 
 1.81010000e-02  4.99935617e+00 
 1.82010000e-02  4.99942934e+00 
 1.83010000e-02  4.99949935e+00 
 1.84010000e-02  4.99956634e+00 
 1.85010000e-02  4.99963043e+00 
 1.86010000e-02  4.99969175e+00 
 1.87010000e-02  4.99975043e+00 
 1.88010000e-02  4.99980657e+00 
 1.89010000e-02  4.99986028e+00 
 1.90010000e-02  4.99991167e+00 
 1.91010000e-02  4.99996085e+00 
 1.92010000e-02  5.00000790e+00 
 1.93010000e-02  5.00005291e+00 
 1.94010000e-02  5.00009598e+00 
 1.95010000e-02  5.00013720e+00 
 1.96010000e-02  5.00017663e+00 
 1.97010000e-02  5.00021435e+00 
 1.98010000e-02  5.00025045e+00 
 1.99010000e-02  5.00028499e+00 
 2.00000000e-02  5.00031771e+00 
 2.00100000e-02  4.99993856e+00 
 2.00300000e-02  4.99884281e+00 
 2.00700000e-02  4.99863607e+00 
 2.01500000e-02  5.00014321e+00 
 2.02500000e-02  5.00015857e+00 
 2.03500000e-02  5.00011160e+00 
 2.04500000e-02  5.00014715e+00 
 2.05500000e-02  5.00019434e+00 
 2.06500000e-02  5.00023148e+00 
 2.07500000e-02  5.00026356e+00 
 2.08500000e-02  5.00029264e+00 
 2.09500000e-02  5.00031922e+00 
 2.10500000e-02  5.00034373e+00 
 2.11500000e-02  5.00036650e+00 
 2.12500000e-02  5.00038776e+00 
 2.13500000e-02  5.00040770e+00 
 2.14500000e-02  5.00042644e+00 
 2.15500000e-02  5.00044411e+00 
 2.16500000e-02  5.00046080e+00 
 2.17500000e-02  5.00047658e+00 
 2.18500000e-02  5.00049152e+00 
 2.19500000e-02  5.00050567e+00 
 2.20500000e-02  5.00051908e+00 
 2.21500000e-02  5.00053181e+00 
 2.22500000e-02  5.00054389e+00 
 2.23500000e-02  5.00055536e+00 
 2.24500000e-02  5.00056625e+00 
 2.25500000e-02  5.00057659e+00 
 2.26500000e-02  5.00058642e+00 
 2.27500000e-02  5.00059575e+00 
 2.28500000e-02  5.00060462e+00 
 2.29500000e-02  5.00061304e+00 
 2.30500000e-02  5.00062104e+00 
 2.31500000e-02  5.00062864e+00 
 2.32500000e-02  5.00063586e+00 
 2.33500000e-02  5.00064272e+00 
 2.34500000e-02  5.00064923e+00 
 2.35500000e-02  5.00065541e+00 
 2.36500000e-02  5.00066128e+00 
 2.37500000e-02  5.00066685e+00 
 2.38500000e-02  5.00067213e+00 
 2.39500000e-02  5.00067714e+00 
 2.40500000e-02  5.00068189e+00 
 2.41500000e-02  5.00068640e+00 
 2.42500000e-02  5.00069067e+00 
 2.43500000e-02  5.00069471e+00 
 2.44500000e-02  5.00069854e+00 
 2.45500000e-02  5.00070217e+00 
 2.46500000e-02  5.00070560e+00 
 2.47500000e-02  5.00070885e+00 
 2.48500000e-02  5.00071191e+00 
 2.49500000e-02  5.00071481e+00 
 2.50500000e-02  5.00071754e+00 
 2.51500000e-02  5.00072013e+00 
 2.52500000e-02  5.00072256e+00 
 2.53500000e-02  5.00072485e+00 
 2.54500000e-02  5.00072701e+00 
 2.55500000e-02  5.00072904e+00 
 2.56500000e-02  5.00073095e+00 
 2.57500000e-02  5.00073275e+00 
 2.58500000e-02  5.00073443e+00 
 2.59500000e-02  5.00073600e+00 
 2.60500000e-02  5.00073748e+00 
 2.61500000e-02  5.00073886e+00 
 2.62500000e-02  5.00074014e+00 
 2.63500000e-02  5.00074134e+00 
 2.64500000e-02  5.00074246e+00 
 2.65500000e-02  5.00074349e+00 
 2.66500000e-02  5.00074445e+00 
 2.67500000e-02  5.00074534e+00 
 2.68500000e-02  5.00074615e+00 
 2.69500000e-02  5.00074691e+00 
 2.70500000e-02  5.00074759e+00 
 2.71500000e-02  5.00074822e+00 
 2.72500000e-02  5.00074880e+00 
 2.73500000e-02  5.00074931e+00 
 2.74500000e-02  5.00074978e+00 
 2.75500000e-02  5.00075020e+00 
 2.76500000e-02  5.00075056e+00 
 2.77500000e-02  5.00075089e+00 
 2.78500000e-02  5.00075117e+00 
 2.79500000e-02  5.00075141e+00 
 2.80500000e-02  5.00075162e+00 
 2.81500000e-02  5.00075179e+00 
 2.82500000e-02  5.00075192e+00 
 2.83500000e-02  5.00075202e+00 
 2.84500000e-02  5.00075208e+00 
 2.85500000e-02  5.00075212e+00 
 2.86500000e-02  5.00075213e+00 
 2.87500000e-02  5.00075211e+00 
 2.88500000e-02  5.00075207e+00 
 2.89500000e-02  5.00075200e+00 
 2.90500000e-02  5.00075191e+00 
 2.91500000e-02  5.00075180e+00 
 2.92500000e-02  5.00075167e+00 
 2.93500000e-02  5.00075151e+00 
 2.94500000e-02  5.00075134e+00 
 2.95500000e-02  5.00075115e+00 
 2.96500000e-02  5.00075095e+00 
 2.97500000e-02  5.00075072e+00 
 2.98500000e-02  5.00075049e+00 
 2.99500000e-02  5.00075024e+00 
 3.00500000e-02  5.00074997e+00 
 3.01500000e-02  5.00074970e+00 
 3.02500000e-02  5.00074941e+00 
 3.03500000e-02  5.00074911e+00 
 3.04500000e-02  5.00074880e+00 
 3.05500000e-02  5.00074848e+00 
 3.06500000e-02  5.00074815e+00 
 3.07500000e-02  5.00074781e+00 
 3.08500000e-02  5.00074747e+00 
 3.09500000e-02  5.00074711e+00 
 3.10500000e-02  5.00074675e+00 
 3.11500000e-02  5.00074638e+00 
 3.12500000e-02  5.00074601e+00 
 3.13500000e-02  5.00074563e+00 
 3.14500000e-02  5.00074525e+00 
 3.15500000e-02  5.00074486e+00 
 3.16500000e-02  5.00074446e+00 
 3.17500000e-02  5.00074406e+00 
 3.18500000e-02  5.00074366e+00 
 3.19500000e-02  5.00074326e+00 
 3.20500000e-02  5.00073895e+00 
 3.21500000e-02  4.98430971e+00 
 3.22336006e-02  4.95619913e+00 
 3.22868737e-02  4.93250949e+00 
 3.23105368e-02  4.92056186e+00 
 3.23331391e-02  4.90840214e+00 
 3.23600914e-02  4.89306177e+00 
 3.23847425e-02  4.87832241e+00 
 3.24340448e-02  4.84716866e+00 
 3.25326493e-02  4.77972615e+00 
 3.26326493e-02  4.70590876e+00 
 3.27326493e-02  4.62782962e+00 
 3.28326493e-02  4.54623045e+00 
 3.29326493e-02  4.46151792e+00 
 3.30326493e-02  4.37389667e+00 
 3.31326493e-02  4.28346293e+00 
 3.31451493e-02  4.27194134e+00 
 3.31701493e-02  4.24879628e+00 
 3.32201493e-02  4.20201005e+00 
 3.32995474e-02  4.12632091e+00 
 3.33807662e-02  4.04711837e+00 
 3.34807662e-02  3.94713188e+00 
 3.35807662e-02  3.84442350e+00 
 3.36807662e-02  3.73899472e+00 
 3.37807662e-02  3.63084584e+00 
 3.38807662e-02  3.51998424e+00 
 3.39807662e-02  3.40643255e+00 
 3.40807662e-02  3.29022504e+00 
 3.41807662e-02  3.17140434e+00 
 3.42807662e-02  3.05002456e+00 
 3.43807662e-02  2.92615956e+00 
 3.44807662e-02  2.79991593e+00 
 3.45807662e-02  2.67145285e+00 
 3.46807662e-02  2.54100974e+00 
 3.47807662e-02  2.40894362e+00 
 3.48807662e-02  2.27577557e+00 
 3.49807662e-02  2.14224190e+00 
 3.50807662e-02  2.00933884e+00 
 3.51807662e-02  1.87834088e+00 
 3.52807662e-02  1.75076690e+00 
 3.53807662e-02  1.62827100e+00 
 3.54807662e-02  1.51245587e+00 
 3.55807662e-02  1.40464283e+00 
 3.56807662e-02  1.30566622e+00 
 3.57807662e-02  1.21576481e+00 
 3.58807662e-02  1.13460763e+00 
 3.59807662e-02  1.06143550e+00 
 3.60807662e-02  9.95268441e-01 
 3.61807662e-02  9.35053188e-01 
 3.62807662e-02  8.79832856e-01 
 3.63807662e-02  8.28800618e-01 
 3.64807662e-02  7.81307240e-01 
 3.65807662e-02  7.36841673e-01 
 3.66807662e-02  6.95002142e-01 
 3.67807662e-02  6.55468581e-01 
 3.68807662e-02  6.17980894e-01 
 3.69807662e-02  5.82323431e-01 
 3.70807662e-02  5.48314381e-01 
 3.71807662e-02  5.15798494e-01 
 3.72807662e-02  4.84641307e-01 
 3.73807662e-02  4.54727455e-01 
 3.74807662e-02  4.25955170e-01 
 3.75807662e-02  3.98234759e-01 
 3.76807662e-02  3.71486919e-01 
 3.77807662e-02  3.45641183e-01 
 3.78807662e-02  3.20634625e-01 
 3.79807662e-02  2.96410791e-01 
 3.80807662e-02  2.72918829e-01 
 3.81807662e-02  2.50112762e-01 
 3.82807662e-02  2.27950879e-01 
 3.83807662e-02  2.06395222e-01 
 3.84807662e-02  1.85411145e-01 
 3.85807662e-02  1.64966933e-01 
 3.86807662e-02  1.45033486e-01 
 3.87807662e-02  1.25584030e-01 
 3.88807662e-02  1.06593876e-01 
 3.89807662e-02  8.80402117e-02 
 3.90807662e-02  6.99019081e-02 
 3.91807662e-02  5.21593618e-02 
 3.92807662e-02  3.47943487e-02 
 3.93807662e-02  1.77898971e-02 
 3.94807662e-02  1.13017479e-03 
 3.95807662e-02 -1.51996116e-02 
 3.96807662e-02 -3.12133054e-02 
 3.97807662e-02 -4.69238810e-02 
 3.98807662e-02 -6.23435147e-02 
 3.99807662e-02 -7.74836499e-02 
 4.00807662e-02 -9.23550545e-02 
 4.01807662e-02 -1.06967874e-01 
 4.02807662e-02 -1.21331677e-01 
 4.03807662e-02 -1.35455503e-01 
 4.04807662e-02 -1.49347893e-01 
 4.05807662e-02 -1.63016933e-01 
 4.06807662e-02 -1.76470283e-01 
 4.07807662e-02 -1.89715203e-01 
 4.08807662e-02 -2.02758586e-01 
 4.09807662e-02 -2.15606977e-01 
 4.10807662e-02 -2.28266596e-01 
 4.11807662e-02 -2.40743360e-01 
 4.12807662e-02 -2.53042901e-01 
 4.13807662e-02 -2.65170577e-01 
 4.14807662e-02 -2.77131493e-01 
 4.15807662e-02 -2.88930510e-01 
 4.16807662e-02 -3.00572255e-01 
 4.17807662e-02 -3.12061131e-01 
 4.18807662e-02 -3.23401324e-01 
 4.19807662e-02 -3.34596804e-01 
 4.20807662e-02 -3.45651330e-01 
 4.21807662e-02 -3.56568446e-01 
 4.22807662e-02 -3.67351478e-01 
 4.23807662e-02 -3.78003521e-01 
 4.24807662e-02 -3.88527430e-01 
 4.25807662e-02 -3.98925794e-01 
 4.26807662e-02 -4.09200912e-01 
 4.27807662e-02 -4.19354759e-01 
 4.28807662e-02 -4.29388936e-01 
 4.29807662e-02 -4.39304620e-01 
 4.30807662e-02 -4.49102491e-01 
 4.31807662e-02 -4.58782652e-01 
 4.32807662e-02 -4.68344537e-01 
 4.33807662e-02 -4.77786807e-01 
 4.34807662e-02 -4.87107242e-01 
 4.35807662e-02 -4.96302645e-01 
 4.36807662e-02 -5.05368766e-01 
 4.37807662e-02 -5.14300275e-01 
 4.38807662e-02 -5.23090808e-01 
 4.39807662e-02 -5.31733107e-01 
 4.40807662e-02 -5.40219262e-01 
 4.41807662e-02 -5.48541039e-01 
 4.42807662e-02 -5.56690264e-01 
 4.43807662e-02 -5.64659183e-01 
 4.44807662e-02 -5.72440757e-01 
 4.45807662e-02 -5.80028836e-01 
 4.46807662e-02 -5.87418195e-01 
 4.47807662e-02 -5.94604485e-01 
 4.48807662e-02 -6.01584126e-01 
 4.49807662e-02 -6.08354225e-01 
 4.50807662e-02 -6.14912566e-01 
 4.51807662e-02 -6.21257691e-01 
 4.52807662e-02 -6.27389071e-01 
 4.53807662e-02 -6.33307323e-01 
 4.54807662e-02 -6.39014433e-01 
 4.55807662e-02 -6.44513906e-01 
 4.56807662e-02 -6.49810828e-01 
 4.57807662e-02 -6.54911801e-01 
 4.58807662e-02 -6.59824765e-01 
 4.59807662e-02 -6.64558735e-01 
 4.60807662e-02 -6.69123495e-01 
 4.61807662e-02 -6.73529278e-01 
 4.62807662e-02 -6.77786477e-01 
 4.63807662e-02 -6.81905388e-01 
 4.64807662e-02 -6.85896017e-01 
 4.65807662e-02 -6.89767936e-01 
 4.66807662e-02 -6.93530183e-01 
 4.67807662e-02 -6.97191212e-01 
 4.68807662e-02 -7.00758864e-01 
 4.69807662e-02 -7.04240375e-01 
 4.70807662e-02 -7.07642387e-01 
 4.71807662e-02 -7.10970980e-01 
 4.72807662e-02 -7.14231708e-01 
 4.73807662e-02 -7.17429632e-01 
 4.74807662e-02 -7.20569368e-01 
 4.75807662e-02 -7.23655119e-01 
 4.76807662e-02 -7.26690714e-01 
 4.77807662e-02 -7.29679643e-01 
 4.78807662e-02 -7.32625091e-01 
 4.79807662e-02 -7.35529966e-01 
 4.80807662e-02 -7.38396925e-01 
 4.81807662e-02 -7.41228400e-01 
 4.82807662e-02 -7.44026620e-01 
 4.83807662e-02 -7.46793629e-01 
 4.84807662e-02 -7.49531307e-01 
 4.85807662e-02 -7.52241381e-01 
 4.86807662e-02 -7.54925444e-01 
 4.87807662e-02 -7.57584964e-01 
 4.88807662e-02 -7.60221298e-01 
 4.89807662e-02 -7.62835699e-01 
 4.90807662e-02 -7.65429327e-01 
 4.91807662e-02 -7.68003259e-01 
 4.92807662e-02 -7.70558491e-01 
 4.93807662e-02 -7.73095949e-01 
 4.94807662e-02 -7.75616494e-01 
 4.95807662e-02 -7.78120924e-01 
 4.96807662e-02 -7.80609984e-01 
 4.97807662e-02 -7.83084364e-01 
 4.98807662e-02 -7.85544710e-01 
 4.99807662e-02 -7.87991622e-01 
 5.00807662e-02 -7.90425658e-01 
 5.01807662e-02 -7.92847341e-01 
 5.02807662e-02 -7.95257156e-01 
 5.03807662e-02 -7.97655557e-01 
 5.04807662e-02 -8.00042967e-01 
 5.05807662e-02 -8.02419782e-01 
 5.06807662e-02 -8.04786371e-01 
 5.07807662e-02 -8.07143078e-01 
 5.08807662e-02 -8.09490228e-01 
 5.09807662e-02 -8.11828122e-01 
 5.10807662e-02 -8.14157044e-01 
 5.11807662e-02 -8.16477260e-01 
 5.12807662e-02 -8.18789019e-01 
 5.13807662e-02 -8.21092558e-01 
 5.14807662e-02 -8.23388098e-01 
 5.15807662e-02 -8.25675847e-01 
 5.16807662e-02 -8.27956004e-01 
 5.17807662e-02 -8.30228756e-01 
 5.18807662e-02 -8.32494280e-01 
 5.19807662e-02 -8.34752746e-01 
 5.20807662e-02 -8.37004313e-01 
 5.21807662e-02 -8.39249136e-01 
 5.22807662e-02 -8.41487359e-01 
 5.23807662e-02 -8.43719125e-01 
 5.24807662e-02 -8.45944565e-01 
 5.25807662e-02 -8.48163809e-01 
 5.26807662e-02 -8.50376981e-01 
 5.27807662e-02 -8.52584200e-01 
 5.28807662e-02 -8.54785579e-01 
 5.29807662e-02 -8.56981229e-01 
 5.30807662e-02 -8.59171257e-01 
 5.31807662e-02 -8.61355765e-01 
 5.32807662e-02 -8.63534853e-01 
 5.33807662e-02 -8.65708616e-01 
 5.34807662e-02 -8.67877148e-01 
 5.35807662e-02 -8.70040539e-01 
 5.36807662e-02 -8.72198876e-01 
 5.37807662e-02 -8.74352243e-01 
 5.38807662e-02 -8.76500722e-01 
 5.39807662e-02 -8.78644394e-01 
 5.40807662e-02 -8.80783335e-01 
 5.41807662e-02 -8.82917620e-01 
 5.42807662e-02 -8.85047321e-01 
 5.43807662e-02 -8.87172510e-01 
 5.44807662e-02 -8.89293256e-01 
 5.45807662e-02 -8.91409624e-01 
 5.46807662e-02 -8.93521679e-01 
 5.47807662e-02 -8.95629486e-01 
 5.48807662e-02 -8.97733104e-01 
 5.49807662e-02 -8.99832595e-01 
 5.50807662e-02 -9.01928015e-01 
 5.51807662e-02 -9.04019421e-01 
 5.52807662e-02 -9.06106868e-01 
 5.53807662e-02 -9.08190410e-01 
 5.54807662e-02 -9.10270098e-01 
 5.55807662e-02 -9.12345984e-01 
 5.56807662e-02 -9.14418116e-01 
 5.57807662e-02 -9.16486543e-01 
 5.58807662e-02 -9.18551311e-01 
 5.59807662e-02 -9.20612467e-01 
 5.60807662e-02 -9.22670054e-01 
 5.61807662e-02 -9.24724117e-01 
 5.62807662e-02 -9.26774696e-01 
 5.63807662e-02 -9.28821834e-01 
 5.64807662e-02 -9.30865571e-01 
 5.65807662e-02 -9.32905945e-01 
 5.66807662e-02 -9.34942996e-01 
 5.67807662e-02 -9.36976760e-01 
 5.68807662e-02 -9.39007274e-01 
 5.69807662e-02 -9.41034573e-01 
 5.70807662e-02 -9.43058692e-01 
 5.71807662e-02 -9.45079664e-01 
 5.72807662e-02 -9.47097524e-01 
 5.73807662e-02 -9.49112303e-01 
 5.74807662e-02 -9.51124032e-01 
 5.75807662e-02 -9.53132743e-01 
 5.76807662e-02 -9.55138465e-01 
 5.77807662e-02 -9.57141229e-01 
 5.78807662e-02 -9.59141062e-01 
 5.79807662e-02 -9.61137993e-01 
 5.80807662e-02 -9.63132049e-01 
 5.81807662e-02 -9.65123258e-01 
 5.82807662e-02 -9.67111645e-01 
 5.83807662e-02 -9.69097236e-01 
 5.84807662e-02 -9.71080057e-01 
 5.85807662e-02 -9.73060131e-01 
 5.86807662e-02 -9.75037484e-01 
 5.87807662e-02 -9.77012138e-01 
 5.88807662e-02 -9.78984117e-01 
 5.89807662e-02 -9.80953444e-01 
 5.90807662e-02 -9.82920139e-01 
 5.91807662e-02 -9.84884226e-01 
 5.92807662e-02 -9.86845725e-01 
 5.93807662e-02 -9.88804658e-01 
 5.94807662e-02 -9.90761043e-01 
 5.95807662e-02 -9.92714902e-01 
 5.96807662e-02 -9.94666255e-01 
 5.97807662e-02 -9.96615119e-01 
 5.98807662e-02 -9.98561514e-01 
 5.99807662e-02 -1.00050546e+00 
 6.00807662e-02 -1.00244697e+00 
 6.01807662e-02 -1.00438607e+00 
 6.02807662e-02 -1.00632277e+00 
 6.03807662e-02 -1.00825709e+00 
 6.04807662e-02 -1.01018904e+00 
 6.05807662e-02 -1.01211865e+00 
 6.06807662e-02 -1.01404593e+00 
 6.07807662e-02 -1.01597089e+00 
 6.08807662e-02 -1.01789355e+00 
 6.09807662e-02 -1.01981393e+00 
 6.10807662e-02 -1.02173204e+00 
 6.11807662e-02 -1.02364789e+00 
 6.12807662e-02 -1.02556151e+00 
 6.13807662e-02 -1.02747289e+00 
 6.14807662e-02 -1.02938206e+00 
 6.15807662e-02 -1.03128904e+00 
 6.16807662e-02 -1.03319383e+00 
 6.17807662e-02 -1.03509645e+00 
 6.18807662e-02 -1.03699690e+00 
 6.19807662e-02 -1.03889521e+00 
 6.20807662e-02 -1.04079139e+00 
 6.21807662e-02 -1.04268545e+00 
 6.22807662e-02 -1.04457739e+00 
 6.23807662e-02 -1.04646724e+00 
 6.24807662e-02 -1.04835500e+00 
 6.25807662e-02 -1.05024069e+00 
 6.26807662e-02 -1.05212431e+00 
 6.27807662e-02 -1.05400588e+00 
 6.28807662e-02 -1.05588541e+00 
 6.29807662e-02 -1.05776291e+00 
 6.30807662e-02 -1.05963839e+00 
 6.31807662e-02 -1.06151186e+00 
 6.32807662e-02 -1.06338333e+00 
 6.33807662e-02 -1.06525281e+00 
 6.34807662e-02 -1.06712031e+00 
 6.35807662e-02 -1.06898584e+00 
 6.36807662e-02 -1.07084941e+00 
 6.37807662e-02 -1.07271103e+00 
 6.38807662e-02 -1.07457070e+00 
 6.39807662e-02 -1.07642845e+00 
 6.40807662e-02 -1.07828427e+00 
 6.41807662e-02 -1.08013818e+00 
 6.42807662e-02 -1.08199018e+00 
 6.43807662e-02 -1.08384028e+00 
 6.44807662e-02 -1.08568849e+00 
 6.45807662e-02 -1.08753483e+00 
 6.46807662e-02 -1.08937929e+00 
 6.47807662e-02 -1.09122188e+00 
 6.48807662e-02 -1.09306262e+00 
 6.49807662e-02 -1.09490152e+00 
 6.50807662e-02 -1.09673856e+00 
 6.51807662e-02 -1.09857378e+00 
 6.52807662e-02 -1.10040717e+00 
 6.53807662e-02 -1.10223874e+00 
 6.54807662e-02 -1.10406850e+00 
 6.55807662e-02 -1.10589645e+00 
 6.56807662e-02 -1.10772261e+00 
 6.57807662e-02 -1.10954697e+00 
 6.58807662e-02 -1.11136956e+00 
 6.59807662e-02 -1.11319036e+00 
 6.60807662e-02 -1.11500939e+00 
 6.61807662e-02 -1.11682666e+00 
 6.62807662e-02 -1.11864217e+00 
 6.63807662e-02 -1.12045593e+00 
 6.64807662e-02 -1.12226794e+00 
 6.65807662e-02 -1.12407821e+00 
 6.66807662e-02 -1.12588675e+00 
 6.67807662e-02 -1.12769356e+00 
 6.68807662e-02 -1.12949865e+00 
 6.69807662e-02 -1.13130203e+00 
 6.70807662e-02 -1.13310369e+00 
 6.71807662e-02 -1.13490364e+00 
 6.72807662e-02 -1.13670190e+00 
 6.73807662e-02 -1.13849846e+00 
 6.74807662e-02 -1.14029333e+00 
 6.75807662e-02 -1.14208652e+00 
 6.76807662e-02 -1.14387803e+00 
 6.77807662e-02 -1.14566786e+00 
 6.78807662e-02 -1.14745602e+00 
 6.79807662e-02 -1.14924252e+00 
 6.80807662e-02 -1.15102736e+00 
 6.81807662e-02 -1.15281054e+00 
 6.82807662e-02 -1.15459208e+00 
 6.83807662e-02 -1.15637196e+00 
 6.84807662e-02 -1.15815020e+00 
 6.85807662e-02 -1.15992681e+00 
 6.86807662e-02 -1.16170178e+00 
 6.87807662e-02 -1.16347512e+00 
 6.88807662e-02 -1.16524684e+00 
 6.89807662e-02 -1.16701694e+00 
 6.90807662e-02 -1.16878541e+00 
 6.91807662e-02 -1.17055228e+00 
 6.92807662e-02 -1.17231753e+00 
 6.93807662e-02 -1.17408118e+00 
 6.94807662e-02 -1.17584322e+00 
 6.95807662e-02 -1.17760367e+00 
 6.96807662e-02 -1.17936252e+00 
 6.97807662e-02 -1.18111977e+00 
 6.98807662e-02 -1.18287544e+00 
 6.99807662e-02 -1.18462952e+00 
 7.00807662e-02 -1.18638201e+00 
 7.01807662e-02 -1.18813293e+00 
 7.02807662e-02 -1.18988227e+00 
 7.03807662e-02 -1.19163003e+00 
 7.04807662e-02 -1.19337623e+00 
 7.05807662e-02 -1.19512085e+00 
 7.06807662e-02 -1.19686391e+00 
 7.07807662e-02 -1.19860540e+00 
 7.08807662e-02 -1.20034533e+00 
 7.09807662e-02 -1.20208371e+00 
 7.10807662e-02 -1.20382052e+00 
 7.11807662e-02 -1.20555579e+00 
 7.12807662e-02 -1.20728950e+00 
 7.13807662e-02 -1.20902166e+00 
 7.14807662e-02 -1.21075227e+00 
 7.15807662e-02 -1.21248133e+00 
 7.16807662e-02 -1.21420885e+00 
 7.17807662e-02 -1.21593483e+00 
 7.18807662e-02 -1.21765926e+00 
 7.19807662e-02 -1.21938216e+00 
 7.20807662e-02 -1.22110351e+00 
 7.21807662e-02 -1.22282333e+00 
 7.22807662e-02 -1.22454162e+00 
 7.23807662e-02 -1.22625837e+00 
 7.24807662e-02 -1.22797358e+00 
 7.25807662e-02 -1.22968727e+00 
 7.26807662e-02 -1.23139942e+00 
 7.27807662e-02 -1.23311004e+00 
 7.28807662e-02 -1.23481913e+00 
 7.29807662e-02 -1.23652669e+00 
 7.30807662e-02 -1.23823272e+00 
 7.31807662e-02 -1.23993723e+00 
 7.32807662e-02 -1.24164020e+00 
 7.33807662e-02 -1.24334165e+00 
 7.34807662e-02 -1.24504157e+00 
 7.35807662e-02 -1.24673996e+00 
 7.36807662e-02 -1.24843683e+00 
 7.37807662e-02 -1.25013216e+00 
 7.38807662e-02 -1.25182597e+00 
 7.39807662e-02 -1.25351825e+00 
 7.40807662e-02 -1.25520900e+00 
 7.41807662e-02 -1.25689822e+00 
 7.42807662e-02 -1.25858591e+00 
 7.43807662e-02 -1.26027207e+00 
 7.44807662e-02 -1.26195670e+00 
 7.45807662e-02 -1.26363979e+00 
 7.46807662e-02 -1.26532135e+00 
 7.47807662e-02 -1.26700137e+00 
 7.48807662e-02 -1.26867985e+00 
 7.49807662e-02 -1.27035680e+00 
 7.50807662e-02 -1.27203220e+00 
 7.51807662e-02 -1.27370607e+00 
 7.52807662e-02 -1.27537838e+00 
 7.53807662e-02 -1.27704916e+00 
 7.54807662e-02 -1.27871838e+00 
 7.55807662e-02 -1.28038605e+00 
 7.56807662e-02 -1.28205217e+00 
 7.57807662e-02 -1.28371673e+00 
 7.58807662e-02 -1.28537973e+00 
 7.59807662e-02 -1.28704117e+00 
 7.60807662e-02 -1.28870105e+00 
 7.61807662e-02 -1.29035936e+00 
 7.62807662e-02 -1.29201609e+00 
 7.63807662e-02 -1.29367125e+00 
 7.64807662e-02 -1.29532483e+00 
 7.65807662e-02 -1.29697683e+00 
 7.66807662e-02 -1.29862724e+00 
 7.67807662e-02 -1.30027606e+00 
 7.68807662e-02 -1.30192328e+00 
 7.69807662e-02 -1.30356890e+00 
 7.70807662e-02 -1.30521292e+00 
 7.71807662e-02 -1.30685532e+00 
 7.72807662e-02 -1.30849611e+00 
 7.73807662e-02 -1.31013528e+00 
 7.74807662e-02 -1.31177283e+00 
 7.75807662e-02 -1.31340874e+00 
 7.76807662e-02 -1.31504301e+00 
 7.77807662e-02 -1.31667564e+00 
 7.78807662e-02 -1.31830662e+00 
 7.79807662e-02 -1.31993594e+00 
 7.80807662e-02 -1.32156360e+00 
 7.81807662e-02 -1.32318958e+00 
 7.82807662e-02 -1.32481389e+00 
 7.83807662e-02 -1.32643651e+00 
 7.84807662e-02 -1.32805744e+00 
 7.85807662e-02 -1.32967666e+00 
 7.86807662e-02 -1.33129418e+00 
 7.87807662e-02 -1.33290997e+00 
 7.88807662e-02 -1.33452404e+00 
 7.89807662e-02 -1.33613638e+00 
 7.90807662e-02 -1.33774697e+00 
 7.91807662e-02 -1.33935580e+00 
 7.92807662e-02 -1.34096287e+00 
 7.93807662e-02 -1.34256816e+00 
 7.94807662e-02 -1.34417167e+00 
 7.95807662e-02 -1.34577338e+00 
 7.96807662e-02 -1.34737329e+00 
 7.97807662e-02 -1.34897138e+00 
 7.98807662e-02 -1.35056764e+00 
 7.99807662e-02 -1.35216206e+00 
 8.00807662e-02 -1.35375462e+00 
 8.01807662e-02 -1.35534532e+00 
 8.02807662e-02 -1.35693414e+00 
 8.03807662e-02 -1.35852107e+00 
 8.04807662e-02 -1.36010609e+00 
 8.05807662e-02 -1.36168920e+00 
 8.06807662e-02 -1.36327038e+00 
 8.07807662e-02 -1.36484960e+00 
 8.08807662e-02 -1.36642687e+00 
 8.09807662e-02 -1.36800216e+00 
 8.10807662e-02 -1.36957546e+00 
 8.11807662e-02 -1.37114675e+00 
 8.12807662e-02 -1.37271602e+00 
 8.13807662e-02 -1.37428325e+00 
 8.14807662e-02 -1.37584842e+00 
 8.15807662e-02 -1.37741152e+00 
 8.16807662e-02 -1.37897253e+00 
 8.17807662e-02 -1.38053144e+00 
 8.18807662e-02 -1.38208822e+00 
 8.19807662e-02 -1.38364285e+00 
 8.20807662e-02 -1.38519533e+00 
 8.21807662e-02 -1.38674562e+00 
 8.22807662e-02 -1.38829371e+00 
 8.23807662e-02 -1.38983959e+00 
 8.24807662e-02 -1.39138323e+00 
 8.25807662e-02 -1.39292460e+00 
 8.26807662e-02 -1.39446370e+00 
 8.27807662e-02 -1.39600050e+00 
 8.28807662e-02 -1.39753498e+00 
 8.29807662e-02 -1.39906712e+00 
 8.30807662e-02 -1.40059690e+00 
 8.31807662e-02 -1.40212430e+00 
 8.32807662e-02 -1.40364929e+00 
 8.33807662e-02 -1.40517185e+00 
 8.34807662e-02 -1.40669197e+00 
 8.35807662e-02 -1.40820961e+00 
 8.36807662e-02 -1.40972476e+00 
 8.37807662e-02 -1.41123740e+00 
 8.38807662e-02 -1.41274750e+00 
 8.39807662e-02 -1.41425504e+00 
 8.40807662e-02 -1.41575999e+00 
 8.41807662e-02 -1.41726234e+00 
 8.42807662e-02 -1.41876206e+00 
 8.43807662e-02 -1.42025913e+00 
 8.44807662e-02 -1.42175352e+00 
 8.45807662e-02 -1.42324522e+00 
 8.46807662e-02 -1.42473420e+00 
 8.47807662e-02 -1.42622043e+00 
 8.48807662e-02 -1.42770390e+00 
 8.49807662e-02 -1.42918458e+00 
 8.50807662e-02 -1.43066245e+00 
 8.51807662e-02 -1.43213749e+00 
 8.52807662e-02 -1.43360967e+00 
 8.53807662e-02 -1.43507897e+00 
 8.54807662e-02 -1.43654537e+00 
 8.55807662e-02 -1.43800885e+00 
 8.56807662e-02 -1.43946939e+00 
 8.57807662e-02 -1.44092696e+00 
 8.58807662e-02 -1.44238155e+00 
 8.59807662e-02 -1.44383313e+00 
 8.60807662e-02 -1.44528168e+00 
 8.61807662e-02 -1.44672718e+00 
 8.62807662e-02 -1.44816962e+00 
 8.63807662e-02 -1.44960897e+00 
 8.64807662e-02 -1.45104521e+00 
 8.65807662e-02 -1.45247833e+00 
 8.66807662e-02 -1.45390830e+00 
 8.67807662e-02 -1.45533511e+00 
 8.68807662e-02 -1.45675874e+00 
 8.69807662e-02 -1.45817917e+00 
 8.70807662e-02 -1.45959638e+00 
 8.71807662e-02 -1.46101036e+00 
 8.72807662e-02 -1.46242110e+00 
 8.73807662e-02 -1.46382856e+00 
 8.74807662e-02 -1.46523275e+00 
 8.75807662e-02 -1.46663364e+00 
 8.76807662e-02 -1.46803123e+00 
 8.77807662e-02 -1.46942549e+00 
 8.78807662e-02 -1.47081641e+00 
 8.79807662e-02 -1.47220398e+00 
 8.80807662e-02 -1.47358819e+00 
 8.81807662e-02 -1.47496903e+00 
 8.82807662e-02 -1.47634648e+00 
 8.83807662e-02 -1.47772053e+00 
 8.84807662e-02 -1.47909117e+00 
 8.85807662e-02 -1.48045840e+00 
 8.86807662e-02 -1.48182220e+00 
 8.87807662e-02 -1.48318256e+00 
 8.88807662e-02 -1.48453948e+00 
 8.89807662e-02 -1.48589294e+00 
 8.90807662e-02 -1.48724295e+00 
 8.91807662e-02 -1.48858949e+00 
 8.92807662e-02 -1.48993255e+00 
 8.93807662e-02 -1.49127214e+00 
 8.94807662e-02 -1.49260824e+00 
 8.95807662e-02 -1.49394086e+00 
 8.96807662e-02 -1.49526998e+00 
 8.97807662e-02 -1.49659561e+00 
 8.98807662e-02 -1.49791774e+00 
 8.99807662e-02 -1.49923637e+00 
 9.00807662e-02 -1.50055149e+00 
 9.01807662e-02 -1.50186311e+00 
 9.02807662e-02 -1.50317123e+00 
 9.03807662e-02 -1.50447584e+00 
 9.04807662e-02 -1.50577695e+00 
 9.05807662e-02 -1.50707455e+00 
 9.06807662e-02 -1.50836865e+00 
 9.07807662e-02 -1.50965925e+00 
 9.08807662e-02 -1.51094635e+00 
 9.09807662e-02 -1.51222996e+00 
 9.10807662e-02 -1.51351008e+00 
 9.11807662e-02 -1.51478671e+00 
 9.12807662e-02 -1.51605986e+00 
 9.13807662e-02 -1.51732953e+00 
 9.14807662e-02 -1.51859573e+00 
 9.15807662e-02 -1.51985847e+00 
 9.16807662e-02 -1.52111774e+00 
 9.17807662e-02 -1.52237357e+00 
 9.18807662e-02 -1.52362595e+00 
 9.19807662e-02 -1.52487489e+00 
 9.20807662e-02 -1.52612041e+00 
 9.21807662e-02 -1.52736251e+00 
 9.22807662e-02 -1.52860120e+00 
 9.23807662e-02 -1.52983649e+00 
 9.24807662e-02 -1.53106839e+00 
 9.25807662e-02 -1.53229691e+00 
 9.26807662e-02 -1.53352207e+00 
 9.27807662e-02 -1.53474386e+00 
 9.28807662e-02 -1.53596232e+00 
 9.29807662e-02 -1.53717744e+00 
 9.30807662e-02 -1.53838924e+00 
 9.31807662e-02 -1.53959773e+00 
 9.32807662e-02 -1.54080293e+00 
 9.33807662e-02 -1.54200485e+00 
 9.34807662e-02 -1.54320350e+00 
 9.35807662e-02 -1.54439890e+00 
 9.36807662e-02 -1.54559106e+00 
 9.37807662e-02 -1.54678000e+00 
 9.38807662e-02 -1.54796573e+00 
 9.39807662e-02 -1.54914827e+00 
 9.40807662e-02 -1.55032762e+00 
 9.41807662e-02 -1.55150382e+00 
 9.42807662e-02 -1.55267687e+00 
 9.43807662e-02 -1.55384679e+00 
 9.44807662e-02 -1.55501359e+00 
 9.45807662e-02 -1.55617730e+00 
 9.46807662e-02 -1.55733792e+00 
 9.47807662e-02 -1.55849549e+00 
 9.48807662e-02 -1.55965000e+00 
 9.49807662e-02 -1.56080149e+00 
 9.50807662e-02 -1.56194996e+00 
 9.51807662e-02 -1.56309544e+00 
 9.52807662e-02 -1.56423794e+00 
 9.53807662e-02 -1.56537749e+00 
 9.54807662e-02 -1.56651409e+00 
 9.55807662e-02 -1.56764776e+00 
 9.56807662e-02 -1.56877854e+00 
 9.57807662e-02 -1.56990642e+00 
 9.58807662e-02 -1.57103143e+00 
 9.59807662e-02 -1.57215360e+00 
 9.60807662e-02 -1.57327293e+00 
 9.61807662e-02 -1.57438944e+00 
 9.62807662e-02 -1.57550316e+00 
 9.63807662e-02 -1.57661410e+00 
 9.64807662e-02 -1.57772228e+00 
 9.65807662e-02 -1.57882772e+00 
 9.66807662e-02 -1.57993044e+00 
 9.67807662e-02 -1.58103046e+00 
 9.68807662e-02 -1.58212779e+00 
 9.69807662e-02 -1.58322245e+00 
 9.70807662e-02 -1.58431447e+00 
 9.71807662e-02 -1.58540385e+00 
 9.72807662e-02 -1.58649063e+00 
 9.73807662e-02 -1.58757481e+00 
 9.74807662e-02 -1.58865641e+00 
 9.75807662e-02 -1.58973546e+00 
 9.76807662e-02 -1.59081198e+00 
 9.77807662e-02 -1.59188597e+00 
 9.78807662e-02 -1.59295746e+00 
 9.79807662e-02 -1.59402647e+00 
 9.80807662e-02 -1.59509302e+00 
 9.81807662e-02 -1.59615712e+00 
 9.82807662e-02 -1.59721879e+00 
 9.83807662e-02 -1.59827805e+00 
 9.84807662e-02 -1.59933492e+00 
 9.85807662e-02 -1.60038941e+00 
 9.86807662e-02 -1.60144154e+00 
 9.87807662e-02 -1.60249134e+00 
 9.88807662e-02 -1.60353881e+00 
 9.89807662e-02 -1.60458398e+00 
 9.90807662e-02 -1.60562687e+00 
 9.91807662e-02 -1.60666748e+00 
 9.92807662e-02 -1.60770584e+00 
 9.93807662e-02 -1.60874197e+00 
 9.94807662e-02 -1.60977588e+00 
 9.95807662e-02 -1.61080759e+00 
 9.96807662e-02 -1.61183711e+00 
 9.97807662e-02 -1.61286447e+00 
 9.98807662e-02 -1.61388967e+00 
 9.99807662e-02 -1.61491274e+00 
 1.00080766e-01 -1.61593370e+00 
 1.00180766e-01 -1.61695255e+00 
 1.00280766e-01 -1.61796932e+00 
 1.00380766e-01 -1.61898402e+00 
 1.00480766e-01 -1.61999666e+00 
 1.00580766e-01 -1.62100727e+00 
 1.00680766e-01 -1.62201586e+00 
 1.00780766e-01 -1.62302244e+00 
 1.00880766e-01 -1.62402704e+00 
 1.00980766e-01 -1.62502966e+00 
 1.01080766e-01 -1.62603031e+00 
 1.01180766e-01 -1.62702903e+00 
 1.01280766e-01 -1.62802582e+00 
 1.01380766e-01 -1.62902069e+00 
 1.01480766e-01 -1.63001367e+00 
 1.01580766e-01 -1.63100476e+00 
 1.01680766e-01 -1.63199398e+00 
 1.01780766e-01 -1.63298135e+00 
 1.01880766e-01 -1.63396687e+00 
 1.01980766e-01 -1.63495057e+00 
 1.02080766e-01 -1.63593246e+00 
 1.02180766e-01 -1.63691255e+00 
 1.02280766e-01 -1.63789086e+00 
 1.02380766e-01 -1.63886740e+00 
 1.02480766e-01 -1.63984218e+00 
 1.02580766e-01 -1.64081522e+00 
 1.02680766e-01 -1.64178653e+00 
 1.02780766e-01 -1.64275612e+00 
 1.02880766e-01 -1.64372402e+00 
 1.02980766e-01 -1.64469022e+00 
 1.03080766e-01 -1.64565475e+00 
 1.03180766e-01 -1.64661761e+00 
 1.03280766e-01 -1.64757882e+00 
 1.03380766e-01 -1.64853840e+00 
 1.03480766e-01 -1.64949635e+00 
 1.03580766e-01 -1.65045269e+00 
 1.03680766e-01 -1.65140743e+00 
 1.03780766e-01 -1.65236058e+00 
 1.03880766e-01 -1.65331215e+00 
 1.03980766e-01 -1.65426216e+00 
 1.04080766e-01 -1.65521062e+00 
 1.04180766e-01 -1.65615754e+00 
 1.04280766e-01 -1.65710293e+00 
 1.04380766e-01 -1.65804680e+00 
 1.04480766e-01 -1.65898917e+00 
 1.04580766e-01 -1.65993004e+00 
 1.04680766e-01 -1.66086943e+00 
 1.04780766e-01 -1.66180735e+00 
 1.04880766e-01 -1.66274381e+00 
 1.04980766e-01 -1.66367882e+00 
 1.05080766e-01 -1.66461239e+00 
 1.05180766e-01 -1.66554453e+00 
 1.05280766e-01 -1.66647526e+00 
 1.05380766e-01 -1.66740458e+00 
 1.05480766e-01 -1.66833250e+00 
 1.05580766e-01 -1.66925904e+00 
 1.05680766e-01 -1.67018420e+00 
 1.05780766e-01 -1.67110800e+00 
 1.05880766e-01 -1.67203044e+00 
 1.05980766e-01 -1.67295154e+00 
 1.06080766e-01 -1.67387130e+00 
 1.06180766e-01 -1.67478973e+00 
 1.06280766e-01 -1.67570685e+00 
 1.06380766e-01 -1.67662267e+00 
 1.06480766e-01 -1.67753718e+00 
 1.06580766e-01 -1.67845041e+00 
 1.06680766e-01 -1.67936236e+00 
 1.06780766e-01 -1.68027305e+00 
 1.06880766e-01 -1.68118247e+00 
 1.06980766e-01 -1.68209064e+00 
 1.07080766e-01 -1.68299757e+00 
 1.07180766e-01 -1.68390327e+00 
 1.07280766e-01 -1.68480774e+00 
 1.07380766e-01 -1.68571100e+00 
 1.07480766e-01 -1.68661305e+00 
 1.07580766e-01 -1.68751390e+00 
 1.07680766e-01 -1.68841356e+00 
 1.07780766e-01 -1.68931204e+00 
 1.07880766e-01 -1.69020935e+00 
 1.07980766e-01 -1.69110550e+00 
 1.08080766e-01 -1.69200048e+00 
 1.08180766e-01 -1.69289432e+00 
 1.08280766e-01 -1.69378702e+00 
 1.08380766e-01 -1.69467858e+00 
 1.08480766e-01 -1.69556902e+00 
 1.08580766e-01 -1.69645835e+00 
 1.08680766e-01 -1.69734656e+00 
 1.08780766e-01 -1.69823367e+00 
 1.08880766e-01 -1.69911969e+00 
 1.08980766e-01 -1.70000462e+00 
 1.09080766e-01 -1.70088847e+00 
 1.09180766e-01 -1.70177125e+00 
 1.09280766e-01 -1.70265296e+00 
 1.09380766e-01 -1.70353362e+00 
 1.09480766e-01 -1.70441322e+00 
 1.09580766e-01 -1.70529178e+00 
 1.09680766e-01 -1.70616931e+00 
 1.09780766e-01 -1.70704580e+00 
 1.09880766e-01 -1.70792127e+00 
 1.09980766e-01 -1.70879573e+00 
 1.10080766e-01 -1.70966918e+00 
 1.10180766e-01 -1.71054162e+00 
 1.10280766e-01 -1.71141307e+00 
 1.10380766e-01 -1.71228352e+00 
 1.10480766e-01 -1.71315300e+00 
 1.10580766e-01 -1.71402149e+00 
 1.10680766e-01 -1.71488902e+00 
 1.10780766e-01 -1.71575558e+00 
 1.10880766e-01 -1.71662118e+00 
 1.10980766e-01 -1.71748583e+00 
 1.11080766e-01 -1.71834954e+00 
 1.11180766e-01 -1.71921230e+00 
 1.11280766e-01 -1.72007414e+00 
 1.11380766e-01 -1.72093504e+00 
 1.11480766e-01 -1.72179502e+00 
 1.11580766e-01 -1.72265408e+00 
 1.11680766e-01 -1.72351224e+00 
 1.11780766e-01 -1.72436949e+00 
 1.11880766e-01 -1.72522584e+00 
 1.11980766e-01 -1.72608129e+00 
 1.12080766e-01 -1.72693586e+00 
 1.12180766e-01 -1.72778954e+00 
 1.12280766e-01 -1.72864235e+00 
 1.12380766e-01 -1.72949429e+00 
 1.12480766e-01 -1.73034535e+00 
 1.12580766e-01 -1.73119556e+00 
 1.12680766e-01 -1.73204491e+00 
 1.12780766e-01 -1.73289341e+00 
 1.12880766e-01 -1.73374107e+00 
 1.12980766e-01 -1.73458788e+00 
 1.13080766e-01 -1.73543386e+00 
 1.13180766e-01 -1.73627901e+00 
 1.13280766e-01 -1.73712333e+00 
 1.13380766e-01 -1.73796683e+00 
 1.13480766e-01 -1.73880951e+00 
 1.13580766e-01 -1.73965138e+00 
 1.13680766e-01 -1.74049245e+00 
 1.13780766e-01 -1.74133272e+00 
 1.13880766e-01 -1.74217218e+00 
 1.13980766e-01 -1.74301086e+00 
 1.14080766e-01 -1.74384875e+00 
 1.14180766e-01 -1.74468585e+00 
 1.14280766e-01 -1.74552217e+00 
 1.14380766e-01 -1.74635772e+00 
 1.14480766e-01 -1.74719250e+00 
 1.14580766e-01 -1.74802652e+00 
 1.14680766e-01 -1.74885977e+00 
 1.14780766e-01 -1.74969227e+00 
 1.14880766e-01 -1.75052401e+00 
 1.14980766e-01 -1.75135501e+00 
 1.15080766e-01 -1.75218526e+00 
 1.15180766e-01 -1.75301477e+00 
 1.15280766e-01 -1.75384355e+00 
 1.15380766e-01 -1.75467159e+00 
 1.15480766e-01 -1.75549890e+00 
 1.15580766e-01 -1.75632549e+00 
 1.15680766e-01 -1.75715137e+00 
 1.15780766e-01 -1.75797652e+00 
 1.15880766e-01 -1.75880096e+00 
 1.15980766e-01 -1.75962470e+00 
 1.16080766e-01 -1.76044773e+00 
 1.16180766e-01 -1.76127006e+00 
 1.16280766e-01 -1.76209169e+00 
 1.16380766e-01 -1.76291263e+00 
 1.16480766e-01 -1.76373288e+00 
 1.16580766e-01 -1.76455244e+00 
 1.16680766e-01 -1.76537132e+00 
 1.16780766e-01 -1.76618952e+00 
 1.16880766e-01 -1.76700705e+00 
 1.16980766e-01 -1.76782390e+00 
 1.17080766e-01 -1.76864009e+00 
 1.17180766e-01 -1.76945561e+00 
 1.17280766e-01 -1.77027048e+00 
 1.17380766e-01 -1.77108468e+00 
 1.17480766e-01 -1.77189823e+00 
 1.17580766e-01 -1.77271113e+00 
 1.17680766e-01 -1.77352338e+00 
 1.17780766e-01 -1.77433498e+00 
 1.17880766e-01 -1.77514595e+00 
 1.17980766e-01 -1.77595627e+00 
 1.18080766e-01 -1.77676596e+00 
 1.18180766e-01 -1.77757502e+00 
 1.18280766e-01 -1.77838346e+00 
 1.18380766e-01 -1.77919126e+00 
 1.18480766e-01 -1.77999845e+00 
 1.18580766e-01 -1.78080501e+00 
 1.18680766e-01 -1.78161096e+00 
 1.18780766e-01 -1.78241629e+00 
 1.18880766e-01 -1.78322102e+00 
 1.18980766e-01 -1.78402514e+00 
 1.19080766e-01 -1.78482865e+00 
 1.19180766e-01 -1.78563156e+00 
 1.19280766e-01 -1.78643388e+00 
 1.19380766e-01 -1.78723559e+00 
 1.19480766e-01 -1.78803672e+00 
 1.19580766e-01 -1.78883726e+00 
 1.19680766e-01 -1.78963720e+00 
 1.19780766e-01 -1.79043657e+00 
 1.19880766e-01 -1.79123535e+00 
 1.19980766e-01 -1.79203355e+00 
 1.20000000e-01 -1.79218701e+00 
