 5.00000000e-09  5.89470393e-09 
 5.14019886e-09  6.01045126e-09 
 5.42059659e-09  6.23842028e-09 
 5.98139205e-09  6.69256877e-09 
 6.82763024e-09  7.37548386e-09 
 8.00896273e-09  8.32395790e-09 
 1.03716277e-08  1.02054644e-08 
 1.50969577e-08  1.39189811e-08 
 2.45476176e-08  2.12167348e-08 
 3.96380894e-08  3.26429543e-08 
 5.06535701e-08  4.08417045e-08 
 6.06733224e-08  4.81944107e-08 
 6.75996604e-08  5.31999839e-08 
 7.53439352e-08  5.86907809e-08 
 8.59571324e-08  6.59810556e-08 
 9.79478528e-08  7.38755767e-08 
 1.16153069e-07  8.53504847e-08 
 1.35679037e-07  9.67698718e-08 
 1.59494976e-07  1.10562437e-07 
 1.90272817e-07  1.28434353e-07 
 2.38535790e-07  1.56411963e-07 
 2.82352974e-07  1.81238593e-07 
 3.28978240e-07  2.06299859e-07 
 3.59644645e-07  2.22581211e-07 
 3.97163023e-07  2.42860304e-07 
 4.35461186e-07  2.63636645e-07 
 4.77295370e-07  2.86339277e-07 
 5.00000000e-07  2.98711377e-07 
 5.06442118e-07  3.02237489e-07 
 5.19326354e-07  3.09310959e-07 
 5.44109103e-07  3.23053244e-07 
 5.79908654e-07  3.43393257e-07 
 6.10050593e-07  3.61159369e-07 
 6.37116929e-07  3.77789609e-07 
 6.65945775e-07  3.96340212e-07 
 7.07694564e-07  4.23645218e-07 
 7.31547890e-07  4.38788161e-07 
 7.49373205e-07  4.49600514e-07 
 7.56670975e-07  4.53882476e-07 
 7.63896540e-07  4.58032070e-07 
 7.69624361e-07  4.61259123e-07 
 7.77204993e-07  4.65451494e-07 
 7.89790132e-07  4.72239377e-07 
 8.10495300e-07  4.83030682e-07 
 8.40925275e-07  4.98262164e-07 
 8.78828816e-07  5.16493800e-07 
 9.17777530e-07  5.34662988e-07 
 9.57308692e-07  5.52793115e-07 
 1.00000000e-06  5.72330557e-07 
 1.00790623e-06  5.75957698e-07 
 1.02371870e-06  5.83241974e-07 
 1.05534363e-06  5.97985552e-07 
 1.10742026e-06  6.23076449e-07 
 1.16381134e-06  6.54087252e-07 
 1.24084465e-06  7.13193900e-07 
 1.32304867e-06  8.14706249e-07 
 1.47832497e-06  1.17053288e-06 
 1.57919709e-06  1.62605187e-06 
 1.65897156e-06  2.48799962e-06 
 1.72416579e-06  4.35699774e-06 
 1.78825503e-06  8.84782267e-06 
 1.84074035e-06  1.62970775e-05 
 1.89609642e-06  3.06893369e-05 
 1.94799613e-06  5.32716270e-05 
 1.99690216e-06  8.62990495e-05 
 2.04842491e-06  1.38731705e-04 
 2.10702243e-06  2.28373373e-04 
 2.14816983e-06  3.12008282e-04 
 2.17582180e-06  3.75951363e-04 
 2.19785719e-06  4.29999695e-04 
 2.21970840e-06  4.83428387e-04 
 2.23570269e-06  5.19704425e-04 
 2.25571086e-06  5.58338238e-04 
 2.27781383e-06  5.93002889e-04 
 2.29860133e-06  6.21010930e-04 
 2.32711188e-06  6.58039162e-04 
 2.36994505e-06  7.20509502e-04 
 2.40903937e-06  7.93450182e-04 
 2.45605884e-06  9.14470076e-04 
 2.51301218e-06  1.11623181e-03 
 2.57846763e-06  1.41496843e-03 
 2.63774057e-06  1.74184618e-03 
 2.72831155e-06  2.35134834e-03 
 2.85809234e-06  3.49437274e-03 
 3.11765391e-06  6.94065424e-03 
 3.56156251e-06  1.72191383e-02 
 4.17244489e-06  4.20850503e-02 
 5.12409383e-06  1.09451818e-01 
 5.81327122e-06  1.91114222e-01 
 5.90701005e-06  2.04679677e-01 
 6.09448769e-06  2.32928121e-01 
 6.18274154e-06  2.46724459e-01 
 6.23624331e-06  2.54683002e-01 
 6.26405412e-06  2.58598256e-01 
 6.29335474e-06  2.62561409e-01 
 6.32176337e-06  2.66270826e-01 
 6.35117889e-06  2.69987031e-01 
 6.41000991e-06  2.77092613e-01 
 6.47093106e-06  2.84065364e-01 
 6.59277335e-06  2.97116155e-01 
 6.75412200e-06  3.13058573e-01 
 7.06414174e-06  3.41136054e-01 
 7.46635953e-06  3.74808180e-01 
 7.95398851e-06  4.13619532e-01 
 8.76313878e-06  4.76363256e-01 
 9.79028755e-06  5.56479265e-01 
 1.00000000e-05  5.73063748e-01 
 1.00511043e-05  5.77113314e-01 
 1.01533128e-05  5.85202490e-01 
 1.03350439e-05  5.99545030e-01 
 1.06985060e-05  6.28086546e-01 
 1.14254304e-05  6.84641100e-01 
 1.22491523e-05  7.48142643e-01 
 1.28546823e-05  7.94280872e-01 
 1.33476199e-05  8.28341088e-01 
 1.35859512e-05  8.43229520e-01 
 1.37824813e-05  8.54604995e-01 
 1.39758354e-05  8.64976928e-01 
 1.43625434e-05  8.83330579e-01 
 1.48508983e-05  9.02166639e-01 
 1.55790872e-05  9.22032584e-01 
 1.70354650e-05  9.39818471e-01 
 1.90056372e-05  9.48595324e-01 
 2.15500884e-05  9.52670343e-01 
 2.42244987e-05  9.54109897e-01 
 2.74098204e-05  9.54700077e-01 
 3.34869982e-05  9.55121913e-01 
 4.25621864e-05  9.55320348e-01 
 6.07125628e-05  9.55407086e-01 
 9.70133156e-05  9.55332475e-01 
 1.00000000e-04  9.55313690e-01 
 1.05973369e-04  9.55274200e-01 
 1.17920107e-04  9.55195223e-01 
 1.41813582e-04  9.55037289e-01 
 1.89600533e-04  9.54721499e-01 
 2.85174436e-04  9.54090234e-01 
 3.85174436e-04  9.53430176e-01 
 4.25295500e-04  2.74577175e-01 
 4.61876868e-04 -4.59077752e-01 
 4.91784987e-04 -9.56625317e-01 
 5.23594346e-04 -1.12752160e+00 
 5.52532123e-04 -1.13926400e+00 
 5.85938943e-04 -1.12925935e+00 
 6.23829695e-04 -1.12421990e+00 
 6.99611200e-04 -1.12325697e+00 
 7.99611200e-04 -1.12361657e+00 
 8.99611200e-04 -1.12369599e+00 
 9.99611200e-04 -1.12367723e+00 
 1.09961120e-03 -1.12365855e+00 
 1.19961120e-03 -1.12364627e+00 
 1.29961120e-03 -1.12363698e+00 
 1.39961120e-03 -1.12362943e+00 
 1.49961120e-03 -1.12362318e+00 
 1.59961120e-03 -1.12361792e+00 
 1.69961120e-03 -1.12361345e+00 
 1.79961120e-03 -1.12360960e+00 
 1.89961120e-03 -1.12360626e+00 
 1.99961120e-03 -1.12360333e+00 
 2.09961120e-03 -1.12360073e+00 
 2.19961120e-03 -1.12359842e+00 
 2.29961120e-03 -1.12359635e+00 
 2.39961120e-03 -1.12359449e+00 
 2.49961120e-03 -1.12359280e+00 
 2.59961120e-03 -1.12359126e+00 
 2.69961120e-03 -1.12358986e+00 
 2.79961120e-03 -1.12358857e+00 
 2.89961120e-03 -1.12358739e+00 
 2.99961120e-03 -1.12358629e+00 
 3.09961120e-03 -1.12358528e+00 
 3.19961120e-03 -1.12358433e+00 
 3.29961120e-03 -1.12358346e+00 
 3.39961120e-03 -1.12358264e+00 
 3.49961120e-03 -1.12358187e+00 
 3.59961120e-03 -1.12358115e+00 
 3.69961120e-03 -1.12358047e+00 
 3.79961120e-03 -1.12357984e+00 
 3.89961120e-03 -1.12357924e+00 
 3.99961120e-03 -1.12357867e+00 
 4.09961120e-03 -1.12357814e+00 
 4.19961120e-03 -1.12357763e+00 
 4.29961120e-03 -1.12357715e+00 
 4.39961120e-03 -1.12357669e+00 
 4.49961120e-03 -1.12357625e+00 
 4.59961120e-03 -1.12357584e+00 
 4.69961120e-03 -1.12357544e+00 
 4.79961120e-03 -1.12357506e+00 
 4.89961120e-03 -1.12357470e+00 
 4.99961120e-03 -1.12357436e+00 
 5.09961120e-03 -1.12357402e+00 
 5.19961120e-03 -1.12357371e+00 
 5.29961120e-03 -1.12357340e+00 
 5.39961120e-03 -1.12357311e+00 
 5.49961120e-03 -1.12357283e+00 
 5.59961120e-03 -1.12357256e+00 
 5.69961120e-03 -1.12357230e+00 
 5.79961120e-03 -1.12357205e+00 
 5.89961120e-03 -1.12357181e+00 
 5.99961120e-03 -1.12357158e+00 
 6.09961120e-03 -1.12357135e+00 
 6.19961120e-03 -1.12357114e+00 
 6.29961120e-03 -1.12357093e+00 
 6.39961120e-03 -1.12357073e+00 
 6.49961120e-03 -1.12357053e+00 
 6.59961120e-03 -1.12357034e+00 
 6.69961120e-03 -1.12357016e+00 
 6.79961120e-03 -1.12356998e+00 
 6.89961120e-03 -1.12356981e+00 
 6.99961120e-03 -1.12356964e+00 
 7.09961120e-03 -1.12356948e+00 
 7.19961120e-03 -1.12356932e+00 
 7.29961120e-03 -1.12356917e+00 
 7.39961120e-03 -1.12356902e+00 
 7.49961120e-03 -1.12356888e+00 
 7.59961120e-03 -1.12356874e+00 
 7.69961120e-03 -1.12356860e+00 
 7.79961120e-03 -1.12356847e+00 
 7.89961120e-03 -1.12356834e+00 
 7.99961120e-03 -1.12356821e+00 
 8.09961120e-03 -1.12356809e+00 
 8.19961120e-03 -1.12356797e+00 
 8.29961120e-03 -1.12356786e+00 
 8.39961120e-03 -1.12356774e+00 
 8.49961120e-03 -1.12356763e+00 
 8.59961120e-03 -1.12356752e+00 
 8.69961120e-03 -1.12356742e+00 
 8.79961120e-03 -1.12356732e+00 
 8.89961120e-03 -1.12356721e+00 
 8.99961120e-03 -1.12356712e+00 
 9.09961120e-03 -1.12356702e+00 
 9.19961120e-03 -1.12356693e+00 
 9.29961120e-03 -1.12356684e+00 
 9.39961120e-03 -1.12356675e+00 
 9.49961120e-03 -1.12356666e+00 
 9.59961120e-03 -1.12356657e+00 
 9.69961120e-03 -1.12356649e+00 
 9.79961120e-03 -1.12356641e+00 
 9.89961120e-03 -1.12356633e+00 
 9.99961120e-03 -1.12356625e+00 
 1.00996112e-02 -1.12356617e+00 
 1.01996112e-02 -1.12356610e+00 
 1.02996112e-02 -1.12356602e+00 
 1.03996112e-02 -1.12356595e+00 
 1.04996112e-02 -1.12356588e+00 
 1.05996112e-02 -1.12356581e+00 
 1.06996112e-02 -1.12356574e+00 
 1.07996112e-02 -1.12356567e+00 
 1.08996112e-02 -1.12356561e+00 
 1.09996112e-02 -1.12356554e+00 
 1.10996112e-02 -1.12356548e+00 
 1.11996112e-02 -1.12356542e+00 
 1.12996112e-02 -1.12356536e+00 
 1.13996112e-02 -1.12356530e+00 
 1.14996112e-02 -1.12356524e+00 
 1.15996112e-02 -1.12356518e+00 
 1.16996112e-02 -1.12356513e+00 
 1.17996112e-02 -1.12356507e+00 
 1.18996112e-02 -1.12356502e+00 
 1.19996112e-02 -1.12356496e+00 
 1.20996112e-02 -1.12356491e+00 
 1.21996112e-02 -1.12356486e+00 
 1.22996112e-02 -1.12356481e+00 
 1.23996112e-02 -1.12356476e+00 
 1.24996112e-02 -1.12356471e+00 
 1.25996112e-02 -1.12356466e+00 
 1.26996112e-02 -1.12356461e+00 
 1.27996112e-02 -1.12356456e+00 
 1.28996112e-02 -1.12356452e+00 
 1.29996112e-02 -1.12356447e+00 
 1.30996112e-02 -1.12356443e+00 
 1.31996112e-02 -1.12356438e+00 
 1.32996112e-02 -1.12356434e+00 
 1.33996112e-02 -1.12356430e+00 
 1.34996112e-02 -1.12356425e+00 
 1.35996112e-02 -1.12356421e+00 
 1.36996112e-02 -1.12356417e+00 
 1.37996112e-02 -1.12356413e+00 
 1.38996112e-02 -1.12356409e+00 
 1.39996112e-02 -1.12356405e+00 
 1.40996112e-02 -1.12356401e+00 
 1.41996112e-02 -1.12356398e+00 
 1.42996112e-02 -1.12356394e+00 
 1.43996112e-02 -1.12356390e+00 
 1.44996112e-02 -1.12356387e+00 
 1.45996112e-02 -1.12356383e+00 
 1.46996112e-02 -1.12356379e+00 
 1.47996112e-02 -1.12356376e+00 
 1.48996112e-02 -1.12356373e+00 
 1.49996112e-02 -1.12356369e+00 
 1.50996112e-02 -1.12356366e+00 
 1.51996112e-02 -1.12356363e+00 
 1.52996112e-02 -1.12356359e+00 
 1.53996112e-02 -1.12356356e+00 
 1.54996112e-02 -1.12356353e+00 
 1.55996112e-02 -1.12356350e+00 
 1.56996112e-02 -1.12356347e+00 
 1.57996112e-02 -1.12356344e+00 
 1.58996112e-02 -1.12356341e+00 
 1.59996112e-02 -1.12356338e+00 
 1.60996112e-02 -1.12356335e+00 
 1.61996112e-02 -1.12356332e+00 
 1.62996112e-02 -1.12356329e+00 
 1.63996112e-02 -1.12356326e+00 
 1.64996112e-02 -1.12356323e+00 
 1.65996112e-02 -1.12356321e+00 
 1.66996112e-02 -1.12356318e+00 
 1.67996112e-02 -1.12356315e+00 
 1.68996112e-02 -1.12356312e+00 
 1.69996112e-02 -1.12356310e+00 
 1.70996112e-02 -1.12356307e+00 
 1.71996112e-02 -1.12356305e+00 
 1.72996112e-02 -1.12356302e+00 
 1.73996112e-02 -1.12356300e+00 
 1.74996112e-02 -1.12356297e+00 
 1.75996112e-02 -1.12356295e+00 
 1.76996112e-02 -1.12356292e+00 
 1.77996112e-02 -1.12356290e+00 
 1.78996112e-02 -1.12356288e+00 
 1.79996112e-02 -1.12356285e+00 
 1.80996112e-02 -1.12356283e+00 
 1.81996112e-02 -1.12356281e+00 
 1.82996112e-02 -1.12356279e+00 
 1.83996112e-02 -1.12356276e+00 
 1.84996112e-02 -1.12356274e+00 
 1.85996112e-02 -1.12356272e+00 
 1.86996112e-02 -1.12356270e+00 
 1.87996112e-02 -1.12356268e+00 
 1.88996112e-02 -1.12356266e+00 
 1.89996112e-02 -1.12356263e+00 
 1.90996112e-02 -1.12356261e+00 
 1.91996112e-02 -1.12356259e+00 
 1.92996112e-02 -1.12356257e+00 
 1.93996112e-02 -1.12356255e+00 
 1.94996112e-02 -1.12356253e+00 
 1.95996112e-02 -1.12356251e+00 
 1.96996112e-02 -1.12356249e+00 
 1.97996112e-02 -1.12356248e+00 
 1.98996112e-02 -1.12356246e+00 
 1.99996112e-02 -1.12356244e+00 
 2.00000000e-02 -1.12356244e+00 
 2.00007776e-02 -1.12356519e+00 
 2.00023328e-02 -1.12357661e+00 
 2.00054432e-02 -1.12362240e+00 
 2.00116640e-02 -1.12377602e+00 
 2.00241056e-02 -1.12419853e+00 
 2.00489888e-02 -1.12516548e+00 
 2.00987553e-02 -1.12713956e+00 
 2.01982882e-02 -1.13104311e+00 
 2.02982882e-02 -1.13492579e+00 
 2.03982882e-02 -1.13877850e+00 
 2.04982882e-02 -1.14260320e+00 
 2.05982882e-02 -1.14640111e+00 
 2.06982882e-02 -1.15017353e+00 
 2.07982882e-02 -1.15392168e+00 
 2.08982882e-02 -1.15764672e+00 
 2.09982882e-02 -1.16134970e+00 
 2.10982882e-02 -1.16503163e+00 
 2.11982882e-02 -1.16869343e+00 
 2.12982882e-02 -1.17233596e+00 
 2.13982882e-02 -1.17596004e+00 
 2.14982882e-02 -1.17956643e+00 
 2.15982882e-02 -1.18315584e+00 
 2.16982882e-02 -1.18672894e+00 
 2.17982882e-02 -1.19028637e+00 
 2.18982882e-02 -1.19382871e+00 
 2.19982882e-02 -1.19735654e+00 
 2.20982882e-02 -1.20087038e+00 
 2.21982882e-02 -1.20437072e+00 
 2.22982882e-02 -1.20785805e+00 
 2.23982882e-02 -1.21133282e+00 
 2.24982882e-02 -1.21479545e+00 
 2.25982882e-02 -1.21824635e+00 
 2.26982882e-02 -1.22168589e+00 
 2.27982882e-02 -1.22511445e+00 
 2.28982882e-02 -1.22853237e+00 
 2.29982882e-02 -1.23193998e+00 
 2.30982882e-02 -1.23533760e+00 
 2.31982882e-02 -1.23872553e+00 
 2.32982882e-02 -1.24210406e+00 
 2.33982882e-02 -1.24547346e+00 
 2.34982882e-02 -1.24883399e+00 
 2.35982882e-02 -1.25218590e+00 
 2.36982882e-02 -1.25552943e+00 
 2.37982882e-02 -1.25886482e+00 
 2.38982882e-02 -1.26219228e+00 
 2.39982882e-02 -1.26551202e+00 
 2.40982882e-02 -1.26882425e+00 
 2.41982882e-02 -1.27212916e+00 
 2.42982882e-02 -1.27542693e+00 
 2.43982882e-02 -1.27871776e+00 
 2.44982882e-02 -1.28200180e+00 
 2.45982882e-02 -1.28527923e+00 
 2.46982882e-02 -1.28855020e+00 
 2.47982882e-02 -1.29181488e+00 
 2.48982882e-02 -1.29507340e+00 
 2.49982882e-02 -1.29832591e+00 
 2.50982882e-02 -1.30157254e+00 
 2.51982882e-02 -1.30481344e+00 
 2.52982882e-02 -1.30804873e+00 
 2.53982882e-02 -1.31127853e+00 
 2.54982882e-02 -1.31450296e+00 
 2.55982882e-02 -1.31772214e+00 
 2.56982882e-02 -1.32093617e+00 
 2.57982882e-02 -1.32414518e+00 
 2.58982882e-02 -1.32734926e+00 
 2.59982882e-02 -1.33054851e+00 
 2.60982882e-02 -1.33374303e+00 
 2.61982882e-02 -1.33693292e+00 
 2.62982882e-02 -1.34011826e+00 
 2.63982882e-02 -1.34329916e+00 
 2.64982882e-02 -1.34647568e+00 
 2.65982882e-02 -1.34964792e+00 
 2.66982882e-02 -1.35281596e+00 
 2.67982882e-02 -1.35597988e+00 
 2.68982882e-02 -1.35913975e+00 
 2.69982882e-02 -1.36229564e+00 
 2.70982882e-02 -1.36544764e+00 
 2.71982882e-02 -1.36859580e+00 
 2.72982882e-02 -1.37174021e+00 
 2.73982882e-02 -1.37488091e+00 
 2.74982882e-02 -1.37801799e+00 
 2.75982882e-02 -1.38115149e+00 
 2.76982882e-02 -1.38428149e+00 
 2.77982882e-02 -1.38740803e+00 
 2.78982882e-02 -1.39053118e+00 
 2.79982882e-02 -1.39365100e+00 
 2.80982882e-02 -1.39676754e+00 
 2.81982882e-02 -1.39988085e+00 
 2.82982882e-02 -1.40299098e+00 
 2.83982882e-02 -1.40609799e+00 
 2.84982882e-02 -1.40920192e+00 
 2.85982882e-02 -1.41230281e+00 
 2.86982882e-02 -1.41540073e+00 
 2.87982882e-02 -1.41849572e+00 
 2.88982882e-02 -1.42158781e+00 
 2.89982882e-02 -1.42467705e+00 
 2.90982882e-02 -1.42776348e+00 
 2.91982882e-02 -1.43084715e+00 
 2.92982882e-02 -1.43392809e+00 
 2.93982882e-02 -1.43700635e+00 
 2.94982882e-02 -1.44008196e+00 
 2.95982882e-02 -1.44315496e+00 
 2.96982882e-02 -1.44622539e+00 
 2.97982882e-02 -1.44929328e+00 
 2.98982882e-02 -1.45235867e+00 
 2.99982882e-02 -1.45542159e+00 
 3.00982882e-02 -1.45848207e+00 
 3.01982882e-02 -1.46154015e+00 
 3.02982882e-02 -1.46459587e+00 
 3.03982882e-02 -1.46764924e+00 
 3.04982882e-02 -1.47070030e+00 
 3.05982882e-02 -1.47374908e+00 
 3.06982882e-02 -1.47679562e+00 
 3.07982882e-02 -1.47983993e+00 
 3.08982882e-02 -1.48288205e+00 
 3.09982882e-02 -1.48592200e+00 
 3.10982882e-02 -1.48895981e+00 
 3.11982882e-02 -1.49199551e+00 
 3.12982882e-02 -1.49502912e+00 
 3.13982882e-02 -1.49806066e+00 
 3.14982882e-02 -1.50109017e+00 
 3.15982882e-02 -1.50411767e+00 
 3.16982882e-02 -1.50714317e+00 
 3.17982882e-02 -1.51016670e+00 
 3.18982882e-02 -1.51318829e+00 
 3.19982882e-02 -1.51620795e+00 
 3.20982882e-02 -1.51922571e+00 
 3.21982882e-02 -1.52224159e+00 
 3.22982882e-02 -1.52525560e+00 
 3.23982882e-02 -1.52826778e+00 
 3.24982882e-02 -1.53127814e+00 
 3.25982882e-02 -1.53428669e+00 
 3.26982882e-02 -1.53729346e+00 
 3.27982882e-02 -1.54029847e+00 
 3.28982882e-02 -1.54330173e+00 
 3.29982882e-02 -1.54630326e+00 
 3.30982882e-02 -1.54930308e+00 
 3.31982882e-02 -1.55230121e+00 
 3.32982882e-02 -1.55529766e+00 
 3.33982882e-02 -1.55829245e+00 
 3.34982882e-02 -1.56128560e+00 
 3.35982882e-02 -1.56427711e+00 
 3.36982882e-02 -1.56726701e+00 
 3.37982882e-02 -1.57025531e+00 
 3.38982882e-02 -1.57324203e+00 
 3.39982882e-02 -1.57622718e+00 
 3.40982882e-02 -1.57921077e+00 
 3.41982882e-02 -1.58219281e+00 
 3.42982882e-02 -1.58517333e+00 
 3.43982882e-02 -1.58815233e+00 
 3.44982882e-02 -1.59112983e+00 
 3.45982882e-02 -1.59410584e+00 
 3.46982882e-02 -1.59708037e+00 
 3.47982882e-02 -1.60005343e+00 
 3.48982882e-02 -1.60302503e+00 
 3.49982882e-02 -1.60599519e+00 
 3.50982882e-02 -1.60896392e+00 
 3.51982882e-02 -1.61193123e+00 
 3.52982882e-02 -1.61489712e+00 
 3.53982882e-02 -1.61786161e+00 
 3.54982882e-02 -1.62082471e+00 
 3.55982882e-02 -1.62378643e+00 
 3.56982882e-02 -1.62674677e+00 
 3.57982882e-02 -1.62970576e+00 
 3.58982882e-02 -1.63266338e+00 
 3.59982882e-02 -1.63561966e+00 
 3.60982882e-02 -1.63857460e+00 
 3.61982882e-02 -1.64152821e+00 
 3.62982882e-02 -1.64448050e+00 
 3.63982882e-02 -1.64743147e+00 
 3.64982882e-02 -1.65038114e+00 
 3.65982882e-02 -1.65332950e+00 
 3.66982882e-02 -1.65627657e+00 
 3.67982882e-02 -1.65922235e+00 
 3.68982882e-02 -1.66216685e+00 
 3.69982882e-02 -1.66511008e+00 
 3.70982882e-02 -1.66805203e+00 
 3.71982882e-02 -1.67099272e+00 
 3.72982882e-02 -1.67393215e+00 
 3.73982882e-02 -1.67687032e+00 
 3.74982882e-02 -1.67980724e+00 
 3.75982882e-02 -1.68274292e+00 
 3.76982882e-02 -1.68567736e+00 
 3.77982882e-02 -1.68861055e+00 
 3.78982882e-02 -1.69154251e+00 
 3.79982882e-02 -1.69447324e+00 
 3.80982882e-02 -1.69740273e+00 
 3.81982882e-02 -1.70033100e+00 
 3.82982882e-02 -1.70325805e+00 
 3.83982882e-02 -1.70618387e+00 
 3.84982882e-02 -1.70910847e+00 
 3.85982882e-02 -1.71203185e+00 
 3.86982882e-02 -1.71495401e+00 
 3.87982882e-02 -1.71787495e+00 
 3.88982882e-02 -1.72079467e+00 
 3.89982882e-02 -1.72371317e+00 
 3.90982882e-02 -1.72663045e+00 
 3.91982882e-02 -1.72954651e+00 
 3.92982882e-02 -1.73246135e+00 
 3.93982882e-02 -1.73537497e+00 
 3.94982882e-02 -1.73828736e+00 
 3.95982882e-02 -1.74119853e+00 
 3.96982882e-02 -1.74410846e+00 
 3.97982882e-02 -1.74701716e+00 
 3.98982882e-02 -1.74992462e+00 
 3.99982882e-02 -1.75283085e+00 
 4.00982882e-02 -1.75573583e+00 
 4.01982882e-02 -1.75863955e+00 
 4.02982882e-02 -1.76154203e+00 
 4.03982882e-02 -1.76444324e+00 
 4.04982882e-02 -1.76734319e+00 
 4.05982882e-02 -1.77024186e+00 
 4.06982882e-02 -1.77313925e+00 
 4.07982882e-02 -1.77603535e+00 
 4.08982882e-02 -1.77893016e+00 
 4.09982882e-02 -1.78182366e+00 
 4.10982882e-02 -1.78471585e+00 
 4.11982882e-02 -1.78760671e+00 
 4.12982882e-02 -1.79049624e+00 
 4.13982882e-02 -1.79338442e+00 
 4.14982882e-02 -1.79627124e+00 
 4.15982882e-02 -1.79915670e+00 
 4.16982882e-02 -1.80204077e+00 
 4.17982882e-02 -1.80492345e+00 
 4.18982882e-02 -1.80780472e+00 
 4.19982882e-02 -1.81068456e+00 
 4.20982882e-02 -1.81356296e+00 
 4.21982882e-02 -1.81643991e+00 
 4.22982882e-02 -1.81931538e+00 
 4.23982882e-02 -1.82218936e+00 
 4.24982882e-02 -1.82506184e+00 
 4.25982882e-02 -1.82793278e+00 
 4.26982882e-02 -1.83080217e+00 
 4.27982882e-02 -1.83367000e+00 
 4.28982882e-02 -1.83653623e+00 
 4.29982882e-02 -1.83940085e+00 
 4.30982882e-02 -1.84226383e+00 
 4.31982882e-02 -1.84512514e+00 
 4.32982882e-02 -1.84798477e+00 
 4.33982882e-02 -1.85084268e+00 
 4.34982882e-02 -1.85369885e+00 
 4.35982882e-02 -1.85655325e+00 
 4.36982882e-02 -1.85940584e+00 
 4.37982882e-02 -1.86225660e+00 
 4.38982882e-02 -1.86510549e+00 
 4.39982882e-02 -1.86795249e+00 
 4.40982882e-02 -1.87079755e+00 
 4.41982882e-02 -1.87364064e+00 
 4.42982882e-02 -1.87648172e+00 
 4.43982882e-02 -1.87932076e+00 
 4.44982882e-02 -1.88215771e+00 
 4.45982882e-02 -1.88499253e+00 
 4.46982882e-02 -1.88782518e+00 
 4.47982882e-02 -1.89065562e+00 
 4.48982882e-02 -1.89348379e+00 
 4.49982882e-02 -1.89630965e+00 
 4.50982882e-02 -1.89913314e+00 
 4.51982882e-02 -1.90195423e+00 
 4.52982882e-02 -1.90477284e+00 
 4.53982882e-02 -1.90758894e+00 
 4.54982882e-02 -1.91040245e+00 
 4.55982882e-02 -1.91321332e+00 
 4.56982882e-02 -1.91602149e+00 
 4.57982882e-02 -1.91882690e+00 
 4.58982882e-02 -1.92162947e+00 
 4.59982882e-02 -1.92442914e+00 
 4.60982882e-02 -1.92722584e+00 
 4.61982882e-02 -1.93001950e+00 
 4.62982882e-02 -1.93281004e+00 
 4.63982882e-02 -1.93559739e+00 
 4.64982882e-02 -1.93838146e+00 
 4.65982882e-02 -1.94116218e+00 
 4.66982882e-02 -1.94393947e+00 
 4.67982882e-02 -1.94671323e+00 
 4.68982882e-02 -1.94948339e+00 
 4.69982882e-02 -1.95224985e+00 
 4.70982882e-02 -1.95501253e+00 
 4.71982882e-02 -1.95777133e+00 
 4.72982882e-02 -1.96052617e+00 
 4.73982882e-02 -1.96327694e+00 
 4.74982882e-02 -1.96602355e+00 
 4.75982882e-02 -1.96876591e+00 
 4.76982882e-02 -1.97150391e+00 
 4.77982882e-02 -1.97423746e+00 
 4.78982882e-02 -1.97696646e+00 
 4.79982882e-02 -1.97969079e+00 
 4.80982882e-02 -1.98241036e+00 
 4.81982882e-02 -1.98512507e+00 
 4.82982882e-02 -1.98783480e+00 
 4.83982882e-02 -1.99053946e+00 
 4.84982882e-02 -1.99323894e+00 
 4.85982882e-02 -1.99593312e+00 
 4.86982882e-02 -1.99862190e+00 
 4.87982882e-02 -2.00130518e+00 
 4.88982882e-02 -2.00398283e+00 
 4.89982882e-02 -2.00665477e+00 
 4.90982882e-02 -2.00932086e+00 
 4.91982882e-02 -2.01198100e+00 
 4.92982882e-02 -2.01463509e+00 
 4.93982882e-02 -2.01728301e+00 
 4.94982882e-02 -2.01992465e+00 
 4.95982882e-02 -2.02255991e+00 
 4.96982882e-02 -2.02518866e+00 
 4.97982882e-02 -2.02781081e+00 
 4.98982882e-02 -2.03042625e+00 
 4.99982882e-02 -2.03303486e+00 
 5.00982882e-02 -2.03563654e+00 
 5.01982882e-02 -2.03823118e+00 
 5.02982882e-02 -2.04081868e+00 
 5.03982882e-02 -2.04339894e+00 
 5.04982882e-02 -2.04597184e+00 
 5.05982882e-02 -2.04853730e+00 
 5.06982882e-02 -2.05109520e+00 
 5.07982882e-02 -2.05364545e+00 
 5.08982882e-02 -2.05618796e+00 
 5.09982882e-02 -2.05872263e+00 
 5.10982882e-02 -2.06124936e+00 
 5.11982882e-02 -2.06376806e+00 
 5.12982882e-02 -2.06627866e+00 
 5.13982882e-02 -2.06878105e+00 
 5.14982882e-02 -2.07127515e+00 
 5.15982882e-02 -2.07376089e+00 
 5.16982882e-02 -2.07623818e+00 
 5.17982882e-02 -2.07870694e+00 
 5.18982882e-02 -2.08116710e+00 
 5.19982882e-02 -2.08361859e+00 
 5.20982882e-02 -2.08606134e+00 
 5.21982882e-02 -2.08849528e+00 
 5.22982882e-02 -2.09092034e+00 
 5.23982882e-02 -2.09333647e+00 
 5.24982882e-02 -2.09574361e+00 
 5.25982882e-02 -2.09814169e+00 
 5.26982882e-02 -2.10053068e+00 
 5.27982882e-02 -2.10291052e+00 
 5.28982882e-02 -2.10528116e+00 
 5.29982882e-02 -2.10764255e+00 
 5.30982882e-02 -2.10999467e+00 
 5.31982882e-02 -2.11233747e+00 
 5.32982882e-02 -2.11467092e+00 
 5.33982882e-02 -2.11699499e+00 
 5.34982882e-02 -2.11930965e+00 
 5.35982882e-02 -2.12161487e+00 
 5.36982882e-02 -2.12391064e+00 
 5.37982882e-02 -2.12619693e+00 
 5.38982882e-02 -2.12847374e+00 
 5.39982882e-02 -2.13074105e+00 
 5.40982882e-02 -2.13299885e+00 
 5.41982882e-02 -2.13524714e+00 
 5.42982882e-02 -2.13748591e+00 
 5.43982882e-02 -2.13971516e+00 
 5.44982882e-02 -2.14193491e+00 
 5.45982882e-02 -2.14414515e+00 
 5.46982882e-02 -2.14634590e+00 
 5.47982882e-02 -2.14853716e+00 
 5.48982882e-02 -2.15071896e+00 
 5.49982882e-02 -2.15289131e+00 
 5.50982882e-02 -2.15505423e+00 
 5.51982882e-02 -2.15720774e+00 
 5.52982882e-02 -2.15935188e+00 
 5.53982882e-02 -2.16148667e+00 
 5.54982882e-02 -2.16361214e+00 
 5.55982882e-02 -2.16572832e+00 
 5.56982882e-02 -2.16783525e+00 
 5.57982882e-02 -2.16993296e+00 
 5.58982882e-02 -2.17202150e+00 
 5.59982882e-02 -2.17410091e+00 
 5.60982882e-02 -2.17617124e+00 
 5.61982882e-02 -2.17823252e+00 
 5.62982882e-02 -2.18028480e+00 
 5.63982882e-02 -2.18232814e+00 
 5.64982882e-02 -2.18436258e+00 
 5.65982882e-02 -2.18638818e+00 
 5.66982882e-02 -2.18840499e+00 
 5.67982882e-02 -2.19041306e+00 
 5.68982882e-02 -2.19241245e+00 
 5.69982882e-02 -2.19440323e+00 
 5.70982882e-02 -2.19638544e+00 
 5.71982882e-02 -2.19835914e+00 
 5.72982882e-02 -2.20032441e+00 
 5.73982882e-02 -2.20228130e+00 
 5.74982882e-02 -2.20422986e+00 
 5.75982882e-02 -2.20617018e+00 
 5.76982882e-02 -2.20810230e+00 
 5.77982882e-02 -2.21002630e+00 
 5.78982882e-02 -2.21194224e+00 
 5.79982882e-02 -2.21385019e+00 
 5.80982882e-02 -2.21575021e+00 
 5.81982882e-02 -2.21764236e+00 
 5.82982882e-02 -2.21952673e+00 
 5.83982882e-02 -2.22140337e+00 
 5.84982882e-02 -2.22327235e+00 
 5.85982882e-02 -2.22513374e+00 
 5.86982882e-02 -2.22698761e+00 
 5.87982882e-02 -2.22883403e+00 
 5.88982882e-02 -2.23067306e+00 
 5.89982882e-02 -2.23250478e+00 
 5.90982882e-02 -2.23432925e+00 
 5.91982882e-02 -2.23614654e+00 
 5.92982882e-02 -2.23795672e+00 
 5.93982882e-02 -2.23975986e+00 
 5.94982882e-02 -2.24155603e+00 
 5.95982882e-02 -2.24334529e+00 
 5.96982882e-02 -2.24512771e+00 
 5.97982882e-02 -2.24690337e+00 
 5.98982882e-02 -2.24867232e+00 
 5.99982882e-02 -2.25043463e+00 
 6.00982882e-02 -2.25219038e+00 
 6.01982882e-02 -2.25393963e+00 
 6.02982882e-02 -2.25568244e+00 
 6.03982882e-02 -2.25741888e+00 
 6.04982882e-02 -2.25914902e+00 
 6.05982882e-02 -2.26087292e+00 
 6.06982882e-02 -2.26259064e+00 
 6.07982882e-02 -2.26430226e+00 
 6.08982882e-02 -2.26600783e+00 
 6.09982882e-02 -2.26770741e+00 
 6.10982882e-02 -2.26940107e+00 
 6.11982882e-02 -2.27108888e+00 
 6.12982882e-02 -2.27277089e+00 
 6.13982882e-02 -2.27444717e+00 
 6.14982882e-02 -2.27611777e+00 
 6.15982882e-02 -2.27778277e+00 
 6.16982882e-02 -2.27944220e+00 
 6.17982882e-02 -2.28109615e+00 
 6.18982882e-02 -2.28274466e+00 
 6.19982882e-02 -2.28438779e+00 
 6.20982882e-02 -2.28602560e+00 
 6.21982882e-02 -2.28765815e+00 
 6.22982882e-02 -2.28928549e+00 
 6.23982882e-02 -2.29090769e+00 
 6.24982882e-02 -2.29252479e+00 
 6.25982882e-02 -2.29413685e+00 
 6.26982882e-02 -2.29574393e+00 
 6.27982882e-02 -2.29734608e+00 
 6.28982882e-02 -2.29894335e+00 
 6.29982882e-02 -2.30053579e+00 
 6.30982882e-02 -2.30212346e+00 
 6.31982882e-02 -2.30370641e+00 
 6.32982882e-02 -2.30528469e+00 
 6.33982882e-02 -2.30685835e+00 
 6.34982882e-02 -2.30842743e+00 
 6.35982882e-02 -2.30999200e+00 
 6.36982882e-02 -2.31155210e+00 
 6.37982882e-02 -2.31310777e+00 
 6.38982882e-02 -2.31465906e+00 
 6.39982882e-02 -2.31620603e+00 
 6.40982882e-02 -2.31774871e+00 
 6.41982882e-02 -2.31928716e+00 
 6.42982882e-02 -2.32082141e+00 
 6.43982882e-02 -2.32235152e+00 
 6.44982882e-02 -2.32387752e+00 
 6.45982882e-02 -2.32539947e+00 
 6.46982882e-02 -2.32691740e+00 
 6.47982882e-02 -2.32843136e+00 
 6.48982882e-02 -2.32994139e+00 
 6.49982882e-02 -2.33144753e+00 
 6.50982882e-02 -2.33294983e+00 
 6.51982882e-02 -2.33444832e+00 
 6.52982882e-02 -2.33594304e+00 
 6.53982882e-02 -2.33743404e+00 
 6.54982882e-02 -2.33892135e+00 
 6.55982882e-02 -2.34040501e+00 
 6.56982882e-02 -2.34188506e+00 
 6.57982882e-02 -2.34336154e+00 
 6.58982882e-02 -2.34483449e+00 
 6.59982882e-02 -2.34630394e+00 
 6.60982882e-02 -2.34776993e+00 
 6.61982882e-02 -2.34923249e+00 
 6.62982882e-02 -2.35069167e+00 
 6.63982882e-02 -2.35214749e+00 
 6.64982882e-02 -2.35359999e+00 
 6.65982882e-02 -2.35504921e+00 
 6.66982882e-02 -2.35649517e+00 
 6.67982882e-02 -2.35793792e+00 
 6.68982882e-02 -2.35937748e+00 
 6.69982882e-02 -2.36081389e+00 
 6.70982882e-02 -2.36224718e+00 
 6.71982882e-02 -2.36367738e+00 
 6.72982882e-02 -2.36510453e+00 
 6.73982882e-02 -2.36652865e+00 
 6.74982882e-02 -2.36794977e+00 
 6.75982882e-02 -2.36936793e+00 
 6.76982882e-02 -2.37078315e+00 
 6.77982882e-02 -2.37219547e+00 
 6.78982882e-02 -2.37360491e+00 
 6.79982882e-02 -2.37501150e+00 
 6.80982882e-02 -2.37641527e+00 
 6.81982882e-02 -2.37781625e+00 
 6.82982882e-02 -2.37921447e+00 
 6.83982882e-02 -2.38060995e+00 
 6.84982882e-02 -2.38200272e+00 
 6.85982882e-02 -2.38339281e+00 
 6.86982882e-02 -2.38478023e+00 
 6.87982882e-02 -2.38616503e+00 
 6.88982882e-02 -2.38754723e+00 
 6.89982882e-02 -2.38892684e+00 
 6.90982882e-02 -2.39030390e+00 
 6.91982882e-02 -2.39167843e+00 
 6.92982882e-02 -2.39305045e+00 
 6.93982882e-02 -2.39441999e+00 
 6.94982882e-02 -2.39578708e+00 
 6.95982882e-02 -2.39715172e+00 
 6.96982882e-02 -2.39851396e+00 
 6.97982882e-02 -2.39987381e+00 
 6.98982882e-02 -2.40123129e+00 
 6.99982882e-02 -2.40258644e+00 
 7.00982882e-02 -2.40393925e+00 
 7.01982882e-02 -2.40528977e+00 
 7.02982882e-02 -2.40663802e+00 
 7.03982882e-02 -2.40798400e+00 
 7.04982882e-02 -2.40932775e+00 
 7.05982882e-02 -2.41066929e+00 
 7.06982882e-02 -2.41200863e+00 
 7.07982882e-02 -2.41334580e+00 
 7.08982882e-02 -2.41468081e+00 
 7.09982882e-02 -2.41601369e+00 
 7.10982882e-02 -2.41734445e+00 
 7.11982882e-02 -2.41867312e+00 
 7.12982882e-02 -2.41999971e+00 
 7.13982882e-02 -2.42132425e+00 
 7.14982882e-02 -2.42264674e+00 
 7.15982882e-02 -2.42396722e+00 
 7.16982882e-02 -2.42528569e+00 
 7.17982882e-02 -2.42660218e+00 
 7.18982882e-02 -2.42791671e+00 
 7.19982882e-02 -2.42922928e+00 
 7.20982882e-02 -2.43053992e+00 
 7.21982882e-02 -2.43184865e+00 
 7.22982882e-02 -2.43315548e+00 
 7.23982882e-02 -2.43446043e+00 
 7.24982882e-02 -2.43576352e+00 
 7.25982882e-02 -2.43706475e+00 
 7.26982882e-02 -2.43836416e+00 
 7.27982882e-02 -2.43966174e+00 
 7.28982882e-02 -2.44095753e+00 
 7.29982882e-02 -2.44225154e+00 
 7.30982882e-02 -2.44354377e+00 
 7.31982882e-02 -2.44483425e+00 
 7.32982882e-02 -2.44612299e+00 
 7.33982882e-02 -2.44741001e+00 
 7.34982882e-02 -2.44869531e+00 
 7.35982882e-02 -2.44997893e+00 
 7.36982882e-02 -2.45126086e+00 
 7.37982882e-02 -2.45254112e+00 
 7.38982882e-02 -2.45381973e+00 
 7.39982882e-02 -2.45509671e+00 
 7.40982882e-02 -2.45637206e+00 
 7.41982882e-02 -2.45764579e+00 
 7.42982882e-02 -2.45891793e+00 
 7.43982882e-02 -2.46018849e+00 
 7.44982882e-02 -2.46145747e+00 
 7.45982882e-02 -2.46272490e+00 
 7.46982882e-02 -2.46399078e+00 
 7.47982882e-02 -2.46525512e+00 
 7.48982882e-02 -2.46651795e+00 
 7.49982882e-02 -2.46777926e+00 
 7.50982882e-02 -2.46903908e+00 
 7.51982882e-02 -2.47029742e+00 
 7.52982882e-02 -2.47155428e+00 
 7.53982882e-02 -2.47280969e+00 
 7.54982882e-02 -2.47406364e+00 
 7.55982882e-02 -2.47531616e+00 
 7.56982882e-02 -2.47656726e+00 
 7.57982882e-02 -2.47781694e+00 
 7.58982882e-02 -2.47906521e+00 
 7.59982882e-02 -2.48031210e+00 
 7.60982882e-02 -2.48155760e+00 
 7.61982882e-02 -2.48280174e+00 
 7.62982882e-02 -2.48404451e+00 
 7.63982882e-02 -2.48528594e+00 
 7.64982882e-02 -2.48652603e+00 
 7.65982882e-02 -2.48776479e+00 
 7.66982882e-02 -2.48900223e+00 
 7.67982882e-02 -2.49023837e+00 
 7.68982882e-02 -2.49147320e+00 
 7.69982882e-02 -2.49270675e+00 
 7.70982882e-02 -2.49393903e+00 
 7.71982882e-02 -2.49517003e+00 
 7.72982882e-02 -2.49639978e+00 
 7.73982882e-02 -2.49762828e+00 
 7.74982882e-02 -2.49885554e+00 
 7.75982882e-02 -2.50008157e+00 
 7.76982882e-02 -2.50130638e+00 
 7.77982882e-02 -2.50252998e+00 
 7.78982882e-02 -2.50375237e+00 
 7.79982882e-02 -2.50497357e+00 
 7.80982882e-02 -2.50619359e+00 
 7.81982882e-02 -2.50741243e+00 
 7.82982882e-02 -2.50863011e+00 
 7.83982882e-02 -2.50984662e+00 
 7.84982882e-02 -2.51106199e+00 
 7.85982882e-02 -2.51227621e+00 
 7.86982882e-02 -2.51348930e+00 
 7.87982882e-02 -2.51470127e+00 
 7.88982882e-02 -2.51591212e+00 
 7.89982882e-02 -2.51712186e+00 
 7.90982882e-02 -2.51833050e+00 
 7.91982882e-02 -2.51953804e+00 
 7.92982882e-02 -2.52074450e+00 
 7.93982882e-02 -2.52194989e+00 
 7.94982882e-02 -2.52315420e+00 
 7.95982882e-02 -2.52435745e+00 
 7.96982882e-02 -2.52555965e+00 
 7.97982882e-02 -2.52676080e+00 
 7.98982882e-02 -2.52796091e+00 
 7.99982882e-02 -2.52915999e+00 
 8.00982882e-02 -2.53035804e+00 
 8.01982882e-02 -2.53155507e+00 
 8.02982882e-02 -2.53275110e+00 
 8.03982882e-02 -2.53394612e+00 
 8.04982882e-02 -2.53514014e+00 
 8.05982882e-02 -2.53633317e+00 
 8.06982882e-02 -2.53752522e+00 
 8.07982882e-02 -2.53871629e+00 
 8.08982882e-02 -2.53990639e+00 
 8.09982882e-02 -2.54109553e+00 
 8.10982882e-02 -2.54228372e+00 
 8.11982882e-02 -2.54347095e+00 
 8.12982882e-02 -2.54465724e+00 
 8.13982882e-02 -2.54584259e+00 
 8.14982882e-02 -2.54702701e+00 
 8.15982882e-02 -2.54821050e+00 
 8.16982882e-02 -2.54939308e+00 
 8.17982882e-02 -2.55057474e+00 
 8.18982882e-02 -2.55175550e+00 
 8.19982882e-02 -2.55293536e+00 
 8.20982882e-02 -2.55411432e+00 
 8.21982882e-02 -2.55529240e+00 
 8.22982882e-02 -2.55646959e+00 
 8.23982882e-02 -2.55764590e+00 
 8.24982882e-02 -2.55882135e+00 
 8.25982882e-02 -2.55999593e+00 
 8.26982882e-02 -2.56116964e+00 
 8.27982882e-02 -2.56234251e+00 
 8.28982882e-02 -2.56351452e+00 
 8.29982882e-02 -2.56468569e+00 
 8.30982882e-02 -2.56585603e+00 
 8.31982882e-02 -2.56702553e+00 
 8.32982882e-02 -2.56819420e+00 
 8.33982882e-02 -2.56936206e+00 
 8.34982882e-02 -2.57052909e+00 
 8.35982882e-02 -2.57169532e+00 
 8.36982882e-02 -2.57286074e+00 
 8.37982882e-02 -2.57402535e+00 
 8.38982882e-02 -2.57518918e+00 
 8.39982882e-02 -2.57635221e+00 
 8.40982882e-02 -2.57751445e+00 
 8.41982882e-02 -2.57867591e+00 
 8.42982882e-02 -2.57983660e+00 
 8.43982882e-02 -2.58099651e+00 
 8.44982882e-02 -2.58215566e+00 
 8.45982882e-02 -2.58331405e+00 
 8.46982882e-02 -2.58447168e+00 
 8.47982882e-02 -2.58562856e+00 
 8.48982882e-02 -2.58678468e+00 
 8.49982882e-02 -2.58794007e+00 
 8.50982882e-02 -2.58909471e+00 
 8.51982882e-02 -2.59024863e+00 
 8.52982882e-02 -2.59140181e+00 
 8.53982882e-02 -2.59255426e+00 
 8.54982882e-02 -2.59370600e+00 
 8.55982882e-02 -2.59485702e+00 
 8.56982882e-02 -2.59600732e+00 
 8.57982882e-02 -2.59715692e+00 
 8.58982882e-02 -2.59830581e+00 
 8.59982882e-02 -2.59945401e+00 
 8.60982882e-02 -2.60060150e+00 
 8.61982882e-02 -2.60174831e+00 
 8.62982882e-02 -2.60289443e+00 
 8.63982882e-02 -2.60403987e+00 
 8.64982882e-02 -2.60518462e+00 
 8.65982882e-02 -2.60632870e+00 
 8.66982882e-02 -2.60747211e+00 
 8.67982882e-02 -2.60861485e+00 
 8.68982882e-02 -2.60975693e+00 
 8.69982882e-02 -2.61089835e+00 
 8.70982882e-02 -2.61203911e+00 
 8.71982882e-02 -2.61317923e+00 
 8.72982882e-02 -2.61431869e+00 
 8.73982882e-02 -2.61545751e+00 
 8.74982882e-02 -2.61659568e+00 
 8.75982882e-02 -2.61773322e+00 
 8.76982882e-02 -2.61887013e+00 
 8.77982882e-02 -2.62000640e+00 
 8.78982882e-02 -2.62114205e+00 
 8.79982882e-02 -2.62227708e+00 
 8.80982882e-02 -2.62341149e+00 
 8.81982882e-02 -2.62454528e+00 
 8.82982882e-02 -2.62567846e+00 
 8.83982882e-02 -2.62681103e+00 
 8.84982882e-02 -2.62794299e+00 
 8.85982882e-02 -2.62907436e+00 
 8.86982882e-02 -2.63020512e+00 
 8.87982882e-02 -2.63133529e+00 
 8.88982882e-02 -2.63246486e+00 
 8.89982882e-02 -2.63359385e+00 
 8.90982882e-02 -2.63472225e+00 
 8.91982882e-02 -2.63585007e+00 
 8.92982882e-02 -2.63697731e+00 
 8.93982882e-02 -2.63810397e+00 
 8.94982882e-02 -2.63923006e+00 
 8.95982882e-02 -2.64035558e+00 
 8.96982882e-02 -2.64148054e+00 
 8.97982882e-02 -2.64260493e+00 
 8.98982882e-02 -2.64372876e+00 
 8.99982882e-02 -2.64485203e+00 
 9.00982882e-02 -2.64597475e+00 
 9.01982882e-02 -2.64709691e+00 
 9.02982882e-02 -2.64821853e+00 
 9.03982882e-02 -2.64933960e+00 
 9.04982882e-02 -2.65046013e+00 
 9.05982882e-02 -2.65158012e+00 
 9.06982882e-02 -2.65269957e+00 
 9.07982882e-02 -2.65381848e+00 
 9.08982882e-02 -2.65493687e+00 
 9.09982882e-02 -2.65605473e+00 
 9.10982882e-02 -2.65717206e+00 
 9.11982882e-02 -2.65828887e+00 
 9.12982882e-02 -2.65940515e+00 
 9.13982882e-02 -2.66052092e+00 
 9.14982882e-02 -2.66163618e+00 
 9.15982882e-02 -2.66275092e+00 
 9.16982882e-02 -2.66386515e+00 
 9.17982882e-02 -2.66497888e+00 
 9.18982882e-02 -2.66609210e+00 
 9.19982882e-02 -2.66720482e+00 
 9.20982882e-02 -2.66831704e+00 
 9.21982882e-02 -2.66942876e+00 
 9.22982882e-02 -2.67053999e+00 
 9.23982882e-02 -2.67165073e+00 
 9.24982882e-02 -2.67276098e+00 
 9.25982882e-02 -2.67387074e+00 
 9.26982882e-02 -2.67498002e+00 
 9.27982882e-02 -2.67608881e+00 
 9.28982882e-02 -2.67719713e+00 
 9.29982882e-02 -2.67830497e+00 
 9.30982882e-02 -2.67941233e+00 
 9.31982882e-02 -2.68051923e+00 
 9.32982882e-02 -2.68162565e+00 
 9.33982882e-02 -2.68273161e+00 
 9.34982882e-02 -2.68383710e+00 
 9.35982882e-02 -2.68494212e+00 
 9.36982882e-02 -2.68604669e+00 
 9.37982882e-02 -2.68715080e+00 
 9.38982882e-02 -2.68825445e+00 
 9.39982882e-02 -2.68935765e+00 
 9.40982882e-02 -2.69046039e+00 
 9.41982882e-02 -2.69156269e+00 
 9.42982882e-02 -2.69266454e+00 
 9.43982882e-02 -2.69376595e+00 
 9.44982882e-02 -2.69486691e+00 
 9.45982882e-02 -2.69596743e+00 
 9.46982882e-02 -2.69706751e+00 
 9.47982882e-02 -2.69816716e+00 
 9.48982882e-02 -2.69926637e+00 
 9.49982882e-02 -2.70036515e+00 
 9.50982882e-02 -2.70146350e+00 
 9.51982882e-02 -2.70256142e+00 
 9.52982882e-02 -2.70365891e+00 
 9.53982882e-02 -2.70475598e+00 
 9.54982882e-02 -2.70585263e+00 
 9.55982882e-02 -2.70694886e+00 
 9.56982882e-02 -2.70804467e+00 
 9.57982882e-02 -2.70914006e+00 
 9.58982882e-02 -2.71023504e+00 
 9.59982882e-02 -2.71132961e+00 
 9.60982882e-02 -2.71242376e+00 
 9.61982882e-02 -2.71351751e+00 
 9.62982882e-02 -2.71461085e+00 
 9.63982882e-02 -2.71570379e+00 
 9.64982882e-02 -2.71679632e+00 
 9.65982882e-02 -2.71788846e+00 
 9.66982882e-02 -2.71898019e+00 
 9.67982882e-02 -2.72007153e+00 
 9.68982882e-02 -2.72116247e+00 
 9.69982882e-02 -2.72225301e+00 
 9.70982882e-02 -2.72334317e+00 
 9.71982882e-02 -2.72443293e+00 
 9.72982882e-02 -2.72552231e+00 
 9.73982882e-02 -2.72661130e+00 
 9.74982882e-02 -2.72769990e+00 
 9.75982882e-02 -2.72878813e+00 
 9.76982882e-02 -2.72987597e+00 
 9.77982882e-02 -2.73096343e+00 
 9.78982882e-02 -2.73205051e+00 
 9.79982882e-02 -2.73313722e+00 
 9.80982882e-02 -2.73422355e+00 
 9.81982882e-02 -2.73530951e+00 
 9.82982882e-02 -2.73639510e+00 
 9.83982882e-02 -2.73748032e+00 
 9.84982882e-02 -2.73856517e+00 
 9.85982882e-02 -2.73964965e+00 
 9.86982882e-02 -2.74073377e+00 
 9.87982882e-02 -2.74181753e+00 
 9.88982882e-02 -2.74290092e+00 
 9.89982882e-02 -2.74398396e+00 
 9.90982882e-02 -2.74506663e+00 
 9.91982882e-02 -2.74614895e+00 
 9.92982882e-02 -2.74723092e+00 
 9.93982882e-02 -2.74831253e+00 
 9.94982882e-02 -2.74939379e+00 
 9.95982882e-02 -2.75047469e+00 
 9.96982882e-02 -2.75155525e+00 
 9.97982882e-02 -2.75263546e+00 
 9.98982882e-02 -2.75371533e+00 
 9.99982882e-02 -2.75479485e+00 
 1.00098288e-01 -2.75587402e+00 
 1.00198288e-01 -2.75695286e+00 
 1.00298288e-01 -2.75803135e+00 
 1.00398288e-01 -2.75910951e+00 
 1.00498288e-01 -2.76018733e+00 
 1.00598288e-01 -2.76126481e+00 
 1.00698288e-01 -2.76234196e+00 
 1.00798288e-01 -2.76341877e+00 
 1.00898288e-01 -2.76449525e+00 
 1.00998288e-01 -2.76557140e+00 
 1.01098288e-01 -2.76664723e+00 
 1.01198288e-01 -2.76772272e+00 
 1.01298288e-01 -2.76879789e+00 
 1.01398288e-01 -2.76987273e+00 
 1.01498288e-01 -2.77094725e+00 
 1.01598288e-01 -2.77202145e+00 
 1.01698288e-01 -2.77309533e+00 
 1.01798288e-01 -2.77416889e+00 
 1.01898288e-01 -2.77524212e+00 
 1.01998288e-01 -2.77631504e+00 
 1.02098288e-01 -2.77738765e+00 
 1.02198288e-01 -2.77845994e+00 
 1.02298288e-01 -2.77953192e+00 
 1.02398288e-01 -2.78060359e+00 
 1.02498288e-01 -2.78167494e+00 
 1.02598288e-01 -2.78274599e+00 
 1.02698288e-01 -2.78381673e+00 
 1.02798288e-01 -2.78488716e+00 
 1.02898288e-01 -2.78595728e+00 
 1.02998288e-01 -2.78702710e+00 
 1.03098288e-01 -2.78809662e+00 
 1.03198288e-01 -2.78916583e+00 
 1.03298288e-01 -2.79023475e+00 
 1.03398288e-01 -2.79130336e+00 
 1.03498288e-01 -2.79237168e+00 
 1.03598288e-01 -2.79343970e+00 
 1.03698288e-01 -2.79450742e+00 
 1.03798288e-01 -2.79557485e+00 
 1.03898288e-01 -2.79664198e+00 
 1.03998288e-01 -2.79770882e+00 
 1.04098288e-01 -2.79877537e+00 
 1.04198288e-01 -2.79984163e+00 
 1.04298288e-01 -2.80090760e+00 
 1.04398288e-01 -2.80197328e+00 
 1.04498288e-01 -2.80303867e+00 
 1.04598288e-01 -2.80410378e+00 
 1.04698288e-01 -2.80516860e+00 
 1.04798288e-01 -2.80623314e+00 
 1.04898288e-01 -2.80729740e+00 
 1.04998288e-01 -2.80836137e+00 
 1.05098288e-01 -2.80942507e+00 
 1.05198288e-01 -2.81048848e+00 
 1.05298288e-01 -2.81155162e+00 
 1.05398288e-01 -2.81261448e+00 
 1.05498288e-01 -2.81367706e+00 
 1.05598288e-01 -2.81473937e+00 
 1.05698288e-01 -2.81580140e+00 
 1.05798288e-01 -2.81686316e+00 
 1.05898288e-01 -2.81792464e+00 
 1.05998288e-01 -2.81898586e+00 
 1.06098288e-01 -2.82004680e+00 
 1.06198288e-01 -2.82110748e+00 
 1.06298288e-01 -2.82216789e+00 
 1.06398288e-01 -2.82322803e+00 
 1.06498288e-01 -2.82428791e+00 
 1.06598288e-01 -2.82534752e+00 
 1.06698288e-01 -2.82640686e+00 
 1.06798288e-01 -2.82746594e+00 
 1.06898288e-01 -2.82852476e+00 
 1.06998288e-01 -2.82958332e+00 
 1.07098288e-01 -2.83064161e+00 
 1.07198288e-01 -2.83169965e+00 
 1.07298288e-01 -2.83275743e+00 
 1.07398288e-01 -2.83381495e+00 
 1.07498288e-01 -2.83487222e+00 
 1.07598288e-01 -2.83592922e+00 
 1.07698288e-01 -2.83698598e+00 
 1.07798288e-01 -2.83804248e+00 
 1.07898288e-01 -2.83909872e+00 
 1.07998288e-01 -2.84015472e+00 
 1.08098288e-01 -2.84121046e+00 
 1.08198288e-01 -2.84226595e+00 
 1.08298288e-01 -2.84332119e+00 
 1.08398288e-01 -2.84437619e+00 
 1.08498288e-01 -2.84543093e+00 
 1.08598288e-01 -2.84648543e+00 
 1.08698288e-01 -2.84753968e+00 
 1.08798288e-01 -2.84859369e+00 
 1.08898288e-01 -2.84964746e+00 
 1.08998288e-01 -2.85070097e+00 
 1.09098288e-01 -2.85175425e+00 
 1.09198288e-01 -2.85280729e+00 
 1.09298288e-01 -2.85386008e+00 
 1.09398288e-01 -2.85491263e+00 
 1.09498288e-01 -2.85596494e+00 
 1.09598288e-01 -2.85701702e+00 
 1.09698288e-01 -2.85806886e+00 
 1.09798288e-01 -2.85912046e+00 
 1.09898288e-01 -2.86017182e+00 
 1.09998288e-01 -2.86122295e+00 
 1.10098288e-01 -2.86227384e+00 
 1.10198288e-01 -2.86332450e+00 
 1.10298288e-01 -2.86437493e+00 
 1.10398288e-01 -2.86542513e+00 
 1.10498288e-01 -2.86647509e+00 
 1.10598288e-01 -2.86752482e+00 
 1.10698288e-01 -2.86857432e+00 
 1.10798288e-01 -2.86962360e+00 
 1.10898288e-01 -2.87067264e+00 
 1.10998288e-01 -2.87172146e+00 
 1.11098288e-01 -2.87277005e+00 
 1.11198288e-01 -2.87381841e+00 
 1.11298288e-01 -2.87486655e+00 
 1.11398288e-01 -2.87591446e+00 
 1.11498288e-01 -2.87696215e+00 
 1.11598288e-01 -2.87800961e+00 
 1.11698288e-01 -2.87905686e+00 
 1.11798288e-01 -2.88010388e+00 
 1.11898288e-01 -2.88115068e+00 
 1.11998288e-01 -2.88219726e+00 
 1.12098288e-01 -2.88324361e+00 
 1.12198288e-01 -2.88428975e+00 
 1.12298288e-01 -2.88533568e+00 
 1.12398288e-01 -2.88638138e+00 
 1.12498288e-01 -2.88742687e+00 
 1.12598288e-01 -2.88847214e+00 
 1.12698288e-01 -2.88951719e+00 
 1.12798288e-01 -2.89056203e+00 
 1.12898288e-01 -2.89160666e+00 
 1.12998288e-01 -2.89265107e+00 
 1.13098288e-01 -2.89369527e+00 
 1.13198288e-01 -2.89473925e+00 
 1.13298288e-01 -2.89578302e+00 
 1.13398288e-01 -2.89682659e+00 
 1.13498288e-01 -2.89786994e+00 
 1.13598288e-01 -2.89891308e+00 
 1.13698288e-01 -2.89995601e+00 
 1.13798288e-01 -2.90099874e+00 
 1.13898288e-01 -2.90204126e+00 
 1.13998288e-01 -2.90308357e+00 
 1.14098288e-01 -2.90412567e+00 
 1.14198288e-01 -2.90516757e+00 
 1.14298288e-01 -2.90620926e+00 
 1.14398288e-01 -2.90725074e+00 
 1.14498288e-01 -2.90829203e+00 
 1.14598288e-01 -2.90933310e+00 
 1.14698288e-01 -2.91037398e+00 
 1.14798288e-01 -2.91141465e+00 
 1.14898288e-01 -2.91245512e+00 
 1.14998288e-01 -2.91349539e+00 
 1.15098288e-01 -2.91453546e+00 
 1.15198288e-01 -2.91557533e+00 
 1.15298288e-01 -2.91661500e+00 
 1.15398288e-01 -2.91765447e+00 
 1.15498288e-01 -2.91869374e+00 
 1.15598288e-01 -2.91973281e+00 
 1.15698288e-01 -2.92077169e+00 
 1.15798288e-01 -2.92181037e+00 
 1.15898288e-01 -2.92284885e+00 
 1.15998288e-01 -2.92388714e+00 
 1.16098288e-01 -2.92492524e+00 
 1.16198288e-01 -2.92596313e+00 
 1.16298288e-01 -2.92700084e+00 
 1.16398288e-01 -2.92803835e+00 
 1.16498288e-01 -2.92907567e+00 
 1.16598288e-01 -2.93011279e+00 
 1.16698288e-01 -2.93114973e+00 
 1.16798288e-01 -2.93218647e+00 
 1.16898288e-01 -2.93322302e+00 
 1.16998288e-01 -2.93425938e+00 
 1.17098288e-01 -2.93529555e+00 
 1.17198288e-01 -2.93633154e+00 
 1.17298288e-01 -2.93736733e+00 
 1.17398288e-01 -2.93840293e+00 
 1.17498288e-01 -2.93943835e+00 
 1.17598288e-01 -2.94047358e+00 
 1.17698288e-01 -2.94150863e+00 
 1.17798288e-01 -2.94254348e+00 
 1.17898288e-01 -2.94357815e+00 
 1.17998288e-01 -2.94461264e+00 
 1.18098288e-01 -2.94564694e+00 
 1.18198288e-01 -2.94668106e+00 
 1.18298288e-01 -2.94771499e+00 
 1.18398288e-01 -2.94874874e+00 
 1.18498288e-01 -2.94978231e+00 
 1.18598288e-01 -2.95081570e+00 
 1.18698288e-01 -2.95184890e+00 
 1.18798288e-01 -2.95288192e+00 
 1.18898288e-01 -2.95391476e+00 
 1.18998288e-01 -2.95494742e+00 
 1.19098288e-01 -2.95597990e+00 
 1.19198288e-01 -2.95701220e+00 
 1.19298288e-01 -2.95804432e+00 
 1.19398288e-01 -2.95907626e+00 
 1.19498288e-01 -2.96010803e+00 
 1.19598288e-01 -2.96113961e+00 
 1.19698288e-01 -2.96217102e+00 
 1.19798288e-01 -2.96320225e+00 
 1.19898288e-01 -2.96423331e+00 
 1.19998288e-01 -2.96526419e+00 
 1.20000000e-01 -2.96528183e+00 
