 5.00000000e-09  6.78460201e-09 
 5.14019886e-09  6.93187733e-09 
 5.42059659e-09  7.21050245e-09 
 5.98139205e-09  7.73340826e-09 
 6.73976884e-09  8.40542873e-09 
 8.16173199e-09  9.62680193e-09 
 1.10056583e-08  1.20216569e-08 
 1.66935109e-08  1.67512758e-08 
 2.80692162e-08  2.61763902e-08 
 4.64479475e-08  4.15314468e-08 
 6.09289958e-08  5.35863023e-08 
 7.30873196e-08  6.35793456e-08 
 8.14309834e-08  7.03477441e-08 
 8.81398899e-08  7.57059561e-08 
 9.55714335e-08  8.14889963e-08 
 1.05757801e-07  8.90402466e-08 
 1.16730980e-07  9.67278476e-08 
 1.33308522e-07  1.07925912e-07 
 1.50940800e-07  1.19752909e-07 
 1.76855473e-07  1.37284269e-07 
 2.15544402e-07  1.63380292e-07 
 2.60193604e-07  1.92837326e-07 
 3.12644399e-07  2.26280742e-07 
 3.95494589e-07  2.76672792e-07 
 5.00000000e-07  3.36361933e-07 
 5.11433066e-07  3.42586747e-07 
 5.34299199e-07  3.54486769e-07 
 5.52746797e-07  3.63105650e-07 
 5.65458625e-07  3.68904902e-07 
 5.74294581e-07  3.73300115e-07 
 5.85440118e-07  3.79148818e-07 
 5.95801512e-07  3.84642881e-07 
 6.08608294e-07  3.91427896e-07 
 6.32506751e-07  4.04120137e-07 
 6.55877770e-07  4.16610629e-07 
 6.72740938e-07  4.25682531e-07 
 6.92545505e-07  4.36397745e-07 
 7.03446808e-07  4.42318785e-07 
 7.15649959e-07  4.48958214e-07 
 7.24227249e-07  4.53628087e-07 
 7.29156614e-07  4.56311903e-07 
 7.32753705e-07  4.58269916e-07 
 7.35726720e-07  4.59887730e-07 
 7.38832550e-07  4.61577172e-07 
 7.42566650e-07  4.63607293e-07 
 7.46864681e-07  4.65942292e-07 
 7.55460741e-07  4.70605505e-07 
 7.69601468e-07  4.78252099e-07 
 7.89740992e-07  4.89077858e-07 
 8.18891595e-07  5.04588003e-07 
 8.61218059e-07  5.26736097e-07 
 9.33473371e-07  5.63507007e-07 
 1.00000000e-06  5.96307705e-07 
 1.01283522e-06  6.02523146e-07 
 1.03850566e-06  6.14883464e-07 
 1.07677881e-06  6.33209609e-07 
 1.11256718e-06  6.50480047e-07 
 1.14416698e-06  6.65745889e-07 
 1.16296304e-06  6.74876153e-07 
 1.18547878e-06  6.85741257e-07 
 1.21145321e-06  6.98123094e-07 
 1.23752884e-06  7.10384275e-07 
 1.28968010e-06  7.34387622e-07 
 1.33671048e-06  7.55327086e-07 
 1.37925361e-06  7.73598266e-07 
 1.44273231e-06  7.99962248e-07 
 1.51794480e-06  8.30296025e-07 
 1.57201582e-06  8.50115795e-07 
 1.62703931e-06  8.68118361e-07 
 1.67531883e-06  8.82813215e-07 
 1.73017528e-06  8.98597264e-07 
 1.83988820e-06  9.28340978e-07 
 1.97405852e-06  9.64192481e-07 
 2.11309269e-06  1.01191765e-06 
 2.24384897e-06  1.16516517e-06 
 2.33107111e-06  1.60756726e-06 
 2.39812158e-06  2.65682162e-06 
 2.45659899e-06  5.00214924e-06 
 2.51404713e-06  1.04860924e-05 
 2.57505728e-06  2.41445552e-05 
 2.63536007e-06  5.36262398e-05 
 2.70281298e-06  1.21667430e-04 
 2.77825772e-06  2.70217549e-04 
 2.86503170e-06  5.82206463e-04 
 2.92331093e-06  9.00546241e-04 
 2.95345018e-06  1.08803063e-03 
 2.97362415e-06  1.20653948e-03 
 2.98619436e-06  1.27215321e-03 
 2.99825781e-06  1.32915502e-03 
 3.01285461e-06  1.39491054e-03 
 3.02923160e-06  1.47019387e-03 
 3.04423401e-06  1.54361330e-03 
 3.06813367e-06  1.67347853e-03 
 3.09498985e-06  1.84109672e-03 
 3.12034229e-06  2.02351304e-03 
 3.14742552e-06  2.24834358e-03 
 3.17685189e-06  2.52500520e-03 
 3.20943901e-06  2.86376435e-03 
 3.24769034e-06  3.30055965e-03 
 3.30769259e-06  4.07504466e-03 
 3.42769709e-06  5.99423032e-03 
 3.66770609e-06  1.15416804e-02 
 4.01583404e-06  2.41661746e-02 
 4.59345321e-06  5.89874975e-02 
 4.93588137e-06  9.97439033e-02 
 5.14139235e-06  1.31746501e-01 
 5.34476565e-06  1.67251341e-01 
 5.54192793e-06  2.04268503e-01 
 5.64826784e-06  2.25166460e-01 
 5.72162289e-06  2.38373787e-01 
 5.75050297e-06  2.43015703e-01 
 5.78044612e-06  2.47511765e-01 
 5.80852974e-06  2.51467984e-01 
 5.84346789e-06  2.56094904e-01 
 5.89698934e-06  2.62688134e-01 
 6.00403223e-06  2.74646429e-01 
 6.13269716e-06  2.87578296e-01 
 6.30492632e-06  3.03414713e-01 
 6.50263475e-06  3.20373045e-01 
 6.82421413e-06  3.46582652e-01 
 7.36422293e-06  3.88899989e-01 
 8.06551476e-06  4.42562155e-01 
 9.33122884e-06  5.40776339e-01 
 1.00000000e-05  5.95600174e-01 
 1.01111333e-05  6.04853228e-01 
 1.03333999e-05  6.23283458e-01 
 1.07779331e-05  6.59805778e-01 
 1.15316342e-05  7.21047306e-01 
 1.20975506e-05  7.66471255e-01 
 1.24694038e-05  7.95343987e-01 
 1.28956969e-05  8.23846718e-01 
 1.30786288e-05  8.34350095e-01 
 1.32204511e-05  8.41741469e-01 
 1.33592310e-05  8.48340905e-01 
 1.36367906e-05  8.59724871e-01 
 1.41919100e-05  8.75851369e-01 
 1.50653561e-05  8.87415650e-01 
 1.59963219e-05  8.91616749e-01 
 1.76250556e-05  8.94469819e-01 
 1.93579361e-05  8.95496645e-01 
 2.24336981e-05  8.96198404e-01 
 2.55136749e-05  8.96422678e-01 
 3.05978004e-05  8.96549363e-01 
 3.87421023e-05  8.96601904e-01 
 5.50307060e-05  8.96595844e-01 
 5.91028569e-05  8.96575805e-01 
 6.72471588e-05  8.96535728e-01 
 8.35357625e-05  8.96455583e-01 
 1.00000000e-04  8.96374603e-01 
 1.03257721e-04  8.96358582e-01 
 1.09773162e-04  8.96326543e-01 
 1.22804045e-04  8.96262488e-01 
 1.48865811e-04  8.96134442e-01 
 1.91672224e-04  8.95924206e-01 
 2.31089203e-04  8.95730700e-01 
 2.95643162e-04  8.95413903e-01 
 3.95643162e-04  8.94923381e-01 
 4.81264651e-04  8.94503611e-01 
 5.81264651e-04  1.02538944e+00 
 6.37928179e-04  1.13595777e+00 
 7.02649714e-04  1.23762449e+00 
 7.79208863e-04  1.35182865e+00 
 8.79208863e-04  1.49752660e+00 
 9.79208863e-04  1.63750430e+00 
 1.07920886e-03  1.77186655e+00 
 1.17920886e-03  1.90086502e+00 
 1.27920886e-03  2.02471290e+00 
 1.37920886e-03  2.14361508e+00 
 1.47920886e-03  2.25776897e+00 
 1.57920886e-03  2.36736402e+00 
 1.67920886e-03  2.47258030e+00 
 1.77920886e-03  2.57359605e+00 
 1.87920886e-03  2.67057774e+00 
 1.97920886e-03  2.76368594e+00 
 2.07920886e-03  2.85307665e+00 
 2.17920886e-03  2.93889581e+00 
 2.27920886e-03  3.02128571e+00 
 2.37920886e-03  3.10038567e+00 
 2.47920886e-03  3.17632632e+00 
 2.57920886e-03  3.24923349e+00 
 2.67920886e-03  3.31922833e+00 
 2.77920886e-03  3.38642713e+00 
 2.87920886e-03  3.45094154e+00 
 2.97920886e-03  3.51287873e+00 
 3.07920886e-03  3.57234161e+00 
 3.17920886e-03  3.62942895e+00 
 3.27920886e-03  3.68423613e+00 
 3.37920886e-03  3.73685334e+00 
 3.47920886e-03  3.78736835e+00 
 3.57920886e-03  3.83586525e+00 
 3.67920886e-03  3.88242464e+00 
 3.77920886e-03  3.92712388e+00 
 3.87920886e-03  3.97003728e+00 
 3.97920886e-03  4.01123616e+00 
 4.07920886e-03  4.05078901e+00 
 4.17920886e-03  4.08876158e+00 
 4.27920886e-03  4.12521676e+00 
 4.37920886e-03  4.16021576e+00 
 4.47920886e-03  4.19381626e+00 
 4.57920886e-03  4.22607416e+00 
 4.67920886e-03  4.25704317e+00 
 4.77920886e-03  4.28677478e+00 
 4.87920886e-03  4.31531842e+00 
 4.97920886e-03  4.34272155e+00 
 4.99170886e-03  4.34605861e+00 
 5.01670886e-03  4.35269224e+00 
 5.02295886e-03  4.35433971e+00 
 5.03545886e-03  4.35762463e+00 
 5.06045886e-03  4.36414722e+00 
 5.08833092e-03  4.37134123e+00 
 5.11400093e-03  4.37789508e+00 
 5.15568761e-03  4.38839425e+00 
 5.23906097e-03  4.40886818e+00 
 5.33906097e-03  4.43252932e+00 
 5.43906097e-03  4.45524764e+00 
 5.53906097e-03  4.47705910e+00 
 5.63906097e-03  4.49799930e+00 
 5.73906097e-03  4.51810286e+00 
 5.83906097e-03  4.53740315e+00 
 5.93906097e-03  4.55593223e+00 
 6.03906097e-03  4.57372091e+00 
 6.13906097e-03  4.59079878e+00 
 6.23906097e-03  4.60719423e+00 
 6.33906097e-03  4.62293452e+00 
 6.43906097e-03  4.63804584e+00 
 6.53906097e-03  4.65255332e+00 
 6.63906097e-03  4.66648107e+00 
 6.73906097e-03  4.67985228e+00 
 6.83906097e-03  4.69268917e+00 
 6.93906097e-03  4.70501309e+00 
 7.03906097e-03  4.71684454e+00 
 7.13906097e-03  4.72820320e+00 
 7.23906097e-03  4.73910796e+00 
 7.33906097e-03  4.74957696e+00 
 7.43906097e-03  4.75962761e+00 
 7.53906097e-03  4.76927662e+00 
 7.63906097e-03  4.77854005e+00 
 7.73906097e-03  4.78743330e+00 
 7.83906097e-03  4.79597117e+00 
 7.93906097e-03  4.80416785e+00 
 8.03906097e-03  4.81203697e+00 
 8.13906097e-03  4.81959164e+00 
 8.23906097e-03  4.82684441e+00 
 8.33906097e-03  4.83380734e+00 
 8.43906097e-03  4.84049203e+00 
 8.53906097e-03  4.84690958e+00 
 8.63906097e-03  4.85307068e+00 
 8.73906097e-03  4.85898556e+00 
 8.83906097e-03  4.86466408e+00 
 8.93906097e-03  4.87011567e+00 
 9.03906097e-03  4.87534940e+00 
 9.13906097e-03  4.88037398e+00 
 9.23906097e-03  4.88519777e+00 
 9.33906097e-03  4.88982879e+00 
 9.43906097e-03  4.89427474e+00 
 9.53906097e-03  4.89854302e+00 
 9.63906097e-03  4.90264074e+00 
 9.73906097e-03  4.90657469e+00 
 9.83906097e-03  4.91035144e+00 
 9.93906097e-03  4.91397726e+00 
 1.00390610e-02  4.91745818e+00 
 1.01390610e-02  4.92080000e+00 
 1.02390610e-02  4.92400827e+00 
 1.03390610e-02  4.92708833e+00 
 1.04390610e-02  4.93004530e+00 
 1.05390610e-02  4.93288410e+00 
 1.06390610e-02  4.93560946e+00 
 1.07390610e-02  4.93822590e+00 
 1.08390610e-02  4.94073779e+00 
 1.09390610e-02  4.94314929e+00 
 1.10390610e-02  4.94546443e+00 
 1.11390610e-02  4.94768704e+00 
 1.12390610e-02  4.94982083e+00 
 1.13390610e-02  4.95186935e+00 
 1.14390610e-02  4.95383601e+00 
 1.15390610e-02  4.95572407e+00 
 1.16390610e-02  4.95753669e+00 
 1.17390610e-02  4.95927686e+00 
 1.18390610e-02  4.96094749e+00 
 1.19390610e-02  4.96255136e+00 
 1.20390610e-02  4.96409114e+00 
 1.21390610e-02  4.96556938e+00 
 1.22390610e-02  4.96698854e+00 
 1.23390610e-02  4.96835099e+00 
 1.24390610e-02  4.96965900e+00 
 1.25390610e-02  4.97091473e+00 
 1.26390610e-02  4.97212028e+00 
 1.27390610e-02  4.97327765e+00 
 1.28390610e-02  4.97438878e+00 
 1.29390610e-02  4.97545549e+00 
 1.30390610e-02  4.97647958e+00 
 1.31390610e-02  4.97746274e+00 
 1.32390610e-02  4.97840662e+00 
 1.33390610e-02  4.97931277e+00 
 1.34390610e-02  4.98018271e+00 
 1.35390610e-02  4.98101789e+00 
 1.36390610e-02  4.98181969e+00 
 1.37390610e-02  4.98258944e+00 
 1.38390610e-02  4.98332844e+00 
 1.39390610e-02  4.98403790e+00 
 1.40390610e-02  4.98471901e+00 
 1.41390610e-02  4.98537290e+00 
 1.42390610e-02  4.98600066e+00 
 1.43390610e-02  4.98660334e+00 
 1.44390610e-02  4.98718192e+00 
 1.45390610e-02  4.98773739e+00 
 1.46390610e-02  4.98827066e+00 
 1.47390610e-02  4.98878262e+00 
 1.48390610e-02  4.98927411e+00 
 1.49390610e-02  4.98974597e+00 
 1.50390610e-02  4.99019897e+00 
 1.51390610e-02  4.99063386e+00 
 1.52390610e-02  4.99105138e+00 
 1.53390610e-02  4.99145221e+00 
 1.54390610e-02  4.99183703e+00 
 1.55390610e-02  4.99220646e+00 
 1.56390610e-02  4.99256113e+00 
 1.57390610e-02  4.99290163e+00 
 1.58390610e-02  4.99322852e+00 
 1.59390610e-02  4.99354234e+00 
 1.60390610e-02  4.99384363e+00 
 1.61390610e-02  4.99413287e+00 
 1.62390610e-02  4.99441056e+00 
 1.63390610e-02  4.99467715e+00 
 1.64390610e-02  4.99493308e+00 
 1.65390610e-02  4.99517879e+00 
 1.66390610e-02  4.99541468e+00 
 1.67390610e-02  4.99564114e+00 
 1.68390610e-02  4.99585855e+00 
 1.69390610e-02  4.99606727e+00 
 1.70390610e-02  4.99626765e+00 
 1.71390610e-02  4.99646002e+00 
 1.72390610e-02  4.99664471e+00 
 1.73390610e-02  4.99682201e+00 
 1.74390610e-02  4.99699223e+00 
 1.75390610e-02  4.99715565e+00 
 1.76390610e-02  4.99731254e+00 
 1.77390610e-02  4.99746315e+00 
 1.78390610e-02  4.99760775e+00 
 1.79390610e-02  4.99774657e+00 
 1.80390610e-02  4.99787984e+00 
 1.81390610e-02  4.99800778e+00 
 1.82390610e-02  4.99813062e+00 
 1.83390610e-02  4.99824854e+00 
 1.84390610e-02  4.99836175e+00 
 1.85390610e-02  4.99847044e+00 
 1.86390610e-02  4.99857478e+00 
 1.87390610e-02  4.99867495e+00 
 1.88390610e-02  4.99877112e+00 
 1.89390610e-02  4.99886345e+00 
 1.90390610e-02  4.99895209e+00 
 1.91390610e-02  4.99903718e+00 
 1.92390610e-02  4.99911888e+00 
 1.93390610e-02  4.99919731e+00 
 1.94390610e-02  4.99927260e+00 
 1.95390610e-02  4.99934489e+00 
 1.96390610e-02  4.99941428e+00 
 1.97390610e-02  4.99948091e+00 
 1.98390610e-02  4.99954487e+00 
 1.99390610e-02  4.99960628e+00 
 2.00000000e-02  4.99964248e+00 
 2.00100000e-02  4.99931237e+00 
 2.00300000e-02  4.99854262e+00 
 2.00700000e-02  4.99873817e+00 
 2.01500000e-02  4.99960696e+00 
 2.02500000e-02  4.99961366e+00 
 2.03500000e-02  4.99964378e+00 
 2.04500000e-02  4.99970332e+00 
 2.05500000e-02  4.99976289e+00 
 2.06500000e-02  4.99981703e+00 
 2.07500000e-02  4.99986693e+00 
 2.08500000e-02  4.99991357e+00 
 2.09500000e-02  4.99995747e+00 
 2.10500000e-02  4.99999898e+00 
 2.11500000e-02  5.00003835e+00 
 2.12500000e-02  5.00007578e+00 
 2.13500000e-02  5.00011143e+00 
 2.14500000e-02  5.00014543e+00 
 2.15500000e-02  5.00017788e+00 
 2.16500000e-02  5.00020888e+00 
 2.17500000e-02  5.00023851e+00 
 2.18500000e-02  5.00026685e+00 
 2.19500000e-02  5.00029396e+00 
 2.20500000e-02  5.00031990e+00 
 2.21500000e-02  5.00034473e+00 
 2.22500000e-02  5.00036851e+00 
 2.23500000e-02  5.00039127e+00 
 2.24500000e-02  5.00041306e+00 
 2.25500000e-02  5.00043394e+00 
 2.26500000e-02  5.00045393e+00 
 2.27500000e-02  5.00047308e+00 
 2.28500000e-02  5.00049142e+00 
 2.29500000e-02  5.00050899e+00 
 2.30500000e-02  5.00052582e+00 
 2.31500000e-02  5.00054194e+00 
 2.32500000e-02  5.00055737e+00 
 2.33500000e-02  5.00057216e+00 
 2.34500000e-02  5.00058633e+00 
 2.35500000e-02  5.00059989e+00 
 2.36500000e-02  5.00061289e+00 
 2.37500000e-02  5.00062533e+00 
 2.38500000e-02  5.00063725e+00 
 2.39500000e-02  5.00064866e+00 
 2.40500000e-02  5.00065958e+00 
 2.41500000e-02  5.00067005e+00 
 2.42500000e-02  5.00068006e+00 
 2.43500000e-02  5.00068965e+00 
 2.44500000e-02  5.00069883e+00 
 2.45500000e-02  5.00070761e+00 
 2.46500000e-02  5.00071602e+00 
 2.47500000e-02  5.00072406e+00 
 2.48500000e-02  5.00073176e+00 
 2.49500000e-02  5.00073912e+00 
 2.50500000e-02  5.00074617e+00 
 2.51500000e-02  5.00075290e+00 
 2.52500000e-02  5.00075935e+00 
 2.53500000e-02  5.00076551e+00 
 2.54500000e-02  5.00077140e+00 
 2.55500000e-02  5.00077703e+00 
 2.56500000e-02  5.00078241e+00 
 2.57500000e-02  5.00078755e+00 
 2.58500000e-02  5.00079246e+00 
 2.59500000e-02  5.00079715e+00 
 2.60500000e-02  5.00080164e+00 
 2.61500000e-02  5.00080592e+00 
 2.62500000e-02  5.00081000e+00 
 2.63500000e-02  5.00081390e+00 
 2.64500000e-02  5.00081762e+00 
 2.65500000e-02  5.00082116e+00 
 2.66500000e-02  5.00082455e+00 
 2.67500000e-02  5.00082777e+00 
 2.68500000e-02  5.00083085e+00 
 2.69500000e-02  5.00083378e+00 
 2.70500000e-02  5.00083656e+00 
 2.71500000e-02  5.00083922e+00 
 2.72500000e-02  5.00084175e+00 
 2.73500000e-02  5.00084415e+00 
 2.74500000e-02  5.00084644e+00 
 2.75500000e-02  5.00084861e+00 
 2.76500000e-02  5.00085068e+00 
 2.77500000e-02  5.00085264e+00 
 2.78500000e-02  5.00085450e+00 
 2.79500000e-02  5.00085626e+00 
 2.80500000e-02  5.00085794e+00 
 2.81500000e-02  5.00085952e+00 
 2.82500000e-02  5.00086102e+00 
 2.83500000e-02  5.00086244e+00 
 2.84500000e-02  5.00086379e+00 
 2.85500000e-02  5.00086506e+00 
 2.86500000e-02  5.00086625e+00 
 2.87500000e-02  5.00086738e+00 
 2.88500000e-02  5.00086844e+00 
 2.89500000e-02  5.00086944e+00 
 2.90500000e-02  5.00087038e+00 
 2.91500000e-02  5.00087127e+00 
 2.92500000e-02  5.00087209e+00 
 2.93500000e-02  5.00087287e+00 
 2.94500000e-02  5.00087359e+00 
 2.95500000e-02  5.00087426e+00 
 2.96500000e-02  5.00087489e+00 
 2.97500000e-02  5.00087547e+00 
 2.98500000e-02  5.00087602e+00 
 2.99500000e-02  5.00087651e+00 
 3.00500000e-02  5.00087697e+00 
 3.01500000e-02  5.00087740e+00 
 3.02500000e-02  5.00087778e+00 
 3.03500000e-02  5.00087813e+00 
 3.04500000e-02  5.00087845e+00 
 3.05500000e-02  5.00087874e+00 
 3.06500000e-02  5.00087900e+00 
 3.07500000e-02  5.00087924e+00 
 3.08500000e-02  4.98965896e+00 
 3.09250309e-02  4.96808427e+00 
 3.09981082e-02  4.93749419e+00 
 3.10249942e-02  4.92384720e+00 
 3.10507805e-02  4.90965304e+00 
 3.10772426e-02  4.89409620e+00 
 3.11047153e-02  4.87702179e+00 
 3.11596607e-02  4.84059927e+00 
 3.12596607e-02  4.76852516e+00 
 3.13596607e-02  4.69089010e+00 
 3.14596607e-02  4.60912925e+00 
 3.15596607e-02  4.52413632e+00 
 3.16596607e-02  4.43641450e+00 
 3.17596607e-02  4.34623662e+00 
 3.18596607e-02  4.25375612e+00 
 3.19596607e-02  4.15906025e+00 
 3.20596607e-02  4.06223050e+00 
 3.21596607e-02  3.96333250e+00 
 3.22596607e-02  3.86241938e+00 
 3.23596607e-02  3.75953461e+00 
 3.24596607e-02  3.65471494e+00 
 3.25596607e-02  3.54799934e+00 
 3.26596607e-02  3.43944778e+00 
 3.27596607e-02  3.32914231e+00 
 3.28596607e-02  3.21717926e+00 
 3.29596607e-02  3.10367124e+00 
 3.30596607e-02  2.98875705e+00 
 3.31596607e-02  2.87261666e+00 
 3.32596607e-02  2.75549011e+00 
 3.33596607e-02  2.63770005e+00 
 3.34596607e-02  2.51967656e+00 
 3.35596607e-02  2.40198050e+00 
 3.36596607e-02  2.28531938e+00 
 3.37596607e-02  2.17054649e+00 
 3.38596607e-02  2.05863364e+00 
 3.39596607e-02  1.95061031e+00 
 3.40596607e-02  1.84747308e+00 
 3.41596607e-02  1.75006580e+00 
 3.42596607e-02  1.65899073e+00 
 3.43596607e-02  1.57453543e+00 
 3.44596607e-02  1.49666392e+00 
 3.45596607e-02  1.42506334e+00 
 3.46596607e-02  1.35922810e+00 
 3.47596607e-02  1.29855472e+00 
 3.48596607e-02  1.24242375e+00 
 3.49596607e-02  1.19025985e+00 
 3.50596607e-02  1.14154733e+00 
 3.51596607e-02  1.09585243e+00 
 3.52596607e-02  1.05281398e+00 
 3.53596607e-02  1.01213122e+00 
 3.54596607e-02  9.73552086e-01 
 3.55596607e-02  9.36863371e-01 
 3.56596607e-02  9.01882936e-01 
 3.57596607e-02  8.68453811e-01 
 3.58596607e-02  8.36439691e-01 
 3.59596607e-02  8.05721435e-01 
 3.60596607e-02  7.76194310e-01 
 3.61596607e-02  7.47765764e-01 
 3.62596607e-02  7.20353619e-01 
 3.63596607e-02  6.93884590e-01 
 3.64596607e-02  6.68293047e-01 
 3.65596607e-02  6.43519991e-01 
 3.66596607e-02  6.19511977e-01 
 3.67596607e-02  5.96221152e-01 
 3.68596607e-02  5.73603726e-01 
 3.69596607e-02  5.51619779e-01 
 3.70596607e-02  5.30233010e-01 
 3.71596607e-02  5.09409861e-01 
 3.72596607e-02  4.89119748e-01 
 3.73596607e-02  4.69334551e-01 
 3.74596607e-02  4.50028312e-01 
 3.75596607e-02  4.31176949e-01 
 3.76596607e-02  4.12758361e-01 
 3.77596607e-02  3.94751902e-01 
 3.78596607e-02  3.77138436e-01 
 3.79596607e-02  3.59900001e-01 
 3.80596607e-02  3.43019908e-01 
 3.81596607e-02  3.26482703e-01 
 3.82596607e-02  3.10273827e-01 
 3.83596607e-02  2.94379629e-01 
 3.84596607e-02  2.78787312e-01 
 3.85596607e-02  2.63484853e-01 
 3.86596607e-02  2.48460946e-01 
 3.87596607e-02  2.33704942e-01 
 3.88596607e-02  2.19206798e-01 
 3.89596607e-02  2.04957034e-01 
 3.90596607e-02  1.90946691e-01 
 3.91596607e-02  1.77167292e-01 
 3.92596607e-02  1.63610808e-01 
 3.93596607e-02  1.50269631e-01 
 3.94596607e-02  1.37136539e-01 
 3.95596607e-02  1.24204674e-01 
 3.96596607e-02  1.11467518e-01 
 3.97596607e-02  9.89188685e-02 
 3.98596607e-02  8.65528197e-02 
 3.99596607e-02  7.43637443e-02 
 4.00596607e-02  6.23462755e-02 
 4.01596607e-02  5.04952913e-02 
 4.02596607e-02  3.88058997e-02 
 4.03596607e-02  2.72734249e-02 
 4.04596607e-02  1.58933953e-02 
 4.05596607e-02  4.66153097e-03 
 4.06596607e-02 -6.42626670e-03 
 4.07596607e-02 -1.73739253e-02 
 4.08596607e-02 -2.81852108e-02 
 4.09596607e-02 -3.88637366e-02 
 4.10596607e-02 -4.94129712e-02 
 4.11596607e-02 -5.98362463e-02 
 4.12596607e-02 -7.01367638e-02 
 4.13596607e-02 -8.03176027e-02 
 4.14596607e-02 -9.03817247e-02 
 4.15596607e-02 -1.00331981e-01 
 4.16596607e-02 -1.10171117e-01 
 4.17596607e-02 -1.19901779e-01 
 4.18596607e-02 -1.29526515e-01 
 4.19596607e-02 -1.39047786e-01 
 4.20596607e-02 -1.48467963e-01 
 4.21596607e-02 -1.57789336e-01 
 4.22596607e-02 -1.67014117e-01 
 4.23596607e-02 -1.76144441e-01 
 4.24596607e-02 -1.85182373e-01 
 4.25596607e-02 -1.94129909e-01 
 4.26596607e-02 -2.02988978e-01 
 4.27596607e-02 -2.11761447e-01 
 4.28596607e-02 -2.20449123e-01 
 4.29596607e-02 -2.29053757e-01 
 4.30596607e-02 -2.37577040e-01 
 4.31596607e-02 -2.46020615e-01 
 4.32596607e-02 -2.54386069e-01 
 4.33596607e-02 -2.62674943e-01 
 4.34596607e-02 -2.70888726e-01 
 4.35596607e-02 -2.79028863e-01 
 4.36596607e-02 -2.87096752e-01 
 4.37596607e-02 -2.95093742e-01 
 4.38596607e-02 -3.03021139e-01 
 4.39596607e-02 -3.10880201e-01 
 4.40596607e-02 -3.18672133e-01 
 4.41596607e-02 -3.26398090e-01 
 4.42596607e-02 -3.34059168e-01 
 4.43596607e-02 -3.41656394e-01 
 4.44596607e-02 -3.49190720e-01 
 4.45596607e-02 -3.56663004e-01 
 4.46596607e-02 -3.64073988e-01 
 4.47596607e-02 -3.71424273e-01 
 4.48596607e-02 -3.78714276e-01 
 4.49596607e-02 -3.85944180e-01 
 4.50596607e-02 -3.93113869e-01 
 4.51596607e-02 -4.00222831e-01 
 4.52596607e-02 -4.07270051e-01 
 4.53596607e-02 -4.14253856e-01 
 4.54596607e-02 -4.21171741e-01 
 4.55596607e-02 -4.28020143e-01 
 4.56596607e-02 -4.34794187e-01 
 4.57596607e-02 -4.41487408e-01 
 4.58596607e-02 -4.48091480e-01 
 4.59596607e-02 -4.54595998e-01 
 4.60596607e-02 -4.60988391e-01 
 4.61596607e-02 -4.67254063e-01 
 4.62596607e-02 -4.73376869e-01 
 4.63596607e-02 -4.79339972e-01 
 4.64596607e-02 -4.85127088e-01 
 4.65596607e-02 -4.90723943e-01 
 4.66596607e-02 -4.96119690e-01 
 4.67596607e-02 -5.01307977e-01 
 4.68596607e-02 -5.06287418e-01 
 4.69596607e-02 -5.11061411e-01 
 4.70596607e-02 -5.15637422e-01 
 4.71596607e-02 -5.20025947e-01 
 4.72596607e-02 -5.24239417e-01 
 4.73596607e-02 -5.28291200e-01 
 4.74596607e-02 -5.32194824e-01 
 4.75596607e-02 -5.35963422e-01 
 4.76596607e-02 -5.39609376e-01 
 4.77596607e-02 -5.43144126e-01 
 4.78596607e-02 -5.46578094e-01 
 4.79596607e-02 -5.49920679e-01 
 4.80596607e-02 -5.53180305e-01 
 4.81596607e-02 -5.56364488e-01 
 4.82596607e-02 -5.59479918e-01 
 4.83596607e-02 -5.62532545e-01 
 4.84596607e-02 -5.65527656e-01 
 4.85596607e-02 -5.68469958e-01 
 4.86596607e-02 -5.71363640e-01 
 4.87596607e-02 -5.74212437e-01 
 4.88596607e-02 -5.77019687e-01 
 4.89596607e-02 -5.79788376e-01 
 4.90596607e-02 -5.82521182e-01 
 4.91596607e-02 -5.85220508e-01 
 4.92596607e-02 -5.87888521e-01 
 4.93596607e-02 -5.90527174e-01 
 4.94596607e-02 -5.93138230e-01 
 4.95596607e-02 -5.95723288e-01 
 4.96596607e-02 -5.98283798e-01 
 4.97596607e-02 -6.00821076e-01 
 4.98596607e-02 -6.03336321e-01 
 4.99596607e-02 -6.05830628e-01 
 5.00596607e-02 -6.08304996e-01 
 5.01596607e-02 -6.10760338e-01 
 5.02596607e-02 -6.13197493e-01 
 5.03596607e-02 -6.15617230e-01 
 5.04596607e-02 -6.18020256e-01 
 5.05596607e-02 -6.20407224e-01 
 5.06596607e-02 -6.22778734e-01 
 5.07596607e-02 -6.25135343e-01 
 5.08596607e-02 -6.27477565e-01 
 5.09596607e-02 -6.29805878e-01 
 5.10596607e-02 -6.32120727e-01 
 5.11596607e-02 -6.34422525e-01 
 5.12596607e-02 -6.36711659e-01 
 5.13596607e-02 -6.38988491e-01 
 5.14596607e-02 -6.41253360e-01 
 5.15596607e-02 -6.43506586e-01 
 5.16596607e-02 -6.45748469e-01 
 5.17596607e-02 -6.47979294e-01 
 5.18596607e-02 -6.50199331e-01 
 5.19596607e-02 -6.52408836e-01 
 5.20596607e-02 -6.54608054e-01 
 5.21596607e-02 -6.56797218e-01 
 5.22596607e-02 -6.58976552e-01 
 5.23596607e-02 -6.61146270e-01 
 5.24596607e-02 -6.63306579e-01 
 5.25596607e-02 -6.65457677e-01 
 5.26596607e-02 -6.67599759e-01 
 5.27596607e-02 -6.69733009e-01 
 5.28596607e-02 -6.71857608e-01 
 5.29596607e-02 -6.73973733e-01 
 5.30596607e-02 -6.76081553e-01 
 5.31596607e-02 -6.78181235e-01 
 5.32596607e-02 -6.80272940e-01 
 5.33596607e-02 -6.82356828e-01 
 5.34596607e-02 -6.84433052e-01 
 5.35596607e-02 -6.86501763e-01 
 5.36596607e-02 -6.88563108e-01 
 5.37596607e-02 -6.90617231e-01 
 5.38596607e-02 -6.92664273e-01 
 5.39596607e-02 -6.94704373e-01 
 5.40596607e-02 -6.96737664e-01 
 5.41596607e-02 -6.98764279e-01 
 5.42596607e-02 -7.00784346e-01 
 5.43596607e-02 -7.02797992e-01 
 5.44596607e-02 -7.04805341e-01 
 5.45596607e-02 -7.06806513e-01 
 5.46596607e-02 -7.08801626e-01 
 5.47596607e-02 -7.10790797e-01 
 5.48596607e-02 -7.12774137e-01 
 5.49596607e-02 -7.14751757e-01 
 5.50596607e-02 -7.16723766e-01 
 5.51596607e-02 -7.18690268e-01 
 5.52596607e-02 -7.20651367e-01 
 5.53596607e-02 -7.22607163e-01 
 5.54596607e-02 -7.24557756e-01 
 5.55596607e-02 -7.26503240e-01 
 5.56596607e-02 -7.28443710e-01 
 5.57596607e-02 -7.30379258e-01 
 5.58596607e-02 -7.32309972e-01 
 5.59596607e-02 -7.34235941e-01 
 5.60596607e-02 -7.36157249e-01 
 5.61596607e-02 -7.38073980e-01 
 5.62596607e-02 -7.39986216e-01 
 5.63596607e-02 -7.41894035e-01 
 5.64596607e-02 -7.43797516e-01 
 5.65596607e-02 -7.45696733e-01 
 5.66596607e-02 -7.47591762e-01 
 5.67596607e-02 -7.49482673e-01 
 5.68596607e-02 -7.51369538e-01 
 5.69596607e-02 -7.53252426e-01 
 5.70596607e-02 -7.55131404e-01 
 5.71596607e-02 -7.57006537e-01 
 5.72596607e-02 -7.58877890e-01 
 5.73596607e-02 -7.60745526e-01 
 5.74596607e-02 -7.62609506e-01 
 5.75596607e-02 -7.64469891e-01 
 5.76596607e-02 -7.66326738e-01 
 5.77596607e-02 -7.68180105e-01 
 5.78596607e-02 -7.70030049e-01 
 5.79596607e-02 -7.71876625e-01 
 5.80596607e-02 -7.73719886e-01 
 5.81596607e-02 -7.75559885e-01 
 5.82596607e-02 -7.77396674e-01 
 5.83596607e-02 -7.79230303e-01 
 5.84596607e-02 -7.81060822e-01 
 5.85596607e-02 -7.82888280e-01 
 5.86596607e-02 -7.84712724e-01 
 5.87596607e-02 -7.86534200e-01 
 5.88596607e-02 -7.88352756e-01 
 5.89596607e-02 -7.90168435e-01 
 5.90596607e-02 -7.91981282e-01 
 5.91596607e-02 -7.93791340e-01 
 5.92596607e-02 -7.95598652e-01 
 5.93596607e-02 -7.97403260e-01 
 5.94596607e-02 -7.99205204e-01 
 5.95596607e-02 -8.01004526e-01 
 5.96596607e-02 -8.02801265e-01 
 5.97596607e-02 -8.04595460e-01 
 5.98596607e-02 -8.06387149e-01 
 5.99596607e-02 -8.08176371e-01 
 6.00596607e-02 -8.09963163e-01 
 6.01596607e-02 -8.11747560e-01 
 6.02596607e-02 -8.13529600e-01 
 6.03596607e-02 -8.15309317e-01 
 6.04596607e-02 -8.17086748e-01 
 6.05596607e-02 -8.18861925e-01 
 6.06596607e-02 -8.20634883e-01 
 6.07596607e-02 -8.22405655e-01 
 6.08596607e-02 -8.24174275e-01 
 6.09596607e-02 -8.25940773e-01 
 6.10596607e-02 -8.27705183e-01 
 6.11596607e-02 -8.29467535e-01 
 6.12596607e-02 -8.31227861e-01 
 6.13596607e-02 -8.32986189e-01 
 6.14596607e-02 -8.34742551e-01 
 6.15596607e-02 -8.36496975e-01 
 6.16596607e-02 -8.38249490e-01 
 6.17596607e-02 -8.40000124e-01 
 6.18596607e-02 -8.41748904e-01 
 6.19596607e-02 -8.43495858e-01 
 6.20596607e-02 -8.45241011e-01 
 6.21596607e-02 -8.46984391e-01 
 6.22596607e-02 -8.48726021e-01 
 6.23596607e-02 -8.50465927e-01 
 6.24596607e-02 -8.52204132e-01 
 6.25596607e-02 -8.53940660e-01 
 6.26596607e-02 -8.55675533e-01 
 6.27596607e-02 -8.57408773e-01 
 6.28596607e-02 -8.59140402e-01 
 6.29596607e-02 -8.60870439e-01 
 6.30596607e-02 -8.62598905e-01 
 6.31596607e-02 -8.64325819e-01 
 6.32596607e-02 -8.66051197e-01 
 6.33596607e-02 -8.67775059e-01 
 6.34596607e-02 -8.69497419e-01 
 6.35596607e-02 -8.71218295e-01 
 6.36596607e-02 -8.72937699e-01 
 6.37596607e-02 -8.74655647e-01 
 6.38596607e-02 -8.76372151e-01 
 6.39596607e-02 -8.78087223e-01 
 6.40596607e-02 -8.79800874e-01 
 6.41596607e-02 -8.81513114e-01 
 6.42596607e-02 -8.83223953e-01 
 6.43596607e-02 -8.84933398e-01 
 6.44596607e-02 -8.86641458e-01 
 6.45596607e-02 -8.88348138e-01 
 6.46596607e-02 -8.90053444e-01 
 6.47596607e-02 -8.91757382e-01 
 6.48596607e-02 -8.93459954e-01 
 6.49596607e-02 -8.95161164e-01 
 6.50596607e-02 -8.96861014e-01 
 6.51596607e-02 -8.98559506e-01 
 6.52596607e-02 -9.00256639e-01 
 6.53596607e-02 -9.01952415e-01 
 6.54596607e-02 -9.03646832e-01 
 6.55596607e-02 -9.05339889e-01 
 6.56596607e-02 -9.07031583e-01 
 6.57596607e-02 -9.08721913e-01 
 6.58596607e-02 -9.10410875e-01 
 6.59596607e-02 -9.12098465e-01 
 6.60596607e-02 -9.13784680e-01 
 6.61596607e-02 -9.15469514e-01 
 6.62596607e-02 -9.17152964e-01 
 6.63596607e-02 -9.18835022e-01 
 6.64596607e-02 -9.20515685e-01 
 6.65596607e-02 -9.22194947e-01 
 6.66596607e-02 -9.23872800e-01 
 6.67596607e-02 -9.25549240e-01 
 6.68596607e-02 -9.27224258e-01 
 6.69596607e-02 -9.28897850e-01 
 6.70596607e-02 -9.30570008e-01 
 6.71596607e-02 -9.32240726e-01 
 6.72596607e-02 -9.33909996e-01 
 6.73596607e-02 -9.35577812e-01 
 6.74596607e-02 -9.37244167e-01 
 6.75596607e-02 -9.38909054e-01 
 6.76596607e-02 -9.40572465e-01 
 6.77596607e-02 -9.42234394e-01 
 6.78596607e-02 -9.43894835e-01 
 6.79596607e-02 -9.45553779e-01 
 6.80596607e-02 -9.47211221e-01 
 6.81596607e-02 -9.48867153e-01 
 6.82596607e-02 -9.50521569e-01 
 6.83596607e-02 -9.52174461e-01 
 6.84596607e-02 -9.53825824e-01 
 6.85596607e-02 -9.55475650e-01 
 6.86596607e-02 -9.57123933e-01 
 6.87596607e-02 -9.58770665e-01 
 6.88596607e-02 -9.60415842e-01 
 6.89596607e-02 -9.62059455e-01 
 6.90596607e-02 -9.63701498e-01 
 6.91596607e-02 -9.65341966e-01 
 6.92596607e-02 -9.66980850e-01 
 6.93596607e-02 -9.68618145e-01 
 6.94596607e-02 -9.70253844e-01 
 6.95596607e-02 -9.71887941e-01 
 6.96596607e-02 -9.73520428e-01 
 6.97596607e-02 -9.75151299e-01 
 6.98596607e-02 -9.76780548e-01 
 6.99596607e-02 -9.78408167e-01 
 7.00596607e-02 -9.80034149e-01 
 7.01596607e-02 -9.81658489e-01 
 7.02596607e-02 -9.83281177e-01 
 7.03596607e-02 -9.84902208e-01 
 7.04596607e-02 -9.86521573e-01 
 7.05596607e-02 -9.88139266e-01 
 7.06596607e-02 -9.89755279e-01 
 7.07596607e-02 -9.91369603e-01 
 7.08596607e-02 -9.92982232e-01 
 7.09596607e-02 -9.94593157e-01 
 7.10596607e-02 -9.96202369e-01 
 7.11596607e-02 -9.97809860e-01 
 7.12596607e-02 -9.99415622e-01 
 7.13596607e-02 -1.00101965e+00 
 7.14596607e-02 -1.00262192e+00 
 7.15596607e-02 -1.00422244e+00 
 7.16596607e-02 -1.00582119e+00 
 7.17596607e-02 -1.00741816e+00 
 7.18596607e-02 -1.00901335e+00 
 7.19596607e-02 -1.01060674e+00 
 7.20596607e-02 -1.01219832e+00 
 7.21596607e-02 -1.01378808e+00 
 7.22596607e-02 -1.01537601e+00 
 7.23596607e-02 -1.01696210e+00 
 7.24596607e-02 -1.01854633e+00 
 7.25596607e-02 -1.02012870e+00 
 7.26596607e-02 -1.02170918e+00 
 7.27596607e-02 -1.02328777e+00 
 7.28596607e-02 -1.02486445e+00 
 7.29596607e-02 -1.02643921e+00 
 7.30596607e-02 -1.02801203e+00 
 7.31596607e-02 -1.02958290e+00 
 7.32596607e-02 -1.03115180e+00 
 7.33596607e-02 -1.03271872e+00 
 7.34596607e-02 -1.03428364e+00 
 7.35596607e-02 -1.03584654e+00 
 7.36596607e-02 -1.03740741e+00 
 7.37596607e-02 -1.03896622e+00 
 7.38596607e-02 -1.04052297e+00 
 7.39596607e-02 -1.04207762e+00 
 7.40596607e-02 -1.04363017e+00 
 7.41596607e-02 -1.04518059e+00 
 7.42596607e-02 -1.04672885e+00 
 7.43596607e-02 -1.04827495e+00 
 7.44596607e-02 -1.04981885e+00 
 7.45596607e-02 -1.05136054e+00 
 7.46596607e-02 -1.05289999e+00 
 7.47596607e-02 -1.05443717e+00 
 7.48596607e-02 -1.05597207e+00 
 7.49596607e-02 -1.05750466e+00 
 7.50596607e-02 -1.05903491e+00 
 7.51596607e-02 -1.06056280e+00 
 7.52596607e-02 -1.06208829e+00 
 7.53596607e-02 -1.06361137e+00 
 7.54596607e-02 -1.06513201e+00 
 7.55596607e-02 -1.06665017e+00 
 7.56596607e-02 -1.06816583e+00 
 7.57596607e-02 -1.06967895e+00 
 7.58596607e-02 -1.07118951e+00 
 7.59596607e-02 -1.07269747e+00 
 7.60596607e-02 -1.07420281e+00 
 7.61596607e-02 -1.07570549e+00 
 7.62596607e-02 -1.07720547e+00 
 7.63596607e-02 -1.07870273e+00 
 7.64596607e-02 -1.08019723e+00 
 7.65596607e-02 -1.08168894e+00 
 7.66596607e-02 -1.08317782e+00 
 7.67596607e-02 -1.08466383e+00 
 7.68596607e-02 -1.08614694e+00 
 7.69596607e-02 -1.08762711e+00 
 7.70596607e-02 -1.08910431e+00 
 7.71596607e-02 -1.09057850e+00 
 7.72596607e-02 -1.09204964e+00 
 7.73596607e-02 -1.09351770e+00 
 7.74596607e-02 -1.09498263e+00 
 7.75596607e-02 -1.09644440e+00 
 7.76596607e-02 -1.09790297e+00 
 7.77596607e-02 -1.09935831e+00 
 7.78596607e-02 -1.10081037e+00 
 7.79596607e-02 -1.10225912e+00 
 7.80596607e-02 -1.10370451e+00 
 7.81596607e-02 -1.10514652e+00 
 7.82596607e-02 -1.10658510e+00 
 7.83596607e-02 -1.10802022e+00 
 7.84596607e-02 -1.10945184e+00 
 7.85596607e-02 -1.11087992e+00 
 7.86596607e-02 -1.11230442e+00 
 7.87596607e-02 -1.11372532e+00 
 7.88596607e-02 -1.11514258e+00 
 7.89596607e-02 -1.11655615e+00 
 7.90596607e-02 -1.11796601e+00 
 7.91596607e-02 -1.11937213e+00 
 7.92596607e-02 -1.12077447e+00 
 7.93596607e-02 -1.12217300e+00 
 7.94596607e-02 -1.12356769e+00 
 7.95596607e-02 -1.12495850e+00 
 7.96596607e-02 -1.12634542e+00 
 7.97596607e-02 -1.12772841e+00 
 7.98596607e-02 -1.12910744e+00 
 7.99596607e-02 -1.13048249e+00 
 8.00596607e-02 -1.13185354e+00 
 8.01596607e-02 -1.13322055e+00 
 8.02596607e-02 -1.13458350e+00 
 8.03596607e-02 -1.13594238e+00 
 8.04596607e-02 -1.13729717e+00 
 8.05596607e-02 -1.13864783e+00 
 8.06596607e-02 -1.13999436e+00 
 8.07596607e-02 -1.14133673e+00 
 8.08596607e-02 -1.14267493e+00 
 8.09596607e-02 -1.14400895e+00 
 8.10596607e-02 -1.14533877e+00 
 8.11596607e-02 -1.14666438e+00 
 8.12596607e-02 -1.14798576e+00 
 8.13596607e-02 -1.14930291e+00 
 8.14596607e-02 -1.15061581e+00 
 8.15596607e-02 -1.15192447e+00 
 8.16596607e-02 -1.15322886e+00 
 8.17596607e-02 -1.15452899e+00 
 8.18596607e-02 -1.15582485e+00 
 8.19596607e-02 -1.15711644e+00 
 8.20596607e-02 -1.15840375e+00 
 8.21596607e-02 -1.15968679e+00 
 8.22596607e-02 -1.16096556e+00 
 8.23596607e-02 -1.16224004e+00 
 8.24596607e-02 -1.16351026e+00 
 8.25596607e-02 -1.16477621e+00 
 8.26596607e-02 -1.16603789e+00 
 8.27596607e-02 -1.16729532e+00 
 8.28596607e-02 -1.16854849e+00 
 8.29596607e-02 -1.16979742e+00 
 8.30596607e-02 -1.17104211e+00 
 8.31596607e-02 -1.17228258e+00 
 8.32596607e-02 -1.17351883e+00 
 8.33596607e-02 -1.17475087e+00 
 8.34596607e-02 -1.17597873e+00 
 8.35596607e-02 -1.17720240e+00 
 8.36596607e-02 -1.17842191e+00 
 8.37596607e-02 -1.17963728e+00 
 8.38596607e-02 -1.18084851e+00 
 8.39596607e-02 -1.18205562e+00 
 8.40596607e-02 -1.18325863e+00 
 8.41596607e-02 -1.18445757e+00 
 8.42596607e-02 -1.18565244e+00 
 8.43596607e-02 -1.18684327e+00 
 8.44596607e-02 -1.18803008e+00 
 8.45596607e-02 -1.18921289e+00 
 8.46596607e-02 -1.19039173e+00 
 8.47596607e-02 -1.19156660e+00 
 8.48596607e-02 -1.19273754e+00 
 8.49596607e-02 -1.19390458e+00 
 8.50596607e-02 -1.19506772e+00 
 8.51596607e-02 -1.19622701e+00 
 8.52596607e-02 -1.19738246e+00 
 8.53596607e-02 -1.19853410e+00 
 8.54596607e-02 -1.19968196e+00 
 8.55596607e-02 -1.20082605e+00 
 8.56596607e-02 -1.20196641e+00 
 8.57596607e-02 -1.20310307e+00 
 8.58596607e-02 -1.20423605e+00 
 8.59596607e-02 -1.20536538e+00 
 8.60596607e-02 -1.20649109e+00 
 8.61596607e-02 -1.20761320e+00 
 8.62596607e-02 -1.20873174e+00 
 8.63596607e-02 -1.20984675e+00 
 8.64596607e-02 -1.21095824e+00 
 8.65596607e-02 -1.21206625e+00 
 8.66596607e-02 -1.21317082e+00 
 8.67596607e-02 -1.21427195e+00 
 8.68596607e-02 -1.21536970e+00 
 8.69596607e-02 -1.21646407e+00 
 8.70596607e-02 -1.21755511e+00 
 8.71596607e-02 -1.21864285e+00 
 8.72596607e-02 -1.21972730e+00 
 8.73596607e-02 -1.22080851e+00 
 8.74596607e-02 -1.22188649e+00 
 8.75596607e-02 -1.22296128e+00 
 8.76596607e-02 -1.22403292e+00 
 8.77596607e-02 -1.22510142e+00 
 8.78596607e-02 -1.22616681e+00 
 8.79596607e-02 -1.22722913e+00 
 8.80596607e-02 -1.22828841e+00 
 8.81596607e-02 -1.22934467e+00 
 8.82596607e-02 -1.23039794e+00 
 8.83596607e-02 -1.23144824e+00 
 8.84596607e-02 -1.23249562e+00 
 8.85596607e-02 -1.23354009e+00 
 8.86596607e-02 -1.23458168e+00 
 8.87596607e-02 -1.23562043e+00 
 8.88596607e-02 -1.23665636e+00 
 8.89596607e-02 -1.23768949e+00 
 8.90596607e-02 -1.23871985e+00 
 8.91596607e-02 -1.23974748e+00 
 8.92596607e-02 -1.24077240e+00 
 8.93596607e-02 -1.24179463e+00 
 8.94596607e-02 -1.24281420e+00 
 8.95596607e-02 -1.24383114e+00 
 8.96596607e-02 -1.24484547e+00 
 8.97596607e-02 -1.24585722e+00 
 8.98596607e-02 -1.24686642e+00 
 8.99596607e-02 -1.24787309e+00 
 9.00596607e-02 -1.24887726e+00 
 9.01596607e-02 -1.24987894e+00 
 9.02596607e-02 -1.25087817e+00 
 9.03596607e-02 -1.25187498e+00 
 9.04596607e-02 -1.25286937e+00 
 9.05596607e-02 -1.25386139e+00 
 9.06596607e-02 -1.25485105e+00 
 9.07596607e-02 -1.25583837e+00 
 9.08596607e-02 -1.25682339e+00 
 9.09596607e-02 -1.25780612e+00 
 9.10596607e-02 -1.25878658e+00 
 9.11596607e-02 -1.25976480e+00 
 9.12596607e-02 -1.26074080e+00 
 9.13596607e-02 -1.26171461e+00 
 9.14596607e-02 -1.26268624e+00 
 9.15596607e-02 -1.26365572e+00 
 9.16596607e-02 -1.26462307e+00 
 9.17596607e-02 -1.26558830e+00 
 9.18596607e-02 -1.26655145e+00 
 9.19596607e-02 -1.26751253e+00 
 9.20596607e-02 -1.26847156e+00 
 9.21596607e-02 -1.26942856e+00 
 9.22596607e-02 -1.27038356e+00 
 9.23596607e-02 -1.27133657e+00 
 9.24596607e-02 -1.27228761e+00 
 9.25596607e-02 -1.27323670e+00 
 9.26596607e-02 -1.27418386e+00 
 9.27596607e-02 -1.27512912e+00 
 9.28596607e-02 -1.27607248e+00 
 9.29596607e-02 -1.27701397e+00 
 9.30596607e-02 -1.27795360e+00 
 9.31596607e-02 -1.27889140e+00 
 9.32596607e-02 -1.27982738e+00 
 9.33596607e-02 -1.28076156e+00 
 9.34596607e-02 -1.28169395e+00 
 9.35596607e-02 -1.28262458e+00 
 9.36596607e-02 -1.28355346e+00 
 9.37596607e-02 -1.28448060e+00 
 9.38596607e-02 -1.28540604e+00 
 9.39596607e-02 -1.28632977e+00 
 9.40596607e-02 -1.28725182e+00 
 9.41596607e-02 -1.28817220e+00 
 9.42596607e-02 -1.28909093e+00 
 9.43596607e-02 -1.29000803e+00 
 9.44596607e-02 -1.29092351e+00 
 9.45596607e-02 -1.29183738e+00 
 9.46596607e-02 -1.29274966e+00 
 9.47596607e-02 -1.29366037e+00 
 9.48596607e-02 -1.29456952e+00 
 9.49596607e-02 -1.29547712e+00 
 9.50596607e-02 -1.29638319e+00 
 9.51596607e-02 -1.29728775e+00 
 9.52596607e-02 -1.29819080e+00 
 9.53596607e-02 -1.29909237e+00 
 9.54596607e-02 -1.29999246e+00 
 9.55596607e-02 -1.30089109e+00 
 9.56596607e-02 -1.30178826e+00 
 9.57596607e-02 -1.30268401e+00 
 9.58596607e-02 -1.30357833e+00 
 9.59596607e-02 -1.30447124e+00 
 9.60596607e-02 -1.30536276e+00 
 9.61596607e-02 -1.30625289e+00 
 9.62596607e-02 -1.30714165e+00 
 9.63596607e-02 -1.30802906e+00 
 9.64596607e-02 -1.30891511e+00 
 9.65596607e-02 -1.30979983e+00 
 9.66596607e-02 -1.31068322e+00 
 9.67596607e-02 -1.31156531e+00 
 9.68596607e-02 -1.31244609e+00 
 9.69596607e-02 -1.31332558e+00 
 9.70596607e-02 -1.31420380e+00 
 9.71596607e-02 -1.31508075e+00 
 9.72596607e-02 -1.31595644e+00 
 9.73596607e-02 -1.31683089e+00 
 9.74596607e-02 -1.31770411e+00 
 9.75596607e-02 -1.31857610e+00 
 9.76596607e-02 -1.31944687e+00 
 9.77596607e-02 -1.32031645e+00 
 9.78596607e-02 -1.32118483e+00 
 9.79596607e-02 -1.32205203e+00 
 9.80596607e-02 -1.32291805e+00 
 9.81596607e-02 -1.32378291e+00 
 9.82596607e-02 -1.32464662e+00 
 9.83596607e-02 -1.32550918e+00 
 9.84596607e-02 -1.32637061e+00 
 9.85596607e-02 -1.32723092e+00 
 9.86596607e-02 -1.32809011e+00 
 9.87596607e-02 -1.32894819e+00 
 9.88596607e-02 -1.32980517e+00 
 9.89596607e-02 -1.33066107e+00 
 9.90596607e-02 -1.33151588e+00 
 9.91596607e-02 -1.33236963e+00 
 9.92596607e-02 -1.33322231e+00 
 9.93596607e-02 -1.33407393e+00 
 9.94596607e-02 -1.33492451e+00 
 9.95596607e-02 -1.33577406e+00 
 9.96596607e-02 -1.33662257e+00 
 9.97596607e-02 -1.33747006e+00 
 9.98596607e-02 -1.33831654e+00 
 9.99596607e-02 -1.33916201e+00 
 1.00059661e-01 -1.34000648e+00 
 1.00159661e-01 -1.34084996e+00 
 1.00259661e-01 -1.34169247e+00 
 1.00359661e-01 -1.34253399e+00 
 1.00459661e-01 -1.34337455e+00 
 1.00559661e-01 -1.34421415e+00 
 1.00659661e-01 -1.34505279e+00 
 1.00759661e-01 -1.34589049e+00 
 1.00859661e-01 -1.34672725e+00 
 1.00959661e-01 -1.34756308e+00 
 1.01059661e-01 -1.34839798e+00 
 1.01159661e-01 -1.34923197e+00 
 1.01259661e-01 -1.35006504e+00 
 1.01359661e-01 -1.35089721e+00 
 1.01459661e-01 -1.35172848e+00 
 1.01559661e-01 -1.35255886e+00 
 1.01659661e-01 -1.35338836e+00 
 1.01759661e-01 -1.35421697e+00 
 1.01859661e-01 -1.35504472e+00 
 1.01959661e-01 -1.35587160e+00 
 1.02059661e-01 -1.35669761e+00 
 1.02159661e-01 -1.35752278e+00 
 1.02259661e-01 -1.35834710e+00 
 1.02359661e-01 -1.35917057e+00 
 1.02459661e-01 -1.35999321e+00 
 1.02559661e-01 -1.36081502e+00 
 1.02659661e-01 -1.36163600e+00 
 1.02759661e-01 -1.36245617e+00 
 1.02859661e-01 -1.36327552e+00 
 1.02959661e-01 -1.36409407e+00 
 1.03059661e-01 -1.36491181e+00 
 1.03159661e-01 -1.36572876e+00 
 1.03259661e-01 -1.36654492e+00 
 1.03359661e-01 -1.36736029e+00 
 1.03459661e-01 -1.36817488e+00 
 1.03559661e-01 -1.36898869e+00 
 1.03659661e-01 -1.36980174e+00 
 1.03759661e-01 -1.37061402e+00 
 1.03859661e-01 -1.37142554e+00 
 1.03959661e-01 -1.37223631e+00 
 1.04059661e-01 -1.37304632e+00 
 1.04159661e-01 -1.37385559e+00 
 1.04259661e-01 -1.37466412e+00 
 1.04359661e-01 -1.37547192e+00 
 1.04459661e-01 -1.37627898e+00 
 1.04559661e-01 -1.37708532e+00 
 1.04659661e-01 -1.37789094e+00 
 1.04759661e-01 -1.37869583e+00 
 1.04859661e-01 -1.37950002e+00 
 1.04959661e-01 -1.38030350e+00 
 1.05059661e-01 -1.38110628e+00 
 1.05159661e-01 -1.38190835e+00 
 1.05259661e-01 -1.38270973e+00 
 1.05359661e-01 -1.38351043e+00 
 1.05459661e-01 -1.38431043e+00 
 1.05559661e-01 -1.38510975e+00 
 1.05659661e-01 -1.38590840e+00 
 1.05759661e-01 -1.38670637e+00 
 1.05859661e-01 -1.38750367e+00 
 1.05959661e-01 -1.38830031e+00 
 1.06059661e-01 -1.38909628e+00 
 1.06159661e-01 -1.38989160e+00 
 1.06259661e-01 -1.39068626e+00 
 1.06359661e-01 -1.39148027e+00 
 1.06459661e-01 -1.39227364e+00 
 1.06559661e-01 -1.39306636e+00 
 1.06659661e-01 -1.39385845e+00 
 1.06759661e-01 -1.39464990e+00 
 1.06859661e-01 -1.39544072e+00 
 1.06959661e-01 -1.39623091e+00 
 1.07059661e-01 -1.39702048e+00 
 1.07159661e-01 -1.39780943e+00 
 1.07259661e-01 -1.39859776e+00 
 1.07359661e-01 -1.39938547e+00 
 1.07459661e-01 -1.40017258e+00 
 1.07559661e-01 -1.40095908e+00 
 1.07659661e-01 -1.40174498e+00 
 1.07759661e-01 -1.40253027e+00 
 1.07859661e-01 -1.40331497e+00 
 1.07959661e-01 -1.40409908e+00 
 1.08059661e-01 -1.40488260e+00 
 1.08159661e-01 -1.40566553e+00 
 1.08259661e-01 -1.40644787e+00 
 1.08359661e-01 -1.40722964e+00 
 1.08459661e-01 -1.40801083e+00 
 1.08559661e-01 -1.40879144e+00 
 1.08659661e-01 -1.40957149e+00 
 1.08759661e-01 -1.41035096e+00 
 1.08859661e-01 -1.41112987e+00 
 1.08959661e-01 -1.41190822e+00 
 1.09059661e-01 -1.41268601e+00 
 1.09159661e-01 -1.41346324e+00 
 1.09259661e-01 -1.41423992e+00 
 1.09359661e-01 -1.41501605e+00 
 1.09459661e-01 -1.41579163e+00 
 1.09559661e-01 -1.41656666e+00 
 1.09659661e-01 -1.41734115e+00 
 1.09759661e-01 -1.41811511e+00 
 1.09859661e-01 -1.41888852e+00 
 1.09959661e-01 -1.41966141e+00 
 1.10059661e-01 -1.42043376e+00 
 1.10159661e-01 -1.42120558e+00 
 1.10259661e-01 -1.42197688e+00 
 1.10359661e-01 -1.42274765e+00 
 1.10459661e-01 -1.42351790e+00 
 1.10559661e-01 -1.42428764e+00 
 1.10659661e-01 -1.42505685e+00 
 1.10759661e-01 -1.42582556e+00 
 1.10859661e-01 -1.42659375e+00 
 1.10959661e-01 -1.42736144e+00 
 1.11059661e-01 -1.42812862e+00 
 1.11159661e-01 -1.42889529e+00 
 1.11259661e-01 -1.42966147e+00 
 1.11359661e-01 -1.43042714e+00 
 1.11459661e-01 -1.43119232e+00 
 1.11559661e-01 -1.43195701e+00 
 1.11659661e-01 -1.43272120e+00 
 1.11759661e-01 -1.43348491e+00 
 1.11859661e-01 -1.43424812e+00 
 1.11959661e-01 -1.43501085e+00 
 1.12059661e-01 -1.43577310e+00 
 1.12159661e-01 -1.43653487e+00 
 1.12259661e-01 -1.43729616e+00 
 1.12359661e-01 -1.43805697e+00 
 1.12459661e-01 -1.43881731e+00 
 1.12559661e-01 -1.43957718e+00 
 1.12659661e-01 -1.44033658e+00 
 1.12759661e-01 -1.44109550e+00 
 1.12859661e-01 -1.44185397e+00 
 1.12959661e-01 -1.44261197e+00 
 1.13059661e-01 -1.44336950e+00 
 1.13159661e-01 -1.44412658e+00 
 1.13259661e-01 -1.44488320e+00 
 1.13359661e-01 -1.44563937e+00 
 1.13459661e-01 -1.44639508e+00 
 1.13559661e-01 -1.44715034e+00 
 1.13659661e-01 -1.44790515e+00 
 1.13759661e-01 -1.44865951e+00 
 1.13859661e-01 -1.44941342e+00 
 1.13959661e-01 -1.45016689e+00 
 1.14059661e-01 -1.45091992e+00 
 1.14159661e-01 -1.45167251e+00 
 1.14259661e-01 -1.45242466e+00 
 1.14359661e-01 -1.45317637e+00 
 1.14459661e-01 -1.45392764e+00 
 1.14559661e-01 -1.45467849e+00 
 1.14659661e-01 -1.45542890e+00 
 1.14759661e-01 -1.45617888e+00 
 1.14859661e-01 -1.45692843e+00 
 1.14959661e-01 -1.45767756e+00 
 1.15059661e-01 -1.45842626e+00 
 1.15159661e-01 -1.45917454e+00 
 1.15259661e-01 -1.45992240e+00 
 1.15359661e-01 -1.46066984e+00 
 1.15459661e-01 -1.46141686e+00 
 1.15559661e-01 -1.46216346e+00 
 1.15659661e-01 -1.46290965e+00 
 1.15759661e-01 -1.46365543e+00 
 1.15859661e-01 -1.46440079e+00 
 1.15959661e-01 -1.46514574e+00 
 1.16059661e-01 -1.46589029e+00 
 1.16159661e-01 -1.46663443e+00 
 1.16259661e-01 -1.46737816e+00 
 1.16359661e-01 -1.46812149e+00 
 1.16459661e-01 -1.46886442e+00 
 1.16559661e-01 -1.46960694e+00 
 1.16659661e-01 -1.47034907e+00 
 1.16759661e-01 -1.47109080e+00 
 1.16859661e-01 -1.47183213e+00 
 1.16959661e-01 -1.47257306e+00 
 1.17059661e-01 -1.47331361e+00 
 1.17159661e-01 -1.47405376e+00 
 1.17259661e-01 -1.47479352e+00 
 1.17359661e-01 -1.47553289e+00 
 1.17459661e-01 -1.47627187e+00 
 1.17559661e-01 -1.47701047e+00 
 1.17659661e-01 -1.47774868e+00 
 1.17759661e-01 -1.47848651e+00 
 1.17859661e-01 -1.47922395e+00 
 1.17959661e-01 -1.47996102e+00 
 1.18059661e-01 -1.48069770e+00 
 1.18159661e-01 -1.48143401e+00 
 1.18259661e-01 -1.48216993e+00 
 1.18359661e-01 -1.48290549e+00 
 1.18459661e-01 -1.48364066e+00 
 1.18559661e-01 -1.48437547e+00 
 1.18659661e-01 -1.48510990e+00 
 1.18759661e-01 -1.48584396e+00 
 1.18859661e-01 -1.48657765e+00 
 1.18959661e-01 -1.48731098e+00 
 1.19059661e-01 -1.48804393e+00 
 1.19159661e-01 -1.48877652e+00 
 1.19259661e-01 -1.48950875e+00 
 1.19359661e-01 -1.49024061e+00 
 1.19459661e-01 -1.49097211e+00 
 1.19559661e-01 -1.49170325e+00 
 1.19659661e-01 -1.49243403e+00 
 1.19759661e-01 -1.49316445e+00 
 1.19859661e-01 -1.49389451e+00 
 1.19959661e-01 -1.49462421e+00 
 1.20000000e-01 -1.49491847e+00 
