 5.00000000e-09  7.48438912e-09 
 5.14019886e-09  7.64923634e-09 
 5.42059659e-09  7.96175824e-09 
 5.98139205e-09  8.55160639e-09 
 6.76602872e-09  9.34081147e-09 
 8.01601217e-09  1.05622306e-08 
 1.05159791e-08  1.29602095e-08 
 1.55159129e-08  1.76972915e-08 
 2.55157805e-08  2.70976596e-08 
 4.09370141e-08  4.16467178e-08 
 5.76142427e-08  5.74568274e-08 
 7.27508656e-08  7.16596936e-08 
 9.02165250e-08  8.76492895e-08 
 9.22796561e-08  8.94994492e-08 
 9.64059184e-08  9.31578747e-08 
 1.01571251e-07  9.76315804e-08 
 1.07308534e-07  1.02447737e-07 
 1.15811194e-07  1.09321696e-07 
 1.30633851e-07  1.20876813e-07 
 1.47570734e-07  1.33889894e-07 
 1.68066705e-07  1.49686155e-07 
 1.95317446e-07  1.70728926e-07 
 2.37300560e-07  2.02726621e-07 
 2.85980417e-07  2.38778432e-07 
 3.54640346e-07  2.87598527e-07 
 4.66098974e-07  3.62391555e-07 
 5.00000000e-07  3.84183536e-07 
 5.07799700e-07  3.89137361e-07 
 5.23399100e-07  3.98992387e-07 
 5.50830721e-07  4.16162568e-07 
 5.90156388e-07  4.40387519e-07 
 6.18698106e-07  4.57158840e-07 
 6.43059024e-07  4.69638403e-07 
 6.62406180e-07  4.79025514e-07 
 6.73717872e-07  4.85427067e-07 
 6.85878427e-07  4.92851528e-07 
 6.97138470e-07  4.99839816e-07 
 7.07502165e-07  5.06281274e-07 
 7.15224383e-07  5.11085944e-07 
 7.23555156e-07  5.16273693e-07 
 7.32932654e-07  5.22114798e-07 
 7.42838801e-07  5.28281659e-07 
 7.47349470e-07  5.31087356e-07 
 7.50987139e-07  5.33348392e-07 
 7.55106464e-07  5.35906571e-07 
 7.57981393e-07  5.37690414e-07 
 7.61228856e-07  5.39703770e-07 
 7.66520041e-07  5.42980174e-07 
 7.76602333e-07  5.49207991e-07 
 7.93807419e-07  5.59782422e-07 
 8.27335702e-07  5.80167286e-07 
 8.85914347e-07  6.15013957e-07 
 9.48110888e-07  6.50936231e-07 
 1.00000000e-06  6.80087333e-07 
 1.01243931e-06  6.86960085e-07 
 1.03731792e-06  7.00597597e-07 
 1.07688962e-06  7.21982730e-07 
 1.12207132e-06  7.46030583e-07 
 1.15782202e-06  7.65506503e-07 
 1.17977963e-06  7.77603922e-07 
 1.20536593e-06  7.91770629e-07 
 1.22915446e-06  8.04842284e-07 
 1.25125408e-06  8.16861066e-07 
 1.29524995e-06  8.40393108e-07 
 1.37116753e-06  8.79834593e-07 
 1.47712828e-06  9.32106487e-07 
 1.55700313e-06  9.69335807e-07 
 1.63747322e-06  1.00564759e-06 
 1.71612900e-06  1.03961304e-06 
 1.76561719e-06  1.05836744e-06 
 1.81095466e-06  1.07395859e-06 
 1.85770533e-06  1.08893643e-06 
 1.91632653e-06  1.10650406e-06 
 2.03356891e-06  1.13914543e-06 
 2.16321925e-06  1.17483769e-06 
 2.28530814e-06  1.21028444e-06 
 2.38920799e-06  1.24114707e-06 
 2.49452908e-06  1.28836954e-06 
 2.60551702e-06  1.50215995e-06 
 2.67937392e-06  2.06449215e-06 
 2.74045638e-06  3.39159526e-06 
 2.79687560e-06  6.44517880e-06 
 2.86030973e-06  1.50348359e-05 
 2.91824136e-06  3.26577381e-05 
 2.98480449e-06  7.53433494e-05 
 3.05613850e-06  1.66045896e-04 
 3.14104517e-06  3.68388104e-04 
 3.19049701e-06  5.47168088e-04 
 3.22018489e-06  6.66609985e-04 
 3.23731428e-06  7.34181694e-04 
 3.24902577e-06  7.76377462e-04 
 3.26111601e-06  8.15050455e-04 
 3.27213756e-06  8.47048718e-04 
 3.28789557e-06  8.91254221e-04 
 3.30260917e-06  9.33694557e-04 
 3.31728226e-06  9.78922880e-04 
 3.34320219e-06  1.06906527e-03 
 3.36747833e-06  1.16723418e-03 
 3.39391390e-06  1.29288230e-03 
 3.42092898e-06  1.44343526e-03 
 3.45353523e-06  1.65117221e-03 
 3.48344501e-06  1.86241760e-03 
 3.52657902e-06  2.19949203e-03 
 3.58836668e-06  2.75437749e-03 
 3.71194199e-06  4.15822125e-03 
 3.95909261e-06  8.36248925e-03 
 4.32870018e-06  1.87075127e-02 
 4.89655458e-06  4.52252596e-02 
 5.00993911e-06  5.23730552e-02 
 5.23670815e-06  6.82421630e-02 
 5.50147024e-06  9.26170734e-02 
 5.77828087e-06  1.29193843e-01 
 5.95626068e-06  1.57505619e-01 
 6.15138365e-06  1.91206174e-01 
 6.38276533e-06  2.33717703e-01 
 6.55640412e-06  2.67218513e-01 
 6.67214514e-06  2.90283852e-01 
 6.74591836e-06  3.04169015e-01 
 6.77601987e-06  3.09296058e-01 
 6.80013540e-06  3.13184526e-01 
 6.82560826e-06  3.17099083e-01 
 6.85089052e-06  3.20810137e-01 
 6.89115088e-06  3.26426997e-01 
 6.96478850e-06  3.35993754e-01 
 7.06630844e-06  3.48118593e-01 
 7.23347917e-06  3.66410076e-01 
 7.42310789e-06  3.85604537e-01 
 7.67156878e-06  4.09355124e-01 
 8.05981668e-06  4.44928453e-01 
 8.70578173e-06  5.02535487e-01 
 9.55547643e-06  5.78406779e-01 
 1.00000000e-05  6.19025208e-01 
 1.00768953e-05  6.26092028e-01 
 1.02306858e-05  6.40182063e-01 
 1.05382669e-05  6.68192959e-01 
 1.11534291e-05  7.23823705e-01 
 1.17271160e-05  7.75193494e-01 
 1.20822653e-05  8.06000194e-01 
 1.24796761e-05  8.36743137e-01 
 1.26439353e-05  8.48127911e-01 
 1.27686107e-05  8.56217422e-01 
 1.28908638e-05  8.63683616e-01 
 1.31353701e-05  8.77256972e-01 
 1.36243826e-05  8.99231288e-01 
 1.44042161e-05  9.21555204e-01 
 1.52410099e-05  9.31928397e-01 
 1.65762313e-05  9.38225876e-01 
 1.85444468e-05  9.41685574e-01 
 2.08259053e-05  9.43079073e-01 
 2.43687700e-05  9.43886667e-01 
 2.80368874e-05  9.44156622e-01 
 3.39074799e-05  9.44303304e-01 
 4.53652126e-05  9.44383204e-01 
 6.82806780e-05  9.44379241e-01 
 1.00000000e-04  9.44278169e-01 
 1.04583093e-04  9.44255548e-01 
 1.13749279e-04  9.44210307e-01 
 1.32081652e-04  9.44119832e-01 
 1.68746396e-04  9.43938909e-01 
 2.42075885e-04  9.43577154e-01 
 3.42075885e-04  9.43084021e-01 
 4.42075885e-04  9.42591155e-01 
 5.42075885e-04  9.42098557e-01 
 6.42075885e-04  1.07534208e+00 
 7.07671517e-04  1.19198409e+00 
 7.79106055e-04  1.29611229e+00 
 8.57469462e-04  1.40567647e+00 
 9.57469462e-04  1.54238632e+00 
 1.05746946e-03  1.67396388e+00 
 1.15746946e-03  1.80050778e+00 
 1.25746946e-03  1.92224014e+00 
 1.35746946e-03  2.03934494e+00 
 1.45746946e-03  2.15199724e+00 
 1.55746946e-03  2.26036426e+00 
 1.65746946e-03  2.36461248e+00 
 1.75746946e-03  2.46489886e+00 
 1.85746946e-03  2.56137037e+00 
 1.95746946e-03  2.65417159e+00 
 2.05746946e-03  2.74344511e+00 
 2.15746946e-03  2.82932535e+00 
 2.25746946e-03  2.91193861e+00 
 2.35746946e-03  2.99140879e+00 
 2.45746946e-03  3.06785763e+00 
 2.55746946e-03  3.14139931e+00 
 2.65746946e-03  3.21214406e+00 
 2.75746946e-03  3.28019821e+00 
 2.85746946e-03  3.34566407e+00 
 2.95746946e-03  3.40864004e+00 
 3.05746946e-03  3.46922077e+00 
 3.15746946e-03  3.52749733e+00 
 3.25746946e-03  3.58355733e+00 
 3.35746946e-03  3.63748503e+00 
 3.45746946e-03  3.68936150e+00 
 3.55746946e-03  3.73926471e+00 
 3.65746946e-03  3.78726971e+00 
 3.75746946e-03  3.83344869e+00 
 3.85746946e-03  3.87787112e+00 
 3.95746946e-03  3.92060378e+00 
 4.05746946e-03  3.96171094e+00 
 4.15746946e-03  4.00125441e+00 
 4.25746946e-03  4.03929365e+00 
 4.35746946e-03  4.07588588e+00 
 4.45746946e-03  4.11108612e+00 
 4.55746946e-03  4.14494731e+00 
 4.65746946e-03  4.17752038e+00 
 4.75746946e-03  4.20885433e+00 
 4.85746946e-03  4.23899627e+00 
 4.95746946e-03  4.26799154e+00 
 5.05746946e-03  4.29588376e+00 
 5.15746946e-03  4.32271499e+00 
 5.25746946e-03  4.34852538e+00 
 5.35746946e-03  4.37335413e+00 
 5.45746946e-03  4.39723767e+00 
 5.55746946e-03  4.42021293e+00 
 5.65746946e-03  4.44231415e+00 
 5.75746946e-03  4.46357444e+00 
 5.85746946e-03  4.48402595e+00 
 5.95746946e-03  4.50369942e+00 
 6.05746946e-03  4.52262440e+00 
 6.15746946e-03  4.54082939e+00 
 6.25746946e-03  4.55834181e+00 
 6.35746946e-03  4.57518792e+00 
 6.45746946e-03  4.59139310e+00 
 6.55746946e-03  4.60698175e+00 
 6.65746946e-03  4.62197732e+00 
 6.75746946e-03  4.63640237e+00 
 6.85746946e-03  4.65027860e+00 
 6.95746946e-03  4.66362687e+00 
 7.05746946e-03  4.67646731e+00 
 7.15746946e-03  4.68881922e+00 
 7.25746946e-03  4.70070119e+00 
 7.35746946e-03  4.71213109e+00 
 7.45746946e-03  4.72312612e+00 
 7.55746946e-03  4.73370282e+00 
 7.65746946e-03  4.74387711e+00 
 7.75746946e-03  4.75366431e+00 
 7.85746946e-03  4.76307912e+00 
 7.95746946e-03  4.77213573e+00 
 8.05746946e-03  4.78084776e+00 
 8.15746946e-03  4.78922832e+00 
 8.25746946e-03  4.79729002e+00 
 8.35746946e-03  4.80504500e+00 
 8.45746946e-03  4.81250491e+00 
 8.55746946e-03  4.81968099e+00 
 8.65746946e-03  4.82658404e+00 
 8.75746946e-03  4.83322444e+00 
 8.85746946e-03  4.83961219e+00 
 8.95746946e-03  4.84575690e+00 
 9.05746946e-03  4.85166782e+00 
 9.15746946e-03  4.85735383e+00 
 9.25746946e-03  4.86282350e+00 
 9.35746946e-03  4.86808507e+00 
 9.45746946e-03  4.87314644e+00 
 9.55746946e-03  4.87801523e+00 
 9.65746946e-03  4.88269877e+00 
 9.75746946e-03  4.88720411e+00 
 9.85746946e-03  4.89153804e+00 
 9.95746946e-03  4.89570706e+00 
 1.00574695e-02  4.89971746e+00 
 1.01574695e-02  4.90357526e+00 
 1.02574695e-02  4.90728629e+00 
 1.03574695e-02  4.91085611e+00 
 1.04574695e-02  4.91429011e+00 
 1.05574695e-02  4.91759345e+00 
 1.06574695e-02  4.92077110e+00 
 1.07574695e-02  4.92382785e+00 
 1.08574695e-02  4.92676829e+00 
 1.09574695e-02  4.92959685e+00 
 1.10574695e-02  4.93231778e+00 
 1.11574695e-02  4.93493519e+00 
 1.12574695e-02  4.93745301e+00 
 1.13574695e-02  4.93987503e+00 
 1.14574695e-02  4.94220490e+00 
 1.15574695e-02  4.94444611e+00 
 1.16574695e-02  4.94660205e+00 
 1.17574695e-02  4.94867596e+00 
 1.18574695e-02  4.95067096e+00 
 1.19574695e-02  4.95259005e+00 
 1.20574695e-02  4.95443612e+00 
 1.21574695e-02  4.95621195e+00 
 1.22574695e-02  4.95792022e+00 
 1.23574695e-02  4.95956348e+00 
 1.24574695e-02  4.96114422e+00 
 1.25574695e-02  4.96266482e+00 
 1.26574695e-02  4.96412755e+00 
 1.27574695e-02  4.96553464e+00 
 1.28574695e-02  4.96688818e+00 
 1.29574695e-02  4.96819022e+00 
 1.30574695e-02  4.96944272e+00 
 1.31574695e-02  4.97064757e+00 
 1.32574695e-02  4.97180657e+00 
 1.33574695e-02  4.97292147e+00 
 1.34574695e-02  4.97399396e+00 
 1.35574695e-02  4.97502563e+00 
 1.36574695e-02  4.97601805e+00 
 1.37574695e-02  4.97697271e+00 
 1.38574695e-02  4.97789105e+00 
 1.39574695e-02  4.97877444e+00 
 1.40574695e-02  4.97962422e+00 
 1.41574695e-02  4.98044167e+00 
 1.42574695e-02  4.98122802e+00 
 1.43574695e-02  4.98198444e+00 
 1.44574695e-02  4.98271209e+00 
 1.45574695e-02  4.98341204e+00 
 1.46574695e-02  4.98408537e+00 
 1.47574695e-02  4.98473307e+00 
 1.48574695e-02  4.98535614e+00 
 1.49574695e-02  4.98595549e+00 
 1.50574695e-02  4.98653204e+00 
 1.51574695e-02  4.98708665e+00 
 1.52574695e-02  4.98762016e+00 
 1.53574695e-02  4.98813337e+00 
 1.54574695e-02  4.98862705e+00 
 1.55574695e-02  4.98910195e+00 
 1.56574695e-02  4.98955878e+00 
 1.57574695e-02  4.98999823e+00 
 1.58574695e-02  4.99042095e+00 
 1.59574695e-02  4.99082760e+00 
 1.60574695e-02  4.99121877e+00 
 1.61574695e-02  4.99159505e+00 
 1.62574695e-02  4.99195702e+00 
 1.63574695e-02  4.99230522e+00 
 1.64574695e-02  4.99264016e+00 
 1.65574695e-02  4.99296237e+00 
 1.66574695e-02  4.99327231e+00 
 1.67574695e-02  4.99357046e+00 
 1.68574695e-02  4.99385727e+00 
 1.69574695e-02  4.99413316e+00 
 1.70574695e-02  4.99439856e+00 
 1.71574695e-02  4.99465386e+00 
 1.72574695e-02  4.99489944e+00 
 1.73574695e-02  4.99513568e+00 
 1.74574695e-02  4.99536293e+00 
 1.75574695e-02  4.99558153e+00 
 1.76574695e-02  4.99579182e+00 
 1.77574695e-02  4.99599411e+00 
 1.78574695e-02  4.99618869e+00 
 1.79574695e-02  4.99637588e+00 
 1.80574695e-02  4.99655594e+00 
 1.81574695e-02  4.99672915e+00 
 1.82574695e-02  4.99689577e+00 
 1.83574695e-02  4.99705605e+00 
 1.84574695e-02  4.99721024e+00 
 1.85574695e-02  4.99735855e+00 
 1.86574695e-02  4.99750122e+00 
 1.87574695e-02  4.99763847e+00 
 1.88574695e-02  4.99777049e+00 
 1.89574695e-02  4.99789749e+00 
 1.90574695e-02  4.99801965e+00 
 1.91574695e-02  4.99813717e+00 
 1.92574695e-02  4.99825022e+00 
 1.93574695e-02  4.99835896e+00 
 1.94574695e-02  4.99846357e+00 
 1.95574695e-02  4.99856420e+00 
 1.96574695e-02  4.99866100e+00 
 1.97574695e-02  4.99875411e+00 
 1.98574695e-02  4.99884369e+00 
 1.99574695e-02  4.99892985e+00 
 2.00000000e-02  4.99896549e+00 
 2.00100000e-02  4.99860938e+00 
 2.00300000e-02  4.99769641e+00 
 2.00700000e-02  4.99786343e+00 
 2.01500000e-02  4.99896695e+00 
 2.02500000e-02  4.99898664e+00 
 2.03500000e-02  4.99901795e+00 
 2.04500000e-02  4.99909859e+00 
 2.05500000e-02  4.99918107e+00 
 2.06500000e-02  4.99925606e+00 
 2.07500000e-02  4.99932585e+00 
 2.08500000e-02  4.99939166e+00 
 2.09500000e-02  4.99945402e+00 
 2.10500000e-02  4.99951333e+00 
 2.11500000e-02  4.99956986e+00 
 2.12500000e-02  4.99962385e+00 
 2.13500000e-02  4.99967547e+00 
 2.14500000e-02  4.99972488e+00 
 2.15500000e-02  4.99977221e+00 
 2.16500000e-02  4.99981757e+00 
 2.17500000e-02  4.99986106e+00 
 2.18500000e-02  4.99990277e+00 
 2.19500000e-02  4.99994279e+00 
 2.20500000e-02  4.99998120e+00 
 2.21500000e-02  5.00001807e+00 
 2.22500000e-02  5.00005346e+00 
 2.23500000e-02  5.00008743e+00 
 2.24500000e-02  5.00012006e+00 
 2.25500000e-02  5.00015138e+00 
 2.26500000e-02  5.00018147e+00 
 2.27500000e-02  5.00021036e+00 
 2.28500000e-02  5.00023811e+00 
 2.29500000e-02  5.00026475e+00 
 2.30500000e-02  5.00029035e+00 
 2.31500000e-02  5.00031493e+00 
 2.32500000e-02  5.00033855e+00 
 2.33500000e-02  5.00036123e+00 
 2.34500000e-02  5.00038301e+00 
 2.35500000e-02  5.00040393e+00 
 2.36500000e-02  5.00042402e+00 
 2.37500000e-02  5.00044332e+00 
 2.38500000e-02  5.00046186e+00 
 2.39500000e-02  5.00047966e+00 
 2.40500000e-02  5.00049675e+00 
 2.41500000e-02  5.00051317e+00 
 2.42500000e-02  5.00052894e+00 
 2.43500000e-02  5.00054408e+00 
 2.44500000e-02  5.00055861e+00 
 2.45500000e-02  5.00057257e+00 
 2.46500000e-02  5.00058597e+00 
 2.47500000e-02  5.00059884e+00 
 2.48500000e-02  5.00061120e+00 
 2.49500000e-02  5.00062306e+00 
 2.50500000e-02  5.00063444e+00 
 2.51500000e-02  5.00064537e+00 
 2.52500000e-02  5.00065586e+00 
 2.53500000e-02  5.00066592e+00 
 2.54500000e-02  5.00067558e+00 
 2.55500000e-02  5.00068485e+00 
 2.56500000e-02  5.00069375e+00 
 2.57500000e-02  5.00070228e+00 
 2.58500000e-02  5.00071047e+00 
 2.59500000e-02  5.00071833e+00 
 2.60500000e-02  5.00072586e+00 
 2.61500000e-02  5.00073309e+00 
 2.62500000e-02  5.00074002e+00 
 2.63500000e-02  5.00074667e+00 
 2.64500000e-02  5.00075304e+00 
 2.65500000e-02  5.00075915e+00 
 2.66500000e-02  5.00076500e+00 
 2.67500000e-02  5.00077062e+00 
 2.68500000e-02  5.00077600e+00 
 2.69500000e-02  5.00078115e+00 
 2.70500000e-02  5.00078609e+00 
 2.71500000e-02  5.00079082e+00 
 2.72500000e-02  5.00079535e+00 
 2.73500000e-02  5.00079969e+00 
 2.74500000e-02  5.00080385e+00 
 2.75500000e-02  5.00080782e+00 
 2.76500000e-02  5.00081163e+00 
 2.77500000e-02  5.00081528e+00 
 2.78500000e-02  5.00081876e+00 
 2.79500000e-02  5.00082210e+00 
 2.80500000e-02  5.00082529e+00 
 2.81500000e-02  5.00082833e+00 
 2.82500000e-02  5.00083125e+00 
 2.83500000e-02  5.00083404e+00 
 2.84500000e-02  5.00083670e+00 
 2.85500000e-02  5.00083924e+00 
 2.86500000e-02  5.00084167e+00 
 2.87500000e-02  5.00084399e+00 
 2.88500000e-02  5.00084620e+00 
 2.89500000e-02  5.00084831e+00 
 2.90500000e-02  5.00085032e+00 
 2.91500000e-02  5.00085224e+00 
 2.92500000e-02  5.00085407e+00 
 2.93500000e-02  5.00085581e+00 
 2.94500000e-02  5.00085747e+00 
 2.95500000e-02  5.00085904e+00 
 2.96500000e-02  5.00086054e+00 
 2.97500000e-02  5.00086197e+00 
 2.98500000e-02  5.00086333e+00 
 2.99500000e-02  5.00086462e+00 
 3.00500000e-02  5.00086584e+00 
 3.01500000e-02  5.00086700e+00 
 3.02500000e-02  5.00086810e+00 
 3.03500000e-02  5.00086914e+00 
 3.04500000e-02  5.00087013e+00 
 3.05500000e-02  5.00087106e+00 
 3.06500000e-02  5.00087194e+00 
 3.07500000e-02  5.00087277e+00 
 3.08500000e-02  5.00087356e+00 
 3.09500000e-02  5.00087430e+00 
 3.10500000e-02  5.00087499e+00 
 3.11500000e-02  5.00087565e+00 
 3.12500000e-02  5.00087626e+00 
 3.13500000e-02  5.00087683e+00 
 3.14500000e-02  5.00087737e+00 
 3.15500000e-02  5.00087788e+00 
 3.16500000e-02  5.00087834e+00 
 3.17500000e-02  5.00087878e+00 
 3.18500000e-02  5.00087918e+00 
 3.19500000e-02  5.00087956e+00 
 3.20500000e-02  5.00087990e+00 
 3.21500000e-02  5.00088022e+00 
 3.22500000e-02  5.00088051e+00 
 3.23500000e-02  5.00088078e+00 
 3.24500000e-02  5.00088102e+00 
 3.25500000e-02  5.00088124e+00 
 3.26500000e-02  5.00088144e+00 
 3.27500000e-02  5.00088161e+00 
 3.28500000e-02  5.00088177e+00 
 3.29500000e-02  5.00088195e+00 
 3.30500000e-02  4.98774306e+00 
 3.31277421e-02  4.96422853e+00 
 3.31907257e-02  4.93772924e+00 
 3.32157664e-02  4.92537341e+00 
 3.32428278e-02  4.91098928e+00 
 3.32733219e-02  4.89368027e+00 
 3.33059461e-02  4.87406971e+00 
 3.33711945e-02  4.83222607e+00 
 3.34711945e-02  4.76307250e+00 
 3.35711945e-02  4.68933919e+00 
 3.36711945e-02  4.61205835e+00 
 3.37711945e-02  4.53182081e+00 
 3.38711945e-02  4.44893234e+00 
 3.39711945e-02  4.36354108e+00 
 3.40711945e-02  4.27571646e+00 
 3.40836945e-02  4.26455028e+00 
 3.41086945e-02  4.24212967e+00 
 3.41094757e-02  4.24142705e+00 
 3.41110382e-02  4.24002144e+00 
 3.41114289e-02  4.23966994e+00 
 3.41122101e-02  4.23896686e+00 
 3.41124054e-02  4.23879107e+00 
 3.41127961e-02  4.23843946e+00 
 3.41128937e-02  4.23835155e+00 
 3.41130890e-02  4.23817573e+00 
 3.41134796e-02  4.23782406e+00 
 3.41138142e-02  4.23752282e+00 
 3.41141361e-02  4.23723298e+00 
 3.41144687e-02  4.23693346e+00 
 3.41150439e-02  4.23641534e+00 
 3.41152408e-02  4.23623801e+00 
 3.41154306e-02  4.23606705e+00 
 3.41156520e-02  4.23586754e+00 
 3.41159011e-02  4.23564313e+00 
 3.41163992e-02  4.23519428e+00 
 3.41173954e-02  4.23429640e+00 
 3.41193879e-02  4.23249994e+00 
 3.41233728e-02  4.22890418e+00 
 3.41313426e-02  4.22170137e+00 
 3.41472824e-02  4.20725058e+00 
 3.41791618e-02  4.17816855e+00 
 3.42429206e-02  4.11928449e+00 
 3.43429206e-02  4.02500274e+00 
 3.44429206e-02  3.92837378e+00 
 3.45429206e-02  3.82940265e+00 
 3.46429206e-02  3.72809357e+00 
 3.47429206e-02  3.62445847e+00 
 3.48429206e-02  3.51852673e+00 
 3.49429206e-02  3.41033977e+00 
 3.50429206e-02  3.29994590e+00 
 3.51429206e-02  3.18740200e+00 
 3.52429206e-02  3.07277992e+00 
 3.53429206e-02  2.95617645e+00 
 3.54429206e-02  2.83772768e+00 
 3.55429206e-02  2.71762851e+00 
 3.56429206e-02  2.59615824e+00 
 3.57429206e-02  2.47371191e+00 
 3.58429206e-02  2.35083492e+00 
 3.59429206e-02  2.22825489e+00 
 3.60429206e-02  2.10690001e+00 
 3.61429206e-02  1.98788893e+00 
 3.62429206e-02  1.87247691e+00 
 3.63429206e-02  1.76195074e+00 
 3.64429206e-02  1.65748655e+00 
 3.65429206e-02  1.55997766e+00 
 3.66429206e-02  1.46994800e+00 
 3.67429206e-02  1.38746840e+00 
 3.68429206e-02  1.31221118e+00 
 3.69429206e-02  1.24358887e+00 
 3.70429206e-02  1.18086349e+00 
 3.71429206e-02  1.12324609e+00 
 3.72429206e-02  1.07001106e+00 
 3.73429206e-02  1.02053236e+00 
 3.74429206e-02  9.74290669e-01 
 3.75429206e-02  9.30863086e-01 
 3.76429206e-02  8.89905981e-01 
 3.77429206e-02  8.51137715e-01 
 3.78429206e-02  8.14324309e-01 
 3.79429206e-02  7.79268650e-01 
 3.80429206e-02  7.45802638e-01 
 3.81429206e-02  7.13781501e-01 
 3.82429206e-02  6.83078973e-01 
 3.83429206e-02  6.53586107e-01 
 3.84429206e-02  6.25206730e-01 
 3.85429206e-02  5.97854662e-01 
 3.86429206e-02  5.71454032e-01 
 3.87429206e-02  5.45937285e-01 
 3.88429206e-02  5.21243866e-01 
 3.89429206e-02  4.97319044e-01 
 3.90429206e-02  4.74113921e-01 
 3.91429206e-02  4.51584021e-01 
 3.92429206e-02  4.29688456e-01 
 3.93429206e-02  4.08390255e-01 
 3.94429206e-02  3.87655669e-01 
 3.95429206e-02  3.67453635e-01 
 3.96429206e-02  3.47755874e-01 
 3.97429206e-02  3.28536151e-01 
 3.98429206e-02  3.09770235e-01 
 3.99429206e-02  2.91435728e-01 
 4.00429206e-02  2.73511882e-01 
 4.01429206e-02  2.55979431e-01 
 4.02429206e-02  2.38820453e-01 
 4.03429206e-02  2.22018245e-01 
 4.04429206e-02  2.05557217e-01 
 4.05429206e-02  1.89422791e-01 
 4.06429206e-02  1.73601319e-01 
 4.07429206e-02  1.58080005e-01 
 4.08429206e-02  1.42846832e-01 
 4.09429206e-02  1.27890502e-01 
 4.10429206e-02  1.13200380e-01 
 4.11429206e-02  9.87664436e-02 
 4.12429206e-02  8.45792327e-02 
 4.13429206e-02  7.06298121e-02 
 4.14429206e-02  5.69097315e-02 
 4.15429206e-02  4.34109909e-02 
 4.16429206e-02  3.01260095e-02 
 4.17429206e-02  1.70475963e-02 
 4.18429206e-02  4.16892376e-03 
 4.19429206e-02 -8.51649622e-03 
 4.20429206e-02 -2.10148346e-02 
 4.21429206e-02 -3.33319657e-02 
 4.22429206e-02 -4.54734861e-02 
 4.23429206e-02 -5.74447319e-02 
 4.24429206e-02 -6.92507948e-02 
 4.25429206e-02 -8.08965367e-02 
 4.26429206e-02 -9.23866035e-02 
 4.27429206e-02 -1.03725438e-01 
 4.28429206e-02 -1.14917291e-01 
 4.29429206e-02 -1.25966234e-01 
 4.30429206e-02 -1.36876166e-01 
 4.31429206e-02 -1.47650826e-01 
 4.32429206e-02 -1.58293802e-01 
 4.33429206e-02 -1.68808536e-01 
 4.34429206e-02 -1.79198335e-01 
 4.35429206e-02 -1.89466375e-01 
 4.36429206e-02 -1.99615712e-01 
 4.37429206e-02 -2.09649282e-01 
 4.38429206e-02 -2.19569914e-01 
 4.39429206e-02 -2.29380330e-01 
 4.40429206e-02 -2.39083149e-01 
 4.41429206e-02 -2.48680899e-01 
 4.42429206e-02 -2.58176011e-01 
 4.43429206e-02 -2.67570829e-01 
 4.44429206e-02 -2.76867613e-01 
 4.45429206e-02 -2.86068536e-01 
 4.46429206e-02 -2.95175690e-01 
 4.47429206e-02 -3.04191081e-01 
 4.48429206e-02 -3.13116631e-01 
 4.49429206e-02 -3.21954170e-01 
 4.50429206e-02 -3.30705429e-01 
 4.51429206e-02 -3.39372028e-01 
 4.52429206e-02 -3.47955453e-01 
 4.53429206e-02 -3.56457027e-01 
 4.54429206e-02 -3.64877872e-01 
 4.55429206e-02 -3.73218846e-01 
 4.56429206e-02 -3.81480458e-01 
 4.57429206e-02 -3.89662758e-01 
 4.58429206e-02 -3.97765177e-01 
 4.59429206e-02 -4.05786316e-01 
 4.60429206e-02 -4.13723667e-01 
 4.61429206e-02 -4.21573254e-01 
 4.62429206e-02 -4.29329197e-01 
 4.63429206e-02 -4.36983185e-01 
 4.64429206e-02 -4.44523935e-01 
 4.65429206e-02 -4.51936694e-01 
 4.66429206e-02 -4.59202964e-01 
 4.67429206e-02 -4.66300675e-01 
 4.68429206e-02 -4.73205060e-01 
 4.69429206e-02 -4.79890402e-01 
 4.70429206e-02 -4.86332576e-01 
 4.71429206e-02 -4.92511949e-01 
 4.72429206e-02 -4.98415917e-01 
 4.73429206e-02 -5.04040343e-01 
 4.74429206e-02 -5.09389547e-01 
 4.75429206e-02 -5.14475016e-01 
 4.76429206e-02 -5.19313371e-01 
 4.77429206e-02 -5.23924196e-01 
 4.78429206e-02 -5.28328186e-01 
 4.79429206e-02 -5.32545783e-01 
 4.80429206e-02 -5.36596308e-01 
 4.81429206e-02 -5.40497497e-01 
 4.82429206e-02 -5.44265320e-01 
 4.83429206e-02 -5.47913971e-01 
 4.84429206e-02 -5.51455968e-01 
 4.85429206e-02 -5.54902300e-01 
 4.86429206e-02 -5.58262591e-01 
 4.87429206e-02 -5.61545266e-01 
 4.88429206e-02 -5.64757706e-01 
 4.89429206e-02 -5.67906382e-01 
 4.90429206e-02 -5.70996985e-01 
 4.91429206e-02 -5.74034529e-01 
 4.92429206e-02 -5.77023441e-01 
 4.93429206e-02 -5.79967647e-01 
 4.94429206e-02 -5.82870631e-01 
 4.95429206e-02 -5.85735501e-01 
 4.96429206e-02 -5.88565031e-01 
 4.97429206e-02 -5.91361709e-01 
 4.98429206e-02 -5.94127769e-01 
 4.99429206e-02 -5.96865227e-01 
 5.00429206e-02 -5.99575900e-01 
 5.01429206e-02 -6.02261437e-01 
 5.02429206e-02 -6.04923331e-01 
 5.03429206e-02 -6.07562943e-01 
 5.04429206e-02 -6.10181514e-01 
 5.05429206e-02 -6.12780176e-01 
 5.06429206e-02 -6.15359966e-01 
 5.07429206e-02 -6.17921836e-01 
 5.08429206e-02 -6.20466658e-01 
 5.09429206e-02 -6.22995238e-01 
 5.10429206e-02 -6.25508315e-01 
 5.11429206e-02 -6.28006575e-01 
 5.12429206e-02 -6.30490648e-01 
 5.13429206e-02 -6.32961119e-01 
 5.14429206e-02 -6.35418531e-01 
 5.15429206e-02 -6.37863386e-01 
 5.16429206e-02 -6.40296151e-01 
 5.17429206e-02 -6.42717259e-01 
 5.18429206e-02 -6.45127113e-01 
 5.19429206e-02 -6.47526088e-01 
 5.20429206e-02 -6.49914535e-01 
 5.21429206e-02 -6.52292779e-01 
 5.22429206e-02 -6.54661123e-01 
 5.23429206e-02 -6.57019851e-01 
 5.24429206e-02 -6.59369227e-01 
 5.25429206e-02 -6.61709499e-01 
 5.26429206e-02 -6.64040896e-01 
 5.27429206e-02 -6.66363635e-01 
 5.28429206e-02 -6.68677917e-01 
 5.29429206e-02 -6.70983930e-01 
 5.30429206e-02 -6.73281849e-01 
 5.31429206e-02 -6.75571841e-01 
 5.32429206e-02 -6.77854058e-01 
 5.33429206e-02 -6.80128644e-01 
 5.34429206e-02 -6.82395736e-01 
 5.35429206e-02 -6.84655459e-01 
 5.36429206e-02 -6.86907932e-01 
 5.37429206e-02 -6.89153266e-01 
 5.38429206e-02 -6.91391565e-01 
 5.39429206e-02 -6.93622929e-01 
 5.40429206e-02 -6.95847450e-01 
 5.41429206e-02 -6.98065214e-01 
 5.42429206e-02 -7.00276305e-01 
 5.43429206e-02 -7.02480800e-01 
 5.44429206e-02 -7.04678773e-01 
 5.45429206e-02 -7.06870296e-01 
 5.46429206e-02 -7.09055434e-01 
 5.47429206e-02 -7.11234254e-01 
 5.48429206e-02 -7.13406816e-01 
 5.49429206e-02 -7.15573180e-01 
 5.50429206e-02 -7.17733404e-01 
 5.51429206e-02 -7.19887544e-01 
 5.52429206e-02 -7.22035655e-01 
 5.53429206e-02 -7.24177789e-01 
 5.54429206e-02 -7.26314000e-01 
 5.55429206e-02 -7.28444338e-01 
 5.56429206e-02 -7.30568856e-01 
 5.57429206e-02 -7.32687603e-01 
 5.58429206e-02 -7.34800631e-01 
 5.59429206e-02 -7.36907989e-01 
 5.60429206e-02 -7.39009727e-01 
 5.61429206e-02 -7.41105897e-01 
 5.62429206e-02 -7.43196548e-01 
 5.63429206e-02 -7.45281732e-01 
 5.64429206e-02 -7.47361499e-01 
 5.65429206e-02 -7.49435900e-01 
 5.66429206e-02 -7.51504988e-01 
 5.67429206e-02 -7.53568815e-01 
 5.68429206e-02 -7.55627434e-01 
 5.69429206e-02 -7.57680897e-01 
 5.70429206e-02 -7.59729259e-01 
 5.71429206e-02 -7.61772572e-01 
 5.72429206e-02 -7.63810892e-01 
 5.73429206e-02 -7.65844274e-01 
 5.74429206e-02 -7.67872773e-01 
 5.75429206e-02 -7.69896444e-01 
 5.76429206e-02 -7.71915344e-01 
 5.77429206e-02 -7.73929529e-01 
 5.78429206e-02 -7.75939055e-01 
 5.79429206e-02 -7.77943980e-01 
 5.80429206e-02 -7.79944361e-01 
 5.81429206e-02 -7.81940254e-01 
 5.82429206e-02 -7.83931718e-01 
 5.83429206e-02 -7.85918809e-01 
 5.84429206e-02 -7.87901586e-01 
 5.85429206e-02 -7.89880107e-01 
 5.86429206e-02 -7.91854429e-01 
 5.87429206e-02 -7.93824609e-01 
 5.88429206e-02 -7.95790706e-01 
 5.89429206e-02 -7.97752777e-01 
 5.90429206e-02 -7.99710880e-01 
 5.91429206e-02 -8.01665072e-01 
 5.92429206e-02 -8.03615411e-01 
 5.93429206e-02 -8.05561952e-01 
 5.94429206e-02 -8.07504754e-01 
 5.95429206e-02 -8.09443872e-01 
 5.96429206e-02 -8.11379364e-01 
 5.97429206e-02 -8.13311285e-01 
 5.98429206e-02 -8.15239692e-01 
 5.99429206e-02 -8.17164638e-01 
 6.00429206e-02 -8.19086181e-01 
 6.01429206e-02 -8.21004375e-01 
 6.02429206e-02 -8.22919273e-01 
 6.03429206e-02 -8.24830931e-01 
 6.04429206e-02 -8.26739402e-01 
 6.05429206e-02 -8.28644738e-01 
 6.06429206e-02 -8.30546994e-01 
 6.07429206e-02 -8.32446222e-01 
 6.08429206e-02 -8.34342472e-01 
 6.09429206e-02 -8.36235797e-01 
 6.10429206e-02 -8.38126248e-01 
 6.11429206e-02 -8.40013874e-01 
 6.12429206e-02 -8.41898726e-01 
 6.13429206e-02 -8.43780852e-01 
 6.14429206e-02 -8.45660301e-01 
 6.15429206e-02 -8.47537121e-01 
 6.16429206e-02 -8.49411358e-01 
 6.17429206e-02 -8.51283059e-01 
 6.18429206e-02 -8.53152270e-01 
 6.19429206e-02 -8.55019035e-01 
 6.20429206e-02 -8.56883398e-01 
 6.21429206e-02 -8.58745402e-01 
 6.22429206e-02 -8.60605089e-01 
 6.23429206e-02 -8.62462499e-01 
 6.24429206e-02 -8.64317674e-01 
 6.25429206e-02 -8.66170651e-01 
 6.26429206e-02 -8.68021468e-01 
 6.27429206e-02 -8.69870162e-01 
 6.28429206e-02 -8.71716769e-01 
 6.29429206e-02 -8.73561322e-01 
 6.30429206e-02 -8.75403854e-01 
 6.31429206e-02 -8.77244396e-01 
 6.32429206e-02 -8.79082980e-01 
 6.33429206e-02 -8.80919632e-01 
 6.34429206e-02 -8.82754381e-01 
 6.35429206e-02 -8.84587253e-01 
 6.36429206e-02 -8.86418271e-01 
 6.37429206e-02 -8.88247458e-01 
 6.38429206e-02 -8.90074837e-01 
 6.39429206e-02 -8.91900426e-01 
 6.40429206e-02 -8.93724244e-01 
 6.41429206e-02 -8.95546308e-01 
 6.42429206e-02 -8.97366633e-01 
 6.43429206e-02 -8.99185234e-01 
 6.44429206e-02 -9.01002122e-01 
 6.45429206e-02 -9.02817309e-01 
 6.46429206e-02 -9.04630805e-01 
 6.47429206e-02 -9.06442619e-01 
 6.48429206e-02 -9.08252757e-01 
 6.49429206e-02 -9.10061225e-01 
 6.50429206e-02 -9.11868029e-01 
 6.51429206e-02 -9.13673172e-01 
 6.52429206e-02 -9.15476656e-01 
 6.53429206e-02 -9.17278485e-01 
 6.54429206e-02 -9.19078657e-01 
 6.55429206e-02 -9.20877174e-01 
 6.56429206e-02 -9.22674034e-01 
 6.57429206e-02 -9.24469236e-01 
 6.58429206e-02 -9.26262778e-01 
 6.59429206e-02 -9.28054655e-01 
 6.60429206e-02 -9.29844866e-01 
 6.61429206e-02 -9.31633405e-01 
 6.62429206e-02 -9.33420268e-01 
 6.63429206e-02 -9.35205451e-01 
 6.64429206e-02 -9.36988947e-01 
 6.65429206e-02 -9.38770751e-01 
 6.66429206e-02 -9.40550857e-01 
 6.67429206e-02 -9.42329258e-01 
 6.68429206e-02 -9.44105948e-01 
 6.69429206e-02 -9.45880920e-01 
 6.70429206e-02 -9.47654166e-01 
 6.71429206e-02 -9.49425681e-01 
 6.72429206e-02 -9.51195455e-01 
 6.73429206e-02 -9.52963482e-01 
 6.74429206e-02 -9.54729754e-01 
 6.75429206e-02 -9.56494263e-01 
 6.76429206e-02 -9.58257002e-01 
 6.77429206e-02 -9.60017961e-01 
 6.78429206e-02 -9.61777133e-01 
 6.79429206e-02 -9.63534510e-01 
 6.80429206e-02 -9.65290084e-01 
 6.81429206e-02 -9.67043845e-01 
 6.82429206e-02 -9.68795785e-01 
 6.83429206e-02 -9.70545896e-01 
 6.84429206e-02 -9.72294169e-01 
 6.85429206e-02 -9.74040595e-01 
 6.86429206e-02 -9.75785164e-01 
 6.87429206e-02 -9.77527868e-01 
 6.88429206e-02 -9.79268698e-01 
 6.89429206e-02 -9.81007642e-01 
 6.90429206e-02 -9.82744693e-01 
 6.91429206e-02 -9.84479840e-01 
 6.92429206e-02 -9.86213073e-01 
 6.93429206e-02 -9.87944381e-01 
 6.94429206e-02 -9.89673754e-01 
 6.95429206e-02 -9.91401182e-01 
 6.96429206e-02 -9.93126653e-01 
 6.97429206e-02 -9.94850156e-01 
 6.98429206e-02 -9.96571679e-01 
 6.99429206e-02 -9.98291211e-01 
 7.00429206e-02 -1.00000874e+00 
 7.01429206e-02 -1.00172425e+00 
 7.02429206e-02 -1.00343773e+00 
 7.03429206e-02 -1.00514917e+00 
 7.04429206e-02 -1.00685855e+00 
 7.05429206e-02 -1.00856587e+00 
 7.06429206e-02 -1.01027109e+00 
 7.07429206e-02 -1.01197422e+00 
 7.08429206e-02 -1.01367523e+00 
 7.09429206e-02 -1.01537412e+00 
 7.10429206e-02 -1.01707085e+00 
 7.11429206e-02 -1.01876542e+00 
 7.12429206e-02 -1.02045781e+00 
 7.13429206e-02 -1.02214799e+00 
 7.14429206e-02 -1.02383596e+00 
 7.15429206e-02 -1.02552169e+00 
 7.16429206e-02 -1.02720517e+00 
 7.17429206e-02 -1.02888636e+00 
 7.18429206e-02 -1.03056526e+00 
 7.19429206e-02 -1.03224183e+00 
 7.20429206e-02 -1.03391607e+00 
 7.21429206e-02 -1.03558793e+00 
 7.22429206e-02 -1.03725741e+00 
 7.23429206e-02 -1.03892447e+00 
 7.24429206e-02 -1.04058910e+00 
 7.25429206e-02 -1.04225125e+00 
 7.26429206e-02 -1.04391092e+00 
 7.27429206e-02 -1.04556806e+00 
 7.28429206e-02 -1.04722266e+00 
 7.29429206e-02 -1.04887468e+00 
 7.30429206e-02 -1.05052409e+00 
 7.31429206e-02 -1.05217086e+00 
 7.32429206e-02 -1.05381495e+00 
 7.33429206e-02 -1.05545635e+00 
 7.34429206e-02 -1.05709501e+00 
 7.35429206e-02 -1.05873089e+00 
 7.36429206e-02 -1.06036397e+00 
 7.37429206e-02 -1.06199421e+00 
 7.38429206e-02 -1.06362157e+00 
 7.39429206e-02 -1.06524601e+00 
 7.40429206e-02 -1.06686749e+00 
 7.41429206e-02 -1.06848597e+00 
 7.42429206e-02 -1.07010142e+00 
 7.43429206e-02 -1.07171380e+00 
 7.44429206e-02 -1.07332305e+00 
 7.45429206e-02 -1.07492914e+00 
 7.46429206e-02 -1.07653202e+00 
 7.47429206e-02 -1.07813166e+00 
 7.48429206e-02 -1.07972800e+00 
 7.49429206e-02 -1.08132100e+00 
 7.50429206e-02 -1.08291062e+00 
 7.51429206e-02 -1.08449680e+00 
 7.52429206e-02 -1.08607951e+00 
 7.53429206e-02 -1.08765870e+00 
 7.54429206e-02 -1.08923431e+00 
 7.55429206e-02 -1.09080630e+00 
 7.56429206e-02 -1.09237462e+00 
 7.57429206e-02 -1.09393922e+00 
 7.58429206e-02 -1.09550007e+00 
 7.59429206e-02 -1.09705710e+00 
 7.60429206e-02 -1.09861027e+00 
 7.61429206e-02 -1.10015953e+00 
 7.62429206e-02 -1.10170484e+00 
 7.63429206e-02 -1.10324614e+00 
 7.64429206e-02 -1.10478339e+00 
 7.65429206e-02 -1.10631655e+00 
 7.66429206e-02 -1.10784557e+00 
 7.67429206e-02 -1.10937040e+00 
 7.68429206e-02 -1.11089100e+00 
 7.69429206e-02 -1.11240732e+00 
 7.70429206e-02 -1.11391932e+00 
 7.71429206e-02 -1.11542696e+00 
 7.72429206e-02 -1.11693020e+00 
 7.73429206e-02 -1.11842900e+00 
 7.74429206e-02 -1.11992331e+00 
 7.75429206e-02 -1.12141311e+00 
 7.76429206e-02 -1.12289834e+00 
 7.77429206e-02 -1.12437899e+00 
 7.78429206e-02 -1.12585500e+00 
 7.79429206e-02 -1.12732636e+00 
 7.80429206e-02 -1.12879302e+00 
 7.81429206e-02 -1.13025495e+00 
 7.82429206e-02 -1.13171214e+00 
 7.83429206e-02 -1.13316454e+00 
 7.84429206e-02 -1.13461214e+00 
 7.85429206e-02 -1.13605490e+00 
 7.86429206e-02 -1.13749281e+00 
 7.87429206e-02 -1.13892584e+00 
 7.88429206e-02 -1.14035398e+00 
 7.89429206e-02 -1.14177719e+00 
 7.90429206e-02 -1.14319548e+00 
 7.91429206e-02 -1.14460881e+00 
 7.92429206e-02 -1.14601718e+00 
 7.93429206e-02 -1.14742057e+00 
 7.94429206e-02 -1.14881898e+00 
 7.95429206e-02 -1.15021239e+00 
 7.96429206e-02 -1.15160079e+00 
 7.97429206e-02 -1.15298418e+00 
 7.98429206e-02 -1.15436256e+00 
 7.99429206e-02 -1.15573592e+00 
 8.00429206e-02 -1.15710426e+00 
 8.01429206e-02 -1.15846757e+00 
 8.02429206e-02 -1.15982587e+00 
 8.03429206e-02 -1.16117915e+00 
 8.04429206e-02 -1.16252742e+00 
 8.05429206e-02 -1.16387068e+00 
 8.06429206e-02 -1.16520895e+00 
 8.07429206e-02 -1.16654222e+00 
 8.08429206e-02 -1.16787052e+00 
 8.09429206e-02 -1.16919384e+00 
 8.10429206e-02 -1.17051221e+00 
 8.11429206e-02 -1.17182564e+00 
 8.12429206e-02 -1.17313414e+00 
 8.13429206e-02 -1.17443773e+00 
 8.14429206e-02 -1.17573643e+00 
 8.15429206e-02 -1.17703025e+00 
 8.16429206e-02 -1.17831922e+00 
 8.17429206e-02 -1.17960337e+00 
 8.18429206e-02 -1.18088270e+00 
 8.19429206e-02 -1.18215724e+00 
 8.20429206e-02 -1.18342703e+00 
 8.21429206e-02 -1.18469208e+00 
 8.22429206e-02 -1.18595241e+00 
 8.23429206e-02 -1.18720807e+00 
 8.24429206e-02 -1.18845907e+00 
 8.25429206e-02 -1.18970544e+00 
 8.26429206e-02 -1.19094722e+00 
 8.27429206e-02 -1.19218442e+00 
 8.28429206e-02 -1.19341710e+00 
 8.29429206e-02 -1.19464526e+00 
 8.30429206e-02 -1.19586896e+00 
 8.31429206e-02 -1.19708821e+00 
 8.32429206e-02 -1.19830306e+00 
 8.33429206e-02 -1.19951353e+00 
 8.34429206e-02 -1.20071966e+00 
 8.35429206e-02 -1.20192149e+00 
 8.36429206e-02 -1.20311904e+00 
 8.37429206e-02 -1.20431236e+00 
 8.38429206e-02 -1.20550148e+00 
 8.39429206e-02 -1.20668644e+00 
 8.40429206e-02 -1.20786726e+00 
 8.41429206e-02 -1.20904399e+00 
 8.42429206e-02 -1.21021667e+00 
 8.43429206e-02 -1.21138532e+00 
 8.44429206e-02 -1.21254999e+00 
 8.45429206e-02 -1.21371071e+00 
 8.46429206e-02 -1.21486752e+00 
 8.47429206e-02 -1.21602045e+00 
 8.48429206e-02 -1.21716955e+00 
 8.49429206e-02 -1.21831484e+00 
 8.50429206e-02 -1.21945637e+00 
 8.51429206e-02 -1.22059418e+00 
 8.52429206e-02 -1.22172828e+00 
 8.53429206e-02 -1.22285874e+00 
 8.54429206e-02 -1.22398557e+00 
 8.55429206e-02 -1.22510883e+00 
 8.56429206e-02 -1.22622853e+00 
 8.57429206e-02 -1.22734472e+00 
 8.58429206e-02 -1.22845744e+00 
 8.59429206e-02 -1.22956672e+00 
 8.60429206e-02 -1.23067260e+00 
 8.61429206e-02 -1.23177510e+00 
 8.62429206e-02 -1.23287427e+00 
 8.63429206e-02 -1.23397014e+00 
 8.64429206e-02 -1.23506274e+00 
 8.65429206e-02 -1.23615212e+00 
 8.66429206e-02 -1.23723830e+00 
 8.67429206e-02 -1.23832131e+00 
 8.68429206e-02 -1.23940119e+00 
 8.69429206e-02 -1.24047798e+00 
 8.70429206e-02 -1.24155170e+00 
 8.71429206e-02 -1.24262240e+00 
 8.72429206e-02 -1.24369009e+00 
 8.73429206e-02 -1.24475482e+00 
 8.74429206e-02 -1.24581661e+00 
 8.75429206e-02 -1.24687550e+00 
 8.76429206e-02 -1.24793151e+00 
 8.77429206e-02 -1.24898469e+00 
 8.78429206e-02 -1.25003505e+00 
 8.79429206e-02 -1.25108264e+00 
 8.80429206e-02 -1.25212747e+00 
 8.81429206e-02 -1.25316958e+00 
 8.82429206e-02 -1.25420900e+00 
 8.83429206e-02 -1.25524576e+00 
 8.84429206e-02 -1.25627988e+00 
 8.85429206e-02 -1.25731140e+00 
 8.86429206e-02 -1.25834034e+00 
 8.87429206e-02 -1.25936674e+00 
 8.88429206e-02 -1.26039060e+00 
 8.89429206e-02 -1.26141198e+00 
 8.90429206e-02 -1.26243088e+00 
 8.91429206e-02 -1.26344735e+00 
 8.92429206e-02 -1.26446139e+00 
 8.93429206e-02 -1.26547305e+00 
 8.94429206e-02 -1.26648235e+00 
 8.95429206e-02 -1.26748930e+00 
 8.96429206e-02 -1.26849394e+00 
 8.97429206e-02 -1.26949629e+00 
 8.98429206e-02 -1.27049638e+00 
 8.99429206e-02 -1.27149422e+00 
 9.00429206e-02 -1.27248985e+00 
 9.01429206e-02 -1.27348329e+00 
 9.02429206e-02 -1.27447455e+00 
 9.03429206e-02 -1.27546367e+00 
 9.04429206e-02 -1.27645066e+00 
 9.05429206e-02 -1.27743554e+00 
 9.06429206e-02 -1.27841835e+00 
 9.07429206e-02 -1.27939910e+00 
 9.08429206e-02 -1.28037781e+00 
 9.09429206e-02 -1.28135450e+00 
 9.10429206e-02 -1.28232920e+00 
 9.11429206e-02 -1.28330193e+00 
 9.12429206e-02 -1.28427270e+00 
 9.13429206e-02 -1.28524153e+00 
 9.14429206e-02 -1.28620845e+00 
 9.15429206e-02 -1.28717348e+00 
 9.16429206e-02 -1.28813663e+00 
 9.17429206e-02 -1.28909792e+00 
 9.18429206e-02 -1.29005738e+00 
 9.19429206e-02 -1.29101502e+00 
 9.20429206e-02 -1.29197086e+00 
 9.21429206e-02 -1.29292491e+00 
 9.22429206e-02 -1.29387720e+00 
 9.23429206e-02 -1.29482774e+00 
 9.24429206e-02 -1.29577656e+00 
 9.25429206e-02 -1.29672366e+00 
 9.26429206e-02 -1.29766907e+00 
 9.27429206e-02 -1.29861279e+00 
 9.28429206e-02 -1.29955486e+00 
 9.29429206e-02 -1.30049528e+00 
 9.30429206e-02 -1.30143407e+00 
 9.31429206e-02 -1.30237125e+00 
 9.32429206e-02 -1.30330683e+00 
 9.33429206e-02 -1.30424082e+00 
 9.34429206e-02 -1.30517325e+00 
 9.35429206e-02 -1.30610413e+00 
 9.36429206e-02 -1.30703347e+00 
 9.37429206e-02 -1.30796128e+00 
 9.38429206e-02 -1.30888759e+00 
 9.39429206e-02 -1.30981240e+00 
 9.40429206e-02 -1.31073574e+00 
 9.41429206e-02 -1.31165761e+00 
 9.42429206e-02 -1.31257802e+00 
 9.43429206e-02 -1.31349700e+00 
 9.44429206e-02 -1.31441455e+00 
 9.45429206e-02 -1.31533069e+00 
 9.46429206e-02 -1.31624543e+00 
 9.47429206e-02 -1.31715879e+00 
 9.48429206e-02 -1.31807077e+00 
 9.49429206e-02 -1.31898139e+00 
 9.50429206e-02 -1.31989066e+00 
 9.51429206e-02 -1.32079860e+00 
 9.52429206e-02 -1.32170521e+00 
 9.53429206e-02 -1.32261051e+00 
 9.54429206e-02 -1.32351451e+00 
 9.55429206e-02 -1.32441721e+00 
 9.56429206e-02 -1.32531865e+00 
 9.57429206e-02 -1.32621881e+00 
 9.58429206e-02 -1.32711772e+00 
 9.59429206e-02 -1.32801539e+00 
 9.60429206e-02 -1.32891182e+00 
 9.61429206e-02 -1.32980703e+00 
 9.62429206e-02 -1.33070103e+00 
 9.63429206e-02 -1.33159382e+00 
 9.64429206e-02 -1.33248543e+00 
 9.65429206e-02 -1.33337585e+00 
 9.66429206e-02 -1.33426510e+00 
 9.67429206e-02 -1.33515319e+00 
 9.68429206e-02 -1.33604013e+00 
 9.69429206e-02 -1.33692593e+00 
 9.70429206e-02 -1.33781060e+00 
 9.71429206e-02 -1.33869414e+00 
 9.72429206e-02 -1.33957658e+00 
 9.73429206e-02 -1.34045790e+00 
 9.74429206e-02 -1.34133813e+00 
 9.75429206e-02 -1.34221728e+00 
 9.76429206e-02 -1.34309535e+00 
 9.77429206e-02 -1.34397235e+00 
 9.78429206e-02 -1.34484829e+00 
 9.79429206e-02 -1.34572318e+00 
 9.80429206e-02 -1.34659703e+00 
 9.81429206e-02 -1.34746984e+00 
 9.82429206e-02 -1.34834163e+00 
 9.83429206e-02 -1.34921240e+00 
 9.84429206e-02 -1.35008216e+00 
 9.85429206e-02 -1.35095092e+00 
 9.86429206e-02 -1.35181868e+00 
 9.87429206e-02 -1.35268546e+00 
 9.88429206e-02 -1.35355125e+00 
 9.89429206e-02 -1.35441608e+00 
 9.90429206e-02 -1.35527994e+00 
 9.91429206e-02 -1.35614285e+00 
 9.92429206e-02 -1.35700481e+00 
 9.93429206e-02 -1.35786583e+00 
 9.94429206e-02 -1.35872591e+00 
 9.95429206e-02 -1.35958506e+00 
 9.96429206e-02 -1.36044329e+00 
 9.97429206e-02 -1.36130061e+00 
 9.98429206e-02 -1.36215702e+00 
 9.99429206e-02 -1.36301254e+00 
 1.00042921e-01 -1.36386715e+00 
 1.00142921e-01 -1.36472089e+00 
 1.00242921e-01 -1.36557374e+00 
 1.00342921e-01 -1.36642571e+00 
 1.00442921e-01 -1.36727682e+00 
 1.00542921e-01 -1.36812706e+00 
 1.00642921e-01 -1.36897646e+00 
 1.00742921e-01 -1.36982500e+00 
 1.00842921e-01 -1.37067269e+00 
 1.00942921e-01 -1.37151955e+00 
 1.01042921e-01 -1.37236558e+00 
 1.01142921e-01 -1.37321078e+00 
 1.01242921e-01 -1.37405517e+00 
 1.01342921e-01 -1.37489874e+00 
 1.01442921e-01 -1.37574150e+00 
 1.01542921e-01 -1.37658345e+00 
 1.01642921e-01 -1.37742461e+00 
 1.01742921e-01 -1.37826498e+00 
 1.01842921e-01 -1.37910456e+00 
 1.01942921e-01 -1.37994336e+00 
 1.02042921e-01 -1.38078138e+00 
 1.02142921e-01 -1.38161863e+00 
 1.02242921e-01 -1.38245512e+00 
 1.02342921e-01 -1.38329084e+00 
 1.02442921e-01 -1.38412581e+00 
 1.02542921e-01 -1.38496003e+00 
 1.02642921e-01 -1.38579350e+00 
 1.02742921e-01 -1.38662624e+00 
 1.02842921e-01 -1.38745823e+00 
 1.02942921e-01 -1.38828950e+00 
 1.03042921e-01 -1.38912003e+00 
 1.03142921e-01 -1.38994985e+00 
 1.03242921e-01 -1.39077895e+00 
 1.03342921e-01 -1.39160733e+00 
 1.03442921e-01 -1.39243501e+00 
 1.03542921e-01 -1.39326198e+00 
 1.03642921e-01 -1.39408826e+00 
 1.03742921e-01 -1.39491383e+00 
 1.03842921e-01 -1.39573872e+00 
 1.03942921e-01 -1.39656292e+00 
 1.04042921e-01 -1.39738644e+00 
 1.04142921e-01 -1.39820928e+00 
 1.04242921e-01 -1.39903145e+00 
 1.04342921e-01 -1.39985294e+00 
 1.04442921e-01 -1.40067378e+00 
 1.04542921e-01 -1.40149394e+00 
 1.04642921e-01 -1.40231346e+00 
 1.04742921e-01 -1.40313231e+00 
 1.04842921e-01 -1.40395052e+00 
 1.04942921e-01 -1.40476808e+00 
 1.05042921e-01 -1.40558500e+00 
 1.05142921e-01 -1.40640128e+00 
 1.05242921e-01 -1.40721692e+00 
 1.05342921e-01 -1.40803193e+00 
 1.05442921e-01 -1.40884632e+00 
 1.05542921e-01 -1.40966008e+00 
 1.05642921e-01 -1.41047322e+00 
 1.05742921e-01 -1.41128575e+00 
 1.05842921e-01 -1.41209766e+00 
 1.05942921e-01 -1.41290896e+00 
 1.06042921e-01 -1.41371965e+00 
 1.06142921e-01 -1.41452974e+00 
 1.06242921e-01 -1.41533923e+00 
 1.06342921e-01 -1.41614813e+00 
 1.06442921e-01 -1.41695643e+00 
 1.06542921e-01 -1.41776414e+00 
 1.06642921e-01 -1.41857126e+00 
 1.06742921e-01 -1.41937780e+00 
 1.06842921e-01 -1.42018376e+00 
 1.06942921e-01 -1.42098915e+00 
 1.07042921e-01 -1.42179396e+00 
 1.07142921e-01 -1.42259819e+00 
 1.07242921e-01 -1.42340186e+00 
 1.07342921e-01 -1.42420497e+00 
 1.07442921e-01 -1.42500751e+00 
 1.07542921e-01 -1.42580949e+00 
 1.07642921e-01 -1.42661092e+00 
 1.07742921e-01 -1.42741180e+00 
 1.07842921e-01 -1.42821212e+00 
 1.07942921e-01 -1.42901190e+00 
 1.08042921e-01 -1.42981113e+00 
 1.08142921e-01 -1.43060982e+00 
 1.08242921e-01 -1.43140797e+00 
 1.08342921e-01 -1.43220558e+00 
 1.08442921e-01 -1.43300266e+00 
 1.08542921e-01 -1.43379921e+00 
 1.08642921e-01 -1.43459523e+00 
 1.08742921e-01 -1.43539072e+00 
 1.08842921e-01 -1.43618569e+00 
 1.08942921e-01 -1.43698014e+00 
 1.09042921e-01 -1.43777407e+00 
 1.09142921e-01 -1.43856749e+00 
 1.09242921e-01 -1.43936039e+00 
 1.09342921e-01 -1.44015278e+00 
 1.09442921e-01 -1.44094467e+00 
 1.09542921e-01 -1.44173605e+00 
 1.09642921e-01 -1.44252692e+00 
 1.09742921e-01 -1.44331729e+00 
 1.09842921e-01 -1.44410717e+00 
 1.09942921e-01 -1.44489655e+00 
 1.10042921e-01 -1.44568543e+00 
 1.10142921e-01 -1.44647383e+00 
 1.10242921e-01 -1.44726173e+00 
 1.10342921e-01 -1.44804915e+00 
 1.10442921e-01 -1.44883608e+00 
 1.10542921e-01 -1.44962253e+00 
 1.10642921e-01 -1.45040850e+00 
 1.10742921e-01 -1.45119399e+00 
 1.10842921e-01 -1.45197900e+00 
 1.10942921e-01 -1.45276354e+00 
 1.11042921e-01 -1.45354761e+00 
 1.11142921e-01 -1.45433121e+00 
 1.11242921e-01 -1.45511434e+00 
 1.11342921e-01 -1.45589700e+00 
 1.11442921e-01 -1.45667920e+00 
 1.11542921e-01 -1.45746094e+00 
 1.11642921e-01 -1.45824222e+00 
 1.11742921e-01 -1.45902305e+00 
 1.11842921e-01 -1.45980341e+00 
 1.11942921e-01 -1.46058333e+00 
 1.12042921e-01 -1.46136279e+00 
 1.12142921e-01 -1.46214180e+00 
 1.12242921e-01 -1.46292036e+00 
 1.12342921e-01 -1.46369848e+00 
 1.12442921e-01 -1.46447615e+00 
 1.12542921e-01 -1.46525339e+00 
 1.12642921e-01 -1.46603018e+00 
 1.12742921e-01 -1.46680653e+00 
 1.12842921e-01 -1.46758244e+00 
 1.12942921e-01 -1.46835792e+00 
 1.13042921e-01 -1.46913297e+00 
 1.13142921e-01 -1.46990759e+00 
 1.13242921e-01 -1.47068177e+00 
 1.13342921e-01 -1.47145553e+00 
 1.13442921e-01 -1.47222886e+00 
 1.13542921e-01 -1.47300177e+00 
 1.13642921e-01 -1.47377425e+00 
 1.13742921e-01 -1.47454631e+00 
 1.13842921e-01 -1.47531795e+00 
 1.13942921e-01 -1.47608918e+00 
 1.14042921e-01 -1.47685998e+00 
 1.14142921e-01 -1.47763038e+00 
 1.14242921e-01 -1.47840036e+00 
 1.14342921e-01 -1.47916992e+00 
 1.14442921e-01 -1.47993908e+00 
 1.14542921e-01 -1.48070783e+00 
 1.14642921e-01 -1.48147617e+00 
 1.14742921e-01 -1.48224411e+00 
 1.14842921e-01 -1.48301164e+00 
 1.14942921e-01 -1.48377878e+00 
 1.15042921e-01 -1.48454550e+00 
 1.15142921e-01 -1.48531184e+00 
 1.15242921e-01 -1.48607777e+00 
 1.15342921e-01 -1.48684330e+00 
 1.15442921e-01 -1.48760844e+00 
 1.15542921e-01 -1.48837319e+00 
 1.15642921e-01 -1.48913755e+00 
 1.15742921e-01 -1.48990151e+00 
 1.15842921e-01 -1.49066508e+00 
 1.15942921e-01 -1.49142827e+00 
 1.16042921e-01 -1.49219107e+00 
 1.16142921e-01 -1.49295349e+00 
 1.16242921e-01 -1.49371552e+00 
 1.16342921e-01 -1.49447716e+00 
 1.16442921e-01 -1.49523843e+00 
 1.16542921e-01 -1.49599932e+00 
 1.16642921e-01 -1.49675983e+00 
 1.16742921e-01 -1.49751996e+00 
 1.16842921e-01 -1.49827971e+00 
 1.16942921e-01 -1.49903909e+00 
 1.17042921e-01 -1.49979810e+00 
 1.17142921e-01 -1.50055673e+00 
 1.17242921e-01 -1.50131499e+00 
 1.17342921e-01 -1.50207289e+00 
 1.17442921e-01 -1.50283041e+00 
 1.17542921e-01 -1.50358757e+00 
 1.17642921e-01 -1.50434436e+00 
 1.17742921e-01 -1.50510079e+00 
 1.17842921e-01 -1.50585685e+00 
 1.17942921e-01 -1.50661255e+00 
 1.18042921e-01 -1.50736789e+00 
 1.18142921e-01 -1.50812286e+00 
 1.18242921e-01 -1.50887748e+00 
 1.18342921e-01 -1.50963174e+00 
 1.18442921e-01 -1.51038565e+00 
 1.18542921e-01 -1.51113920e+00 
 1.18642921e-01 -1.51189239e+00 
 1.18742921e-01 -1.51264523e+00 
 1.18842921e-01 -1.51339772e+00 
 1.18942921e-01 -1.51414985e+00 
 1.19042921e-01 -1.51490164e+00 
 1.19142921e-01 -1.51565308e+00 
 1.19242921e-01 -1.51640416e+00 
 1.19342921e-01 -1.51715490e+00 
 1.19442921e-01 -1.51790530e+00 
 1.19542921e-01 -1.51865535e+00 
 1.19642921e-01 -1.51940506e+00 
 1.19742921e-01 -1.52015442e+00 
 1.19842921e-01 -1.52090344e+00 
 1.19942921e-01 -1.52165212e+00 
 1.20000000e-01 -1.52207931e+00 
