 5.00000000e-09  5.71132421e-09 
 5.14019886e-09  5.82560724e-09 
 5.42059659e-09  6.05175597e-09 
 5.98139205e-09  6.50222637e-09 
 6.79642314e-09  7.15365148e-09 
 8.02953479e-09  8.13242363e-09 
 1.04957581e-08  1.00692116e-08 
 1.54282047e-08  1.38803419e-08 
 2.52930979e-08  2.13360756e-08 
 3.80079926e-08  3.07160874e-08 
 4.80600643e-08  3.79881650e-08 
 5.72890462e-08  4.45652863e-08 
 6.35836666e-08  4.89861491e-08 
 7.05730138e-08  5.38122285e-08 
 8.06091149e-08  6.05423578e-08 
 9.13179351e-08  6.74323968e-08 
 1.07879151e-07  7.75831908e-08 
 1.26344038e-07  8.85135447e-08 
 1.48212427e-07  1.01388964e-07 
 1.77054226e-07  1.17533474e-07 
 2.16401551e-07  1.39729473e-07 
 2.63474349e-07  1.66002110e-07 
 3.12258114e-07  1.92537942e-07 
 3.42954565e-07  2.09458870e-07 
 3.79717426e-07  2.30228266e-07 
 4.18568167e-07  2.52654551e-07 
 4.65381050e-07  2.80543621e-07 
 5.00000000e-07  3.02089661e-07 
 5.07829180e-07  3.07117405e-07 
 5.23487539e-07  3.17335004e-07 
 5.54804258e-07  3.38670209e-07 
 5.88721942e-07  3.63430743e-07 
 6.32458319e-07  3.97633996e-07 
 6.58956274e-07  4.18494070e-07 
 6.87179510e-07  4.39040651e-07 
 7.11875994e-07  4.54951469e-07 
 7.30870159e-07  4.65848549e-07 
 7.54238822e-07  4.77859609e-07 
 7.63122060e-07  4.82048566e-07 
 7.71911091e-07  4.86019403e-07 
 7.84225526e-07  4.91339130e-07 
 7.96324786e-07  4.96327983e-07 
 8.14498531e-07  5.03472585e-07 
 8.33329888e-07  5.10549339e-07 
 8.55083648e-07  5.18480734e-07 
 8.98591167e-07  5.34374628e-07 
 9.74160322e-07  5.66056863e-07 
 1.00000000e-06  5.78606083e-07 
 1.00936318e-06  5.83513139e-07 
 1.02808953e-06  5.93924301e-07 
 1.06554223e-06  6.19015625e-07 
 1.12627930e-06  6.79996391e-07 
 1.19143091e-06  7.86816374e-07 
 1.31685390e-06  1.16130185e-06 
 1.40823810e-06  1.63521797e-06 
 1.48877564e-06  2.42527348e-06 
 1.55514965e-06  3.99716232e-06 
 1.61836186e-06  7.66961980e-06 
 1.68686224e-06  1.70837452e-05 
 1.73915773e-06  3.05076234e-05 
 1.78700749e-06  5.04644795e-05 
 1.83709627e-06  8.32070249e-05 
 1.91353990e-06  1.69589547e-04 
 2.00123496e-06  3.45033957e-04 
 2.04394592e-06  4.58373639e-04 
 2.08558437e-06  5.70113066e-04 
 2.10754732e-06  6.21957884e-04 
 2.13056271e-06  6.67156355e-04 
 2.15509699e-06  7.07832717e-04 
 2.19343498e-06  7.68425710e-04 
 2.23098408e-06  8.34431244e-04 
 2.26968565e-06  9.19577549e-04 
 2.31693292e-06  1.06181701e-03 
 2.37241637e-06  1.28959623e-03 
 2.43042136e-06  1.59117900e-03 
 2.49311781e-06  1.98370556e-03 
 2.57749981e-06  2.62762395e-03 
 2.71508681e-06  4.00902247e-03 
 2.99026083e-06  8.26548051e-03 
 3.44279979e-06  2.04888631e-02 
 4.03271913e-06  4.77523319e-02 
 4.95384277e-06  1.20765125e-01 
 5.53099275e-06  1.93582010e-01 
 5.55320788e-06  1.96825373e-01 
 5.59763814e-06  2.03396518e-01 
 5.63090123e-06  2.08395334e-01 
 5.66923851e-06  2.14224441e-01 
 5.69861670e-06  2.18574126e-01 
 5.71622928e-06  2.21070716e-01 
 5.73733664e-06  2.23952121e-01 
 5.75545343e-06  2.26351390e-01 
 5.77537581e-06  2.28924581e-01 
 5.80750174e-06  2.32936796e-01 
 5.84148516e-06  2.37015071e-01 
 5.90945200e-06  2.44759655e-01 
 6.00676241e-06  2.55078058e-01 
 6.12955309e-06  2.67119006e-01 
 6.37513443e-06  2.89127746e-01 
 6.70426817e-06  3.16092950e-01 
 7.09774604e-06  3.46329206e-01 
 7.79019646e-06  3.97462710e-01 
 8.61032855e-06  4.56818325e-01 
 1.00000000e-05  5.60440073e-01 
 1.01463942e-05  5.71531977e-01 
 1.04391827e-05  5.93636372e-01 
 1.10247597e-05  6.37502723e-01 
 1.20124851e-05  7.10476460e-01 
 1.28599595e-05  7.72399371e-01 
 1.34516464e-05  8.12722785e-01 
 1.38128077e-05  8.34523567e-01 
 1.41440926e-05  8.52080187e-01 
 1.44607711e-05  8.66595296e-01 
 1.50413027e-05  8.87677039e-01 
 1.62023659e-05  9.11253220e-01 
 1.79685419e-05  9.24788876e-01 
 2.01328191e-05  9.30670111e-01 
 2.24958414e-05  9.32862139e-01 
 2.56019557e-05  9.33892854e-01 
 3.09490080e-05  9.34558934e-01 
 3.78892083e-05  9.34842005e-01 
 5.17696089e-05  9.35014024e-01 
 7.95304102e-05  9.35042755e-01 
 1.00000000e-04  9.34955137e-01 
 1.05552160e-04  9.34918848e-01 
 1.16656481e-04  9.34846273e-01 
 1.38865122e-04  9.34701140e-01 
 1.83282404e-04  9.34410942e-01 
 2.72116968e-04  9.33830814e-01 
 3.72116968e-04  9.33178174e-01 
 4.72116968e-04  1.07177927e+00 
 5.39368313e-04  1.22920903e+00 
 6.13390658e-04  1.37414427e+00 
 7.08192433e-04  1.54867288e+00 
 8.08192433e-04  1.72601320e+00 
 9.08192433e-04  1.89415390e+00 
 1.00819243e-03  2.05357139e+00 
 1.10819243e-03  2.20484309e+00 
 1.20819243e-03  2.34835760e+00 
 1.30819243e-03  2.48450891e+00 
 1.40819243e-03  2.61367731e+00 
 1.50819243e-03  2.73622073e+00 
 1.60819243e-03  2.85247858e+00 
 1.70819243e-03  2.96277310e+00 
 1.80819243e-03  3.06741004e+00 
 1.90819243e-03  3.16667942e+00 
 2.00819243e-03  3.26085641e+00 
 2.10819243e-03  3.35020205e+00 
 2.20819243e-03  3.43496410e+00 
 2.30819243e-03  3.51537771e+00 
 2.40819243e-03  3.59166493e+00 
 2.50819243e-03  3.66403917e+00 
 2.60819243e-03  3.73270050e+00 
 2.70819243e-03  3.79783902e+00 
 2.80819243e-03  3.85963542e+00 
 2.90819243e-03  3.91826112e+00 
 3.00819243e-03  3.97387874e+00 
 3.10819243e-03  4.02664257e+00 
 3.20819243e-03  4.07669900e+00 
 3.30819243e-03  4.12418690e+00 
 3.40819243e-03  4.16923800e+00 
 3.50819243e-03  4.21197729e+00 
 3.60819243e-03  4.25252363e+00 
 3.70819243e-03  4.29098899e+00 
 3.80819243e-03  4.32748079e+00 
 3.90819243e-03  4.36209868e+00 
 4.00819243e-03  4.39494023e+00 
 4.10819243e-03  4.42609643e+00 
 4.20819243e-03  4.45565342e+00 
 4.30819243e-03  4.48369326e+00 
 4.40819243e-03  4.51029378e+00 
 4.50819243e-03  4.53552884e+00 
 4.60819243e-03  4.55946849e+00 
 4.70819243e-03  4.58217923e+00 
 4.80819243e-03  4.60372414e+00 
 4.90819243e-03  4.62416308e+00 
 5.00819243e-03  4.64355284e+00 
 5.10819243e-03  4.66194732e+00 
 5.20819243e-03  4.67939763e+00 
 5.30819243e-03  4.69595230e+00 
 5.40819243e-03  4.71165732e+00 
 5.50819243e-03  4.72655635e+00 
 5.60819243e-03  4.74069077e+00 
 5.70819243e-03  4.75409987e+00 
 5.80819243e-03  4.76682089e+00 
 5.90819243e-03  4.77888916e+00 
 6.00819243e-03  4.79033819e+00 
 6.10819243e-03  4.80119975e+00 
 6.20819243e-03  4.81150401e+00 
 6.30819243e-03  4.82127955e+00 
 6.40819243e-03  4.83055351e+00 
 6.50819243e-03  4.83935163e+00 
 6.60819243e-03  4.84769831e+00 
 6.70819243e-03  4.85561672e+00 
 6.80819243e-03  4.86312882e+00 
 6.90819243e-03  4.87025546e+00 
 7.00819243e-03  4.87701642e+00 
 7.10819243e-03  4.88343045e+00 
 7.20819243e-03  4.88951536e+00 
 7.30819243e-03  4.89528802e+00 
 7.40819243e-03  4.90076446e+00 
 7.50819243e-03  4.90595988e+00 
 7.60819243e-03  4.91088868e+00 
 7.70819243e-03  4.91556456e+00 
 7.80819243e-03  4.92000049e+00 
 7.90819243e-03  4.92420877e+00 
 8.00819243e-03  4.92820110e+00 
 8.10819243e-03  4.93198854e+00 
 8.20819243e-03  4.93558163e+00 
 8.30819243e-03  4.93899031e+00 
 8.40819243e-03  4.94222407e+00 
 8.50819243e-03  4.94529187e+00 
 8.60819243e-03  4.94820223e+00 
 8.70819243e-03  4.95096324e+00 
 8.80819243e-03  4.95358254e+00 
 8.90819243e-03  4.95606743e+00 
 9.00819243e-03  4.95842479e+00 
 9.10819243e-03  4.96066116e+00 
 9.20819243e-03  4.96278277e+00 
 9.30819243e-03  4.96479549e+00 
 9.40819243e-03  4.96670491e+00 
 9.50819243e-03  4.96851634e+00 
 9.60819243e-03  4.97023481e+00 
 9.70819243e-03  4.97186508e+00 
 9.80819243e-03  4.97341168e+00 
 9.90819243e-03  4.97487891e+00 
 1.00081924e-02  4.97627083e+00 
 1.01081924e-02  4.97759132e+00 
 1.02081924e-02  4.97884404e+00 
 1.03081924e-02  4.98003247e+00 
 1.04081924e-02  4.98115990e+00 
 1.05081924e-02  4.98222948e+00 
 1.06081924e-02  4.98324416e+00 
 1.07081924e-02  4.98420676e+00 
 1.08081924e-02  4.98511996e+00 
 1.09081924e-02  4.98598629e+00 
 1.10081924e-02  4.98680816e+00 
 1.11081924e-02  4.98758785e+00 
 1.12081924e-02  4.98832753e+00 
 1.13081924e-02  4.98902924e+00 
 1.14081924e-02  4.98969494e+00 
 1.15081924e-02  4.99032647e+00 
 1.16081924e-02  4.99092559e+00 
 1.17081924e-02  4.99149396e+00 
 1.18081924e-02  4.99203316e+00 
 1.19081924e-02  4.99254469e+00 
 1.20081924e-02  4.99302997e+00 
 1.21081924e-02  4.99349033e+00 
 1.22081924e-02  4.99392708e+00 
 1.23081924e-02  4.99434140e+00 
 1.24081924e-02  4.99473447e+00 
 1.25081924e-02  4.99510736e+00 
 1.26081924e-02  4.99546111e+00 
 1.27081924e-02  4.99579670e+00 
 1.28081924e-02  4.99611508e+00 
 1.29081924e-02  4.99641711e+00 
 1.30081924e-02  4.99670364e+00 
 1.31081924e-02  4.99697546e+00 
 1.32081924e-02  4.99723334e+00 
 1.33081924e-02  4.99747798e+00 
 1.34081924e-02  4.99771006e+00 
 1.35081924e-02  4.99793023e+00 
 1.36081924e-02  4.99813911e+00 
 1.37081924e-02  4.99833726e+00 
 1.38081924e-02  4.99852524e+00 
 1.39081924e-02  4.99870358e+00 
 1.40081924e-02  4.99887276e+00 
 1.41081924e-02  4.99903326e+00 
 1.42081924e-02  4.99918552e+00 
 1.43081924e-02  4.99932997e+00 
 1.44081924e-02  4.99946700e+00 
 1.45081924e-02  4.99959700e+00 
 1.46081924e-02  4.99972033e+00 
 1.47081924e-02  4.99983733e+00 
 1.48081924e-02  4.99994833e+00 
 1.49081924e-02  5.00005362e+00 
 1.50081924e-02  5.00015352e+00 
 1.51081924e-02  5.00024829e+00 
 1.52081924e-02  5.00033819e+00 
 1.53081924e-02  5.00042348e+00 
 1.54081924e-02  5.00050439e+00 
 1.55081924e-02  5.00058115e+00 
 1.56081924e-02  5.00065397e+00 
 1.57081924e-02  5.00072305e+00 
 1.58081924e-02  5.00078859e+00 
 1.59081924e-02  5.00085076e+00 
 1.60081924e-02  5.00090974e+00 
 1.61081924e-02  5.00096570e+00 
 1.62081924e-02  5.00101878e+00 
 1.63081924e-02  5.00106914e+00 
 1.64081924e-02  5.00111691e+00 
 1.65081924e-02  5.00116224e+00 
 1.66081924e-02  5.00120523e+00 
 1.67081924e-02  5.00124602e+00 
 1.68081924e-02  5.00128472e+00 
 1.69081924e-02  5.00132143e+00 
 1.70081924e-02  5.00135625e+00 
 1.71081924e-02  5.00138929e+00 
 1.72081924e-02  5.00142063e+00 
 1.73081924e-02  5.00145037e+00 
 1.74081924e-02  5.00147858e+00 
 1.75081924e-02  5.00150534e+00 
 1.76081924e-02  5.00153072e+00 
 1.77081924e-02  5.00155481e+00 
 1.78081924e-02  5.00157766e+00 
 1.79081924e-02  5.00159933e+00 
 1.80081924e-02  5.00161990e+00 
 1.81081924e-02  5.00163940e+00 
 1.82081924e-02  5.00165791e+00 
 1.83081924e-02  5.00167547e+00 
 1.84081924e-02  5.00169212e+00 
 1.85081924e-02  5.00170792e+00 
 1.86081924e-02  5.00172291e+00 
 1.87081924e-02  5.00173713e+00 
 1.88081924e-02  5.00175062e+00 
 1.89081924e-02  5.00176342e+00 
 1.90081924e-02  5.00177556e+00 
 1.91081924e-02  5.00178708e+00 
 1.92081924e-02  5.00179801e+00 
 1.93081924e-02  5.00180837e+00 
 1.94081924e-02  5.00181821e+00 
 1.95081924e-02  5.00182754e+00 
 1.96081924e-02  5.00183639e+00 
 1.97081924e-02  5.00184479e+00 
 1.98081924e-02  5.00185275e+00 
 1.99081924e-02  5.00186031e+00 
 2.00000000e-02  5.00186690e+00 
 2.00100000e-02  5.00162833e+00 
 2.00300000e-02  5.00116770e+00 
 2.00700000e-02  5.00114886e+00 
 2.01500000e-02  5.00148742e+00 
 2.02500000e-02  5.00154721e+00 
 2.03500000e-02  5.00155210e+00 
 2.04500000e-02  5.00157381e+00 
 2.05500000e-02  5.00159121e+00 
 2.06500000e-02  5.00160311e+00 
 2.07500000e-02  5.00161221e+00 
 2.08500000e-02  5.00161931e+00 
 2.09500000e-02  5.00162483e+00 
 2.10500000e-02  5.00162915e+00 
 2.11500000e-02  5.00163252e+00 
 2.12500000e-02  5.00163512e+00 
 2.13500000e-02  5.00163709e+00 
 2.14500000e-02  5.00163854e+00 
 2.15500000e-02  5.00163955e+00 
 2.16500000e-02  5.00164019e+00 
 2.17500000e-02  5.00164050e+00 
 2.18500000e-02  5.00164055e+00 
 2.19500000e-02  5.00164034e+00 
 2.20500000e-02  5.00163993e+00 
 2.21500000e-02  5.00163933e+00 
 2.22500000e-02  5.00163857e+00 
 2.23500000e-02  5.00163766e+00 
 2.24500000e-02  5.00163662e+00 
 2.25500000e-02  5.00163546e+00 
 2.26500000e-02  5.00163420e+00 
 2.27500000e-02  5.00163284e+00 
 2.28500000e-02  5.00163139e+00 
 2.29500000e-02  5.00162987e+00 
 2.30500000e-02  5.00162828e+00 
 2.31500000e-02  5.00162663e+00 
 2.32500000e-02  5.00162492e+00 
 2.33500000e-02  5.00162316e+00 
 2.34500000e-02  5.00162136e+00 
 2.35500000e-02  5.00161951e+00 
 2.36500000e-02  5.00161762e+00 
 2.37500000e-02  5.00161570e+00 
 2.38500000e-02  5.00161375e+00 
 2.39500000e-02  5.00161177e+00 
 2.40500000e-02  5.00160977e+00 
 2.41500000e-02  5.00160775e+00 
 2.42500000e-02  5.00160570e+00 
 2.43500000e-02  5.00160364e+00 
 2.44500000e-02  5.00160157e+00 
 2.45500000e-02  5.00159948e+00 
 2.46500000e-02  5.00159738e+00 
 2.47500000e-02  5.00159527e+00 
 2.48500000e-02  5.00159315e+00 
 2.49500000e-02  5.00159103e+00 
 2.50500000e-02  5.00158890e+00 
 2.51500000e-02  5.00158677e+00 
 2.52500000e-02  5.00158463e+00 
 2.53500000e-02  5.00158249e+00 
 2.54500000e-02  5.00158036e+00 
 2.55500000e-02  5.00157822e+00 
 2.56500000e-02  5.00157608e+00 
 2.57500000e-02  5.00157395e+00 
 2.58500000e-02  5.00157181e+00 
 2.59500000e-02  5.00156969e+00 
 2.60500000e-02  5.00156756e+00 
 2.61500000e-02  5.00156544e+00 
 2.62500000e-02  5.00156333e+00 
 2.63500000e-02  5.00156122e+00 
 2.64500000e-02  5.00155912e+00 
 2.65500000e-02  5.00155702e+00 
 2.66500000e-02  5.00155494e+00 
 2.67500000e-02  5.00155286e+00 
 2.68500000e-02  5.00155079e+00 
 2.69500000e-02  5.00154872e+00 
 2.70500000e-02  5.00154667e+00 
 2.71500000e-02  5.00154462e+00 
 2.72500000e-02  5.00154259e+00 
 2.73500000e-02  5.00154056e+00 
 2.74500000e-02  5.00153855e+00 
 2.75500000e-02  5.00153654e+00 
 2.76500000e-02  5.00153455e+00 
 2.77500000e-02  5.00153256e+00 
 2.78500000e-02  5.00153059e+00 
 2.79500000e-02  5.00152862e+00 
 2.80500000e-02  5.00152667e+00 
 2.81500000e-02  5.00152473e+00 
 2.82500000e-02  5.00152280e+00 
 2.83500000e-02  5.00152089e+00 
 2.84500000e-02  5.00151898e+00 
 2.85500000e-02  5.00151708e+00 
 2.86500000e-02  5.00151520e+00 
 2.87500000e-02  5.00151333e+00 
 2.88500000e-02  5.00151147e+00 
 2.89500000e-02  5.00150962e+00 
 2.90500000e-02  5.00150779e+00 
 2.91500000e-02  5.00150596e+00 
 2.92500000e-02  5.00150415e+00 
 2.93500000e-02  5.00150235e+00 
 2.94500000e-02  5.00150057e+00 
 2.95500000e-02  5.00149879e+00 
 2.96500000e-02  5.00149703e+00 
 2.97500000e-02  5.00149527e+00 
 2.98500000e-02  5.00149353e+00 
 2.99500000e-02  5.00149180e+00 
 3.00500000e-02  5.00148997e+00 
 3.01500000e-02  5.00146836e+00 
 3.02500000e-02  4.99331598e+00 
 3.03500000e-02  4.96966832e+00 
 3.04296373e-02  4.94203803e+00 
 3.04709389e-02  4.92484311e+00 
 3.05095087e-02  4.90730570e+00 
 3.05515275e-02  4.88684150e+00 
 3.06069473e-02  4.85799505e+00 
 3.07069473e-02  4.80122750e+00 
 3.08069473e-02  4.73873913e+00 
 3.09069473e-02  4.67079067e+00 
 3.10069473e-02  4.59767824e+00 
 3.11069473e-02  4.51977535e+00 
 3.12069473e-02  4.43750516e+00 
 3.13069473e-02  4.35128640e+00 
 3.14069473e-02  4.26149012e+00 
 3.15069473e-02  4.16840736e+00 
 3.16069473e-02  4.07227336e+00 
 3.17069473e-02  3.97325704e+00 
 3.18069473e-02  3.87148035e+00 
 3.19069473e-02  3.76703709e+00 
 3.20069473e-02  3.66000308e+00 
 3.21069473e-02  3.55043930e+00 
 3.22069473e-02  3.43839363e+00 
 3.23069473e-02  3.32390553e+00 
 3.24069473e-02  3.20701722e+00 
 3.25069473e-02  3.08778762e+00 
 3.26069473e-02  2.96629650e+00 
 3.27069473e-02  2.84264727e+00 
 3.28069473e-02  2.71697739e+00 
 3.29069473e-02  2.58947751e+00 
 3.30069473e-02  2.46041899e+00 
 3.31069473e-02  2.33018975e+00 
 3.32069473e-02  2.19933652e+00 
 3.33069473e-02  2.06860811e+00 
 3.34069473e-02  1.93898785e+00 
 3.35069473e-02  1.81169741e+00 
 3.36069473e-02  1.68815009e+00 
 3.37069473e-02  1.56983864e+00 
 3.38069473e-02  1.45816255e+00 
 3.39069473e-02  1.35423829e+00 
 3.40069473e-02  1.25871457e+00 
 3.41069473e-02  1.17171446e+00 
 3.42069473e-02  1.09287440e+00 
 3.43069473e-02  1.02147586e+00 
 3.44069473e-02  9.56615483e-01 
 3.45069473e-02  8.97359464e-01 
 3.46069473e-02  8.42849496e-01 
 3.47069473e-02  7.92349987e-01 
 3.48069473e-02  7.45271730e-01 
 3.49069473e-02  7.01140102e-01 
 3.50069473e-02  6.59576020e-01 
 3.51069473e-02  6.20274207e-01 
 3.52069473e-02  5.82984722e-01 
 3.53069473e-02  5.47499209e-01 
 3.54069473e-02  5.13641276e-01 
 3.55069473e-02  4.81259786e-01 
 3.56069473e-02  4.50224053e-01 
 3.57069473e-02  4.20420239e-01 
 3.58069473e-02  3.91748551e-01 
 3.59069473e-02  3.64121390e-01 
 3.60069473e-02  3.37460197e-01 
 3.61069473e-02  3.11695570e-01 
 3.62069473e-02  2.86765502e-01 
 3.63069473e-02  2.62614259e-01 
 3.64069473e-02  2.39191544e-01 
 3.65069473e-02  2.16451829e-01 
 3.66069473e-02  1.94353777e-01 
 3.67069473e-02  1.72859742e-01 
 3.68069473e-02  1.51935343e-01 
 3.69069473e-02  1.31548981e-01 
 3.70069473e-02  1.11672021e-01 
 3.71069473e-02  9.22776739e-02 
 3.72069473e-02  7.33413805e-02 
 3.73069473e-02  5.48403939e-02 
 3.74069473e-02  3.67538278e-02 
 3.75069473e-02  1.90621643e-02 
 3.76069473e-02  1.74724460e-03 
 3.77069473e-02 -1.52078352e-02 
 3.78069473e-02 -3.18188385e-02 
 3.79069473e-02 -4.81004942e-02 
 3.80069473e-02 -6.40665806e-02 
 3.81069473e-02 -7.97300009e-02 
 3.82069473e-02 -9.51028534e-02 
 3.83069473e-02 -1.10196495e-01 
 3.84069473e-02 -1.25021595e-01 
 3.85069473e-02 -1.39588190e-01 
 3.86069473e-02 -1.53905721e-01 
 3.87069473e-02 -1.67983073e-01 
 3.88069473e-02 -1.81828609e-01 
 3.89069473e-02 -1.95450201e-01 
 3.90069473e-02 -2.08855248e-01 
 3.91069473e-02 -2.22050703e-01 
 3.92069473e-02 -2.35043082e-01 
 3.93069473e-02 -2.47838484e-01 
 3.94069473e-02 -2.60442591e-01 
 3.95069473e-02 -2.72860676e-01 
 3.96069473e-02 -2.85097601e-01 
 3.97069473e-02 -2.97157811e-01 
 3.98069473e-02 -3.09045325e-01 
 3.99069473e-02 -3.20763721e-01 
 4.00069473e-02 -3.32316118e-01 
 4.01069473e-02 -3.43705157e-01 
 4.02069473e-02 -3.54932977e-01 
 4.03069473e-02 -3.66001197e-01 
 4.04069473e-02 -3.76910905e-01 
 4.05069473e-02 -3.87662653e-01 
 4.06069473e-02 -3.98256478e-01 
 4.07069473e-02 -4.08691945e-01 
 4.08069473e-02 -4.18968226e-01 
 4.09069473e-02 -4.29084208e-01 
 4.10069473e-02 -4.39038646e-01 
 4.11069473e-02 -4.48830338e-01 
 4.12069473e-02 -4.58458319e-01 
 4.13069473e-02 -4.67922048e-01 
 4.14069473e-02 -4.77221579e-01 
 4.15069473e-02 -4.86357684e-01 
 4.16069473e-02 -4.95331927e-01 
 4.17069473e-02 -5.04146684e-01 
 4.18069473e-02 -5.12805100e-01 
 4.19069473e-02 -5.21311014e-01 
 4.20069473e-02 -5.29668844e-01 
 4.21069473e-02 -5.37883460e-01 
 4.22069473e-02 -5.45960062e-01 
 4.23069473e-02 -5.53904048e-01 
 4.24069473e-02 -5.61720912e-01 
 4.25069473e-02 -5.69416152e-01 
 4.26069473e-02 -5.76995197e-01 
 4.27069473e-02 -5.84463348e-01 
 4.28069473e-02 -5.91825745e-01 
 4.29069473e-02 -5.99087336e-01 
 4.30069473e-02 -6.06252867e-01 
 4.31069473e-02 -6.13326871e-01 
 4.32069473e-02 -6.20313677e-01 
 4.33069473e-02 -6.27217410e-01 
 4.34069473e-02 -6.34042008e-01 
 4.35069473e-02 -6.40791233e-01 
 4.36069473e-02 -6.47468689e-01 
 4.37069473e-02 -6.54077839e-01 
 4.38069473e-02 -6.60622026e-01 
 4.39069473e-02 -6.67104492e-01 
 4.40069473e-02 -6.73528398e-01 
 4.41069473e-02 -6.79896848e-01 
 4.42069473e-02 -6.86212910e-01 
 4.43069473e-02 -6.92479636e-01 
 4.44069473e-02 -6.98700089e-01 
 4.45069473e-02 -7.04877352e-01 
 4.46069473e-02 -7.11014557e-01 
 4.47069473e-02 -7.17114884e-01 
 4.48069473e-02 -7.23181566e-01 
 4.49069473e-02 -7.29217872e-01 
 4.50069473e-02 -7.35227062e-01 
 4.51069473e-02 -7.41212314e-01 
 4.52069473e-02 -7.47176602e-01 
 4.53069473e-02 -7.53122525e-01 
 4.54069473e-02 -7.59052100e-01 
 4.55069473e-02 -7.64966525e-01 
 4.56069473e-02 -7.70865986e-01 
 4.57069473e-02 -7.76749554e-01 
 4.58069473e-02 -7.82615224e-01 
 4.59069473e-02 -7.88460121e-01 
 4.60069473e-02 -7.94280817e-01 
 4.61069473e-02 -8.00073671e-01 
 4.62069473e-02 -8.05835123e-01 
 4.63069473e-02 -8.11561876e-01 
 4.64069473e-02 -8.17250979e-01 
 4.65069473e-02 -8.22899825e-01 
 4.66069473e-02 -8.28506096e-01 
 4.67069473e-02 -8.34067698e-01 
 4.68069473e-02 -8.39582680e-01 
 4.69069473e-02 -8.45049180e-01 
 4.70069473e-02 -8.50465367e-01 
 4.71069473e-02 -8.55829410e-01 
 4.72069473e-02 -8.61139449e-01 
 4.73069473e-02 -8.66393587e-01 
 4.74069473e-02 -8.71589891e-01 
 4.75069473e-02 -8.76726395e-01 
 4.76069473e-02 -8.81801122e-01 
 4.77069473e-02 -8.86812102e-01 
 4.78069473e-02 -8.91757410e-01 
 4.79069473e-02 -8.96635193e-01 
 4.80069473e-02 -9.01443708e-01 
 4.81069473e-02 -9.06181363e-01 
 4.82069473e-02 -9.10846750e-01 
 4.83069473e-02 -9.15438682e-01 
 4.84069473e-02 -9.19956223e-01 
 4.85069473e-02 -9.24398708e-01 
 4.86069473e-02 -9.28765763e-01 
 4.87069473e-02 -9.33057312e-01 
 4.88069473e-02 -9.37273581e-01 
 4.89069473e-02 -9.41415087e-01 
 4.90069473e-02 -9.45482625e-01 
 4.91069473e-02 -9.49477252e-01 
 4.92069473e-02 -9.53400258e-01 
 4.93069473e-02 -9.57253140e-01 
 4.94069473e-02 -9.61037572e-01 
 4.95069473e-02 -9.64755377e-01 
 4.96069473e-02 -9.68408493e-01 
 4.97069473e-02 -9.71998946e-01 
 4.98069473e-02 -9.75528823e-01 
 4.99069473e-02 -9.79000249e-01 
 5.00069473e-02 -9.82415361e-01 
 5.01069473e-02 -9.85776296e-01 
 5.02069473e-02 -9.89085166e-01 
 5.03069473e-02 -9.92344053e-01 
 5.04069473e-02 -9.95554991e-01 
 5.05069473e-02 -9.98719962e-01 
 5.06069473e-02 -1.00184089e+00 
 5.07069473e-02 -1.00491962e+00 
 5.08069473e-02 -1.00795796e+00 
 5.09069473e-02 -1.01095761e+00 
 5.10069473e-02 -1.01392022e+00 
 5.11069473e-02 -1.01684736e+00 
 5.12069473e-02 -1.01974054e+00 
 5.13069473e-02 -1.02260119e+00 
 5.14069473e-02 -1.02543067e+00 
 5.15069473e-02 -1.02823028e+00 
 5.16069473e-02 -1.03100126e+00 
 5.17069473e-02 -1.03374478e+00 
 5.18069473e-02 -1.03646196e+00 
 5.19069473e-02 -1.03915385e+00 
 5.20069473e-02 -1.04182146e+00 
 5.21069473e-02 -1.04446574e+00 
 5.22069473e-02 -1.04708760e+00 
 5.23069473e-02 -1.04968790e+00 
 5.24069473e-02 -1.05226745e+00 
 5.25069473e-02 -1.05482703e+00 
 5.26069473e-02 -1.05736737e+00 
 5.27069473e-02 -1.05988918e+00 
 5.28069473e-02 -1.06239311e+00 
 5.29069473e-02 -1.06487980e+00 
 5.30069473e-02 -1.06734984e+00 
 5.31069473e-02 -1.06980382e+00 
 5.32069473e-02 -1.07224226e+00 
 5.33069473e-02 -1.07466569e+00 
 5.34069473e-02 -1.07707461e+00 
 5.35069473e-02 -1.07946947e+00 
 5.36069473e-02 -1.08185072e+00 
 5.37069473e-02 -1.08421880e+00 
 5.38069473e-02 -1.08657411e+00 
 5.39069473e-02 -1.08891703e+00 
 5.40069473e-02 -1.09124793e+00 
 5.41069473e-02 -1.09356718e+00 
 5.42069473e-02 -1.09587510e+00 
 5.43069473e-02 -1.09817202e+00 
 5.44069473e-02 -1.10045825e+00 
 5.45069473e-02 -1.10273409e+00 
 5.46069473e-02 -1.10499981e+00 
 5.47069473e-02 -1.10725569e+00 
 5.48069473e-02 -1.10950199e+00 
 5.49069473e-02 -1.11173895e+00 
 5.50069473e-02 -1.11396682e+00 
 5.51069473e-02 -1.11618583e+00 
 5.52069473e-02 -1.11839619e+00 
 5.53069473e-02 -1.12059811e+00 
 5.54069473e-02 -1.12279181e+00 
 5.55069473e-02 -1.12497747e+00 
 5.56069473e-02 -1.12715528e+00 
 5.57069473e-02 -1.12932542e+00 
 5.58069473e-02 -1.13148806e+00 
 5.59069473e-02 -1.13364338e+00 
 5.60069473e-02 -1.13579153e+00 
 5.61069473e-02 -1.13793267e+00 
 5.62069473e-02 -1.14006695e+00 
 5.63069473e-02 -1.14219450e+00 
 5.64069473e-02 -1.14431548e+00 
 5.65069473e-02 -1.14643001e+00 
 5.66069473e-02 -1.14853822e+00 
 5.67069473e-02 -1.15064024e+00 
 5.68069473e-02 -1.15273619e+00 
 5.69069473e-02 -1.15482618e+00 
 5.70069473e-02 -1.15691033e+00 
 5.71069473e-02 -1.15898875e+00 
 5.72069473e-02 -1.16106153e+00 
 5.73069473e-02 -1.16312880e+00 
 5.74069473e-02 -1.16519063e+00 
 5.75069473e-02 -1.16724713e+00 
 5.76069473e-02 -1.16929839e+00 
 5.77069473e-02 -1.17134450e+00 
 5.78069473e-02 -1.17338554e+00 
 5.79069473e-02 -1.17542160e+00 
 5.80069473e-02 -1.17745277e+00 
 5.81069473e-02 -1.17947911e+00 
 5.82069473e-02 -1.18150072e+00 
 5.83069473e-02 -1.18351765e+00 
 5.84069473e-02 -1.18552999e+00 
 5.85069473e-02 -1.18753780e+00 
 5.86069473e-02 -1.18954115e+00 
 5.87069473e-02 -1.19154011e+00 
 5.88069473e-02 -1.19353475e+00 
 5.89069473e-02 -1.19552511e+00 
 5.90069473e-02 -1.19751128e+00 
 5.91069473e-02 -1.19949330e+00 
 5.92069473e-02 -1.20147122e+00 
 5.93069473e-02 -1.20344512e+00 
 5.94069473e-02 -1.20541504e+00 
 5.95069473e-02 -1.20738103e+00 
 5.96069473e-02 -1.20934316e+00 
 5.97069473e-02 -1.21130145e+00 
 5.98069473e-02 -1.21325598e+00 
 5.99069473e-02 -1.21520677e+00 
 6.00069473e-02 -1.21715389e+00 
 6.01069473e-02 -1.21909737e+00 
 6.02069473e-02 -1.22103726e+00 
 6.03069473e-02 -1.22297360e+00 
 6.04069473e-02 -1.22490643e+00 
 6.05069473e-02 -1.22683580e+00 
 6.06069473e-02 -1.22876175e+00 
 6.07069473e-02 -1.23068431e+00 
 6.08069473e-02 -1.23260352e+00 
 6.09069473e-02 -1.23451941e+00 
 6.10069473e-02 -1.23643204e+00 
 6.11069473e-02 -1.23834142e+00 
 6.12069473e-02 -1.24024760e+00 
 6.13069473e-02 -1.24215061e+00 
 6.14069473e-02 -1.24405048e+00 
 6.15069473e-02 -1.24594724e+00 
 6.16069473e-02 -1.24784093e+00 
 6.17069473e-02 -1.24973157e+00 
 6.18069473e-02 -1.25161921e+00 
 6.19069473e-02 -1.25350385e+00 
 6.20069473e-02 -1.25538555e+00 
 6.21069473e-02 -1.25726431e+00 
 6.22069473e-02 -1.25914018e+00 
 6.23069473e-02 -1.26101317e+00 
 6.24069473e-02 -1.26288332e+00 
 6.25069473e-02 -1.26475065e+00 
 6.26069473e-02 -1.26661518e+00 
 6.27069473e-02 -1.26847695e+00 
 6.28069473e-02 -1.27033597e+00 
 6.29069473e-02 -1.27219227e+00 
 6.30069473e-02 -1.27404587e+00 
 6.31069473e-02 -1.27589679e+00 
 6.32069473e-02 -1.27774506e+00 
 6.33069473e-02 -1.27959070e+00 
 6.34069473e-02 -1.28143374e+00 
 6.35069473e-02 -1.28327418e+00 
 6.36069473e-02 -1.28511206e+00 
 6.37069473e-02 -1.28694739e+00 
 6.38069473e-02 -1.28878019e+00 
 6.39069473e-02 -1.29061049e+00 
 6.40069473e-02 -1.29243830e+00 
 6.41069473e-02 -1.29426364e+00 
 6.42069473e-02 -1.29608652e+00 
 6.43069473e-02 -1.29790698e+00 
 6.44069473e-02 -1.29972502e+00 
 6.45069473e-02 -1.30154066e+00 
 6.46069473e-02 -1.30335393e+00 
 6.47069473e-02 -1.30516483e+00 
 6.48069473e-02 -1.30697338e+00 
 6.49069473e-02 -1.30877960e+00 
 6.50069473e-02 -1.31058351e+00 
 6.51069473e-02 -1.31238512e+00 
 6.52069473e-02 -1.31418445e+00 
 6.53069473e-02 -1.31598151e+00 
 6.54069473e-02 -1.31777631e+00 
 6.55069473e-02 -1.31956888e+00 
 6.56069473e-02 -1.32135923e+00 
 6.57069473e-02 -1.32314736e+00 
 6.58069473e-02 -1.32493330e+00 
 6.59069473e-02 -1.32671706e+00 
 6.60069473e-02 -1.32849865e+00 
 6.61069473e-02 -1.33027808e+00 
 6.62069473e-02 -1.33205537e+00 
 6.63069473e-02 -1.33383053e+00 
 6.64069473e-02 -1.33560358e+00 
 6.65069473e-02 -1.33737452e+00 
 6.66069473e-02 -1.33914337e+00 
 6.67069473e-02 -1.34091014e+00 
 6.68069473e-02 -1.34267484e+00 
 6.69069473e-02 -1.34443748e+00 
 6.70069473e-02 -1.34619808e+00 
 6.71069473e-02 -1.34795665e+00 
 6.72069473e-02 -1.34971320e+00 
 6.73069473e-02 -1.35146773e+00 
 6.74069473e-02 -1.35322026e+00 
 6.75069473e-02 -1.35497081e+00 
 6.76069473e-02 -1.35671937e+00 
 6.77069473e-02 -1.35846597e+00 
 6.78069473e-02 -1.36021061e+00 
 6.79069473e-02 -1.36195329e+00 
 6.80069473e-02 -1.36369404e+00 
 6.81069473e-02 -1.36543287e+00 
 6.82069473e-02 -1.36716977e+00 
 6.83069473e-02 -1.36890476e+00 
 6.84069473e-02 -1.37063785e+00 
 6.85069473e-02 -1.37236905e+00 
 6.86069473e-02 -1.37409837e+00 
 6.87069473e-02 -1.37582582e+00 
 6.88069473e-02 -1.37755140e+00 
 6.89069473e-02 -1.37927513e+00 
 6.90069473e-02 -1.38099701e+00 
 6.91069473e-02 -1.38271705e+00 
 6.92069473e-02 -1.38443526e+00 
 6.93069473e-02 -1.38615165e+00 
 6.94069473e-02 -1.38786622e+00 
 6.95069473e-02 -1.38957900e+00 
 6.96069473e-02 -1.39128997e+00 
 6.97069473e-02 -1.39299915e+00 
 6.98069473e-02 -1.39470656e+00 
 6.99069473e-02 -1.39641218e+00 
 7.00069473e-02 -1.39811605e+00 
 7.01069473e-02 -1.39981815e+00 
 7.02069473e-02 -1.40151850e+00 
 7.03069473e-02 -1.40321711e+00 
 7.04069473e-02 -1.40491397e+00 
 7.05069473e-02 -1.40660911e+00 
 7.06069473e-02 -1.40830253e+00 
 7.07069473e-02 -1.40999423e+00 
 7.08069473e-02 -1.41168422e+00 
 7.09069473e-02 -1.41337250e+00 
 7.10069473e-02 -1.41505910e+00 
 7.11069473e-02 -1.41674400e+00 
 7.12069473e-02 -1.41842722e+00 
 7.13069473e-02 -1.42010876e+00 
 7.14069473e-02 -1.42178863e+00 
 7.15069473e-02 -1.42346684e+00 
 7.16069473e-02 -1.42514339e+00 
 7.17069473e-02 -1.42681829e+00 
 7.18069473e-02 -1.42849154e+00 
 7.19069473e-02 -1.43016316e+00 
 7.20069473e-02 -1.43183314e+00 
 7.21069473e-02 -1.43350149e+00 
 7.22069473e-02 -1.43516823e+00 
 7.23069473e-02 -1.43683334e+00 
 7.24069473e-02 -1.43849685e+00 
 7.25069473e-02 -1.44015875e+00 
 7.26069473e-02 -1.44181905e+00 
 7.27069473e-02 -1.44347776e+00 
 7.28069473e-02 -1.44513488e+00 
 7.29069473e-02 -1.44679041e+00 
 7.30069473e-02 -1.44844437e+00 
 7.31069473e-02 -1.45009676e+00 
 7.32069473e-02 -1.45174758e+00 
 7.33069473e-02 -1.45339683e+00 
 7.34069473e-02 -1.45504453e+00 
 7.35069473e-02 -1.45669068e+00 
 7.36069473e-02 -1.45833528e+00 
 7.37069473e-02 -1.45997834e+00 
 7.38069473e-02 -1.46161987e+00 
 7.39069473e-02 -1.46325986e+00 
 7.40069473e-02 -1.46489832e+00 
 7.41069473e-02 -1.46653526e+00 
 7.42069473e-02 -1.46817068e+00 
 7.43069473e-02 -1.46980459e+00 
 7.44069473e-02 -1.47143699e+00 
 7.45069473e-02 -1.47306788e+00 
 7.46069473e-02 -1.47469728e+00 
 7.47069473e-02 -1.47632518e+00 
 7.48069473e-02 -1.47795159e+00 
 7.49069473e-02 -1.47957651e+00 
 7.50069473e-02 -1.48119995e+00 
 7.51069473e-02 -1.48282191e+00 
 7.52069473e-02 -1.48444240e+00 
 7.53069473e-02 -1.48606142e+00 
 7.54069473e-02 -1.48767897e+00 
 7.55069473e-02 -1.48929506e+00 
 7.56069473e-02 -1.49090970e+00 
 7.57069473e-02 -1.49252288e+00 
 7.58069473e-02 -1.49413461e+00 
 7.59069473e-02 -1.49574490e+00 
 7.60069473e-02 -1.49735375e+00 
 7.61069473e-02 -1.49896116e+00 
 7.62069473e-02 -1.50056713e+00 
 7.63069473e-02 -1.50217168e+00 
 7.64069473e-02 -1.50377480e+00 
 7.65069473e-02 -1.50537650e+00 
 7.66069473e-02 -1.50697678e+00 
 7.67069473e-02 -1.50857564e+00 
 7.68069473e-02 -1.51017309e+00 
 7.69069473e-02 -1.51176914e+00 
 7.70069473e-02 -1.51336378e+00 
 7.71069473e-02 -1.51495703e+00 
 7.72069473e-02 -1.51654887e+00 
 7.73069473e-02 -1.51813932e+00 
 7.74069473e-02 -1.51972839e+00 
 7.75069473e-02 -1.52131606e+00 
 7.76069473e-02 -1.52290236e+00 
 7.77069473e-02 -1.52448727e+00 
 7.78069473e-02 -1.52607081e+00 
 7.79069473e-02 -1.52765297e+00 
 7.80069473e-02 -1.52923377e+00 
 7.81069473e-02 -1.53081320e+00 
 7.82069473e-02 -1.53239126e+00 
 7.83069473e-02 -1.53396797e+00 
 7.84069473e-02 -1.53554332e+00 
 7.85069473e-02 -1.53711732e+00 
 7.86069473e-02 -1.53868996e+00 
 7.87069473e-02 -1.54026126e+00 
 7.88069473e-02 -1.54183121e+00 
 7.89069473e-02 -1.54339983e+00 
 7.90069473e-02 -1.54496710e+00 
 7.91069473e-02 -1.54653304e+00 
 7.92069473e-02 -1.54809765e+00 
 7.93069473e-02 -1.54966093e+00 
 7.94069473e-02 -1.55122288e+00 
 7.95069473e-02 -1.55278351e+00 
 7.96069473e-02 -1.55434282e+00 
 7.97069473e-02 -1.55590081e+00 
 7.98069473e-02 -1.55745749e+00 
 7.99069473e-02 -1.55901285e+00 
 8.00069473e-02 -1.56056690e+00 
 8.01069473e-02 -1.56211965e+00 
 8.02069473e-02 -1.56367110e+00 
 8.03069473e-02 -1.56522124e+00 
 8.04069473e-02 -1.56677009e+00 
 8.05069473e-02 -1.56831764e+00 
 8.06069473e-02 -1.56986390e+00 
 8.07069473e-02 -1.57140887e+00 
 8.08069473e-02 -1.57295255e+00 
 8.09069473e-02 -1.57449494e+00 
 8.10069473e-02 -1.57603606e+00 
 8.11069473e-02 -1.57757589e+00 
 8.12069473e-02 -1.57911444e+00 
 8.13069473e-02 -1.58065173e+00 
 8.14069473e-02 -1.58218774e+00 
 8.15069473e-02 -1.58372248e+00 
 8.16069473e-02 -1.58525595e+00 
 8.17069473e-02 -1.58678816e+00 
 8.18069473e-02 -1.58831910e+00 
 8.19069473e-02 -1.58984879e+00 
 8.20069473e-02 -1.59137721e+00 
 8.21069473e-02 -1.59290439e+00 
 8.22069473e-02 -1.59443031e+00 
 8.23069473e-02 -1.59595498e+00 
 8.24069473e-02 -1.59747840e+00 
 8.25069473e-02 -1.59900057e+00 
 8.26069473e-02 -1.60052151e+00 
 8.27069473e-02 -1.60204120e+00 
 8.28069473e-02 -1.60355965e+00 
 8.29069473e-02 -1.60507686e+00 
 8.30069473e-02 -1.60659284e+00 
 8.31069473e-02 -1.60810759e+00 
 8.32069473e-02 -1.60962111e+00 
 8.33069473e-02 -1.61113340e+00 
 8.34069473e-02 -1.61264447e+00 
 8.35069473e-02 -1.61415431e+00 
 8.36069473e-02 -1.61566293e+00 
 8.37069473e-02 -1.61717033e+00 
 8.38069473e-02 -1.61867651e+00 
 8.39069473e-02 -1.62018148e+00 
 8.40069473e-02 -1.62168523e+00 
 8.41069473e-02 -1.62318778e+00 
 8.42069473e-02 -1.62468911e+00 
 8.43069473e-02 -1.62618924e+00 
 8.44069473e-02 -1.62768816e+00 
 8.45069473e-02 -1.62918588e+00 
 8.46069473e-02 -1.63068240e+00 
 8.47069473e-02 -1.63217772e+00 
 8.48069473e-02 -1.63367185e+00 
 8.49069473e-02 -1.63516477e+00 
 8.50069473e-02 -1.63665651e+00 
 8.51069473e-02 -1.63814705e+00 
 8.52069473e-02 -1.63963641e+00 
 8.53069473e-02 -1.64112457e+00 
 8.54069473e-02 -1.64261155e+00 
 8.55069473e-02 -1.64409735e+00 
 8.56069473e-02 -1.64558197e+00 
 8.57069473e-02 -1.64706540e+00 
 8.58069473e-02 -1.64854766e+00 
 8.59069473e-02 -1.65002874e+00 
 8.60069473e-02 -1.65150864e+00 
 8.61069473e-02 -1.65298738e+00 
 8.62069473e-02 -1.65446494e+00 
 8.63069473e-02 -1.65594133e+00 
 8.64069473e-02 -1.65741656e+00 
 8.65069473e-02 -1.65889061e+00 
 8.66069473e-02 -1.66036351e+00 
 8.67069473e-02 -1.66183524e+00 
 8.68069473e-02 -1.66330581e+00 
 8.69069473e-02 -1.66477522e+00 
 8.70069473e-02 -1.66624348e+00 
 8.71069473e-02 -1.66771058e+00 
 8.72069473e-02 -1.66917652e+00 
 8.73069473e-02 -1.67064131e+00 
 8.74069473e-02 -1.67210495e+00 
 8.75069473e-02 -1.67356745e+00 
 8.76069473e-02 -1.67502879e+00 
 8.77069473e-02 -1.67648899e+00 
 8.78069473e-02 -1.67794804e+00 
 8.79069473e-02 -1.67940595e+00 
 8.80069473e-02 -1.68086272e+00 
 8.81069473e-02 -1.68231835e+00 
 8.82069473e-02 -1.68377284e+00 
 8.83069473e-02 -1.68522619e+00 
 8.84069473e-02 -1.68667841e+00 
 8.85069473e-02 -1.68812949e+00 
 8.86069473e-02 -1.68957944e+00 
 8.87069473e-02 -1.69102826e+00 
 8.88069473e-02 -1.69247595e+00 
 8.89069473e-02 -1.69392251e+00 
 8.90069473e-02 -1.69536795e+00 
 8.91069473e-02 -1.69681226e+00 
 8.92069473e-02 -1.69825544e+00 
 8.93069473e-02 -1.69969750e+00 
 8.94069473e-02 -1.70113845e+00 
 8.95069473e-02 -1.70257827e+00 
 8.96069473e-02 -1.70401697e+00 
 8.97069473e-02 -1.70545456e+00 
 8.98069473e-02 -1.70689103e+00 
 8.99069473e-02 -1.70832638e+00 
 9.00069473e-02 -1.70976063e+00 
 9.01069473e-02 -1.71119376e+00 
 9.02069473e-02 -1.71262578e+00 
 9.03069473e-02 -1.71405669e+00 
 9.04069473e-02 -1.71548649e+00 
 9.05069473e-02 -1.71691519e+00 
 9.06069473e-02 -1.71834278e+00 
 9.07069473e-02 -1.71976927e+00 
 9.08069473e-02 -1.72119465e+00 
 9.09069473e-02 -1.72261893e+00 
 9.10069473e-02 -1.72404211e+00 
 9.11069473e-02 -1.72546419e+00 
 9.12069473e-02 -1.72688518e+00 
 9.13069473e-02 -1.72830506e+00 
 9.14069473e-02 -1.72972385e+00 
 9.15069473e-02 -1.73114155e+00 
 9.16069473e-02 -1.73255815e+00 
 9.17069473e-02 -1.73397365e+00 
 9.18069473e-02 -1.73538807e+00 
 9.19069473e-02 -1.73680140e+00 
 9.20069473e-02 -1.73821363e+00 
 9.21069473e-02 -1.73962478e+00 
 9.22069473e-02 -1.74103484e+00 
 9.23069473e-02 -1.74244382e+00 
 9.24069473e-02 -1.74385171e+00 
 9.25069473e-02 -1.74525851e+00 
 9.26069473e-02 -1.74666424e+00 
 9.27069473e-02 -1.74806888e+00 
 9.28069473e-02 -1.74947244e+00 
 9.29069473e-02 -1.75087492e+00 
 9.30069473e-02 -1.75227631e+00 
 9.31069473e-02 -1.75367664e+00 
 9.32069473e-02 -1.75507588e+00 
 9.33069473e-02 -1.75647405e+00 
 9.34069473e-02 -1.75787114e+00 
 9.35069473e-02 -1.75926716e+00 
 9.36069473e-02 -1.76066210e+00 
 9.37069473e-02 -1.76205598e+00 
 9.38069473e-02 -1.76344877e+00 
 9.39069473e-02 -1.76484050e+00 
 9.40069473e-02 -1.76623116e+00 
 9.41069473e-02 -1.76762075e+00 
 9.42069473e-02 -1.76900927e+00 
 9.43069473e-02 -1.77039672e+00 
 9.44069473e-02 -1.77178311e+00 
 9.45069473e-02 -1.77316843e+00 
 9.46069473e-02 -1.77455268e+00 
 9.47069473e-02 -1.77593587e+00 
 9.48069473e-02 -1.77731800e+00 
 9.49069473e-02 -1.77869906e+00 
 9.50069473e-02 -1.78007906e+00 
 9.51069473e-02 -1.78145800e+00 
 9.52069473e-02 -1.78283588e+00 
 9.53069473e-02 -1.78421270e+00 
 9.54069473e-02 -1.78558846e+00 
 9.55069473e-02 -1.78696316e+00 
 9.56069473e-02 -1.78833680e+00 
 9.57069473e-02 -1.78970938e+00 
 9.58069473e-02 -1.79108091e+00 
 9.59069473e-02 -1.79245138e+00 
 9.60069473e-02 -1.79382079e+00 
 9.61069473e-02 -1.79518915e+00 
 9.62069473e-02 -1.79655645e+00 
 9.63069473e-02 -1.79792270e+00 
 9.64069473e-02 -1.79928790e+00 
 9.65069473e-02 -1.80065204e+00 
 9.66069473e-02 -1.80201513e+00 
 9.67069473e-02 -1.80337717e+00 
 9.68069473e-02 -1.80473816e+00 
 9.69069473e-02 -1.80609810e+00 
 9.70069473e-02 -1.80745698e+00 
 9.71069473e-02 -1.80881482e+00 
 9.72069473e-02 -1.81017160e+00 
 9.73069473e-02 -1.81152734e+00 
 9.74069473e-02 -1.81288203e+00 
 9.75069473e-02 -1.81423567e+00 
 9.76069473e-02 -1.81558826e+00 
 9.77069473e-02 -1.81693980e+00 
 9.78069473e-02 -1.81829030e+00 
 9.79069473e-02 -1.81963975e+00 
 9.80069473e-02 -1.82098815e+00 
 9.81069473e-02 -1.82233551e+00 
 9.82069473e-02 -1.82368182e+00 
 9.83069473e-02 -1.82502708e+00 
 9.84069473e-02 -1.82637130e+00 
 9.85069473e-02 -1.82771447e+00 
 9.86069473e-02 -1.82905660e+00 
 9.87069473e-02 -1.83039769e+00 
 9.88069473e-02 -1.83173772e+00 
 9.89069473e-02 -1.83307672e+00 
 9.90069473e-02 -1.83441467e+00 
 9.91069473e-02 -1.83575157e+00 
 9.92069473e-02 -1.83708744e+00 
 9.93069473e-02 -1.83842225e+00 
 9.94069473e-02 -1.83975603e+00 
 9.95069473e-02 -1.84108876e+00 
 9.96069473e-02 -1.84242044e+00 
 9.97069473e-02 -1.84375109e+00 
 9.98069473e-02 -1.84508069e+00 
 9.99069473e-02 -1.84640924e+00 
 1.00006947e-01 -1.84773675e+00 
 1.00106947e-01 -1.84906322e+00 
 1.00206947e-01 -1.85038865e+00 
 1.00306947e-01 -1.85171303e+00 
 1.00406947e-01 -1.85303637e+00 
 1.00506947e-01 -1.85435866e+00 
 1.00606947e-01 -1.85567991e+00 
 1.00706947e-01 -1.85700011e+00 
 1.00806947e-01 -1.85831927e+00 
 1.00906947e-01 -1.85963739e+00 
 1.01006947e-01 -1.86095446e+00 
 1.01106947e-01 -1.86227049e+00 
 1.01206947e-01 -1.86358547e+00 
 1.01306947e-01 -1.86489941e+00 
 1.01406947e-01 -1.86621230e+00 
 1.01506947e-01 -1.86752415e+00 
 1.01606947e-01 -1.86883495e+00 
 1.01706947e-01 -1.87014470e+00 
 1.01806947e-01 -1.87145341e+00 
 1.01906947e-01 -1.87276107e+00 
 1.02006947e-01 -1.87406768e+00 
 1.02106947e-01 -1.87537324e+00 
 1.02206947e-01 -1.87667775e+00 
 1.02306947e-01 -1.87798122e+00 
 1.02406947e-01 -1.87928364e+00 
 1.02506947e-01 -1.88058500e+00 
 1.02606947e-01 -1.88188532e+00 
 1.02706947e-01 -1.88318459e+00 
 1.02806947e-01 -1.88448280e+00 
 1.02906947e-01 -1.88577996e+00 
 1.03006947e-01 -1.88707607e+00 
 1.03106947e-01 -1.88837112e+00 
 1.03206947e-01 -1.88966512e+00 
 1.03306947e-01 -1.89095807e+00 
 1.03406947e-01 -1.89224996e+00 
 1.03506947e-01 -1.89354079e+00 
 1.03606947e-01 -1.89483057e+00 
 1.03706947e-01 -1.89611929e+00 
 1.03806947e-01 -1.89740695e+00 
 1.03906947e-01 -1.89869355e+00 
 1.04006947e-01 -1.89997909e+00 
 1.04106947e-01 -1.90126356e+00 
 1.04206947e-01 -1.90254698e+00 
 1.04306947e-01 -1.90382933e+00 
 1.04406947e-01 -1.90511062e+00 
 1.04506947e-01 -1.90639084e+00 
 1.04606947e-01 -1.90766999e+00 
 1.04706947e-01 -1.90894808e+00 
 1.04806947e-01 -1.91022509e+00 
 1.04906947e-01 -1.91150104e+00 
 1.05006947e-01 -1.91277591e+00 
 1.05106947e-01 -1.91404971e+00 
 1.05206947e-01 -1.91532244e+00 
 1.05306947e-01 -1.91659409e+00 
 1.05406947e-01 -1.91786466e+00 
 1.05506947e-01 -1.91913416e+00 
 1.05606947e-01 -1.92040258e+00 
 1.05706947e-01 -1.92166991e+00 
 1.05806947e-01 -1.92293616e+00 
 1.05906947e-01 -1.92420133e+00 
 1.06006947e-01 -1.92546541e+00 
 1.06106947e-01 -1.92672840e+00 
 1.06206947e-01 -1.92799031e+00 
 1.06306947e-01 -1.92925112e+00 
 1.06406947e-01 -1.93051084e+00 
 1.06506947e-01 -1.93176947e+00 
 1.06606947e-01 -1.93302700e+00 
 1.06706947e-01 -1.93428343e+00 
 1.06806947e-01 -1.93553876e+00 
 1.06906947e-01 -1.93679299e+00 
 1.07006947e-01 -1.93804612e+00 
 1.07106947e-01 -1.93929814e+00 
 1.07206947e-01 -1.94054905e+00 
 1.07306947e-01 -1.94179886e+00 
 1.07406947e-01 -1.94304755e+00 
 1.07506947e-01 -1.94429513e+00 
 1.07606947e-01 -1.94554159e+00 
 1.07706947e-01 -1.94678693e+00 
 1.07806947e-01 -1.94803116e+00 
 1.07906947e-01 -1.94927426e+00 
 1.08006947e-01 -1.95051624e+00 
 1.08106947e-01 -1.95175709e+00 
 1.08206947e-01 -1.95299681e+00 
 1.08306947e-01 -1.95423540e+00 
 1.08406947e-01 -1.95547286e+00 
 1.08506947e-01 -1.95670918e+00 
 1.08606947e-01 -1.95794436e+00 
 1.08706947e-01 -1.95917841e+00 
 1.08806947e-01 -1.96041131e+00 
 1.08906947e-01 -1.96164306e+00 
 1.09006947e-01 -1.96287367e+00 
 1.09106947e-01 -1.96410313e+00 
 1.09206947e-01 -1.96533144e+00 
 1.09306947e-01 -1.96655859e+00 
 1.09406947e-01 -1.96778458e+00 
 1.09506947e-01 -1.96900941e+00 
 1.09606947e-01 -1.97023309e+00 
 1.09706947e-01 -1.97145559e+00 
 1.09806947e-01 -1.97267693e+00 
 1.09906947e-01 -1.97389710e+00 
 1.10006947e-01 -1.97511610e+00 
 1.10106947e-01 -1.97633392e+00 
 1.10206947e-01 -1.97755056e+00 
 1.10306947e-01 -1.97876602e+00 
 1.10406947e-01 -1.97998030e+00 
 1.10506947e-01 -1.98119340e+00 
 1.10606947e-01 -1.98240530e+00 
 1.10706947e-01 -1.98361602e+00 
 1.10806947e-01 -1.98482553e+00 
 1.10906947e-01 -1.98603386e+00 
 1.11006947e-01 -1.98724098e+00 
 1.11106947e-01 -1.98844690e+00 
 1.11206947e-01 -1.98965162e+00 
 1.11306947e-01 -1.99085513e+00 
 1.11406947e-01 -1.99205742e+00 
 1.11506947e-01 -1.99325851e+00 
 1.11606947e-01 -1.99445838e+00 
 1.11706947e-01 -1.99565702e+00 
 1.11806947e-01 -1.99685445e+00 
 1.11906947e-01 -1.99805065e+00 
 1.12006947e-01 -1.99924563e+00 
 1.12106947e-01 -2.00043937e+00 
 1.12206947e-01 -2.00163188e+00 
 1.12306947e-01 -2.00282315e+00 
 1.12406947e-01 -2.00401319e+00 
 1.12506947e-01 -2.00520198e+00 
 1.12606947e-01 -2.00638953e+00 
 1.12706947e-01 -2.00757583e+00 
 1.12806947e-01 -2.00876087e+00 
 1.12906947e-01 -2.00994467e+00 
 1.13006947e-01 -2.01112720e+00 
 1.13106947e-01 -2.01230848e+00 
 1.13206947e-01 -2.01348849e+00 
 1.13306947e-01 -2.01466724e+00 
 1.13406947e-01 -2.01584472e+00 
 1.13506947e-01 -2.01702093e+00 
 1.13606947e-01 -2.01819587e+00 
 1.13706947e-01 -2.01936952e+00 
 1.13806947e-01 -2.02054190e+00 
 1.13906947e-01 -2.02171299e+00 
 1.14006947e-01 -2.02288280e+00 
 1.14106947e-01 -2.02405132e+00 
 1.14206947e-01 -2.02521854e+00 
 1.14306947e-01 -2.02638448e+00 
 1.14406947e-01 -2.02754911e+00 
 1.14506947e-01 -2.02871244e+00 
 1.14606947e-01 -2.02987447e+00 
 1.14706947e-01 -2.03103520e+00 
 1.14806947e-01 -2.03219461e+00 
 1.14906947e-01 -2.03335271e+00 
 1.15006947e-01 -2.03450950e+00 
 1.15106947e-01 -2.03566497e+00 
 1.15206947e-01 -2.03681912e+00 
 1.15306947e-01 -2.03797195e+00 
 1.15406947e-01 -2.03912345e+00 
 1.15506947e-01 -2.04027362e+00 
 1.15606947e-01 -2.04142246e+00 
 1.15706947e-01 -2.04256997e+00 
 1.15806947e-01 -2.04371614e+00 
 1.15906947e-01 -2.04486097e+00 
 1.16006947e-01 -2.04600446e+00 
 1.16106947e-01 -2.04714660e+00 
 1.16206947e-01 -2.04828739e+00 
 1.16306947e-01 -2.04942684e+00 
 1.16406947e-01 -2.05056493e+00 
 1.16506947e-01 -2.05170167e+00 
 1.16606947e-01 -2.05283705e+00 
 1.16706947e-01 -2.05397107e+00 
 1.16806947e-01 -2.05510372e+00 
 1.16906947e-01 -2.05623501e+00 
 1.17006947e-01 -2.05736493e+00 
 1.17106947e-01 -2.05849348e+00 
 1.17206947e-01 -2.05962066e+00 
 1.17306947e-01 -2.06074647e+00 
 1.17406947e-01 -2.06187089e+00 
 1.17506947e-01 -2.06299394e+00 
 1.17606947e-01 -2.06411560e+00 
 1.17706947e-01 -2.06523588e+00 
 1.17806947e-01 -2.06635477e+00 
 1.17906947e-01 -2.06747227e+00 
 1.18006947e-01 -2.06858838e+00 
 1.18106947e-01 -2.06970309e+00 
 1.18206947e-01 -2.07081641e+00 
 1.18306947e-01 -2.07192834e+00 
 1.18406947e-01 -2.07303886e+00 
 1.18506947e-01 -2.07414797e+00 
 1.18606947e-01 -2.07525569e+00 
 1.18706947e-01 -2.07636200e+00 
 1.18806947e-01 -2.07746689e+00 
 1.18906947e-01 -2.07857038e+00 
 1.19006947e-01 -2.07967246e+00 
 1.19106947e-01 -2.08077312e+00 
 1.19206947e-01 -2.08187236e+00 
 1.19306947e-01 -2.08297019e+00 
 1.19406947e-01 -2.08406659e+00 
 1.19506947e-01 -2.08516157e+00 
 1.19606947e-01 -2.08625513e+00 
 1.19706947e-01 -2.08734727e+00 
 1.19806947e-01 -2.08843797e+00 
 1.19906947e-01 -2.08952725e+00 
 1.20000000e-01 -2.09053957e+00 
