 5.00000000e-09  6.04974172e-09 
 5.14019886e-09  6.16735961e-09 
 5.42059659e-09  6.39742727e-09 
 5.98139205e-09  6.85544447e-09 
 6.87692357e-09  7.58582396e-09 
 8.01050468e-09  8.50807950e-09 
 1.02776669e-08  1.03444802e-08 
 1.48119914e-08  1.39888442e-08 
 2.38806403e-08  2.12022336e-08 
 4.20179381e-08  3.54543320e-08 
 5.42109328e-08  4.49112794e-08 
 6.52574300e-08  5.33654867e-08 
 7.26904961e-08  5.89623543e-08 
 8.10345937e-08  6.51161653e-08 
 9.27526433e-08  7.33014073e-08 
 1.05423321e-07  8.16891672e-08 
 1.24351360e-07  9.36800557e-08 
 1.45595609e-07  1.06780635e-07 
 1.70935158e-07  1.22312783e-07 
 2.04586287e-07  1.42989141e-07 
 2.56266266e-07  1.74545587e-07 
 3.03922068e-07  2.02845520e-07 
 3.46824980e-07  2.26837252e-07 
 3.92070686e-07  2.51222267e-07 
 4.24235316e-07  2.68850987e-07 
 4.59304334e-07  2.88106896e-07 
 5.00000000e-07  3.10215482e-07 
 5.05233744e-07  3.13038442e-07 
 5.15701231e-07  3.18672105e-07 
 5.36636206e-07  3.29903142e-07 
 5.78506156e-07  3.52298362e-07 
 6.10437410e-07  3.69403752e-07 
 6.46496107e-07  3.88899821e-07 
 6.80914879e-07  4.07866534e-07 
 7.15626703e-07  4.27481543e-07 
 7.37356048e-07  4.39987932e-07 
 7.61436527e-07  4.53807556e-07 
 7.69573385e-07  4.58440679e-07 
 7.77991128e-07  4.63195339e-07 
 7.88514281e-07  4.69074353e-07 
 7.99270455e-07  4.75009115e-07 
 8.19993780e-07  4.86251102e-07 
 8.46261746e-07  5.00197813e-07 
 8.93812001e-07  5.24838363e-07 
 9.53858337e-07  5.55154929e-07 
 1.00000000e-06  5.78009273e-07 
 1.00660357e-06  5.81249201e-07 
 1.01981070e-06  5.87715951e-07 
 1.04622497e-06  6.00595619e-07 
 1.09905351e-06  6.26202121e-07 
 1.17254107e-06  6.61159697e-07 
 1.26242403e-06  7.04770970e-07 
 1.34490256e-06  7.53309112e-07 
 1.44222587e-06  8.39395464e-07 
 1.58290504e-06  1.05486421e-06 
 1.68889918e-06  1.33744580e-06 
 1.77320963e-06  1.82324343e-06 
 1.84220425e-06  2.91306133e-06 
 1.90533280e-06  5.48360364e-06 
 1.97466766e-06  1.24200421e-05 
 2.02253810e-06  2.15578938e-05 
 2.07125244e-06  3.68790469e-05 
 2.12684368e-06  6.56507195e-05 
 2.20716460e-06  1.40256528e-04 
 2.26730722e-06  2.29875464e-04 
 2.31067813e-06  3.10770233e-04 
 2.33987338e-06  3.70587287e-04 
 2.36702884e-06  4.25082863e-04 
 2.38526539e-06  4.57721597e-04 
 2.40493223e-06  4.87362832e-04 
 2.42624043e-06  5.14156268e-04 
 2.45604389e-06  5.47758283e-04 
 2.48821550e-06  5.84682451e-04 
 2.52638116e-06  6.36076211e-04 
 2.56712752e-06  7.08857611e-04 
 2.61149371e-06  8.17407678e-04 
 2.66141984e-06  9.76939686e-04 
 2.72121555e-06  1.21350549e-03 
 2.78504593e-06  1.51685811e-03 
 2.88391185e-06  2.09929534e-03 
 3.04757662e-06  3.42200551e-03 
 3.37490615e-06  7.74885948e-03 
 3.83064801e-06  1.83715813e-02 
 4.53501825e-06  4.74671974e-02 
 5.48897061e-06  1.14903763e-01 
 6.40388931e-06  2.25888165e-01 
 6.50985745e-06  2.41981051e-01 
 6.72179374e-06  2.75358859e-01 
 6.81795127e-06  2.90768552e-01 
 6.87052024e-06  2.98661355e-01 
 6.90742636e-06  3.03905015e-01 
 6.93269846e-06  3.07369510e-01 
 6.96260259e-06  3.11353337e-01 
 7.00754769e-06  3.17123691e-01 
 7.04805371e-06  3.22127856e-01 
 7.12906576e-06  3.31688284e-01 
 7.28731468e-06  3.49071599e-01 
 7.43865097e-06  3.64505389e-01 
 7.74132356e-06  3.93268972e-01 
 8.16560800e-06  4.30982715e-01 
 8.79688190e-06  4.84641950e-01 
 9.61697854e-06  5.53207698e-01 
 1.00000000e-05  5.85338124e-01 
 1.00601089e-05  5.90383619e-01 
 1.01803268e-05  6.00460557e-01 
 1.04207626e-05  6.20546814e-01 
 1.09016341e-05  6.60470865e-01 
 1.18633771e-05  7.39640334e-01 
 1.25568120e-05  7.96110471e-01 
 1.30774366e-05  8.34791587e-01 
 1.33354380e-05  8.52242382e-01 
 1.35487163e-05  8.65652415e-01 
 1.37589125e-05  8.77937004e-01 
 1.41422612e-05  8.97998292e-01 
 1.45791945e-05  9.17315086e-01 
 1.49961081e-05  9.32399851e-01 
 1.56892512e-05  9.50905352e-01 
 1.63273261e-05  9.61471813e-01 
 1.76034758e-05  9.70522895e-01 
 2.01557752e-05  9.77753679e-01 
 2.34168730e-05  9.81059943e-01 
 2.67284958e-05  9.82170214e-01 
 3.13275696e-05  9.82717745e-01 
 3.82519919e-05  9.82998386e-01 
 5.21008364e-05  9.83167580e-01 
 7.97985256e-05  9.83192308e-01 
 1.00000000e-04  9.83103085e-01 
 1.05539538e-04  9.83066215e-01 
 1.16618613e-04  9.82992479e-01 
 1.38776765e-04  9.82845023e-01 
 1.83093067e-04  9.82550177e-01 
 2.71725673e-04  9.81960753e-01 
 3.71725673e-04  9.81296158e-01 
 4.71725673e-04  1.02511778e+00 
 5.34110054e-04  1.16293613e+00 
 6.04931493e-04  1.30168335e+00 
 7.04931493e-04  1.47980262e+00 
 8.04931493e-04  1.65166390e+00 
 9.04931493e-04  1.81553253e+00 
 1.00493149e-03  1.97120348e+00 
 1.10493149e-03  2.11927587e+00 
 1.20493149e-03  2.26013025e+00 
 1.30493149e-03  2.39410317e+00 
 1.40493149e-03  2.52153155e+00 
 1.50493149e-03  2.64273830e+00 
 1.60493149e-03  2.75802232e+00 
 1.70493149e-03  2.86767425e+00 
 1.80493149e-03  2.97196983e+00 
 1.90493149e-03  3.07117046e+00 
 2.00493149e-03  3.16552488e+00 
 2.10493149e-03  3.25526973e+00 
 2.20493149e-03  3.34063008e+00 
 2.30493149e-03  3.42182000e+00 
 2.40493149e-03  3.49904314e+00 
 2.50493149e-03  3.57249329e+00 
 2.60493149e-03  3.64235475e+00 
 2.70493149e-03  3.70880283e+00 
 2.80493149e-03  3.77200422e+00 
 2.90493149e-03  3.83211751e+00 
 3.00493149e-03  3.88929352e+00 
 3.10493149e-03  3.94367524e+00 
 3.20493149e-03  3.99540003e+00 
 3.30493149e-03  4.04459744e+00 
 3.40493149e-03  4.09139075e+00 
 3.50493149e-03  4.13589744e+00 
 3.60493149e-03  4.17822925e+00 
 3.70493149e-03  4.21849242e+00 
 3.80493149e-03  4.25678802e+00 
 3.90493149e-03  4.29321241e+00 
 4.00493149e-03  4.32785721e+00 
 4.10493149e-03  4.36080771e+00 
 4.20493149e-03  4.39214835e+00 
 4.30493149e-03  4.42195766e+00 
 4.40493149e-03  4.45031015e+00 
 4.50493149e-03  4.47727701e+00 
 4.60493149e-03  4.50292598e+00 
 4.70493149e-03  4.52732147e+00 
 4.80493149e-03  4.55052471e+00 
 4.90493149e-03  4.57259396e+00 
 5.00493149e-03  4.59358464e+00 
 5.10493149e-03  4.61354945e+00 
 5.20493149e-03  4.63253852e+00 
 5.30493149e-03  4.65059953e+00 
 5.40493149e-03  4.66777784e+00 
 5.50493149e-03  4.68411658e+00 
 5.60493149e-03  4.69965677e+00 
 5.70493149e-03  4.71443745e+00 
 5.80493149e-03  4.72849573e+00 
 5.90493149e-03  4.74186691e+00 
 6.00493149e-03  4.75458458e+00 
 6.10493149e-03  4.76668066e+00 
 6.20493149e-03  4.77818554e+00 
 6.30493149e-03  4.78912812e+00 
 6.40493149e-03  4.79953586e+00 
 6.50493149e-03  4.80943492e+00 
 6.60493149e-03  4.81885015e+00 
 6.70493149e-03  4.82780519e+00 
 6.80493149e-03  4.83632255e+00 
 6.90493149e-03  4.84442360e+00 
 7.00493149e-03  4.85212871e+00 
 7.10493149e-03  4.85945721e+00 
 7.20493149e-03  4.86642752e+00 
 7.30493149e-03  4.87305714e+00 
 7.40493149e-03  4.87936272e+00 
 7.50493149e-03  4.88536010e+00 
 7.60493149e-03  4.89106435e+00 
 7.70493149e-03  4.89648979e+00 
 7.80493149e-03  4.90165005e+00 
 7.90493149e-03  4.90655809e+00 
 8.00493149e-03  4.91122624e+00 
 8.10493149e-03  4.91566622e+00 
 8.20493149e-03  4.91988919e+00 
 8.30493149e-03  4.92390575e+00 
 8.40493149e-03  4.92772598e+00 
 8.50493149e-03  4.93135950e+00 
 8.60493149e-03  4.93481542e+00 
 8.70493149e-03  4.93810242e+00 
 8.80493149e-03  4.94122876e+00 
 8.90493149e-03  4.94420229e+00 
 9.00493149e-03  4.94703048e+00 
 9.10493149e-03  4.94972044e+00 
 9.20493149e-03  4.95227892e+00 
 9.30493149e-03  4.95471234e+00 
 9.40493149e-03  4.95702683e+00 
 9.50493149e-03  4.95922819e+00 
 9.60493149e-03  4.96132195e+00 
 9.70493149e-03  4.96331338e+00 
 9.80493149e-03  4.96520747e+00 
 9.90493149e-03  4.96700898e+00 
 1.00049315e-02  4.96872243e+00 
 1.01049315e-02  4.97035214e+00 
 1.02049315e-02  4.97190219e+00 
 1.03049315e-02  4.97337648e+00 
 1.04049315e-02  4.97477871e+00 
 1.05049315e-02  4.97611240e+00 
 1.06049315e-02  4.97738090e+00 
 1.07049315e-02  4.97858741e+00 
 1.08049315e-02  4.97973494e+00 
 1.09049315e-02  4.98082638e+00 
 1.10049315e-02  4.98186448e+00 
 1.11049315e-02  4.98285183e+00 
 1.12049315e-02  4.98379093e+00 
 1.13049315e-02  4.98468412e+00 
 1.14049315e-02  4.98553366e+00 
 1.15049315e-02  4.98634168e+00 
 1.16049315e-02  4.98711020e+00 
 1.17049315e-02  4.98784116e+00 
 1.18049315e-02  4.98853639e+00 
 1.19049315e-02  4.98919764e+00 
 1.20049315e-02  4.98982657e+00 
 1.21049315e-02  4.99042476e+00 
 1.22049315e-02  4.99099371e+00 
 1.23049315e-02  4.99153485e+00 
 1.24049315e-02  4.99204954e+00 
 1.25049315e-02  4.99253908e+00 
 1.26049315e-02  4.99300469e+00 
 1.27049315e-02  4.99344754e+00 
 1.28049315e-02  4.99386874e+00 
 1.29049315e-02  4.99426936e+00 
 1.30049315e-02  4.99465040e+00 
 1.31049315e-02  4.99501281e+00 
 1.32049315e-02  4.99535751e+00 
 1.33049315e-02  4.99568536e+00 
 1.34049315e-02  4.99599718e+00 
 1.35049315e-02  4.99629377e+00 
 1.36049315e-02  4.99657586e+00 
 1.37049315e-02  4.99684416e+00 
 1.38049315e-02  4.99709934e+00 
 1.39049315e-02  4.99734206e+00 
 1.40049315e-02  4.99757291e+00 
 1.41049315e-02  4.99779248e+00 
 1.42049315e-02  4.99800131e+00 
 1.43049315e-02  4.99819994e+00 
 1.44049315e-02  4.99838886e+00 
 1.45049315e-02  4.99856854e+00 
 1.46049315e-02  4.99873945e+00 
 1.47049315e-02  4.99890200e+00 
 1.48049315e-02  4.99905660e+00 
 1.49049315e-02  4.99920365e+00 
 1.50049315e-02  4.99934351e+00 
 1.51049315e-02  4.99947654e+00 
 1.52049315e-02  4.99960306e+00 
 1.53049315e-02  4.99972340e+00 
 1.54049315e-02  4.99983785e+00 
 1.55049315e-02  4.99994672e+00 
 1.56049315e-02  5.00005026e+00 
 1.57049315e-02  5.00014874e+00 
 1.58049315e-02  5.00024241e+00 
 1.59049315e-02  5.00033150e+00 
 1.60049315e-02  5.00041623e+00 
 1.61049315e-02  5.00049682e+00 
 1.62049315e-02  5.00057348e+00 
 1.63049315e-02  5.00064638e+00 
 1.64049315e-02  5.00071573e+00 
 1.65049315e-02  5.00078168e+00 
 1.66049315e-02  5.00084441e+00 
 1.67049315e-02  5.00090408e+00 
 1.68049315e-02  5.00096083e+00 
 1.69049315e-02  5.00101480e+00 
 1.70049315e-02  5.00106614e+00 
 1.71049315e-02  5.00111496e+00 
 1.72049315e-02  5.00116140e+00 
 1.73049315e-02  5.00120557e+00 
 1.74049315e-02  5.00124759e+00 
 1.75049315e-02  5.00128755e+00 
 1.76049315e-02  5.00132555e+00 
 1.77049315e-02  5.00136170e+00 
 1.78049315e-02  5.00139608e+00 
 1.79049315e-02  5.00142878e+00 
 1.80049315e-02  5.00145988e+00 
 1.81049315e-02  5.00148946e+00 
 1.82049315e-02  5.00151760e+00 
 1.83049315e-02  5.00154436e+00 
 1.84049315e-02  5.00156981e+00 
 1.85049315e-02  5.00159402e+00 
 1.86049315e-02  5.00161705e+00 
 1.87049315e-02  5.00163895e+00 
 1.88049315e-02  5.00165978e+00 
 1.89049315e-02  5.00167959e+00 
 1.90049315e-02  5.00169843e+00 
 1.91049315e-02  5.00171635e+00 
 1.92049315e-02  5.00173340e+00 
 1.93049315e-02  5.00174961e+00 
 1.94049315e-02  5.00176503e+00 
 1.95049315e-02  5.00177970e+00 
 1.96049315e-02  5.00179365e+00 
 1.97049315e-02  5.00180692e+00 
 1.98049315e-02  5.00181954e+00 
 1.99049315e-02  5.00183154e+00 
 2.00000000e-02  5.00184241e+00 
 2.00100000e-02  5.00141130e+00 
 2.00300000e-02  4.99991793e+00 
 2.00700000e-02  4.99867979e+00 
 2.01500000e-02  5.00143268e+00 
 2.02500000e-02  5.00167359e+00 
 2.03500000e-02  5.00134999e+00 
 2.04500000e-02  5.00140275e+00 
 2.05500000e-02  5.00145097e+00 
 2.06500000e-02  5.00146815e+00 
 2.07500000e-02  5.00148337e+00 
 2.08500000e-02  5.00149652e+00 
 2.09500000e-02  5.00150695e+00 
 2.10500000e-02  5.00151549e+00 
 2.11500000e-02  5.00152263e+00 
 2.12500000e-02  5.00152865e+00 
 2.13500000e-02  5.00153376e+00 
 2.14500000e-02  5.00153814e+00 
 2.15500000e-02  5.00154189e+00 
 2.16500000e-02  5.00154512e+00 
 2.17500000e-02  5.00154789e+00 
 2.18500000e-02  5.00155027e+00 
 2.19500000e-02  5.00155230e+00 
 2.20500000e-02  5.00155402e+00 
 2.21500000e-02  5.00155547e+00 
 2.22500000e-02  5.00155667e+00 
 2.23500000e-02  5.00155765e+00 
 2.24500000e-02  5.00155842e+00 
 2.25500000e-02  5.00155901e+00 
 2.26500000e-02  5.00155942e+00 
 2.27500000e-02  5.00155968e+00 
 2.28500000e-02  5.00155979e+00 
 2.29500000e-02  5.00155977e+00 
 2.30500000e-02  5.00155963e+00 
 2.31500000e-02  5.00155937e+00 
 2.32500000e-02  5.00155901e+00 
 2.33500000e-02  5.00155855e+00 
 2.34500000e-02  5.00155799e+00 
 2.35500000e-02  5.00155735e+00 
 2.36500000e-02  5.00155664e+00 
 2.37500000e-02  5.00155584e+00 
 2.38500000e-02  5.00155498e+00 
 2.39500000e-02  5.00155406e+00 
 2.40500000e-02  5.00155308e+00 
 2.41500000e-02  5.00155204e+00 
 2.42500000e-02  5.00155095e+00 
 2.43500000e-02  5.00154982e+00 
 2.44500000e-02  5.00154864e+00 
 2.45500000e-02  5.00154742e+00 
 2.46500000e-02  5.00154616e+00 
 2.47500000e-02  5.00154487e+00 
 2.48500000e-02  5.00154355e+00 
 2.49500000e-02  5.00154220e+00 
 2.50500000e-02  5.00154082e+00 
 2.51500000e-02  5.00153942e+00 
 2.52500000e-02  5.00153799e+00 
 2.53500000e-02  5.00153655e+00 
 2.54500000e-02  5.00153509e+00 
 2.55500000e-02  5.00153361e+00 
 2.56500000e-02  5.00153212e+00 
 2.57500000e-02  5.00153061e+00 
 2.58500000e-02  5.00152910e+00 
 2.59500000e-02  5.00152757e+00 
 2.60500000e-02  5.00152603e+00 
 2.61500000e-02  5.00152449e+00 
 2.62500000e-02  5.00152294e+00 
 2.63500000e-02  5.00152139e+00 
 2.64500000e-02  5.00151983e+00 
 2.65500000e-02  5.00151827e+00 
 2.66500000e-02  5.00151670e+00 
 2.67500000e-02  5.00151514e+00 
 2.68500000e-02  5.00151357e+00 
 2.69500000e-02  5.00151201e+00 
 2.70500000e-02  5.00151045e+00 
 2.71500000e-02  5.00150889e+00 
 2.72500000e-02  5.00150733e+00 
 2.73500000e-02  5.00150577e+00 
 2.74500000e-02  5.00150422e+00 
 2.75500000e-02  5.00150268e+00 
 2.76500000e-02  5.00150113e+00 
 2.77500000e-02  5.00149960e+00 
 2.78500000e-02  5.00149807e+00 
 2.79500000e-02  5.00149654e+00 
 2.80500000e-02  5.00149502e+00 
 2.81500000e-02  5.00149351e+00 
 2.82500000e-02  5.00149201e+00 
 2.83500000e-02  5.00149051e+00 
 2.84500000e-02  5.00148902e+00 
 2.85500000e-02  5.00148754e+00 
 2.86500000e-02  5.00148607e+00 
 2.87500000e-02  5.00148461e+00 
 2.88500000e-02  5.00148315e+00 
 2.89500000e-02  5.00148171e+00 
 2.90500000e-02  5.00148027e+00 
 2.91500000e-02  5.00147884e+00 
 2.92500000e-02  5.00147743e+00 
 2.93500000e-02  5.00147602e+00 
 2.94500000e-02  5.00147462e+00 
 2.95500000e-02  5.00147323e+00 
 2.96500000e-02  5.00147185e+00 
 2.97500000e-02  5.00147048e+00 
 2.98500000e-02  5.00146913e+00 
 2.99500000e-02  5.00146778e+00 
 3.00500000e-02  5.00146644e+00 
 3.01500000e-02  5.00146511e+00 
 3.02500000e-02  5.00146380e+00 
 3.03500000e-02  5.00146249e+00 
 3.04500000e-02  5.00146119e+00 
 3.05500000e-02  5.00145991e+00 
 3.06500000e-02  5.00145863e+00 
 3.07500000e-02  5.00145737e+00 
 3.08500000e-02  5.00145611e+00 
 3.09500000e-02  5.00145487e+00 
 3.10500000e-02  5.00145364e+00 
 3.11500000e-02  5.00145241e+00 
 3.12500000e-02  5.00145120e+00 
 3.13500000e-02  5.00145000e+00 
 3.14500000e-02  5.00144881e+00 
 3.15500000e-02  5.00144763e+00 
 3.16500000e-02  5.00144646e+00 
 3.17500000e-02  5.00144530e+00 
 3.18500000e-02  5.00144415e+00 
 3.19500000e-02  5.00144301e+00 
 3.20500000e-02  5.00144186e+00 
 3.21500000e-02  5.00143658e+00 
 3.22500000e-02  4.99276294e+00 
 3.23500000e-02  4.96586302e+00 
 3.24160139e-02  4.93987440e+00 
 3.24453793e-02  4.92626827e+00 
 3.24737318e-02  4.91208315e+00 
 3.24988001e-02  4.89880439e+00 
 3.25251645e-02  4.88420562e+00 
 3.25778932e-02  4.85345798e+00 
 3.26778932e-02  4.79091462e+00 
 3.27778932e-02  4.72411314e+00 
 3.28778932e-02  4.65394132e+00 
 3.29778932e-02  4.58089209e+00 
 3.30778932e-02  4.50519905e+00 
 3.31778932e-02  4.42695267e+00 
 3.32778932e-02  4.34617190e+00 
 3.33778932e-02  4.26283590e+00 
 3.34778932e-02  4.17692856e+00 
 3.35778932e-02  4.08842608e+00 
 3.36778932e-02  3.99730622e+00 
 3.37778932e-02  3.90355150e+00 
 3.38778932e-02  3.80715004e+00 
 3.39778932e-02  3.70809327e+00 
 3.40778932e-02  3.60637248e+00 
 3.41778932e-02  3.50197764e+00 
 3.42778932e-02  3.39489944e+00 
 3.43778932e-02  3.28513565e+00 
 3.44778932e-02  3.17269514e+00 
 3.45778932e-02  3.05759635e+00 
 3.46778932e-02  2.93986627e+00 
 3.47778932e-02  2.81954364e+00 
 3.48778932e-02  2.69668647e+00 
 3.49778932e-02  2.57138445e+00 
 3.50778932e-02  2.44377781e+00 
 3.51778932e-02  2.31408428e+00 
 3.52778932e-02  2.18263632e+00 
 3.53778932e-02  2.04992797e+00 
 3.54778932e-02  1.91666803e+00 
 3.55778932e-02  1.78382880e+00 
 3.56778932e-02  1.65267119e+00 
 3.57778932e-02  1.52471906e+00 
 3.58778932e-02  1.40165905e+00 
 3.59778932e-02  1.28515183e+00 
 3.60778932e-02  1.17659603e+00 
 3.61778932e-02  1.07690600e+00 
 3.62778932e-02  9.86385187e-01 
 3.63778932e-02  9.04740315e-01 
 3.64778932e-02  8.31207937e-01 
 3.65778932e-02  7.64815255e-01 
 3.66778932e-02  7.04479367e-01 
 3.67778932e-02  6.49228018e-01 
 3.68778932e-02  5.98229076e-01 
 3.69778932e-02  5.50811048e-01 
 3.70778932e-02  5.06447170e-01 
 3.71778932e-02  4.64725764e-01 
 3.72778932e-02  4.25322426e-01 
 3.73778932e-02  3.87970943e-01 
 3.74778932e-02  3.52453286e-01 
 3.75778932e-02  3.18586389e-01 
 3.76778932e-02  2.86214021e-01 
 3.77778932e-02  2.55201468e-01 
 3.78778932e-02  2.25431695e-01 
 3.79778932e-02  1.96802394e-01 
 3.80778932e-02  1.69223607e-01 
 3.81778932e-02  1.42615466e-01 
 3.82778932e-02  1.16907822e-01 
 3.83778932e-02  9.20375405e-02 
 3.84778932e-02  6.79479429e-02 
 3.85778932e-02  4.45880445e-02 
 3.86778932e-02  2.19118107e-02 
 3.87778932e-02 -1.22485496e-04 
 3.88778932e-02 -2.15528034e-02 
 3.89778932e-02 -4.24137799e-02 
 3.90778932e-02 -6.27371016e-02 
 3.91778932e-02 -8.25518231e-02 
 3.92778932e-02 -1.01884648e-01 
 3.93778932e-02 -1.20760174e-01 
 3.94778932e-02 -1.39201107e-01 
 3.95778932e-02 -1.57228445e-01 
 3.96778932e-02 -1.74861637e-01 
 3.97778932e-02 -1.92118719e-01 
 3.98778932e-02 -2.09016440e-01 
 3.99778932e-02 -2.25570361e-01 
 4.00778932e-02 -2.41794949e-01 
 4.01778932e-02 -2.57703654e-01 
 4.02778932e-02 -2.73308976e-01 
 4.03778932e-02 -2.88622518e-01 
 4.04778932e-02 -3.03655033e-01 
 4.05778932e-02 -3.18416457e-01 
 4.06778932e-02 -3.32915933e-01 
 4.07778932e-02 -3.47161831e-01 
 4.08778932e-02 -3.61161746e-01 
 4.09778932e-02 -3.74922499e-01 
 4.10778932e-02 -3.88450124e-01 
 4.11778932e-02 -4.01749842e-01 
 4.12778932e-02 -4.14826043e-01 
 4.13778932e-02 -4.27682257e-01 
 4.14778932e-02 -4.40321142e-01 
 4.15778932e-02 -4.52744481e-01 
 4.16778932e-02 -4.64953216e-01 
 4.17778932e-02 -4.76947527e-01 
 4.18778932e-02 -4.88726956e-01 
 4.19778932e-02 -5.00290604e-01 
 4.20778932e-02 -5.11637370e-01 
 4.21778932e-02 -5.22766248e-01 
 4.22778932e-02 -5.33676623e-01 
 4.23778932e-02 -5.44368560e-01 
 4.24778932e-02 -5.54843044e-01 
 4.25778932e-02 -5.65102140e-01 
 4.26778932e-02 -5.75149068e-01 
 4.27778932e-02 -5.84988188e-01 
 4.28778932e-02 -5.94624914e-01 
 4.29778932e-02 -6.04065569e-01 
 4.30778932e-02 -6.13317214e-01 
 4.31778932e-02 -6.22387464e-01 
 4.32778932e-02 -6.31284322e-01 
 4.33778932e-02 -6.40016020e-01 
 4.34778932e-02 -6.48590904e-01 
 4.35778932e-02 -6.57017336e-01 
 4.36778932e-02 -6.65303638e-01 
 4.37778932e-02 -6.73458057e-01 
 4.38778932e-02 -6.81488761e-01 
 4.39778932e-02 -6.89403854e-01 
 4.40778932e-02 -6.97211419e-01 
 4.41778932e-02 -7.04919565e-01 
 4.42778932e-02 -7.12536495e-01 
 4.43778932e-02 -7.20070570e-01 
 4.44778932e-02 -7.27530361e-01 
 4.45778932e-02 -7.34924655e-01 
 4.46778932e-02 -7.42262390e-01 
 4.47778932e-02 -7.49552442e-01 
 4.48778932e-02 -7.56803225e-01 
 4.49778932e-02 -7.64022070e-01 
 4.50778932e-02 -7.71214430e-01 
 4.51778932e-02 -7.78383128e-01 
 4.52778932e-02 -7.85527917e-01 
 4.53778932e-02 -7.92645592e-01 
 4.54778932e-02 -7.99730655e-01 
 4.55778932e-02 -8.06776266e-01 
 4.56778932e-02 -8.13775140e-01 
 4.57778932e-02 -8.20720177e-01 
 4.58778932e-02 -8.27604760e-01 
 4.59778932e-02 -8.34422826e-01 
 4.60778932e-02 -8.41168791e-01 
 4.61778932e-02 -8.47837434e-01 
 4.62778932e-02 -8.54423777e-01 
 4.63778932e-02 -8.60923000e-01 
 4.64778932e-02 -8.67330386e-01 
 4.65778932e-02 -8.73641315e-01 
 4.66778932e-02 -8.79851284e-01 
 4.67778932e-02 -8.85955965e-01 
 4.68778932e-02 -8.91951282e-01 
 4.69778932e-02 -8.97833511e-01 
 4.70778932e-02 -9.03599378e-01 
 4.71778932e-02 -9.09246163e-01 
 4.72778932e-02 -9.14771788e-01 
 4.73778932e-02 -9.20174883e-01 
 4.74778932e-02 -9.25454835e-01 
 4.75778932e-02 -9.30611798e-01 
 4.76778932e-02 -9.35646678e-01 
 4.77778932e-02 -9.40561097e-01 
 4.78778932e-02 -9.45357322e-01 
 4.79778932e-02 -9.50038190e-01 
 4.80778932e-02 -9.54607011e-01 
 4.81778932e-02 -9.59067480e-01 
 4.82778932e-02 -9.63423576e-01 
 4.83778932e-02 -9.67679479e-01 
 4.84778932e-02 -9.71839485e-01 
 4.85778932e-02 -9.75907938e-01 
 4.86778932e-02 -9.79889169e-01 
 4.87778932e-02 -9.83787448e-01 
 4.88778932e-02 -9.87606943e-01 
 4.89778932e-02 -9.91351694e-01 
 4.90778932e-02 -9.95025588e-01 
 4.91778932e-02 -9.98632346e-01 
 4.92778932e-02 -1.00217551e+00 
 4.93778932e-02 -1.00565846e+00 
 4.94778932e-02 -1.00908437e+00 
 4.95778932e-02 -1.01245624e+00 
 4.96778932e-02 -1.01577693e+00 
 4.97778932e-02 -1.01904908e+00 
 4.98778932e-02 -1.02227522e+00 
 4.99778932e-02 -1.02545768e+00 
 5.00778932e-02 -1.02859868e+00 
 5.01778932e-02 -1.03170029e+00 
 5.02778932e-02 -1.03476445e+00 
 5.03778932e-02 -1.03779298e+00 
 5.04778932e-02 -1.04078757e+00 
 5.05778932e-02 -1.04374985e+00 
 5.06778932e-02 -1.04668129e+00 
 5.07778932e-02 -1.04958331e+00 
 5.08778932e-02 -1.05245724e+00 
 5.09778932e-02 -1.05530431e+00 
 5.10778932e-02 -1.05812569e+00 
 5.11778932e-02 -1.06092247e+00 
 5.12778932e-02 -1.06369570e+00 
 5.13778932e-02 -1.06644633e+00 
 5.14778932e-02 -1.06917528e+00 
 5.15778932e-02 -1.07188342e+00 
 5.16778932e-02 -1.07457156e+00 
 5.17778932e-02 -1.07724046e+00 
 5.18778932e-02 -1.07989086e+00 
 5.19778932e-02 -1.08252343e+00 
 5.20778932e-02 -1.08513882e+00 
 5.21778932e-02 -1.08773765e+00 
 5.22778932e-02 -1.09032051e+00 
 5.23778932e-02 -1.09288793e+00 
 5.24778932e-02 -1.09544044e+00 
 5.25778932e-02 -1.09797854e+00 
 5.26778932e-02 -1.10050270e+00 
 5.27778932e-02 -1.10301336e+00 
 5.28778932e-02 -1.10551096e+00 
 5.29778932e-02 -1.10799589e+00 
 5.30778932e-02 -1.11046854e+00 
 5.31778932e-02 -1.11292928e+00 
 5.32778932e-02 -1.11537846e+00 
 5.33778932e-02 -1.11781640e+00 
 5.34778932e-02 -1.12024344e+00 
 5.35778932e-02 -1.12265988e+00 
 5.36778932e-02 -1.12506600e+00 
 5.37778932e-02 -1.12746208e+00 
 5.38778932e-02 -1.12984840e+00 
 5.39778932e-02 -1.13222520e+00 
 5.40778932e-02 -1.13459272e+00 
 5.41778932e-02 -1.13695121e+00 
 5.42778932e-02 -1.13930089e+00 
 5.43778932e-02 -1.14164196e+00 
 5.44778932e-02 -1.14397464e+00 
 5.45778932e-02 -1.14629913e+00 
 5.46778932e-02 -1.14861561e+00 
 5.47778932e-02 -1.15092426e+00 
 5.48778932e-02 -1.15322527e+00 
 5.49778932e-02 -1.15551880e+00 
 5.50778932e-02 -1.15780502e+00 
 5.51778932e-02 -1.16008407e+00 
 5.52778932e-02 -1.16235612e+00 
 5.53778932e-02 -1.16462130e+00 
 5.54778932e-02 -1.16687976e+00 
 5.55778932e-02 -1.16913163e+00 
 5.56778932e-02 -1.17137704e+00 
 5.57778932e-02 -1.17361612e+00 
 5.58778932e-02 -1.17584898e+00 
 5.59778932e-02 -1.17807575e+00 
 5.60778932e-02 -1.18029654e+00 
 5.61778932e-02 -1.18251146e+00 
 5.62778932e-02 -1.18472061e+00 
 5.63778932e-02 -1.18692410e+00 
 5.64778932e-02 -1.18912202e+00 
 5.65778932e-02 -1.19131447e+00 
 5.66778932e-02 -1.19350155e+00 
 5.67778932e-02 -1.19568334e+00 
 5.68778932e-02 -1.19785993e+00 
 5.69778932e-02 -1.20003140e+00 
 5.70778932e-02 -1.20219784e+00 
 5.71778932e-02 -1.20435933e+00 
 5.72778932e-02 -1.20651594e+00 
 5.73778932e-02 -1.20866775e+00 
 5.74778932e-02 -1.21081482e+00 
 5.75778932e-02 -1.21295724e+00 
 5.76778932e-02 -1.21509506e+00 
 5.77778932e-02 -1.21722836e+00 
 5.78778932e-02 -1.21935719e+00 
 5.79778932e-02 -1.22148163e+00 
 5.80778932e-02 -1.22360173e+00 
 5.81778932e-02 -1.22571756e+00 
 5.82778932e-02 -1.22782916e+00 
 5.83778932e-02 -1.22993659e+00 
 5.84778932e-02 -1.23203992e+00 
 5.85778932e-02 -1.23413919e+00 
 5.86778932e-02 -1.23623445e+00 
 5.87778932e-02 -1.23832576e+00 
 5.88778932e-02 -1.24041316e+00 
 5.89778932e-02 -1.24249671e+00 
 5.90778932e-02 -1.24457644e+00 
 5.91778932e-02 -1.24665241e+00 
 5.92778932e-02 -1.24872465e+00 
 5.93778932e-02 -1.25079322e+00 
 5.94778932e-02 -1.25285815e+00 
 5.95778932e-02 -1.25491948e+00 
 5.96778932e-02 -1.25697726e+00 
 5.97778932e-02 -1.25903152e+00 
 5.98778932e-02 -1.26108230e+00 
 5.99778932e-02 -1.26312964e+00 
 6.00778932e-02 -1.26517358e+00 
 6.01778932e-02 -1.26721414e+00 
 6.02778932e-02 -1.26925138e+00 
 6.03778932e-02 -1.27128531e+00 
 6.04778932e-02 -1.27331598e+00 
 6.05778932e-02 -1.27534341e+00 
 6.06778932e-02 -1.27736764e+00 
 6.07778932e-02 -1.27938869e+00 
 6.08778932e-02 -1.28140661e+00 
 6.09778932e-02 -1.28342141e+00 
 6.10778932e-02 -1.28543313e+00 
 6.11778932e-02 -1.28744180e+00 
 6.12778932e-02 -1.28944743e+00 
 6.13778932e-02 -1.29145007e+00 
 6.14778932e-02 -1.29344974e+00 
 6.15778932e-02 -1.29544646e+00 
 6.16778932e-02 -1.29744026e+00 
 6.17778932e-02 -1.29943116e+00 
 6.18778932e-02 -1.30141920e+00 
 6.19778932e-02 -1.30340438e+00 
 6.20778932e-02 -1.30538674e+00 
 6.21778932e-02 -1.30736630e+00 
 6.22778932e-02 -1.30934309e+00 
 6.23778932e-02 -1.31131711e+00 
 6.24778932e-02 -1.31328840e+00 
 6.25778932e-02 -1.31525698e+00 
 6.26778932e-02 -1.31722287e+00 
 6.27778932e-02 -1.31918609e+00 
 6.28778932e-02 -1.32114666e+00 
 6.29778932e-02 -1.32310459e+00 
 6.30778932e-02 -1.32505991e+00 
 6.31778932e-02 -1.32701264e+00 
 6.32778932e-02 -1.32896280e+00 
 6.33778932e-02 -1.33091040e+00 
 6.34778932e-02 -1.33285547e+00 
 6.35778932e-02 -1.33479801e+00 
 6.36778932e-02 -1.33673805e+00 
 6.37778932e-02 -1.33867561e+00 
 6.38778932e-02 -1.34061069e+00 
 6.39778932e-02 -1.34254333e+00 
 6.40778932e-02 -1.34447353e+00 
 6.41778932e-02 -1.34640131e+00 
 6.42778932e-02 -1.34832668e+00 
 6.43778932e-02 -1.35024967e+00 
 6.44778932e-02 -1.35217028e+00 
 6.45778932e-02 -1.35408853e+00 
 6.46778932e-02 -1.35600444e+00 
 6.47778932e-02 -1.35791802e+00 
 6.48778932e-02 -1.35982929e+00 
 6.49778932e-02 -1.36173825e+00 
 6.50778932e-02 -1.36364492e+00 
 6.51778932e-02 -1.36554932e+00 
 6.52778932e-02 -1.36745146e+00 
 6.53778932e-02 -1.36935135e+00 
 6.54778932e-02 -1.37124901e+00 
 6.55778932e-02 -1.37314444e+00 
 6.56778932e-02 -1.37503767e+00 
 6.57778932e-02 -1.37692869e+00 
 6.58778932e-02 -1.37881753e+00 
 6.59778932e-02 -1.38070420e+00 
 6.60778932e-02 -1.38258870e+00 
 6.61778932e-02 -1.38447105e+00 
 6.62778932e-02 -1.38635126e+00 
 6.63778932e-02 -1.38822935e+00 
 6.64778932e-02 -1.39010532e+00 
 6.65778932e-02 -1.39197918e+00 
 6.66778932e-02 -1.39385094e+00 
 6.67778932e-02 -1.39572063e+00 
 6.68778932e-02 -1.39758823e+00 
 6.69778932e-02 -1.39945378e+00 
 6.70778932e-02 -1.40131726e+00 
 6.71778932e-02 -1.40317871e+00 
 6.72778932e-02 -1.40503812e+00 
 6.73778932e-02 -1.40689550e+00 
 6.74778932e-02 -1.40875087e+00 
 6.75778932e-02 -1.41060424e+00 
 6.76778932e-02 -1.41245561e+00 
 6.77778932e-02 -1.41430499e+00 
 6.78778932e-02 -1.41615239e+00 
 6.79778932e-02 -1.41799782e+00 
 6.80778932e-02 -1.41984129e+00 
 6.81778932e-02 -1.42168282e+00 
 6.82778932e-02 -1.42352239e+00 
 6.83778932e-02 -1.42536004e+00 
 6.84778932e-02 -1.42719575e+00 
 6.85778932e-02 -1.42902955e+00 
 6.86778932e-02 -1.43086144e+00 
 6.87778932e-02 -1.43269143e+00 
 6.88778932e-02 -1.43451952e+00 
 6.89778932e-02 -1.43634572e+00 
 6.90778932e-02 -1.43817005e+00 
 6.91778932e-02 -1.43999251e+00 
 6.92778932e-02 -1.44181310e+00 
 6.93778932e-02 -1.44363184e+00 
 6.94778932e-02 -1.44544873e+00 
 6.95778932e-02 -1.44726377e+00 
 6.96778932e-02 -1.44907699e+00 
 6.97778932e-02 -1.45088837e+00 
 6.98778932e-02 -1.45269794e+00 
 6.99778932e-02 -1.45450569e+00 
 7.00778932e-02 -1.45631164e+00 
 7.01778932e-02 -1.45811578e+00 
 7.02778932e-02 -1.45991814e+00 
 7.03778932e-02 -1.46171870e+00 
 7.04778932e-02 -1.46351749e+00 
 7.05778932e-02 -1.46531450e+00 
 7.06778932e-02 -1.46710975e+00 
 7.07778932e-02 -1.46890324e+00 
 7.08778932e-02 -1.47069497e+00 
 7.09778932e-02 -1.47248495e+00 
 7.10778932e-02 -1.47427319e+00 
 7.11778932e-02 -1.47605970e+00 
 7.12778932e-02 -1.47784447e+00 
 7.13778932e-02 -1.47962752e+00 
 7.14778932e-02 -1.48140886e+00 
 7.15778932e-02 -1.48318847e+00 
 7.16778932e-02 -1.48496639e+00 
 7.17778932e-02 -1.48674259e+00 
 7.18778932e-02 -1.48851711e+00 
 7.19778932e-02 -1.49028993e+00 
 7.20778932e-02 -1.49206107e+00 
 7.21778932e-02 -1.49383053e+00 
 7.22778932e-02 -1.49559831e+00 
 7.23778932e-02 -1.49736443e+00 
 7.24778932e-02 -1.49912888e+00 
 7.25778932e-02 -1.50089167e+00 
 7.26778932e-02 -1.50265281e+00 
 7.27778932e-02 -1.50441230e+00 
 7.28778932e-02 -1.50617015e+00 
 7.29778932e-02 -1.50792635e+00 
 7.30778932e-02 -1.50968093e+00 
 7.31778932e-02 -1.51143387e+00 
 7.32778932e-02 -1.51318519e+00 
 7.33778932e-02 -1.51493490e+00 
 7.34778932e-02 -1.51668298e+00 
 7.35778932e-02 -1.51842946e+00 
 7.36778932e-02 -1.52017433e+00 
 7.37778932e-02 -1.52191761e+00 
 7.38778932e-02 -1.52365928e+00 
 7.39778932e-02 -1.52539936e+00 
 7.40778932e-02 -1.52713786e+00 
 7.41778932e-02 -1.52887477e+00 
 7.42778932e-02 -1.53061011e+00 
 7.43778932e-02 -1.53234387e+00 
 7.44778932e-02 -1.53407606e+00 
 7.45778932e-02 -1.53580668e+00 
 7.46778932e-02 -1.53753574e+00 
 7.47778932e-02 -1.53926325e+00 
 7.48778932e-02 -1.54098920e+00 
 7.49778932e-02 -1.54271360e+00 
 7.50778932e-02 -1.54443646e+00 
 7.51778932e-02 -1.54615778e+00 
 7.52778932e-02 -1.54787755e+00 
 7.53778932e-02 -1.54959580e+00 
 7.54778932e-02 -1.55131251e+00 
 7.55778932e-02 -1.55302770e+00 
 7.56778932e-02 -1.55474137e+00 
 7.57778932e-02 -1.55645352e+00 
 7.58778932e-02 -1.55816415e+00 
 7.59778932e-02 -1.55987328e+00 
 7.60778932e-02 -1.56158090e+00 
 7.61778932e-02 -1.56328701e+00 
 7.62778932e-02 -1.56499162e+00 
 7.63778932e-02 -1.56669474e+00 
 7.64778932e-02 -1.56839636e+00 
 7.65778932e-02 -1.57009650e+00 
 7.66778932e-02 -1.57179515e+00 
 7.67778932e-02 -1.57349232e+00 
 7.68778932e-02 -1.57518801e+00 
 7.69778932e-02 -1.57688222e+00 
 7.70778932e-02 -1.57857496e+00 
 7.71778932e-02 -1.58026623e+00 
 7.72778932e-02 -1.58195604e+00 
 7.73778932e-02 -1.58364438e+00 
 7.74778932e-02 -1.58533127e+00 
 7.75778932e-02 -1.58701670e+00 
 7.76778932e-02 -1.58870067e+00 
 7.77778932e-02 -1.59038320e+00 
 7.78778932e-02 -1.59206428e+00 
 7.79778932e-02 -1.59374392e+00 
 7.80778932e-02 -1.59542211e+00 
 7.81778932e-02 -1.59709887e+00 
 7.82778932e-02 -1.59877420e+00 
 7.83778932e-02 -1.60044809e+00 
 7.84778932e-02 -1.60212056e+00 
 7.85778932e-02 -1.60379160e+00 
 7.86778932e-02 -1.60546122e+00 
 7.87778932e-02 -1.60712941e+00 
 7.88778932e-02 -1.60879620e+00 
 7.89778932e-02 -1.61046157e+00 
 7.90778932e-02 -1.61212552e+00 
 7.91778932e-02 -1.61378807e+00 
 7.92778932e-02 -1.61544922e+00 
 7.93778932e-02 -1.61710896e+00 
 7.94778932e-02 -1.61876730e+00 
 7.95778932e-02 -1.62042424e+00 
 7.96778932e-02 -1.62207979e+00 
 7.97778932e-02 -1.62373395e+00 
 7.98778932e-02 -1.62538671e+00 
 7.99778932e-02 -1.62703810e+00 
 8.00778932e-02 -1.62868809e+00 
 8.01778932e-02 -1.63033671e+00 
 8.02778932e-02 -1.63198394e+00 
 8.03778932e-02 -1.63362980e+00 
 8.04778932e-02 -1.63527429e+00 
 8.05778932e-02 -1.63691740e+00 
 8.06778932e-02 -1.63855915e+00 
 8.07778932e-02 -1.64019953e+00 
 8.08778932e-02 -1.64183854e+00 
 8.09778932e-02 -1.64347619e+00 
 8.10778932e-02 -1.64511248e+00 
 8.11778932e-02 -1.64674742e+00 
 8.12778932e-02 -1.64838100e+00 
 8.13778932e-02 -1.65001323e+00 
 8.14778932e-02 -1.65164411e+00 
 8.15778932e-02 -1.65327364e+00 
 8.16778932e-02 -1.65490182e+00 
 8.17778932e-02 -1.65652866e+00 
 8.18778932e-02 -1.65815416e+00 
 8.19778932e-02 -1.65977832e+00 
 8.20778932e-02 -1.66140114e+00 
 8.21778932e-02 -1.66302263e+00 
 8.22778932e-02 -1.66464278e+00 
 8.23778932e-02 -1.66626161e+00 
 8.24778932e-02 -1.66787910e+00 
 8.25778932e-02 -1.66949527e+00 
 8.26778932e-02 -1.67111012e+00 
 8.27778932e-02 -1.67272364e+00 
 8.28778932e-02 -1.67433584e+00 
 8.29778932e-02 -1.67594673e+00 
 8.30778932e-02 -1.67755629e+00 
 8.31778932e-02 -1.67916455e+00 
 8.32778932e-02 -1.68077149e+00 
 8.33778932e-02 -1.68237712e+00 
 8.34778932e-02 -1.68398144e+00 
 8.35778932e-02 -1.68558445e+00 
 8.36778932e-02 -1.68718616e+00 
 8.37778932e-02 -1.68878657e+00 
 8.38778932e-02 -1.69038567e+00 
 8.39778932e-02 -1.69198348e+00 
 8.40778932e-02 -1.69357998e+00 
 8.41778932e-02 -1.69517519e+00 
 8.42778932e-02 -1.69676911e+00 
 8.43778932e-02 -1.69836174e+00 
 8.44778932e-02 -1.69995307e+00 
 8.45778932e-02 -1.70154312e+00 
 8.46778932e-02 -1.70313187e+00 
 8.47778932e-02 -1.70471935e+00 
 8.48778932e-02 -1.70630553e+00 
 8.49778932e-02 -1.70789044e+00 
 8.50778932e-02 -1.70947406e+00 
 8.51778932e-02 -1.71105641e+00 
 8.52778932e-02 -1.71263748e+00 
 8.53778932e-02 -1.71421727e+00 
 8.54778932e-02 -1.71579578e+00 
 8.55778932e-02 -1.71737303e+00 
 8.56778932e-02 -1.71894900e+00 
 8.57778932e-02 -1.72052370e+00 
 8.58778932e-02 -1.72209714e+00 
 8.59778932e-02 -1.72366930e+00 
 8.60778932e-02 -1.72524020e+00 
 8.61778932e-02 -1.72680984e+00 
 8.62778932e-02 -1.72837821e+00 
 8.63778932e-02 -1.72994532e+00 
 8.64778932e-02 -1.73151117e+00 
 8.65778932e-02 -1.73307577e+00 
 8.66778932e-02 -1.73463910e+00 
 8.67778932e-02 -1.73620118e+00 
 8.68778932e-02 -1.73776200e+00 
 8.69778932e-02 -1.73932157e+00 
 8.70778932e-02 -1.74087989e+00 
 8.71778932e-02 -1.74243696e+00 
 8.72778932e-02 -1.74399277e+00 
 8.73778932e-02 -1.74554734e+00 
 8.74778932e-02 -1.74710066e+00 
 8.75778932e-02 -1.74865273e+00 
 8.76778932e-02 -1.75020356e+00 
 8.77778932e-02 -1.75175314e+00 
 8.78778932e-02 -1.75330148e+00 
 8.79778932e-02 -1.75484858e+00 
 8.80778932e-02 -1.75639444e+00 
 8.81778932e-02 -1.75793905e+00 
 8.82778932e-02 -1.75948243e+00 
 8.83778932e-02 -1.76102457e+00 
 8.84778932e-02 -1.76256547e+00 
 8.85778932e-02 -1.76410514e+00 
 8.86778932e-02 -1.76564357e+00 
 8.87778932e-02 -1.76718076e+00 
 8.88778932e-02 -1.76871673e+00 
 8.89778932e-02 -1.77025146e+00 
 8.90778932e-02 -1.77178495e+00 
 8.91778932e-02 -1.77331722e+00 
 8.92778932e-02 -1.77484826e+00 
 8.93778932e-02 -1.77637807e+00 
 8.94778932e-02 -1.77790665e+00 
 8.95778932e-02 -1.77943400e+00 
 8.96778932e-02 -1.78096013e+00 
 8.97778932e-02 -1.78248503e+00 
 8.98778932e-02 -1.78400870e+00 
 8.99778932e-02 -1.78553115e+00 
 9.00778932e-02 -1.78705237e+00 
 9.01778932e-02 -1.78857238e+00 
 9.02778932e-02 -1.79009115e+00 
 9.03778932e-02 -1.79160871e+00 
 9.04778932e-02 -1.79312504e+00 
 9.05778932e-02 -1.79464015e+00 
 9.06778932e-02 -1.79615405e+00 
 9.07778932e-02 -1.79766672e+00 
 9.08778932e-02 -1.79917817e+00 
 9.09778932e-02 -1.80068840e+00 
 9.10778932e-02 -1.80219741e+00 
 9.11778932e-02 -1.80370521e+00 
 9.12778932e-02 -1.80521178e+00 
 9.13778932e-02 -1.80671714e+00 
 9.14778932e-02 -1.80822128e+00 
 9.15778932e-02 -1.80972421e+00 
 9.16778932e-02 -1.81122591e+00 
 9.17778932e-02 -1.81272640e+00 
 9.18778932e-02 -1.81422568e+00 
 9.19778932e-02 -1.81572373e+00 
 9.20778932e-02 -1.81722058e+00 
 9.21778932e-02 -1.81871620e+00 
 9.22778932e-02 -1.82021061e+00 
 9.23778932e-02 -1.82170380e+00 
 9.24778932e-02 -1.82319578e+00 
 9.25778932e-02 -1.82468655e+00 
 9.26778932e-02 -1.82617609e+00 
 9.27778932e-02 -1.82766442e+00 
 9.28778932e-02 -1.82915154e+00 
 9.29778932e-02 -1.83063744e+00 
 9.30778932e-02 -1.83212213e+00 
 9.31778932e-02 -1.83360560e+00 
 9.32778932e-02 -1.83508785e+00 
 9.33778932e-02 -1.83656889e+00 
 9.34778932e-02 -1.83804871e+00 
 9.35778932e-02 -1.83952731e+00 
 9.36778932e-02 -1.84100470e+00 
 9.37778932e-02 -1.84248087e+00 
 9.38778932e-02 -1.84395582e+00 
 9.39778932e-02 -1.84542956e+00 
 9.40778932e-02 -1.84690208e+00 
 9.41778932e-02 -1.84837338e+00 
 9.42778932e-02 -1.84984346e+00 
 9.43778932e-02 -1.85131232e+00 
 9.44778932e-02 -1.85277996e+00 
 9.45778932e-02 -1.85424638e+00 
 9.46778932e-02 -1.85571158e+00 
 9.47778932e-02 -1.85717556e+00 
 9.48778932e-02 -1.85863832e+00 
 9.49778932e-02 -1.86009985e+00 
 9.50778932e-02 -1.86156016e+00 
 9.51778932e-02 -1.86301925e+00 
 9.52778932e-02 -1.86447711e+00 
 9.53778932e-02 -1.86593374e+00 
 9.54778932e-02 -1.86738915e+00 
 9.55778932e-02 -1.86884333e+00 
 9.56778932e-02 -1.87029628e+00 
 9.57778932e-02 -1.87174801e+00 
 9.58778932e-02 -1.87319850e+00 
 9.59778932e-02 -1.87464776e+00 
 9.60778932e-02 -1.87609579e+00 
 9.61778932e-02 -1.87754258e+00 
 9.62778932e-02 -1.87898814e+00 
 9.63778932e-02 -1.88043247e+00 
 9.64778932e-02 -1.88187556e+00 
 9.65778932e-02 -1.88331741e+00 
 9.66778932e-02 -1.88475802e+00 
 9.67778932e-02 -1.88619738e+00 
 9.68778932e-02 -1.88763551e+00 
 9.69778932e-02 -1.88907239e+00 
 9.70778932e-02 -1.89050803e+00 
 9.71778932e-02 -1.89194242e+00 
 9.72778932e-02 -1.89337556e+00 
 9.73778932e-02 -1.89480746e+00 
 9.74778932e-02 -1.89623810e+00 
 9.75778932e-02 -1.89766749e+00 
 9.76778932e-02 -1.89909562e+00 
 9.77778932e-02 -1.90052249e+00 
 9.78778932e-02 -1.90194811e+00 
 9.79778932e-02 -1.90337247e+00 
 9.80778932e-02 -1.90479556e+00 
 9.81778932e-02 -1.90621739e+00 
 9.82778932e-02 -1.90763795e+00 
 9.83778932e-02 -1.90905725e+00 
 9.84778932e-02 -1.91047527e+00 
 9.85778932e-02 -1.91189202e+00 
 9.86778932e-02 -1.91330750e+00 
 9.87778932e-02 -1.91472170e+00 
 9.88778932e-02 -1.91613461e+00 
 9.89778932e-02 -1.91754625e+00 
 9.90778932e-02 -1.91895660e+00 
 9.91778932e-02 -1.92036567e+00 
 9.92778932e-02 -1.92177344e+00 
 9.93778932e-02 -1.92317992e+00 
 9.94778932e-02 -1.92458511e+00 
 9.95778932e-02 -1.92598900e+00 
 9.96778932e-02 -1.92739159e+00 
 9.97778932e-02 -1.92879287e+00 
 9.98778932e-02 -1.93019285e+00 
 9.99778932e-02 -1.93159153e+00 
 1.00077893e-01 -1.93298888e+00 
 1.00177893e-01 -1.93438493e+00 
 1.00277893e-01 -1.93577966e+00 
 1.00377893e-01 -1.93717306e+00 
 1.00477893e-01 -1.93856514e+00 
 1.00577893e-01 -1.93995590e+00 
 1.00677893e-01 -1.94134532e+00 
 1.00777893e-01 -1.94273341e+00 
 1.00877893e-01 -1.94412016e+00 
 1.00977893e-01 -1.94550557e+00 
 1.01077893e-01 -1.94688964e+00 
 1.01177893e-01 -1.94827236e+00 
 1.01277893e-01 -1.94965373e+00 
 1.01377893e-01 -1.95103374e+00 
 1.01477893e-01 -1.95241240e+00 
 1.01577893e-01 -1.95378970e+00 
 1.01677893e-01 -1.95516563e+00 
 1.01777893e-01 -1.95654019e+00 
 1.01877893e-01 -1.95791338e+00 
 1.01977893e-01 -1.95928519e+00 
 1.02077893e-01 -1.96065562e+00 
 1.02177893e-01 -1.96202467e+00 
 1.02277893e-01 -1.96339233e+00 
 1.02377893e-01 -1.96475860e+00 
 1.02477893e-01 -1.96612348e+00 
 1.02577893e-01 -1.96748695e+00 
 1.02677893e-01 -1.96884902e+00 
 1.02777893e-01 -1.97020969e+00 
 1.02877893e-01 -1.97156894e+00 
 1.02977893e-01 -1.97292678e+00 
 1.03077893e-01 -1.97428320e+00 
 1.03177893e-01 -1.97563819e+00 
 1.03277893e-01 -1.97699176e+00 
 1.03377893e-01 -1.97834389e+00 
 1.03477893e-01 -1.97969459e+00 
 1.03577893e-01 -1.98104384e+00 
 1.03677893e-01 -1.98239166e+00 
 1.03777893e-01 -1.98373802e+00 
 1.03877893e-01 -1.98508293e+00 
 1.03977893e-01 -1.98642638e+00 
 1.04077893e-01 -1.98776837e+00 
 1.04177893e-01 -1.98910890e+00 
 1.04277893e-01 -1.99044795e+00 
 1.04377893e-01 -1.99178553e+00 
 1.04477893e-01 -1.99312163e+00 
 1.04577893e-01 -1.99445625e+00 
 1.04677893e-01 -1.99578937e+00 
 1.04777893e-01 -1.99712101e+00 
 1.04877893e-01 -1.99845114e+00 
 1.04977893e-01 -1.99977978e+00 
 1.05077893e-01 -2.00110690e+00 
 1.05177893e-01 -2.00243252e+00 
 1.05277893e-01 -2.00375662e+00 
 1.05377893e-01 -2.00507920e+00 
 1.05477893e-01 -2.00640026e+00 
 1.05577893e-01 -2.00771979e+00 
 1.05677893e-01 -2.00903778e+00 
 1.05777893e-01 -2.01035424e+00 
 1.05877893e-01 -2.01166915e+00 
 1.05977893e-01 -2.01298251e+00 
 1.06077893e-01 -2.01429432e+00 
 1.06177893e-01 -2.01560457e+00 
 1.06277893e-01 -2.01691327e+00 
 1.06377893e-01 -2.01822039e+00 
 1.06477893e-01 -2.01952594e+00 
 1.06577893e-01 -2.02082992e+00 
 1.06677893e-01 -2.02213232e+00 
 1.06777893e-01 -2.02343313e+00 
 1.06877893e-01 -2.02473236e+00 
 1.06977893e-01 -2.02602998e+00 
 1.07077893e-01 -2.02732601e+00 
 1.07177893e-01 -2.02862044e+00 
 1.07277893e-01 -2.02991326e+00 
 1.07377893e-01 -2.03120446e+00 
 1.07477893e-01 -2.03249405e+00 
 1.07577893e-01 -2.03378201e+00 
 1.07677893e-01 -2.03506835e+00 
 1.07777893e-01 -2.03635305e+00 
 1.07877893e-01 -2.03763613e+00 
 1.07977893e-01 -2.03891756e+00 
 1.08077893e-01 -2.04019734e+00 
 1.08177893e-01 -2.04147548e+00 
 1.08277893e-01 -2.04275196e+00 
 1.08377893e-01 -2.04402678e+00 
 1.08477893e-01 -2.04529995e+00 
 1.08577893e-01 -2.04657144e+00 
 1.08677893e-01 -2.04784127e+00 
 1.08777893e-01 -2.04910941e+00 
 1.08877893e-01 -2.05037588e+00 
 1.08977893e-01 -2.05164067e+00 
 1.09077893e-01 -2.05290376e+00 
 1.09177893e-01 -2.05416517e+00 
 1.09277893e-01 -2.05542487e+00 
 1.09377893e-01 -2.05668288e+00 
 1.09477893e-01 -2.05793918e+00 
 1.09577893e-01 -2.05919377e+00 
 1.09677893e-01 -2.06044665e+00 
 1.09777893e-01 -2.06169781e+00 
 1.09877893e-01 -2.06294725e+00 
 1.09977893e-01 -2.06419497e+00 
 1.10077893e-01 -2.06544096e+00 
 1.10177893e-01 -2.06668521e+00 
 1.10277893e-01 -2.06792773e+00 
 1.10377893e-01 -2.06916851e+00 
 1.10477893e-01 -2.07040755e+00 
 1.10577893e-01 -2.07164484e+00 
 1.10677893e-01 -2.07288037e+00 
 1.10777893e-01 -2.07411416e+00 
 1.10877893e-01 -2.07534618e+00 
 1.10977893e-01 -2.07657645e+00 
 1.11077893e-01 -2.07780495e+00 
 1.11177893e-01 -2.07903168e+00 
 1.11277893e-01 -2.08025664e+00 
 1.11377893e-01 -2.08147983e+00 
 1.11477893e-01 -2.08270124e+00 
 1.11577893e-01 -2.08392086e+00 
 1.11677893e-01 -2.08513871e+00 
 1.11777893e-01 -2.08635477e+00 
 1.11877893e-01 -2.08756904e+00 
 1.11977893e-01 -2.08878151e+00 
 1.12077893e-01 -2.08999219e+00 
 1.12177893e-01 -2.09120108e+00 
 1.12277893e-01 -2.09240816e+00 
 1.12377893e-01 -2.09361344e+00 
 1.12477893e-01 -2.09481691e+00 
 1.12577893e-01 -2.09601858e+00 
 1.12677893e-01 -2.09721843e+00 
 1.12777893e-01 -2.09841648e+00 
 1.12877893e-01 -2.09961270e+00 
 1.12977893e-01 -2.10080711e+00 
 1.13077893e-01 -2.10199970e+00 
 1.13177893e-01 -2.10319047e+00 
 1.13277893e-01 -2.10437942e+00 
 1.13377893e-01 -2.10556654e+00 
 1.13477893e-01 -2.10675183e+00 
 1.13577893e-01 -2.10793529e+00 
 1.13677893e-01 -2.10911692e+00 
 1.13777893e-01 -2.11029672e+00 
 1.13877893e-01 -2.11147469e+00 
 1.13977893e-01 -2.11265082e+00 
 1.14077893e-01 -2.11382512e+00 
 1.14177893e-01 -2.11499757e+00 
 1.14277893e-01 -2.11616819e+00 
 1.14377893e-01 -2.11733697e+00 
 1.14477893e-01 -2.11850390e+00 
 1.14577893e-01 -2.11966900e+00 
 1.14677893e-01 -2.12083225e+00 
 1.14777893e-01 -2.12199365e+00 
 1.14877893e-01 -2.12315321e+00 
 1.14977893e-01 -2.12431093e+00 
 1.15077893e-01 -2.12546680e+00 
 1.15177893e-01 -2.12662082e+00 
 1.15277893e-01 -2.12777300e+00 
 1.15377893e-01 -2.12892333e+00 
 1.15477893e-01 -2.13007181e+00 
 1.15577893e-01 -2.13121845e+00 
 1.15677893e-01 -2.13236323e+00 
 1.15777893e-01 -2.13350617e+00 
 1.15877893e-01 -2.13464726e+00 
 1.15977893e-01 -2.13578651e+00 
 1.16077893e-01 -2.13692390e+00 
 1.16177893e-01 -2.13805945e+00 
 1.16277893e-01 -2.13919316e+00 
 1.16377893e-01 -2.14032502e+00 
 1.16477893e-01 -2.14145503e+00 
 1.16577893e-01 -2.14258320e+00 
 1.16677893e-01 -2.14370952e+00 
 1.16777893e-01 -2.14483401e+00 
 1.16877893e-01 -2.14595665e+00 
 1.16977893e-01 -2.14707745e+00 
 1.17077893e-01 -2.14819641e+00 
 1.17177893e-01 -2.14931353e+00 
 1.17277893e-01 -2.15042881e+00 
 1.17377893e-01 -2.15154226e+00 
 1.17477893e-01 -2.15265387e+00 
 1.17577893e-01 -2.15376366e+00 
 1.17677893e-01 -2.15487160e+00 
 1.17777893e-01 -2.15597772e+00 
 1.17877893e-01 -2.15708202e+00 
 1.17977893e-01 -2.15818448e+00 
 1.18077893e-01 -2.15928512e+00 
 1.18177893e-01 -2.16038394e+00 
 1.18277893e-01 -2.16148094e+00 
 1.18377893e-01 -2.16257612e+00 
 1.18477893e-01 -2.16366948e+00 
 1.18577893e-01 -2.16476104e+00 
 1.18677893e-01 -2.16585077e+00 
 1.18777893e-01 -2.16693871e+00 
 1.18877893e-01 -2.16802483e+00 
 1.18977893e-01 -2.16910915e+00 
 1.19077893e-01 -2.17019167e+00 
 1.19177893e-01 -2.17127239e+00 
 1.19277893e-01 -2.17235132e+00 
 1.19377893e-01 -2.17342845e+00 
 1.19477893e-01 -2.17450380e+00 
 1.19577893e-01 -2.17557735e+00 
 1.19677893e-01 -2.17664913e+00 
 1.19777893e-01 -2.17771912e+00 
 1.19877893e-01 -2.17878733e+00 
 1.19977893e-01 -2.17985377e+00 
 1.20000000e-01 -2.18008929e+00 
