 5.00000000e-09  5.81951250e-09 
 5.14019886e-09  5.93910691e-09 
 5.42059659e-09  6.17335015e-09 
 5.98139205e-09  6.63128196e-09 
 6.74934473e-09  7.24331859e-09 
 8.05816716e-09  8.26366004e-09 
 1.06758120e-08  1.02635022e-08 
 1.59111017e-08  1.41925309e-08 
 2.63816812e-08  2.19911935e-08 
 4.64390578e-08  3.69887715e-08 
 6.21151817e-08  4.86536885e-08 
 7.74811423e-08  5.98953117e-08 
 8.76461528e-08  6.71165059e-08 
 9.91018141e-08  7.48902717e-08 
 1.12805911e-07  8.36345266e-08 
 1.27480709e-07  9.25373767e-08 
 1.48658201e-07  1.05114490e-07 
 1.71170102e-07  1.18487793e-07 
 2.05439759e-07  1.38961424e-07 
 2.55236872e-07  1.68427247e-07 
 3.14258528e-07  2.02387084e-07 
 3.91590542e-07  2.45080721e-07 
 4.50712868e-07  2.76260783e-07 
 5.00000000e-07  3.00517156e-07 
 5.06200703e-07  3.03414054e-07 
 5.18602108e-07  3.09051161e-07 
 5.32241666e-07  3.15093674e-07 
 5.43459449e-07  3.20195104e-07 
 5.58535797e-07  3.27345559e-07 
 5.72734418e-07  3.34169098e-07 
 5.90980987e-07  3.42885654e-07 
 6.14374480e-07  3.53951628e-07 
 6.42598058e-07  3.67156754e-07 
 6.63551914e-07  3.76870595e-07 
 6.93774924e-07  3.90779016e-07 
 7.10837472e-07  3.98592505e-07 
 7.29701633e-07  4.07218256e-07 
 7.49134396e-07  4.16113913e-07 
 7.60213347e-07  4.21198913e-07 
 7.70020491e-07  4.25714698e-07 
 7.74261203e-07  4.27672617e-07 
 7.78681804e-07  4.29717776e-07 
 7.82740463e-07  4.31599749e-07 
 7.86609309e-07  4.33397911e-07 
 7.93789003e-07  4.36747257e-07 
 8.07231816e-07  4.43070154e-07 
 8.30694407e-07  4.54318354e-07 
 8.62019813e-07  4.69921777e-07 
 9.08176409e-07  4.94808177e-07 
 9.62838399e-07  5.28136690e-07 
 1.00000000e-06  5.49929690e-07 
 1.00571830e-06  5.53151445e-07 
 1.01715490e-06  5.59416756e-07 
 1.04002810e-06  5.71363012e-07 
 1.06875482e-06  5.85711199e-07 
 1.09811709e-06  5.99864229e-07 
 1.12925266e-06  6.14463947e-07 
 1.17685517e-06  6.36194976e-07 
 1.27206019e-06  6.77747359e-07 
 1.36303769e-06  7.13298529e-07 
 1.44709294e-06  7.41299016e-07 
 1.51757668e-06  7.62551122e-07 
 1.59166020e-06  7.83522581e-07 
 1.73982723e-06  8.30331254e-07 
 1.85906640e-06  9.09781325e-07 
 1.95733844e-06  1.10997526e-06 
 2.03828417e-06  1.58764301e-06 
 2.11635282e-06  2.84769303e-06 
 2.18805055e-06  5.77927832e-06 
 2.26426438e-06  1.36076137e-05 
 2.33517502e-06  3.04065829e-05 
 2.41252054e-06  7.13175545e-05 
 2.49103121e-06  1.58091896e-04 
 2.58226779e-06  3.55948773e-04 
 2.69103924e-06  7.95741026e-04 
 2.80899087e-06  1.60637488e-03 
 2.89423167e-06  2.45188430e-03 
 2.93758399e-06  2.95287298e-03 
 2.97083228e-06  3.32844532e-03 
 2.99064078e-06  3.53386341e-03 
 3.01001773e-06  3.72063022e-03 
 3.03169325e-06  3.92293365e-03 
 3.05316754e-06  4.12637188e-03 
 3.08464009e-06  4.44318216e-03 
 3.11267399e-06  4.75247609e-03 
 3.14733853e-06  5.18514605e-03 
 3.17965426e-06  5.64213798e-03 
 3.21608735e-06  6.20922543e-03 
 3.25612762e-06  6.88165757e-03 
 3.30637230e-06  7.79129843e-03 
 3.38257181e-06  9.31771752e-03 
 3.53497084e-06  1.29642445e-02 
 3.83976889e-06  2.29423821e-02 
 4.24620694e-06  4.23896343e-02 
 4.87007008e-06  8.93171734e-02 
 5.32387566e-06  1.50006716e-01 
 5.59090839e-06  1.94427690e-01 
 5.75644019e-06  2.23450875e-01 
 5.82228673e-06  2.33701473e-01 
 5.87510719e-06  2.41242857e-01 
 5.92672987e-06  2.48078386e-01 
 5.97589634e-06  2.54171972e-01 
 6.07422927e-06  2.65472431e-01 
 6.27089513e-06  2.85846718e-01 
 6.49086748e-06  3.06479046e-01 
 6.78008273e-06  3.31752208e-01 
 7.20895015e-06  3.67423772e-01 
 7.86617791e-06  4.20352384e-01 
 8.77957056e-06  4.93075081e-01 
 1.00000000e-05  5.94500433e-01 
 1.01826785e-05  6.09958901e-01 
 1.05480356e-05  6.40658451e-01 
 1.11792353e-05  6.93242213e-01 
 1.17262450e-05  7.38367373e-01 
 1.20995311e-05  7.68649609e-01 
 1.23625140e-05  7.88356796e-01 
 1.25203130e-05  7.99276679e-01 
 1.26397778e-05  8.07033322e-01 
 1.27116937e-05  8.11484509e-01 
 1.27864219e-05  8.15935156e-01 
 1.29358782e-05  8.24309023e-01 
 1.32347908e-05  8.39010284e-01 
 1.38326160e-05  8.60805722e-01 
 1.47944090e-05  8.78266822e-01 
 1.57853260e-05  8.84381504e-01 
 1.68703070e-05  8.86675784e-01 
 1.79635910e-05  8.87444430e-01 
 1.91503628e-05  8.87725901e-01 
 2.03835757e-05  8.87820313e-01 
 2.20474010e-05  8.87861207e-01 
 2.49160519e-05  8.87879289e-01 
 3.04295088e-05  8.87875583e-01 
 4.14564226e-05  8.87837796e-01 
 6.35102504e-05  8.87737909e-01 
 1.00000000e-04  8.87556144e-01 
 1.04410766e-04  8.87532931e-01 
 1.13232297e-04  8.87486506e-01 
 1.30875359e-04  8.87393664e-01 
 1.66161483e-04  8.87208010e-01 
 2.36733732e-04  8.86836820e-01 
 3.36733732e-04  8.86311120e-01 
 4.36733732e-04  8.85785743e-01 
 5.36733732e-04  1.02493946e+00 
 5.96790620e-04  1.14982374e+00 
 6.64622566e-04  1.26410594e+00 
 7.44509275e-04  1.39190317e+00 
 8.44509275e-04  1.54773676e+00 
 9.44509275e-04  1.69691755e+00 
 1.04450927e-03  1.83959334e+00 
 1.14450927e-03  1.97611749e+00 
 1.24450927e-03  2.10674811e+00 
 1.34450927e-03  2.23174184e+00 
 1.44450927e-03  2.35134026e+00 
 1.54450927e-03  2.46577547e+00 
 1.64450927e-03  2.57527028e+00 
 1.74450927e-03  2.68003786e+00 
 1.84450927e-03  2.78028219e+00 
 1.94450927e-03  2.87619844e+00 
 2.04450927e-03  2.96797338e+00 
 2.14450927e-03  3.05578572e+00 
 2.24450927e-03  3.13980647e+00 
 2.34450927e-03  3.22019926e+00 
 2.44450927e-03  3.29712068e+00 
 2.54450927e-03  3.37072054e+00 
 2.64450927e-03  3.44114218e+00 
 2.74450927e-03  3.50852274e+00 
 2.84450927e-03  3.57299353e+00 
 2.94450927e-03  3.63468019e+00 
 3.04450927e-03  3.69370295e+00 
 3.14450927e-03  3.75017679e+00 
 3.24450927e-03  3.80421174e+00 
 3.34450927e-03  3.85591311e+00 
 3.44450927e-03  3.90538203e+00 
 3.54450927e-03  3.95271416e+00 
 3.64450927e-03  3.99800197e+00 
 3.74450927e-03  4.04133385e+00 
 3.84450927e-03  4.08279423e+00 
 3.94450927e-03  4.12246391e+00 
 4.04450927e-03  4.16042022e+00 
 4.14450927e-03  4.19673695e+00 
 4.24450927e-03  4.23148527e+00 
 4.34450927e-03  4.26473282e+00 
 4.44450927e-03  4.29654447e+00 
 4.54450927e-03  4.32698196e+00 
 4.55700927e-03  4.33068035e+00 
 4.58200927e-03  4.33802850e+00 
 4.63200927e-03  4.35249512e+00 
 4.70833527e-03  4.37397983e+00 
 4.78686894e-03  4.39534882e+00 
 4.88686894e-03  4.42151376e+00 
 4.98686894e-03  4.44655171e+00 
 5.08686894e-03  4.47050915e+00 
 5.18686894e-03  4.49343224e+00 
 5.28686894e-03  4.51536533e+00 
 5.38686894e-03  4.53635107e+00 
 5.48686894e-03  4.55643033e+00 
 5.58686894e-03  4.57564227e+00 
 5.68686894e-03  4.59402435e+00 
 5.78686894e-03  4.61161239e+00 
 5.88686894e-03  4.62844071e+00 
 5.98686894e-03  4.64454210e+00 
 6.08686894e-03  4.65994798e+00 
 6.18686894e-03  4.67468837e+00 
 6.28686894e-03  4.68879203e+00 
 6.38686894e-03  4.70228646e+00 
 6.48686894e-03  4.71519796e+00 
 6.58686894e-03  4.72755173e+00 
 6.68686894e-03  4.73937184e+00 
 6.78686894e-03  4.75068136e+00 
 6.88686894e-03  4.76150233e+00 
 6.98686894e-03  4.77185586e+00 
 7.08686894e-03  4.78176214e+00 
 7.18686894e-03  4.79124049e+00 
 7.28686894e-03  4.80030940e+00 
 7.38686894e-03  4.80898654e+00 
 7.48686894e-03  4.81728885e+00 
 7.58686894e-03  4.82523251e+00 
 7.68686894e-03  4.83283301e+00 
 7.78686894e-03  4.84010519e+00 
 7.88686894e-03  4.84706321e+00 
 7.98686894e-03  4.85372066e+00 
 8.08686894e-03  4.86009052e+00 
 8.18686894e-03  4.86618521e+00 
 8.28686894e-03  4.87201661e+00 
 8.38686894e-03  4.87759610e+00 
 8.48686894e-03  4.88293456e+00 
 8.58686894e-03  4.88804241e+00 
 8.68686894e-03  4.89292960e+00 
 8.78686894e-03  4.89760567e+00 
 8.88686894e-03  4.90207973e+00 
 8.98686894e-03  4.90636052e+00 
 9.08686894e-03  4.91045639e+00 
 9.18686894e-03  4.91437531e+00 
 9.28686894e-03  4.91812494e+00 
 9.38686894e-03  4.92171259e+00 
 9.48686894e-03  4.92514525e+00 
 9.58686894e-03  4.92842962e+00 
 9.68686894e-03  4.93157211e+00 
 9.78686894e-03  4.93457885e+00 
 9.88686894e-03  4.93745569e+00 
 9.98686894e-03  4.94020826e+00 
 1.00868689e-02  4.94284192e+00 
 1.01868689e-02  4.94536180e+00 
 1.02868689e-02  4.94777283e+00 
 1.03868689e-02  4.95007970e+00 
 1.04868689e-02  4.95228692e+00 
 1.05868689e-02  4.95439878e+00 
 1.06868689e-02  4.95641941e+00 
 1.07868689e-02  4.95835275e+00 
 1.08868689e-02  4.96020257e+00 
 1.09868689e-02  4.96197248e+00 
 1.10868689e-02  4.96366593e+00 
 1.11868689e-02  4.96528623e+00 
 1.12868689e-02  4.96683652e+00 
 1.13868689e-02  4.96831985e+00 
 1.14868689e-02  4.96973909e+00 
 1.15868689e-02  4.97109702e+00 
 1.16868689e-02  4.97239630e+00 
 1.17868689e-02  4.97363944e+00 
 1.18868689e-02  4.97482888e+00 
 1.19868689e-02  4.97596693e+00 
 1.20868689e-02  4.97705583e+00 
 1.21868689e-02  4.97809768e+00 
 1.22868689e-02  4.97909452e+00 
 1.23868689e-02  4.98004830e+00 
 1.24868689e-02  4.98096088e+00 
 1.25868689e-02  4.98183403e+00 
 1.26868689e-02  4.98266947e+00 
 1.27868689e-02  4.98346881e+00 
 1.28868689e-02  4.98423362e+00 
 1.29868689e-02  4.98496540e+00 
 1.30868689e-02  4.98566556e+00 
 1.31868689e-02  4.98633547e+00 
 1.32868689e-02  4.98697644e+00 
 1.33868689e-02  4.98758972e+00 
 1.34868689e-02  4.98817651e+00 
 1.35868689e-02  4.98873795e+00 
 1.36868689e-02  4.98927514e+00 
 1.37868689e-02  4.98978912e+00 
 1.38868689e-02  4.99028089e+00 
 1.39868689e-02  4.99075142e+00 
 1.40868689e-02  4.99120163e+00 
 1.41868689e-02  4.99163238e+00 
 1.42868689e-02  4.99204453e+00 
 1.43868689e-02  4.99243887e+00 
 1.44868689e-02  4.99281618e+00 
 1.45868689e-02  4.99317718e+00 
 1.46868689e-02  4.99352260e+00 
 1.47868689e-02  4.99385308e+00 
 1.48868689e-02  4.99416930e+00 
 1.49868689e-02  4.99447185e+00 
 1.50868689e-02  4.99476133e+00 
 1.51868689e-02  4.99503831e+00 
 1.52868689e-02  4.99530332e+00 
 1.53868689e-02  4.99555688e+00 
 1.54868689e-02  4.99579949e+00 
 1.55868689e-02  4.99603162e+00 
 1.56868689e-02  4.99625372e+00 
 1.57868689e-02  4.99646622e+00 
 1.58868689e-02  4.99666955e+00 
 1.59868689e-02  4.99686409e+00 
 1.60868689e-02  4.99705023e+00 
 1.61868689e-02  4.99722832e+00 
 1.62868689e-02  4.99739872e+00 
 1.63868689e-02  4.99756177e+00 
 1.64868689e-02  4.99771776e+00 
 1.65868689e-02  4.99786702e+00 
 1.66868689e-02  4.99800983e+00 
 1.67868689e-02  4.99814647e+00 
 1.68868689e-02  4.99827721e+00 
 1.69868689e-02  4.99840230e+00 
 1.70868689e-02  4.99852199e+00 
 1.71868689e-02  4.99863650e+00 
 1.72868689e-02  4.99874607e+00 
 1.73868689e-02  4.99885091e+00 
 1.74868689e-02  4.99895122e+00 
 1.75868689e-02  4.99904719e+00 
 1.76868689e-02  4.99913902e+00 
 1.77868689e-02  4.99922688e+00 
 1.78868689e-02  4.99931094e+00 
 1.79868689e-02  4.99939138e+00 
 1.80868689e-02  4.99946833e+00 
 1.81868689e-02  4.99954197e+00 
 1.82868689e-02  4.99961242e+00 
 1.83868689e-02  4.99967983e+00 
 1.84868689e-02  4.99974433e+00 
 1.85868689e-02  4.99980604e+00 
 1.86868689e-02  4.99986508e+00 
 1.87868689e-02  4.99992158e+00 
 1.88868689e-02  4.99997563e+00 
 1.89868689e-02  5.00002735e+00 
 1.90868689e-02  5.00007684e+00 
 1.91868689e-02  5.00012418e+00 
 1.92868689e-02  5.00016948e+00 
 1.93868689e-02  5.00021283e+00 
 1.94868689e-02  5.00025430e+00 
 1.95868689e-02  5.00029398e+00 
 1.96868689e-02  5.00033195e+00 
 1.97868689e-02  5.00036827e+00 
 1.98868689e-02  5.00040303e+00 
 1.99868689e-02  5.00043629e+00 
 2.00000000e-02  5.00044054e+00 
 2.00100000e-02  5.00006650e+00 
 2.00300000e-02  4.99902273e+00 
 2.00700000e-02  4.99898784e+00 
 2.01500000e-02  5.00033514e+00 
 2.02500000e-02  5.00032567e+00 
 2.03500000e-02  5.00029782e+00 
 2.04500000e-02  5.00032657e+00 
 2.05500000e-02  5.00036905e+00 
 2.06500000e-02  5.00040417e+00 
 2.07500000e-02  5.00043433e+00 
 2.08500000e-02  5.00046160e+00 
 2.09500000e-02  5.00048659e+00 
 2.10500000e-02  5.00050967e+00 
 2.11500000e-02  5.00053112e+00 
 2.12500000e-02  5.00055118e+00 
 2.13500000e-02  5.00056999e+00 
 2.14500000e-02  5.00058769e+00 
 2.15500000e-02  5.00060437e+00 
 2.16500000e-02  5.00062013e+00 
 2.17500000e-02  5.00063503e+00 
 2.18500000e-02  5.00064913e+00 
 2.19500000e-02  5.00066250e+00 
 2.20500000e-02  5.00067517e+00 
 2.21500000e-02  5.00068719e+00 
 2.22500000e-02  5.00069859e+00 
 2.23500000e-02  5.00070941e+00 
 2.24500000e-02  5.00071968e+00 
 2.25500000e-02  5.00072943e+00 
 2.26500000e-02  5.00073869e+00 
 2.27500000e-02  5.00074747e+00 
 2.28500000e-02  5.00075582e+00 
 2.29500000e-02  5.00076374e+00 
 2.30500000e-02  5.00077125e+00 
 2.31500000e-02  5.00077839e+00 
 2.32500000e-02  5.00078516e+00 
 2.33500000e-02  5.00079158e+00 
 2.34500000e-02  5.00079766e+00 
 2.35500000e-02  5.00080344e+00 
 2.36500000e-02  5.00080891e+00 
 2.37500000e-02  5.00081409e+00 
 2.38500000e-02  5.00081900e+00 
 2.39500000e-02  5.00082364e+00 
 2.40500000e-02  5.00082804e+00 
 2.41500000e-02  5.00083220e+00 
 2.42500000e-02  5.00083613e+00 
 2.43500000e-02  5.00083984e+00 
 2.44500000e-02  5.00084335e+00 
 2.45500000e-02  5.00084665e+00 
 2.46500000e-02  5.00084977e+00 
 2.47500000e-02  5.00085271e+00 
 2.48500000e-02  5.00085547e+00 
 2.49500000e-02  5.00085807e+00 
 2.50500000e-02  5.00086052e+00 
 2.51500000e-02  5.00086281e+00 
 2.52500000e-02  5.00086496e+00 
 2.53500000e-02  5.00086698e+00 
 2.54500000e-02  5.00086886e+00 
 2.55500000e-02  5.00087062e+00 
 2.56500000e-02  5.00087226e+00 
 2.57500000e-02  5.00087378e+00 
 2.58500000e-02  5.00087520e+00 
 2.59500000e-02  5.00087652e+00 
 2.60500000e-02  5.00087773e+00 
 2.61500000e-02  5.00087886e+00 
 2.62500000e-02  5.00087989e+00 
 2.63500000e-02  5.00088084e+00 
 2.64500000e-02  5.00088170e+00 
 2.65500000e-02  5.00088249e+00 
 2.66500000e-02  5.00088320e+00 
 2.67500000e-02  5.00088385e+00 
 2.68500000e-02  5.00088442e+00 
 2.69500000e-02  5.00088493e+00 
 2.70500000e-02  5.00088538e+00 
 2.71500000e-02  5.00088577e+00 
 2.72500000e-02  5.00088611e+00 
 2.73500000e-02  5.00088639e+00 
 2.74500000e-02  5.00088662e+00 
 2.75500000e-02  5.00088680e+00 
 2.76500000e-02  5.00088694e+00 
 2.77500000e-02  5.00088703e+00 
 2.78500000e-02  5.00088709e+00 
 2.79500000e-02  5.00088710e+00 
 2.80500000e-02  5.00088707e+00 
 2.81500000e-02  5.00088701e+00 
 2.82500000e-02  5.00088692e+00 
 2.83500000e-02  5.00088679e+00 
 2.84500000e-02  5.00088663e+00 
 2.85500000e-02  5.00088645e+00 
 2.86500000e-02  5.00088623e+00 
 2.87500000e-02  5.00088599e+00 
 2.88500000e-02  5.00088572e+00 
 2.89500000e-02  5.00088543e+00 
 2.90500000e-02  5.00088512e+00 
 2.91500000e-02  5.00088479e+00 
 2.92500000e-02  5.00088443e+00 
 2.93500000e-02  5.00088406e+00 
 2.94500000e-02  5.00088367e+00 
 2.95500000e-02  5.00088326e+00 
 2.96500000e-02  5.00088284e+00 
 2.97500000e-02  5.00088240e+00 
 2.98500000e-02  5.00088194e+00 
 2.99500000e-02  5.00088147e+00 
 3.00500000e-02  5.00088099e+00 
 3.01500000e-02  5.00088050e+00 
 3.02500000e-02  5.00088000e+00 
 3.03500000e-02  5.00087948e+00 
 3.04500000e-02  5.00087896e+00 
 3.05500000e-02  5.00087842e+00 
 3.06500000e-02  5.00087788e+00 
 3.07500000e-02  5.00087732e+00 
 3.08500000e-02  5.00087677e+00 
 3.09500000e-02  5.00087620e+00 
 3.10500000e-02  5.00087562e+00 
 3.11500000e-02  5.00087505e+00 
 3.12500000e-02  5.00081468e+00 
 3.13500000e-02  4.98450157e+00 
 3.14447203e-02  4.95268999e+00 
 3.14807081e-02  4.93650609e+00 
 3.15165579e-02  4.91831443e+00 
 3.15340380e-02  4.90876867e+00 
 3.15635261e-02  4.89183261e+00 
 3.16091037e-02  4.86396394e+00 
 3.16939798e-02  4.80797341e+00 
 3.17939798e-02  4.73701064e+00 
 3.18939798e-02  4.66207250e+00 
 3.19939798e-02  4.58407383e+00 
 3.20939798e-02  4.50352590e+00 
 3.21939798e-02  4.42069005e+00 
 3.22939798e-02  4.33568945e+00 
 3.23939798e-02  4.24858010e+00 
 3.24064798e-02  4.23752653e+00 
 3.24314798e-02  4.21534315e+00 
 3.24551850e-02  4.19419874e+00 
 3.24777603e-02  4.17395763e+00 
 3.25229109e-02  4.13316351e+00 
 3.26132120e-02  4.05032949e+00 
 3.27132120e-02  3.95667944e+00 
 3.28132120e-02  3.86104327e+00 
 3.29132120e-02  3.76345515e+00 
 3.30132120e-02  3.66394749e+00 
 3.31132120e-02  3.56254956e+00 
 3.32132120e-02  3.45929006e+00 
 3.33132120e-02  3.35420821e+00 
 3.34132120e-02  3.24736309e+00 
 3.35132120e-02  3.13883044e+00 
 3.36132120e-02  3.02870184e+00 
 3.37132120e-02  2.91709104e+00 
 3.38132120e-02  2.80414569e+00 
 3.39132120e-02  2.69006349e+00 
 3.40132120e-02  2.57511211e+00 
 3.41132120e-02  2.45965221e+00 
 3.42132120e-02  2.34416107e+00 
 3.43132120e-02  2.22925227e+00 
 3.44132120e-02  2.11568413e+00 
 3.45132120e-02  2.00434757e+00 
 3.46132120e-02  1.89622467e+00 
 3.47132120e-02  1.79231463e+00 
 3.48132120e-02  1.69353383e+00 
 3.49132120e-02  1.60060974e+00 
 3.50132120e-02  1.51399579e+00 
 3.51132120e-02  1.43383864e+00 
 3.52132120e-02  1.35997362e+00 
 3.53132120e-02  1.29200733e+00 
 3.54132120e-02  1.22940326e+00 
 3.55132120e-02  1.17156791e+00 
 3.56132120e-02  1.11791847e+00 
 3.57132120e-02  1.06792442e+00 
 3.58132120e-02  1.02112264e+00 
 3.59132120e-02  9.77128039e-01 
 3.60132120e-02  9.35615378e-01 
 3.61132120e-02  8.96311736e-01 
 3.62132120e-02  8.58987188e-01 
 3.63132120e-02  8.23446365e-01 
 3.64132120e-02  7.89521665e-01 
 3.65132120e-02  7.57068060e-01 
 3.66132120e-02  7.25959141e-01 
 3.67132120e-02  6.96084042e-01 
 3.68132120e-02  6.67345009e-01 
 3.69132120e-02  6.39655425e-01 
 3.70132120e-02  6.12938527e-01 
 3.71132120e-02  5.87124885e-01 
 3.72132120e-02  5.62152695e-01 
 3.73132120e-02  5.37966356e-01 
 3.74132120e-02  5.14515578e-01 
 3.75132120e-02  4.91754730e-01 
 3.76132120e-02  4.69642298e-01 
 3.77132120e-02  4.48140274e-01 
 3.78132120e-02  4.27214255e-01 
 3.79132120e-02  4.06832576e-01 
 3.80132120e-02  3.86965728e-01 
 3.81132120e-02  3.67586996e-01 
 3.82132120e-02  3.48671570e-01 
 3.83132120e-02  3.30196475e-01 
 3.84132120e-02  3.12140419e-01 
 3.85132120e-02  2.94483637e-01 
 3.86132120e-02  2.77207743e-01 
 3.87132120e-02  2.60295605e-01 
 3.88132120e-02  2.43731230e-01 
 3.89132120e-02  2.27499669e-01 
 3.90132120e-02  2.11586927e-01 
 3.91132120e-02  1.95979881e-01 
 3.92132120e-02  1.80666213e-01 
 3.93132120e-02  1.65634341e-01 
 3.94132120e-02  1.50873367e-01 
 3.95132120e-02  1.36373017e-01 
 3.96132120e-02  1.22123603e-01 
 3.97132120e-02  1.08115970e-01 
 3.98132120e-02  9.43414634e-02 
 3.99132120e-02  8.07918928e-02 
 4.00132120e-02  6.74594966e-02 
 4.01132120e-02  5.43369147e-02 
 4.02132120e-02  4.14171601e-02 
 4.03132120e-02  2.86935948e-02 
 4.04132120e-02  1.61599063e-02 
 4.05132120e-02  3.81008692e-03 
 4.06132120e-02 -8.36158580e-03 
 4.07132120e-02 -2.03605667e-02 
 4.08132120e-02 -3.21920597e-02 
 4.09132120e-02 -4.38610330e-02 
 4.10132120e-02 -5.53722329e-02 
 4.11132120e-02 -6.67301973e-02 
 4.12132120e-02 -7.79392675e-02 
 4.13132120e-02 -8.90035994e-02 
 4.14132120e-02 -9.99271742e-02 
 4.15132120e-02 -1.10713808e-01 
 4.16132120e-02 -1.21367160e-01 
 4.17132120e-02 -1.31890743e-01 
 4.18132120e-02 -1.42287929e-01 
 4.19132120e-02 -1.52561958e-01 
 4.20132120e-02 -1.62715945e-01 
 4.21132120e-02 -1.72752885e-01 
 4.22132120e-02 -1.82675661e-01 
 4.23132120e-02 -1.92487046e-01 
 4.24132120e-02 -2.02189713e-01 
 4.25132120e-02 -2.11786238e-01 
 4.26132120e-02 -2.21279104e-01 
 4.27132120e-02 -2.30670704e-01 
 4.28132120e-02 -2.39963349e-01 
 4.29132120e-02 -2.49159270e-01 
 4.30132120e-02 -2.58260619e-01 
 4.31132120e-02 -2.67269478e-01 
 4.32132120e-02 -2.76187856e-01 
 4.33132120e-02 -2.85017696e-01 
 4.34132120e-02 -2.93760878e-01 
 4.35132120e-02 -3.02419219e-01 
 4.36132120e-02 -3.10994476e-01 
 4.37132120e-02 -3.19488353e-01 
 4.38132120e-02 -3.27902494e-01 
 4.39132120e-02 -3.36238494e-01 
 4.40132120e-02 -3.44497895e-01 
 4.41132120e-02 -3.52682190e-01 
 4.42132120e-02 -3.60792825e-01 
 4.43132120e-02 -3.68831197e-01 
 4.44132120e-02 -3.76798658e-01 
 4.45132120e-02 -3.84696515e-01 
 4.46132120e-02 -3.92526031e-01 
 4.47132120e-02 -4.00288422e-01 
 4.48132120e-02 -4.07984862e-01 
 4.49132120e-02 -4.15616478e-01 
 4.50132120e-02 -4.23184350e-01 
 4.51132120e-02 -4.30689512e-01 
 4.52132120e-02 -4.38132947e-01 
 4.53132120e-02 -4.45515584e-01 
 4.54132120e-02 -4.52838297e-01 
 4.55132120e-02 -4.60101894e-01 
 4.56132120e-02 -4.67307118e-01 
 4.57132120e-02 -4.74454636e-01 
 4.58132120e-02 -4.81545027e-01 
 4.59132120e-02 -4.88578772e-01 
 4.60132120e-02 -4.95556243e-01 
 4.61132120e-02 -5.02477679e-01 
 4.62132120e-02 -5.09343170e-01 
 4.63132120e-02 -5.16152633e-01 
 4.64132120e-02 -5.22905777e-01 
 4.65132120e-02 -5.29602074e-01 
 4.66132120e-02 -5.36240722e-01 
 4.67132120e-02 -5.42820592e-01 
 4.68132120e-02 -5.49340189e-01 
 4.69132120e-02 -5.55797592e-01 
 4.70132120e-02 -5.62190403e-01 
 4.71132120e-02 -5.68515691e-01 
 4.72132120e-02 -5.74769947e-01 
 4.73132120e-02 -5.80949042e-01 
 4.74132120e-02 -5.87048213e-01 
 4.75132120e-02 -5.93062074e-01 
 4.76132120e-02 -5.98984663e-01 
 4.77132120e-02 -6.04809540e-01 
 4.78132120e-02 -6.10529941e-01 
 4.79132120e-02 -6.16138982e-01 
 4.80132120e-02 -6.21629922e-01 
 4.81132120e-02 -6.26996454e-01 
 4.82132120e-02 -6.32233011e-01 
 4.83132120e-02 -6.37335057e-01 
 4.84132120e-02 -6.42299321e-01 
 4.85132120e-02 -6.47123965e-01 
 4.86132120e-02 -6.51808648e-01 
 4.87132120e-02 -6.56354510e-01 
 4.88132120e-02 -6.60764053e-01 
 4.89132120e-02 -6.65040966e-01 
 4.90132120e-02 -6.69189911e-01 
 4.91132120e-02 -6.73216284e-01 
 4.92132120e-02 -6.77125987e-01 
 4.93132120e-02 -6.80925221e-01 
 4.94132120e-02 -6.84620305e-01 
 4.95132120e-02 -6.88217531e-01 
 4.96132120e-02 -6.91723053e-01 
 4.97132120e-02 -6.95142803e-01 
 4.98132120e-02 -6.98482437e-01 
 4.99132120e-02 -7.01747300e-01 
 5.00132120e-02 -7.04942407e-01 
 5.01132120e-02 -7.08072443e-01 
 5.02132120e-02 -7.11141761e-01 
 5.03132120e-02 -7.14154399e-01 
 5.04132120e-02 -7.17114088e-01 
 5.05132120e-02 -7.20024277e-01 
 5.06132120e-02 -7.22888146e-01 
 5.07132120e-02 -7.25708630e-01 
 5.08132120e-02 -7.28488433e-01 
 5.09132120e-02 -7.31230049e-01 
 5.10132120e-02 -7.33935779e-01 
 5.11132120e-02 -7.36607749e-01 
 5.12132120e-02 -7.39247920e-01 
 5.13132120e-02 -7.41858107e-01 
 5.14132120e-02 -7.44439991e-01 
 5.15132120e-02 -7.46995127e-01 
 5.16132120e-02 -7.49524959e-01 
 5.17132120e-02 -7.52030829e-01 
 5.18132120e-02 -7.54513982e-01 
 5.19132120e-02 -7.56975578e-01 
 5.20132120e-02 -7.59416697e-01 
 5.21132120e-02 -7.61838349e-01 
 5.22132120e-02 -7.64241474e-01 
 5.23132120e-02 -7.66626951e-01 
 5.24132120e-02 -7.68995604e-01 
 5.25132120e-02 -7.71348204e-01 
 5.26132120e-02 -7.73685472e-01 
 5.27132120e-02 -7.76008086e-01 
 5.28132120e-02 -7.78316681e-01 
 5.29132120e-02 -7.80611855e-01 
 5.30132120e-02 -7.82894167e-01 
 5.31132120e-02 -7.85164144e-01 
 5.32132120e-02 -7.87422283e-01 
 5.33132120e-02 -7.89669049e-01 
 5.34132120e-02 -7.91904879e-01 
 5.35132120e-02 -7.94130188e-01 
 5.36132120e-02 -7.96345362e-01 
 5.37132120e-02 -7.98550767e-01 
 5.38132120e-02 -8.00746747e-01 
 5.39132120e-02 -8.02933624e-01 
 5.40132120e-02 -8.05111705e-01 
 5.41132120e-02 -8.07281274e-01 
 5.42132120e-02 -8.09442603e-01 
 5.43132120e-02 -8.11595945e-01 
 5.44132120e-02 -8.13741540e-01 
 5.45132120e-02 -8.15879614e-01 
 5.46132120e-02 -8.18010378e-01 
 5.47132120e-02 -8.20134035e-01 
 5.48132120e-02 -8.22250773e-01 
 5.49132120e-02 -8.24360770e-01 
 5.50132120e-02 -8.26464197e-01 
 5.51132120e-02 -8.28561212e-01 
 5.52132120e-02 -8.30651967e-01 
 5.53132120e-02 -8.32736606e-01 
 5.54132120e-02 -8.34815264e-01 
 5.55132120e-02 -8.36888071e-01 
 5.56132120e-02 -8.38955149e-01 
 5.57132120e-02 -8.41016616e-01 
 5.58132120e-02 -8.43072582e-01 
 5.59132120e-02 -8.45123156e-01 
 5.60132120e-02 -8.47168438e-01 
 5.61132120e-02 -8.49208525e-01 
 5.62132120e-02 -8.51243511e-01 
 5.63132120e-02 -8.53273486e-01 
 5.64132120e-02 -8.55298535e-01 
 5.65132120e-02 -8.57318741e-01 
 5.66132120e-02 -8.59334184e-01 
 5.67132120e-02 -8.61344940e-01 
 5.68132120e-02 -8.63351083e-01 
 5.69132120e-02 -8.65352685e-01 
 5.70132120e-02 -8.67349814e-01 
 5.71132120e-02 -8.69342538e-01 
 5.72132120e-02 -8.71330920e-01 
 5.73132120e-02 -8.73315023e-01 
 5.74132120e-02 -8.75294909e-01 
 5.75132120e-02 -8.77270634e-01 
 5.76132120e-02 -8.79242258e-01 
 5.77132120e-02 -8.81209834e-01 
 5.78132120e-02 -8.83173418e-01 
 5.79132120e-02 -8.85133060e-01 
 5.80132120e-02 -8.87088812e-01 
 5.81132120e-02 -8.89040724e-01 
 5.82132120e-02 -8.90988844e-01 
 5.83132120e-02 -8.92933218e-01 
 5.84132120e-02 -8.94873892e-01 
 5.85132120e-02 -8.96810911e-01 
 5.86132120e-02 -8.98744318e-01 
 5.87132120e-02 -9.00674155e-01 
 5.88132120e-02 -9.02600464e-01 
 5.89132120e-02 -9.04523284e-01 
 5.90132120e-02 -9.06442656e-01 
 5.91132120e-02 -9.08358617e-01 
 5.92132120e-02 -9.10271205e-01 
 5.93132120e-02 -9.12180456e-01 
 5.94132120e-02 -9.14086406e-01 
 5.95132120e-02 -9.15989090e-01 
 5.96132120e-02 -9.17888542e-01 
 5.97132120e-02 -9.19784795e-01 
 5.98132120e-02 -9.21677882e-01 
 5.99132120e-02 -9.23567835e-01 
 6.00132120e-02 -9.25454683e-01 
 6.01132120e-02 -9.27338459e-01 
 6.02132120e-02 -9.29219192e-01 
 6.03132120e-02 -9.31096911e-01 
 6.04132120e-02 -9.32971643e-01 
 6.05132120e-02 -9.34843418e-01 
 6.06132120e-02 -9.36712263e-01 
 6.07132120e-02 -9.38578204e-01 
 6.08132120e-02 -9.40441267e-01 
 6.09132120e-02 -9.42301478e-01 
 6.10132120e-02 -9.44158862e-01 
 6.11132120e-02 -9.46013444e-01 
 6.12132120e-02 -9.47865248e-01 
 6.13132120e-02 -9.49714297e-01 
 6.14132120e-02 -9.51560614e-01 
 6.15132120e-02 -9.53404223e-01 
 6.16132120e-02 -9.55245144e-01 
 6.17132120e-02 -9.57083401e-01 
 6.18132120e-02 -9.58919015e-01 
 6.19132120e-02 -9.60752005e-01 
 6.20132120e-02 -9.62582394e-01 
 6.21132120e-02 -9.64410201e-01 
 6.22132120e-02 -9.66235445e-01 
 6.23132120e-02 -9.68058147e-01 
 6.24132120e-02 -9.69878326e-01 
 6.25132120e-02 -9.71695999e-01 
 6.26132120e-02 -9.73511186e-01 
 6.27132120e-02 -9.75323904e-01 
 6.28132120e-02 -9.77134171e-01 
 6.29132120e-02 -9.78942004e-01 
 6.30132120e-02 -9.80747422e-01 
 6.31132120e-02 -9.82550439e-01 
 6.32132120e-02 -9.84351073e-01 
 6.33132120e-02 -9.86149340e-01 
 6.34132120e-02 -9.87945255e-01 
 6.35132120e-02 -9.89738835e-01 
 6.36132120e-02 -9.91530095e-01 
 6.37132120e-02 -9.93319049e-01 
 6.38132120e-02 -9.95105713e-01 
 6.39132120e-02 -9.96890101e-01 
 6.40132120e-02 -9.98672228e-01 
 6.41132120e-02 -1.00045211e+00 
 6.42132120e-02 -1.00222975e+00 
 6.43132120e-02 -1.00400518e+00 
 6.44132120e-02 -1.00577840e+00 
 6.45132120e-02 -1.00754942e+00 
 6.46132120e-02 -1.00931827e+00 
 6.47132120e-02 -1.01108495e+00 
 6.48132120e-02 -1.01284947e+00 
 6.49132120e-02 -1.01461185e+00 
 6.50132120e-02 -1.01637210e+00 
 6.51132120e-02 -1.01813023e+00 
 6.52132120e-02 -1.01988626e+00 
 6.53132120e-02 -1.02164019e+00 
 6.54132120e-02 -1.02339203e+00 
 6.55132120e-02 -1.02514181e+00 
 6.56132120e-02 -1.02688952e+00 
 6.57132120e-02 -1.02863518e+00 
 6.58132120e-02 -1.03037880e+00 
 6.59132120e-02 -1.03212040e+00 
 6.60132120e-02 -1.03385997e+00 
 6.61132120e-02 -1.03559754e+00 
 6.62132120e-02 -1.03733310e+00 
 6.63132120e-02 -1.03906668e+00 
 6.64132120e-02 -1.04079829e+00 
 6.65132120e-02 -1.04252792e+00 
 6.66132120e-02 -1.04425559e+00 
 6.67132120e-02 -1.04598131e+00 
 6.68132120e-02 -1.04770510e+00 
 6.69132120e-02 -1.04942695e+00 
 6.70132120e-02 -1.05114688e+00 
 6.71132120e-02 -1.05286490e+00 
 6.72132120e-02 -1.05458101e+00 
 6.73132120e-02 -1.05629522e+00 
 6.74132120e-02 -1.05800755e+00 
 6.75132120e-02 -1.05971800e+00 
 6.76132120e-02 -1.06142658e+00 
 6.77132120e-02 -1.06313329e+00 
 6.78132120e-02 -1.06483816e+00 
 6.79132120e-02 -1.06654117e+00 
 6.80132120e-02 -1.06824235e+00 
 6.81132120e-02 -1.06994169e+00 
 6.82132120e-02 -1.07163921e+00 
 6.83132120e-02 -1.07333492e+00 
 6.84132120e-02 -1.07502882e+00 
 6.85132120e-02 -1.07672091e+00 
 6.86132120e-02 -1.07841122e+00 
 6.87132120e-02 -1.08009973e+00 
 6.88132120e-02 -1.08178647e+00 
 6.89132120e-02 -1.08347144e+00 
 6.90132120e-02 -1.08515463e+00 
 6.91132120e-02 -1.08683607e+00 
 6.92132120e-02 -1.08851576e+00 
 6.93132120e-02 -1.09019370e+00 
 6.94132120e-02 -1.09186991e+00 
 6.95132120e-02 -1.09354438e+00 
 6.96132120e-02 -1.09521712e+00 
 6.97132120e-02 -1.09688814e+00 
 6.98132120e-02 -1.09855745e+00 
 6.99132120e-02 -1.10022506e+00 
 7.00132120e-02 -1.10189096e+00 
 7.01132120e-02 -1.10355516e+00 
 7.02132120e-02 -1.10521768e+00 
 7.03132120e-02 -1.10687851e+00 
 7.04132120e-02 -1.10853766e+00 
 7.05132120e-02 -1.11019514e+00 
 7.06132120e-02 -1.11185095e+00 
 7.07132120e-02 -1.11350511e+00 
 7.08132120e-02 -1.11515760e+00 
 7.09132120e-02 -1.11680845e+00 
 7.10132120e-02 -1.11845764e+00 
 7.11132120e-02 -1.12010520e+00 
 7.12132120e-02 -1.12175113e+00 
 7.13132120e-02 -1.12339542e+00 
 7.14132120e-02 -1.12503809e+00 
 7.15132120e-02 -1.12667914e+00 
 7.16132120e-02 -1.12831857e+00 
 7.17132120e-02 -1.12995640e+00 
 7.18132120e-02 -1.13159262e+00 
 7.19132120e-02 -1.13322723e+00 
 7.20132120e-02 -1.13486026e+00 
 7.21132120e-02 -1.13649169e+00 
 7.22132120e-02 -1.13812153e+00 
 7.23132120e-02 -1.13974979e+00 
 7.24132120e-02 -1.14137647e+00 
 7.25132120e-02 -1.14300158e+00 
 7.26132120e-02 -1.14462512e+00 
 7.27132120e-02 -1.14624710e+00 
 7.28132120e-02 -1.14786751e+00 
 7.29132120e-02 -1.14948637e+00 
 7.30132120e-02 -1.15110368e+00 
 7.31132120e-02 -1.15271943e+00 
 7.32132120e-02 -1.15433365e+00 
 7.33132120e-02 -1.15594632e+00 
 7.34132120e-02 -1.15755745e+00 
 7.35132120e-02 -1.15916705e+00 
 7.36132120e-02 -1.16077513e+00 
 7.37132120e-02 -1.16238167e+00 
 7.38132120e-02 -1.16398670e+00 
 7.39132120e-02 -1.16559020e+00 
 7.40132120e-02 -1.16719219e+00 
 7.41132120e-02 -1.16879267e+00 
 7.42132120e-02 -1.17039164e+00 
 7.43132120e-02 -1.17198911e+00 
 7.44132120e-02 -1.17358508e+00 
 7.45132120e-02 -1.17517954e+00 
 7.46132120e-02 -1.17677252e+00 
 7.47132120e-02 -1.17836400e+00 
 7.48132120e-02 -1.17995399e+00 
 7.49132120e-02 -1.18154250e+00 
 7.50132120e-02 -1.18312952e+00 
 7.51132120e-02 -1.18471507e+00 
 7.52132120e-02 -1.18629914e+00 
 7.53132120e-02 -1.18788173e+00 
 7.54132120e-02 -1.18946285e+00 
 7.55132120e-02 -1.19104251e+00 
 7.56132120e-02 -1.19262070e+00 
 7.57132120e-02 -1.19419743e+00 
 7.58132120e-02 -1.19577269e+00 
 7.59132120e-02 -1.19734650e+00 
 7.60132120e-02 -1.19891885e+00 
 7.61132120e-02 -1.20048975e+00 
 7.62132120e-02 -1.20205921e+00 
 7.63132120e-02 -1.20362721e+00 
 7.64132120e-02 -1.20519376e+00 
 7.65132120e-02 -1.20675888e+00 
 7.66132120e-02 -1.20832255e+00 
 7.67132120e-02 -1.20988478e+00 
 7.68132120e-02 -1.21144558e+00 
 7.69132120e-02 -1.21300493e+00 
 7.70132120e-02 -1.21456286e+00 
 7.71132120e-02 -1.21611936e+00 
 7.72132120e-02 -1.21767442e+00 
 7.73132120e-02 -1.21922806e+00 
 7.74132120e-02 -1.22078027e+00 
 7.75132120e-02 -1.22233106e+00 
 7.76132120e-02 -1.22388043e+00 
 7.77132120e-02 -1.22542837e+00 
 7.78132120e-02 -1.22697489e+00 
 7.79132120e-02 -1.22852000e+00 
 7.80132120e-02 -1.23006369e+00 
 7.81132120e-02 -1.23160597e+00 
 7.82132120e-02 -1.23314683e+00 
 7.83132120e-02 -1.23468627e+00 
 7.84132120e-02 -1.23622431e+00 
 7.85132120e-02 -1.23776094e+00 
 7.86132120e-02 -1.23929615e+00 
 7.87132120e-02 -1.24082996e+00 
 7.88132120e-02 -1.24236236e+00 
 7.89132120e-02 -1.24389336e+00 
 7.90132120e-02 -1.24542294e+00 
 7.91132120e-02 -1.24695113e+00 
 7.92132120e-02 -1.24847791e+00 
 7.93132120e-02 -1.25000328e+00 
 7.94132120e-02 -1.25152725e+00 
 7.95132120e-02 -1.25304982e+00 
 7.96132120e-02 -1.25457099e+00 
 7.97132120e-02 -1.25609075e+00 
 7.98132120e-02 -1.25760912e+00 
 7.99132120e-02 -1.25912608e+00 
 8.00132120e-02 -1.26064164e+00 
 8.01132120e-02 -1.26215580e+00 
 8.02132120e-02 -1.26366855e+00 
 8.03132120e-02 -1.26517991e+00 
 8.04132120e-02 -1.26668987e+00 
 8.05132120e-02 -1.26819842e+00 
 8.06132120e-02 -1.26970557e+00 
 8.07132120e-02 -1.27121132e+00 
 8.08132120e-02 -1.27271566e+00 
 8.09132120e-02 -1.27421861e+00 
 8.10132120e-02 -1.27572015e+00 
 8.11132120e-02 -1.27722028e+00 
 8.12132120e-02 -1.27871901e+00 
 8.13132120e-02 -1.28021633e+00 
 8.14132120e-02 -1.28171224e+00 
 8.15132120e-02 -1.28320675e+00 
 8.16132120e-02 -1.28469985e+00 
 8.17132120e-02 -1.28619153e+00 
 8.18132120e-02 -1.28768181e+00 
 8.19132120e-02 -1.28917067e+00 
 8.20132120e-02 -1.29065811e+00 
 8.21132120e-02 -1.29214414e+00 
 8.22132120e-02 -1.29362875e+00 
 8.23132120e-02 -1.29511195e+00 
 8.24132120e-02 -1.29659371e+00 
 8.25132120e-02 -1.29807406e+00 
 8.26132120e-02 -1.29955298e+00 
 8.27132120e-02 -1.30103047e+00 
 8.28132120e-02 -1.30250653e+00 
 8.29132120e-02 -1.30398116e+00 
 8.30132120e-02 -1.30545435e+00 
 8.31132120e-02 -1.30692611e+00 
 8.32132120e-02 -1.30839642e+00 
 8.33132120e-02 -1.30986529e+00 
 8.34132120e-02 -1.31133272e+00 
 8.35132120e-02 -1.31279869e+00 
 8.36132120e-02 -1.31426322e+00 
 8.37132120e-02 -1.31572628e+00 
 8.38132120e-02 -1.31718789e+00 
 8.39132120e-02 -1.31864803e+00 
 8.40132120e-02 -1.32010671e+00 
 8.41132120e-02 -1.32156391e+00 
 8.42132120e-02 -1.32301964e+00 
 8.43132120e-02 -1.32447389e+00 
 8.44132120e-02 -1.32592666e+00 
 8.45132120e-02 -1.32737794e+00 
 8.46132120e-02 -1.32882773e+00 
 8.47132120e-02 -1.33027603e+00 
 8.48132120e-02 -1.33172282e+00 
 8.49132120e-02 -1.33316810e+00 
 8.50132120e-02 -1.33461187e+00 
 8.51132120e-02 -1.33605413e+00 
 8.52132120e-02 -1.33749486e+00 
 8.53132120e-02 -1.33893407e+00 
 8.54132120e-02 -1.34037174e+00 
 8.55132120e-02 -1.34180787e+00 
 8.56132120e-02 -1.34324246e+00 
 8.57132120e-02 -1.34467549e+00 
 8.58132120e-02 -1.34610697e+00 
 8.59132120e-02 -1.34753688e+00 
 8.60132120e-02 -1.34896522e+00 
 8.61132120e-02 -1.35039198e+00 
 8.62132120e-02 -1.35181716e+00 
 8.63132120e-02 -1.35324074e+00 
 8.64132120e-02 -1.35466273e+00 
 8.65132120e-02 -1.35608310e+00 
 8.66132120e-02 -1.35750186e+00 
 8.67132120e-02 -1.35891900e+00 
 8.68132120e-02 -1.36033451e+00 
 8.69132120e-02 -1.36174837e+00 
 8.70132120e-02 -1.36316059e+00 
 8.71132120e-02 -1.36457115e+00 
 8.72132120e-02 -1.36598005e+00 
 8.73132120e-02 -1.36738727e+00 
 8.74132120e-02 -1.36879280e+00 
 8.75132120e-02 -1.37019665e+00 
 8.76132120e-02 -1.37159879e+00 
 8.77132120e-02 -1.37299922e+00 
 8.78132120e-02 -1.37439793e+00 
 8.79132120e-02 -1.37579490e+00 
 8.80132120e-02 -1.37719013e+00 
 8.81132120e-02 -1.37858361e+00 
 8.82132120e-02 -1.37997533e+00 
 8.83132120e-02 -1.38136527e+00 
 8.84132120e-02 -1.38275342e+00 
 8.85132120e-02 -1.38413978e+00 
 8.86132120e-02 -1.38552434e+00 
 8.87132120e-02 -1.38690707e+00 
 8.88132120e-02 -1.38828798e+00 
 8.89132120e-02 -1.38966704e+00 
 8.90132120e-02 -1.39104425e+00 
 8.91132120e-02 -1.39241959e+00 
 8.92132120e-02 -1.39379306e+00 
 8.93132120e-02 -1.39516464e+00 
 8.94132120e-02 -1.39653431e+00 
 8.95132120e-02 -1.39790207e+00 
 8.96132120e-02 -1.39926791e+00 
 8.97132120e-02 -1.40063180e+00 
 8.98132120e-02 -1.40199374e+00 
 8.99132120e-02 -1.40335372e+00 
 9.00132120e-02 -1.40471172e+00 
 9.01132120e-02 -1.40606773e+00 
 9.02132120e-02 -1.40742174e+00 
 9.03132120e-02 -1.40877372e+00 
 9.04132120e-02 -1.41012368e+00 
 9.05132120e-02 -1.41147160e+00 
 9.06132120e-02 -1.41281746e+00 
 9.07132120e-02 -1.41416125e+00 
 9.08132120e-02 -1.41550296e+00 
 9.09132120e-02 -1.41684257e+00 
 9.10132120e-02 -1.41818007e+00 
 9.11132120e-02 -1.41951545e+00 
 9.12132120e-02 -1.42084869e+00 
 9.13132120e-02 -1.42217979e+00 
 9.14132120e-02 -1.42350872e+00 
 9.15132120e-02 -1.42483547e+00 
 9.16132120e-02 -1.42616004e+00 
 9.17132120e-02 -1.42748240e+00 
 9.18132120e-02 -1.42880255e+00 
 9.19132120e-02 -1.43012047e+00 
 9.20132120e-02 -1.43143615e+00 
 9.21132120e-02 -1.43274958e+00 
 9.22132120e-02 -1.43406074e+00 
 9.23132120e-02 -1.43536962e+00 
 9.24132120e-02 -1.43667620e+00 
 9.25132120e-02 -1.43798048e+00 
 9.26132120e-02 -1.43928245e+00 
 9.27132120e-02 -1.44058208e+00 
 9.28132120e-02 -1.44187938e+00 
 9.29132120e-02 -1.44317432e+00 
 9.30132120e-02 -1.44446689e+00 
 9.31132120e-02 -1.44575709e+00 
 9.32132120e-02 -1.44704489e+00 
 9.33132120e-02 -1.44833030e+00 
 9.34132120e-02 -1.44961330e+00 
 9.35132120e-02 -1.45089387e+00 
 9.36132120e-02 -1.45217201e+00 
 9.37132120e-02 -1.45344770e+00 
 9.38132120e-02 -1.45472094e+00 
 9.39132120e-02 -1.45599171e+00 
 9.40132120e-02 -1.45726001e+00 
 9.41132120e-02 -1.45852582e+00 
 9.42132120e-02 -1.45978914e+00 
 9.43132120e-02 -1.46104995e+00 
 9.44132120e-02 -1.46230825e+00 
 9.45132120e-02 -1.46356402e+00 
 9.46132120e-02 -1.46481726e+00 
 9.47132120e-02 -1.46606796e+00 
 9.48132120e-02 -1.46731611e+00 
 9.49132120e-02 -1.46856171e+00 
 9.50132120e-02 -1.46980473e+00 
 9.51132120e-02 -1.47104519e+00 
 9.52132120e-02 -1.47228306e+00 
 9.53132120e-02 -1.47351834e+00 
 9.54132120e-02 -1.47475103e+00 
 9.55132120e-02 -1.47598112e+00 
 9.56132120e-02 -1.47720860e+00 
 9.57132120e-02 -1.47843347e+00 
 9.58132120e-02 -1.47965571e+00 
 9.59132120e-02 -1.48087533e+00 
 9.60132120e-02 -1.48209232e+00 
 9.61132120e-02 -1.48330667e+00 
 9.62132120e-02 -1.48451839e+00 
 9.63132120e-02 -1.48572745e+00 
 9.64132120e-02 -1.48693387e+00 
 9.65132120e-02 -1.48813763e+00 
 9.66132120e-02 -1.48933874e+00 
 9.67132120e-02 -1.49053719e+00 
 9.68132120e-02 -1.49173297e+00 
 9.69132120e-02 -1.49292609e+00 
 9.70132120e-02 -1.49411654e+00 
 9.71132120e-02 -1.49530432e+00 
 9.72132120e-02 -1.49648943e+00 
 9.73132120e-02 -1.49767186e+00 
 9.74132120e-02 -1.49885162e+00 
 9.75132120e-02 -1.50002870e+00 
 9.76132120e-02 -1.50120311e+00 
 9.77132120e-02 -1.50237484e+00 
 9.78132120e-02 -1.50354389e+00 
 9.79132120e-02 -1.50471027e+00 
 9.80132120e-02 -1.50587397e+00 
 9.81132120e-02 -1.50703500e+00 
 9.82132120e-02 -1.50819335e+00 
 9.83132120e-02 -1.50934903e+00 
 9.84132120e-02 -1.51050204e+00 
 9.85132120e-02 -1.51165238e+00 
 9.86132120e-02 -1.51280006e+00 
 9.87132120e-02 -1.51394508e+00 
 9.88132120e-02 -1.51508743e+00 
 9.89132120e-02 -1.51622713e+00 
 9.90132120e-02 -1.51736417e+00 
 9.91132120e-02 -1.51849857e+00 
 9.92132120e-02 -1.51963032e+00 
 9.93132120e-02 -1.52075942e+00 
 9.94132120e-02 -1.52188590e+00 
 9.95132120e-02 -1.52300974e+00 
 9.96132120e-02 -1.52413095e+00 
 9.97132120e-02 -1.52524955e+00 
 9.98132120e-02 -1.52636552e+00 
 9.99132120e-02 -1.52747889e+00 
 1.00013212e-01 -1.52858966e+00 
 1.00113212e-01 -1.52969783e+00 
 1.00213212e-01 -1.53080341e+00 
 1.00313212e-01 -1.53190641e+00 
 1.00413212e-01 -1.53300683e+00 
 1.00513212e-01 -1.53410468e+00 
 1.00613212e-01 -1.53519997e+00 
 1.00713212e-01 -1.53629271e+00 
 1.00813212e-01 -1.53738290e+00 
 1.00913212e-01 -1.53847055e+00 
 1.01013212e-01 -1.53955568e+00 
 1.01113212e-01 -1.54063828e+00 
 1.01213212e-01 -1.54171838e+00 
 1.01313212e-01 -1.54279597e+00 
 1.01413212e-01 -1.54387107e+00 
 1.01513212e-01 -1.54494368e+00 
 1.01613212e-01 -1.54601382e+00 
 1.01713212e-01 -1.54708149e+00 
 1.01813212e-01 -1.54814671e+00 
 1.01913212e-01 -1.54920948e+00 
 1.02013212e-01 -1.55026981e+00 
 1.02113212e-01 -1.55132772e+00 
 1.02213212e-01 -1.55238322e+00 
 1.02313212e-01 -1.55343631e+00 
 1.02413212e-01 -1.55448700e+00 
 1.02513212e-01 -1.55553531e+00 
 1.02613212e-01 -1.55658125e+00 
 1.02713212e-01 -1.55762483e+00 
 1.02813212e-01 -1.55866605e+00 
 1.02913212e-01 -1.55970494e+00 
 1.03013212e-01 -1.56074149e+00 
 1.03113212e-01 -1.56177573e+00 
 1.03213212e-01 -1.56280767e+00 
 1.03313212e-01 -1.56383730e+00 
 1.03413212e-01 -1.56486466e+00 
 1.03513212e-01 -1.56588974e+00 
 1.03613212e-01 -1.56691257e+00 
 1.03713212e-01 -1.56793314e+00 
 1.03813212e-01 -1.56895148e+00 
 1.03913212e-01 -1.56996759e+00 
 1.04013212e-01 -1.57098149e+00 
 1.04113212e-01 -1.57199319e+00 
 1.04213212e-01 -1.57300270e+00 
 1.04313212e-01 -1.57401004e+00 
 1.04413212e-01 -1.57501520e+00 
 1.04513212e-01 -1.57601822e+00 
 1.04613212e-01 -1.57701909e+00 
 1.04713212e-01 -1.57801784e+00 
 1.04813212e-01 -1.57901447e+00 
 1.04913212e-01 -1.58000899e+00 
 1.05013212e-01 -1.58100142e+00 
 1.05113212e-01 -1.58199177e+00 
 1.05213212e-01 -1.58298006e+00 
 1.05313212e-01 -1.58396628e+00 
 1.05413212e-01 -1.58495047e+00 
 1.05513212e-01 -1.58593262e+00 
 1.05613212e-01 -1.58691275e+00 
 1.05713212e-01 -1.58789087e+00 
 1.05813212e-01 -1.58886700e+00 
 1.05913212e-01 -1.58984115e+00 
 1.06013212e-01 -1.59081333e+00 
 1.06113212e-01 -1.59178354e+00 
 1.06213212e-01 -1.59275181e+00 
 1.06313212e-01 -1.59371815e+00 
 1.06413212e-01 -1.59468256e+00 
 1.06513212e-01 -1.59564506e+00 
 1.06613212e-01 -1.59660566e+00 
 1.06713212e-01 -1.59756438e+00 
 1.06813212e-01 -1.59852122e+00 
 1.06913212e-01 -1.59947619e+00 
 1.07013212e-01 -1.60042932e+00 
 1.07113212e-01 -1.60138061e+00 
 1.07213212e-01 -1.60233007e+00 
 1.07313212e-01 -1.60327771e+00 
 1.07413212e-01 -1.60422355e+00 
 1.07513212e-01 -1.60516759e+00 
 1.07613212e-01 -1.60610986e+00 
 1.07713212e-01 -1.60705035e+00 
 1.07813212e-01 -1.60798909e+00 
 1.07913212e-01 -1.60892608e+00 
 1.08013212e-01 -1.60986134e+00 
 1.08113212e-01 -1.61079487e+00 
 1.08213212e-01 -1.61172669e+00 
 1.08313212e-01 -1.61265680e+00 
 1.08413212e-01 -1.61358523e+00 
 1.08513212e-01 -1.61451198e+00 
 1.08613212e-01 -1.61543706e+00 
 1.08713212e-01 -1.61636048e+00 
 1.08813212e-01 -1.61728226e+00 
 1.08913212e-01 -1.61820240e+00 
 1.09013212e-01 -1.61912092e+00 
 1.09113212e-01 -1.62003782e+00 
 1.09213212e-01 -1.62095312e+00 
 1.09313212e-01 -1.62186683e+00 
 1.09413212e-01 -1.62277895e+00 
 1.09513212e-01 -1.62368951e+00 
 1.09613212e-01 -1.62459850e+00 
 1.09713212e-01 -1.62550595e+00 
 1.09813212e-01 -1.62641185e+00 
 1.09913212e-01 -1.62731623e+00 
 1.10013212e-01 -1.62821908e+00 
 1.10113212e-01 -1.62912042e+00 
 1.10213212e-01 -1.63002027e+00 
 1.10313212e-01 -1.63091863e+00 
 1.10413212e-01 -1.63181550e+00 
 1.10513212e-01 -1.63271091e+00 
 1.10613212e-01 -1.63360486e+00 
 1.10713212e-01 -1.63449735e+00 
 1.10813212e-01 -1.63538841e+00 
 1.10913212e-01 -1.63627804e+00 
 1.11013212e-01 -1.63716624e+00 
 1.11113212e-01 -1.63805303e+00 
 1.11213212e-01 -1.63893842e+00 
 1.11313212e-01 -1.63982242e+00 
 1.11413212e-01 -1.64070503e+00 
 1.11513212e-01 -1.64158627e+00 
 1.11613212e-01 -1.64246615e+00 
 1.11713212e-01 -1.64334466e+00 
 1.11813212e-01 -1.64422183e+00 
 1.11913212e-01 -1.64509766e+00 
 1.12013212e-01 -1.64597216e+00 
 1.12113212e-01 -1.64684534e+00 
 1.12213212e-01 -1.64771721e+00 
 1.12313212e-01 -1.64858777e+00 
 1.12413212e-01 -1.64945704e+00 
 1.12513212e-01 -1.65032503e+00 
 1.12613212e-01 -1.65119173e+00 
 1.12713212e-01 -1.65205717e+00 
 1.12813212e-01 -1.65292134e+00 
 1.12913212e-01 -1.65378426e+00 
 1.13013212e-01 -1.65464594e+00 
 1.13113212e-01 -1.65550638e+00 
 1.13213212e-01 -1.65636559e+00 
 1.13313212e-01 -1.65722358e+00 
 1.13413212e-01 -1.65808036e+00 
 1.13513212e-01 -1.65893593e+00 
 1.13613212e-01 -1.65979031e+00 
 1.13713212e-01 -1.66064350e+00 
 1.13813212e-01 -1.66149550e+00 
 1.13913212e-01 -1.66234634e+00 
 1.14013212e-01 -1.66319600e+00 
 1.14113212e-01 -1.66404451e+00 
 1.14213212e-01 -1.66489187e+00 
 1.14313212e-01 -1.66573808e+00 
 1.14413212e-01 -1.66658315e+00 
 1.14513212e-01 -1.66742710e+00 
 1.14613212e-01 -1.66826993e+00 
 1.14713212e-01 -1.66911163e+00 
 1.14813212e-01 -1.66995224e+00 
 1.14913212e-01 -1.67079174e+00 
 1.15013212e-01 -1.67163014e+00 
 1.15113212e-01 -1.67246746e+00 
 1.15213212e-01 -1.67330370e+00 
 1.15313212e-01 -1.67413887e+00 
 1.15413212e-01 -1.67497297e+00 
 1.15513212e-01 -1.67580601e+00 
 1.15613212e-01 -1.67663800e+00 
 1.15713212e-01 -1.67746894e+00 
 1.15813212e-01 -1.67829884e+00 
 1.15913212e-01 -1.67912770e+00 
 1.16013212e-01 -1.67995554e+00 
 1.16113212e-01 -1.68078236e+00 
 1.16213212e-01 -1.68160816e+00 
 1.16313212e-01 -1.68243296e+00 
 1.16413212e-01 -1.68325675e+00 
 1.16513212e-01 -1.68407955e+00 
 1.16613212e-01 -1.68490135e+00 
 1.16713212e-01 -1.68572217e+00 
 1.16813212e-01 -1.68654202e+00 
 1.16913212e-01 -1.68736089e+00 
 1.17013212e-01 -1.68817880e+00 
 1.17113212e-01 -1.68899574e+00 
 1.17213212e-01 -1.68981174e+00 
 1.17313212e-01 -1.69062678e+00 
 1.17413212e-01 -1.69144088e+00 
 1.17513212e-01 -1.69225404e+00 
 1.17613212e-01 -1.69306627e+00 
 1.17713212e-01 -1.69387757e+00 
 1.17813212e-01 -1.69468795e+00 
 1.17913212e-01 -1.69549742e+00 
 1.18013212e-01 -1.69630598e+00 
 1.18113212e-01 -1.69711363e+00 
 1.18213212e-01 -1.69792038e+00 
 1.18313212e-01 -1.69872624e+00 
 1.18413212e-01 -1.69953121e+00 
 1.18513212e-01 -1.70033530e+00 
 1.18613212e-01 -1.70113851e+00 
 1.18713212e-01 -1.70194084e+00 
 1.18813212e-01 -1.70274231e+00 
 1.18913212e-01 -1.70354291e+00 
 1.19013212e-01 -1.70434265e+00 
 1.19113212e-01 -1.70514154e+00 
 1.19213212e-01 -1.70593958e+00 
 1.19313212e-01 -1.70673678e+00 
 1.19413212e-01 -1.70753314e+00 
 1.19513212e-01 -1.70832866e+00 
 1.19613212e-01 -1.70912336e+00 
 1.19713212e-01 -1.70991723e+00 
 1.19813212e-01 -1.71071028e+00 
 1.19913212e-01 -1.71150251e+00 
 1.20000000e-01 -1.71218941e+00 
