 5.00000000e-09  7.14363333e-09 
 5.14019886e-09  7.29989615e-09 
 5.42059659e-09  7.59555702e-09 
 5.98139205e-09  8.15149597e-09 
 6.74734557e-09  8.87453316e-09 
 8.08044672e-09  1.00961918e-08 
 1.07466490e-08  1.24923803e-08 
 1.60790536e-08  1.72260499e-08 
 2.67438628e-08  2.66374923e-08 
 4.35068995e-08  4.15329534e-08 
 6.08289600e-08  5.69330714e-08 
 7.29130097e-08  6.75476594e-08 
 8.41642808e-08  7.72768145e-08 
 9.23893382e-08  8.42261262e-08 
 1.01665772e-07  9.17643688e-08 
 1.12653994e-07  1.00216294e-07 
 1.24138485e-07  1.08650284e-07 
 1.41462736e-07  1.21120944e-07 
 1.60393295e-07  1.34765774e-07 
 1.88672046e-07  1.55249723e-07 
 2.29375777e-07  1.84444776e-07 
 2.75643099e-07  2.16764656e-07 
 3.37704056e-07  2.58503407e-07 
 4.37978492e-07  3.22401795e-07 
 5.00000000e-07  3.60032050e-07 
 5.12107188e-07  3.67214124e-07 
 5.36321563e-07  3.81425354e-07 
 5.63690760e-07  3.97021303e-07 
 5.85068499e-07  4.08254573e-07 
 6.13849187e-07  4.21720656e-07 
 6.26354135e-07  4.28303442e-07 
 6.39234387e-07  4.35563340e-07 
 6.50585520e-07  4.42060220e-07 
 6.65768764e-07  4.50785315e-07 
 6.79576816e-07  4.58762118e-07 
 6.92330398e-07  4.66162035e-07 
 7.00955668e-07  4.71180596e-07 
 7.10685392e-07  4.76851263e-07 
 7.19645609e-07  4.82078692e-07 
 7.26917460e-07  4.86322354e-07 
 7.35768219e-07  4.91485548e-07 
 7.39510793e-07  4.93667668e-07 
 7.42467416e-07  4.95390793e-07 
 7.45665913e-07  4.97253940e-07 
 7.48666757e-07  4.99000929e-07 
 7.52706674e-07  5.01351044e-07 
 7.60603312e-07  5.05937787e-07 
 7.72211654e-07  5.12660935e-07 
 7.93736511e-07  5.25053056e-07 
 8.25802925e-07  5.43305631e-07 
 8.82231536e-07  5.74757339e-07 
 9.79250052e-07  6.26839354e-07 
 1.00000000e-06  6.37662782e-07 
 1.01318905e-06  6.44478421e-07 
 1.03956714e-06  6.57997646e-07 
 1.07103386e-06  6.73929106e-07 
 1.11421505e-06  6.95567669e-07 
 1.14455099e-06  7.11112151e-07 
 1.16440349e-06  7.21391645e-07 
 1.18799194e-06  7.33647135e-07 
 1.21098371e-06  7.45494573e-07 
 1.23179846e-06  7.56110240e-07 
 1.27342795e-06  7.77003866e-07 
 1.34462510e-06  8.11692361e-07 
 1.42431162e-06  8.48663284e-07 
 1.49039071e-06  8.77891103e-07 
 1.55159224e-06  9.04261495e-07 
 1.62306620e-06  9.34060982e-07 
 1.66925007e-06  9.51215944e-07 
 1.71149771e-06  9.65531132e-07 
 1.75551422e-06  9.79507472e-07 
 1.81092305e-06  9.96058710e-07 
 1.92102316e-06  1.02665971e-06 
 2.05890179e-06  1.06379163e-06 
 2.19439511e-06  1.10302390e-06 
 2.31546708e-06  1.15327784e-06 
 2.43025161e-06  1.34031799e-06 
 2.50755892e-06  1.83754519e-06 
 2.56978383e-06  2.99135475e-06 
 2.62649306e-06  5.61907808e-06 
 2.68376189e-06  1.18958050e-05 
 2.74365844e-06  2.69389502e-05 
 2.80507451e-06  5.99736615e-05 
 2.87402503e-06  1.35045406e-04 
 2.95342072e-06  3.01465344e-04 
 3.04070660e-06  6.28997093e-04 
 3.08235358e-06  8.30660391e-04 
 3.10939982e-06  9.54963415e-04 
 3.12496263e-06  1.01797718e-03 
 3.14075550e-06  1.07642551e-03 
 3.15528127e-06  1.12886137e-03 
 3.17098523e-06  1.18775129e-03 
 3.18580993e-06  1.24746112e-03 
 3.21073835e-06  1.36007213e-03 
 3.23671367e-06  1.49587135e-03 
 3.26326521e-06  1.65824868e-03 
 3.29448185e-06  1.88130227e-03 
 3.32911442e-06  2.16311751e-03 
 3.36079257e-06  2.44758709e-03 
 3.40809759e-06  2.91860913e-03 
 3.49131239e-06  3.89682518e-03 
 3.65774197e-06  6.51796933e-03 
 3.95421817e-06  1.37477080e-02 
 4.39071550e-06  3.11477702e-02 
 4.83632453e-06  5.81290673e-02 
 5.15973458e-06  8.98810860e-02 
 5.39744738e-06  1.23069465e-01 
 5.60123726e-06  1.56542892e-01 
 5.81768634e-06  1.95342702e-01 
 6.02965417e-06  2.35815492e-01 
 6.13226357e-06  2.56229951e-01 
 6.19620009e-06  2.67900876e-01 
 6.22232856e-06  2.72224039e-01 
 6.24839450e-06  2.76293532e-01 
 6.27656729e-06  2.80448862e-01 
 6.30670916e-06  2.84654686e-01 
 6.35539854e-06  2.91034261e-01 
 6.43738690e-06  3.00928762e-01 
 6.56442026e-06  3.14856870e-01 
 6.73249700e-06  3.31657601e-01 
 6.93153838e-06  3.50128574e-01 
 7.20512903e-06  3.74180663e-01 
 7.70223263e-06  4.16129871e-01 
 8.33836483e-06  4.68439946e-01 
 9.39085642e-06  5.55560627e-01 
 1.00000000e-05  6.08001722e-01 
 1.00965411e-05  6.16408867e-01 
 1.02896234e-05  6.33161128e-01 
 1.06757880e-05  6.66402795e-01 
 1.13507808e-05  7.24013083e-01 
 1.18967275e-05  7.70112885e-01 
 1.22531703e-05  7.99404183e-01 
 1.26932511e-05  8.30943305e-01 
 1.28694965e-05  8.41944980e-01 
 1.30067635e-05  8.49831167e-01 
 1.31412820e-05  8.56979715e-01 
 1.34103191e-05  8.69603149e-01 
 1.39483933e-05  8.88613350e-01 
 1.48455809e-05  9.05061569e-01 
 1.57193623e-05  9.10460105e-01 
 1.73065038e-05  9.14299864e-01 
 1.91532044e-05  9.15856338e-01 
 2.20651184e-05  9.16779141e-01 
 2.65213936e-05  9.17297771e-01 
 3.06009595e-05  9.17437780e-01 
 3.87600914e-05  9.17525748e-01 
 5.50783551e-05  9.17548014e-01 
 8.77148825e-05  9.17469635e-01 
 1.00000000e-04  9.17415915e-01 
 1.06527305e-04  9.17383855e-01 
 1.19581916e-04  9.17319736e-01 
 1.45691138e-04  9.17191503e-01 
 1.97909582e-04  9.16935092e-01 
 2.97909582e-04  9.16444319e-01 
 3.97909582e-04  9.15953903e-01 
 4.97909582e-04  9.15463788e-01 
 5.97909582e-04  1.02591509e+00 
 6.50644547e-04  1.12992613e+00 
 7.11532991e-04  1.22432052e+00 
 7.83069709e-04  1.32847016e+00 
 8.83069709e-04  1.47145965e+00 
 9.83069709e-04  1.60902366e+00 
 1.08306971e-03  1.74119957e+00 
 1.18306971e-03  1.86822834e+00 
 1.28306971e-03  1.99030949e+00 
 1.38306971e-03  2.10763275e+00 
 1.48306971e-03  2.22038773e+00 
 1.58306971e-03  2.32875276e+00 
 1.68306971e-03  2.43289448e+00 
 1.78306971e-03  2.53297862e+00 
 1.88306971e-03  2.62916366e+00 
 1.98306971e-03  2.72159995e+00 
 2.08306971e-03  2.81043608e+00 
 2.18306971e-03  2.89581136e+00 
 2.28306971e-03  2.97786019e+00 
 2.38306971e-03  3.05671214e+00 
 2.48306971e-03  3.13249172e+00 
 2.58306971e-03  3.20531859e+00 
 2.68306971e-03  3.27530775e+00 
 2.78306971e-03  3.34256972e+00 
 2.88306971e-03  3.40721071e+00 
 2.98306971e-03  3.46933284e+00 
 3.08306971e-03  3.52903419e+00 
 3.18306971e-03  3.58640907e+00 
 3.28306971e-03  3.64154807e+00 
 3.38306971e-03  3.69453828e+00 
 3.48306971e-03  3.74546344e+00 
 3.58306971e-03  3.79440400e+00 
 3.68306971e-03  3.84143731e+00 
 3.78306971e-03  3.88663767e+00 
 3.88306971e-03  3.93007649e+00 
 3.98306971e-03  3.97182239e+00 
 4.08306971e-03  4.01194135e+00 
 4.18306971e-03  4.05049674e+00 
 4.28306971e-03  4.08754972e+00 
 4.38306971e-03  4.12315841e+00 
 4.48306971e-03  4.15737922e+00 
 4.58306971e-03  4.19026630e+00 
 4.68306971e-03  4.22187160e+00 
 4.78306971e-03  4.25224506e+00 
 4.88306971e-03  4.28143469e+00 
 4.98306971e-03  4.30948648e+00 
 5.08306971e-03  4.33644503e+00 
 5.18306971e-03  4.36235326e+00 
 5.28306971e-03  4.38725097e+00 
 5.38306971e-03  4.41117852e+00 
 5.48306971e-03  4.43417349e+00 
 5.58306971e-03  4.45627213e+00 
 5.68306971e-03  4.47750941e+00 
 5.78306971e-03  4.49791884e+00 
 5.88306971e-03  4.51753280e+00 
 5.98306971e-03  4.53638226e+00 
 6.08306971e-03  4.55449699e+00 
 6.18306971e-03  4.57190563e+00 
 6.28306971e-03  4.58863571e+00 
 6.38306971e-03  4.60471367e+00 
 6.48306971e-03  4.62016492e+00 
 6.58306971e-03  4.63501389e+00 
 6.68306971e-03  4.64928406e+00 
 6.78306971e-03  4.66299799e+00 
 6.88306971e-03  4.67617736e+00 
 6.98306971e-03  4.68884299e+00 
 7.08306971e-03  4.70101492e+00 
 7.18306971e-03  4.71271239e+00 
 7.28306971e-03  4.72395390e+00 
 7.38306971e-03  4.73475720e+00 
 7.48306971e-03  4.74513939e+00 
 7.58306971e-03  4.75511687e+00 
 7.68306971e-03  4.76470543e+00 
 7.78306971e-03  4.77392022e+00 
 7.88306971e-03  4.78277581e+00 
 7.98306971e-03  4.79128620e+00 
 8.08306971e-03  4.79946485e+00 
 8.18306971e-03  4.80732469e+00 
 8.28306971e-03  4.81487815e+00 
 8.38306971e-03  4.82213716e+00 
 8.48306971e-03  4.82911320e+00 
 8.58306971e-03  4.83581731e+00 
 8.68306971e-03  4.84226009e+00 
 8.78306971e-03  4.84845172e+00 
 8.88306971e-03  4.85440198e+00 
 8.98306971e-03  4.86012030e+00 
 9.08306971e-03  4.86561571e+00 
 9.18306971e-03  4.87089690e+00 
 9.28306971e-03  4.87597222e+00 
 9.38306971e-03  4.88084970e+00 
 9.48306971e-03  4.88553704e+00 
 9.58306971e-03  4.89004166e+00 
 9.68306971e-03  4.89437068e+00 
 9.78306971e-03  4.89853095e+00 
 9.88306971e-03  4.90252905e+00 
 9.98306971e-03  4.90637129e+00 
 1.00830697e-02  4.91006375e+00 
 1.01830697e-02  4.91361227e+00 
 1.02830697e-02  4.91702247e+00 
 1.03830697e-02  4.92029973e+00 
 1.04830697e-02  4.92344923e+00 
 1.05830697e-02  4.92647596e+00 
 1.06830697e-02  4.92938470e+00 
 1.07830697e-02  4.93218005e+00 
 1.08830697e-02  4.93486644e+00 
 1.09830697e-02  4.93744810e+00 
 1.10830697e-02  4.93992912e+00 
 1.11830697e-02  4.94231343e+00 
 1.12830697e-02  4.94460479e+00 
 1.13830697e-02  4.94680683e+00 
 1.14830697e-02  4.94892302e+00 
 1.15830697e-02  4.95095673e+00 
 1.16830697e-02  4.95291115e+00 
 1.17830697e-02  4.95478939e+00 
 1.18830697e-02  4.95659441e+00 
 1.19830697e-02  4.95832906e+00 
 1.20830697e-02  4.95999610e+00 
 1.21830697e-02  4.96159815e+00 
 1.22830697e-02  4.96313774e+00 
 1.23830697e-02  4.96461732e+00 
 1.24830697e-02  4.96603923e+00 
 1.25830697e-02  4.96740570e+00 
 1.26830697e-02  4.96871890e+00 
 1.27830697e-02  4.96998092e+00 
 1.28830697e-02  4.97119373e+00 
 1.29830697e-02  4.97235927e+00 
 1.30830697e-02  4.97347937e+00 
 1.31830697e-02  4.97455581e+00 
 1.32830697e-02  4.97559029e+00 
 1.33830697e-02  4.97658443e+00 
 1.34830697e-02  4.97753983e+00 
 1.35830697e-02  4.97845798e+00 
 1.36830697e-02  4.97934034e+00 
 1.37830697e-02  4.98018830e+00 
 1.38830697e-02  4.98100321e+00 
 1.39830697e-02  4.98178635e+00 
 1.40830697e-02  4.98253896e+00 
 1.41830697e-02  4.98326223e+00 
 1.42830697e-02  4.98395731e+00 
 1.43830697e-02  4.98462529e+00 
 1.44830697e-02  4.98526723e+00 
 1.45830697e-02  4.98588415e+00 
 1.46830697e-02  4.98647702e+00 
 1.47830697e-02  4.98704677e+00 
 1.48830697e-02  4.98759432e+00 
 1.49830697e-02  4.98812052e+00 
 1.50830697e-02  4.98862621e+00 
 1.51830697e-02  4.98911218e+00 
 1.52830697e-02  4.98957921e+00 
 1.53830697e-02  4.99002804e+00 
 1.54830697e-02  4.99045937e+00 
 1.55830697e-02  4.99087388e+00 
 1.56830697e-02  4.99127224e+00 
 1.57830697e-02  4.99165506e+00 
 1.58830697e-02  4.99202297e+00 
 1.59830697e-02  4.99237653e+00 
 1.60830697e-02  4.99271630e+00 
 1.61830697e-02  4.99304284e+00 
 1.62830697e-02  4.99335664e+00 
 1.63830697e-02  4.99365821e+00 
 1.64830697e-02  4.99394803e+00 
 1.65830697e-02  4.99422654e+00 
 1.66830697e-02  4.99449420e+00 
 1.67830697e-02  4.99475143e+00 
 1.68830697e-02  4.99499863e+00 
 1.69830697e-02  4.99523619e+00 
 1.70830697e-02  4.99546449e+00 
 1.71830697e-02  4.99568389e+00 
 1.72830697e-02  4.99589474e+00 
 1.73830697e-02  4.99609737e+00 
 1.74830697e-02  4.99629210e+00 
 1.75830697e-02  4.99647924e+00 
 1.76830697e-02  4.99665908e+00 
 1.77830697e-02  4.99683191e+00 
 1.78830697e-02  4.99699801e+00 
 1.79830697e-02  4.99715763e+00 
 1.80830697e-02  4.99731103e+00 
 1.81830697e-02  4.99745845e+00 
 1.82830697e-02  4.99760012e+00 
 1.83830697e-02  4.99773627e+00 
 1.84830697e-02  4.99786711e+00 
 1.85830697e-02  4.99799285e+00 
 1.86830697e-02  4.99811369e+00 
 1.87830697e-02  4.99822982e+00 
 1.88830697e-02  4.99834142e+00 
 1.89830697e-02  4.99844867e+00 
 1.90830697e-02  4.99855174e+00 
 1.91830697e-02  4.99865079e+00 
 1.92830697e-02  4.99874598e+00 
 1.93830697e-02  4.99883746e+00 
 1.94830697e-02  4.99892538e+00 
 1.95830697e-02  4.99900986e+00 
 1.96830697e-02  4.99909106e+00 
 1.97830697e-02  4.99916909e+00 
 1.98830697e-02  4.99924407e+00 
 1.99830697e-02  4.99931613e+00 
 2.00000000e-02  4.99932805e+00 
 2.00100000e-02  4.99898393e+00 
 2.00300000e-02  4.99814086e+00 
 2.00700000e-02  4.99832764e+00 
 2.01500000e-02  4.99931236e+00 
 2.02500000e-02  4.99932345e+00 
 2.03500000e-02  4.99935375e+00 
 2.04500000e-02  4.99942313e+00 
 2.05500000e-02  4.99949344e+00 
 2.06500000e-02  4.99955733e+00 
 2.07500000e-02  4.99961653e+00 
 2.08500000e-02  4.99967212e+00 
 2.09500000e-02  4.99972464e+00 
 2.10500000e-02  4.99977445e+00 
 2.11500000e-02  4.99982182e+00 
 2.12500000e-02  4.99986697e+00 
 2.13500000e-02  4.99991007e+00 
 2.14500000e-02  4.99995124e+00 
 2.15500000e-02  4.99999062e+00 
 2.16500000e-02  5.00002830e+00 
 2.17500000e-02  5.00006438e+00 
 2.18500000e-02  5.00009894e+00 
 2.19500000e-02  5.00013206e+00 
 2.20500000e-02  5.00016379e+00 
 2.21500000e-02  5.00019421e+00 
 2.22500000e-02  5.00022338e+00 
 2.23500000e-02  5.00025134e+00 
 2.24500000e-02  5.00027816e+00 
 2.25500000e-02  5.00030388e+00 
 2.26500000e-02  5.00032855e+00 
 2.27500000e-02  5.00035221e+00 
 2.28500000e-02  5.00037490e+00 
 2.29500000e-02  5.00039667e+00 
 2.30500000e-02  5.00041756e+00 
 2.31500000e-02  5.00043759e+00 
 2.32500000e-02  5.00045680e+00 
 2.33500000e-02  5.00047523e+00 
 2.34500000e-02  5.00049291e+00 
 2.35500000e-02  5.00050987e+00 
 2.36500000e-02  5.00052613e+00 
 2.37500000e-02  5.00054174e+00 
 2.38500000e-02  5.00055670e+00 
 2.39500000e-02  5.00057105e+00 
 2.40500000e-02  5.00058481e+00 
 2.41500000e-02  5.00059801e+00 
 2.42500000e-02  5.00061067e+00 
 2.43500000e-02  5.00062280e+00 
 2.44500000e-02  5.00063444e+00 
 2.45500000e-02  5.00064560e+00 
 2.46500000e-02  5.00065629e+00 
 2.47500000e-02  5.00066655e+00 
 2.48500000e-02  5.00067638e+00 
 2.49500000e-02  5.00068580e+00 
 2.50500000e-02  5.00069483e+00 
 2.51500000e-02  5.00070348e+00 
 2.52500000e-02  5.00071177e+00 
 2.53500000e-02  5.00071971e+00 
 2.54500000e-02  5.00072732e+00 
 2.55500000e-02  5.00073461e+00 
 2.56500000e-02  5.00074159e+00 
 2.57500000e-02  5.00074828e+00 
 2.58500000e-02  5.00075469e+00 
 2.59500000e-02  5.00076082e+00 
 2.60500000e-02  5.00076669e+00 
 2.61500000e-02  5.00077230e+00 
 2.62500000e-02  5.00077768e+00 
 2.63500000e-02  5.00078283e+00 
 2.64500000e-02  5.00078775e+00 
 2.65500000e-02  5.00079246e+00 
 2.66500000e-02  5.00079696e+00 
 2.67500000e-02  5.00080127e+00 
 2.68500000e-02  5.00080538e+00 
 2.69500000e-02  5.00080932e+00 
 2.70500000e-02  5.00081308e+00 
 2.71500000e-02  5.00081667e+00 
 2.72500000e-02  5.00082011e+00 
 2.73500000e-02  5.00082338e+00 
 2.74500000e-02  5.00082651e+00 
 2.75500000e-02  5.00082950e+00 
 2.76500000e-02  5.00083235e+00 
 2.77500000e-02  5.00083507e+00 
 2.78500000e-02  5.00083766e+00 
 2.79500000e-02  5.00084013e+00 
 2.80500000e-02  5.00084248e+00 
 2.81500000e-02  5.00084473e+00 
 2.82500000e-02  5.00084686e+00 
 2.83500000e-02  5.00084890e+00 
 2.84500000e-02  5.00085083e+00 
 2.85500000e-02  5.00085267e+00 
 2.86500000e-02  5.00085442e+00 
 2.87500000e-02  5.00085608e+00 
 2.88500000e-02  5.00085765e+00 
 2.89500000e-02  5.00085915e+00 
 2.90500000e-02  5.00086057e+00 
 2.91500000e-02  5.00086191e+00 
 2.92500000e-02  5.00086319e+00 
 2.93500000e-02  5.00086439e+00 
 2.94500000e-02  5.00086553e+00 
 2.95500000e-02  5.00086661e+00 
 2.96500000e-02  5.00086763e+00 
 2.97500000e-02  5.00086859e+00 
 2.98500000e-02  5.00086949e+00 
 2.99500000e-02  5.00087034e+00 
 3.00500000e-02  5.00087114e+00 
 3.01500000e-02  5.00087189e+00 
 3.02500000e-02  5.00087259e+00 
 3.03500000e-02  5.00087325e+00 
 3.04500000e-02  5.00087386e+00 
 3.05500000e-02  5.00087444e+00 
 3.06500000e-02  5.00087497e+00 
 3.07500000e-02  5.00087546e+00 
 3.08500000e-02  5.00087592e+00 
 3.09500000e-02  5.00087635e+00 
 3.10500000e-02  5.00087674e+00 
 3.11500000e-02  5.00087709e+00 
 3.12500000e-02  5.00087742e+00 
 3.13500000e-02  5.00087772e+00 
 3.14500000e-02  5.00087799e+00 
 3.15500000e-02  5.00087823e+00 
 3.16500000e-02  5.00087845e+00 
 3.17500000e-02  5.00087866e+00 
 3.18500000e-02  4.99626363e+00 
 3.19219566e-02  4.98008480e+00 
 3.20113283e-02  4.94675381e+00 
 3.20483040e-02  4.92884767e+00 
 3.20819494e-02  4.91065885e+00 
 3.21026715e-02  4.89865997e+00 
 3.21310728e-02  4.88138229e+00 
 3.21878754e-02  4.84451030e+00 
 3.22878754e-02  4.77402668e+00 
 3.23878754e-02  4.69823565e+00 
 3.24878754e-02  4.61845358e+00 
 3.25878754e-02  4.53547577e+00 
 3.26878754e-02  4.44973686e+00 
 3.27878754e-02  4.36146424e+00 
 3.28878754e-02  4.27077713e+00 
 3.29878754e-02  4.17773777e+00 
 3.30878754e-02  4.08240546e+00 
 3.31878754e-02  3.98482320e+00 
 3.32878754e-02  3.88502308e+00 
 3.33878754e-02  3.78303005e+00 
 3.34878754e-02  3.67886473e+00 
 3.35878754e-02  3.57255477e+00 
 3.36878754e-02  3.46414878e+00 
 3.37878754e-02  3.35371146e+00 
 3.38878754e-02  3.24131794e+00 
 3.39878754e-02  3.12705688e+00 
 3.40878754e-02  3.01103994e+00 
 3.41878754e-02  2.89341525e+00 
 3.42878754e-02  2.77438602e+00 
 3.43878754e-02  2.65423410e+00 
 3.44878754e-02  2.53334804e+00 
 3.45878754e-02  2.41225328e+00 
 3.46878754e-02  2.29163880e+00 
 3.47878754e-02  2.17237084e+00 
 3.48878754e-02  2.05548117e+00 
 3.49878754e-02  1.94211749e+00 
 3.50878754e-02  1.83345046e+00 
 3.51878754e-02  1.73054658e+00 
 3.52878754e-02  1.63423898e+00 
 3.53878754e-02  1.54500736e+00 
 3.54878754e-02  1.46293881e+00 
 3.55878754e-02  1.38779386e+00 
 3.56878754e-02  1.31903490e+00 
 3.57878754e-02  1.25600041e+00 
 3.58878754e-02  1.19798109e+00 
 3.59878754e-02  1.14430673e+00 
 3.60878754e-02  1.09437497e+00 
 3.61878754e-02  1.04768300e+00 
 3.62878754e-02  1.00381766e+00 
 3.63878754e-02  9.62440143e-01 
 3.64878754e-02  9.23270709e-01 
 3.65878754e-02  8.86075704e-01 
 3.66878754e-02  8.50657573e-01 
 3.67878754e-02  8.16847434e-01 
 3.68878754e-02  7.84499580e-01 
 3.69878754e-02  7.53487346e-01 
 3.70878754e-02  7.23699910e-01 
 3.71878754e-02  6.95039749e-01 
 3.72878754e-02  6.67420593e-01 
 3.73878754e-02  6.40765432e-01 
 3.74878754e-02  6.15006307e-01 
 3.75878754e-02  5.90081801e-01 
 3.76878754e-02  5.65936793e-01 
 3.77878754e-02  5.42520986e-01 
 3.78878754e-02  5.19789172e-01 
 3.79878754e-02  4.97700304e-01 
 3.80878754e-02  4.76216929e-01 
 3.81878754e-02  4.55304655e-01 
 3.82878754e-02  4.34932262e-01 
 3.83878754e-02  4.15070952e-01 
 3.84878754e-02  3.95693931e-01 
 3.85878754e-02  3.76776651e-01 
 3.86878754e-02  3.58296353e-01 
 3.87878754e-02  3.40232121e-01 
 3.88878754e-02  3.22564390e-01 
 3.89878754e-02  3.05274950e-01 
 3.90878754e-02  2.88346846e-01 
 3.91878754e-02  2.71764254e-01 
 3.92878754e-02  2.55512384e-01 
 3.93878754e-02  2.39577388e-01 
 3.94878754e-02  2.23946283e-01 
 3.95878754e-02  2.08606876e-01 
 3.96878754e-02  1.93547706e-01 
 3.97878754e-02  1.78757984e-01 
 3.98878754e-02  1.64227540e-01 
 3.99878754e-02  1.49946780e-01 
 4.00878754e-02  1.35906640e-01 
 4.01878754e-02  1.22098549e-01 
 4.02878754e-02  1.08514394e-01 
 4.03878754e-02  9.51464853e-02 
 4.04878754e-02  8.19875315e-02 
 4.05878754e-02  6.90306091e-02 
 4.06878754e-02  5.62691392e-02 
 4.07878754e-02  4.36968651e-02 
 4.08878754e-02  3.13078311e-02 
 4.09878754e-02  1.90963635e-02 
 4.10878754e-02  7.05705311e-03 
 4.11878754e-02 -4.81526116e-03 
 4.12878754e-02 -1.65255072e-02 
 4.13878754e-02 -2.80783938e-02 
 4.14878754e-02 -3.94784232e-02 
 4.15878754e-02 -5.07299035e-02 
 4.16878754e-02 -6.18369593e-02 
 4.17878754e-02 -7.28035425e-02 
 4.18878754e-02 -8.36334413e-02 
 4.19878754e-02 -9.43302897e-02 
 4.20878754e-02 -1.04897575e-01 
 4.21878754e-02 -1.15338648e-01 
 4.22878754e-02 -1.25656726e-01 
 4.23878754e-02 -1.35854903e-01 
 4.24878754e-02 -1.45936155e-01 
 4.25878754e-02 -1.55903347e-01 
 4.26878754e-02 -1.65759237e-01 
 4.27878754e-02 -1.75506481e-01 
 4.28878754e-02 -1.85147640e-01 
 4.29878754e-02 -1.94685182e-01 
 4.30878754e-02 -2.04121488e-01 
 4.31878754e-02 -2.13458857e-01 
 4.32878754e-02 -2.22699507e-01 
 4.33878754e-02 -2.31845579e-01 
 4.34878754e-02 -2.40899144e-01 
 4.35878754e-02 -2.49862200e-01 
 4.36878754e-02 -2.58736680e-01 
 4.37878754e-02 -2.67524449e-01 
 4.38878754e-02 -2.76227311e-01 
 4.39878754e-02 -2.84847008e-01 
 4.40878754e-02 -2.93385220e-01 
 4.41878754e-02 -3.01843565e-01 
 4.42878754e-02 -3.10223599e-01 
 4.43878754e-02 -3.18526812e-01 
 4.44878754e-02 -3.26754622e-01 
 4.45878754e-02 -3.34908372e-01 
 4.46878754e-02 -3.42989311e-01 
 4.47878754e-02 -3.50998585e-01 
 4.48878754e-02 -3.58937208e-01 
 4.49878754e-02 -3.66806033e-01 
 4.50878754e-02 -3.74605704e-01 
 4.51878754e-02 -3.82336596e-01 
 4.52878754e-02 -3.89998729e-01 
 4.53878754e-02 -3.97591659e-01 
 4.54878754e-02 -4.05114330e-01 
 4.55878754e-02 -4.12564878e-01 
 4.56878754e-02 -4.19940392e-01 
 4.57878754e-02 -4.27236615e-01 
 4.58878754e-02 -4.34447586e-01 
 4.59878754e-02 -4.41565258e-01 
 4.60878754e-02 -4.48579116e-01 
 4.61878754e-02 -4.55475892e-01 
 4.62878754e-02 -4.62239485e-01 
 4.63878754e-02 -4.68851260e-01 
 4.64878754e-02 -4.75290862e-01 
 4.65878754e-02 -4.81537623e-01 
 4.66878754e-02 -4.87572457e-01 
 4.67878754e-02 -4.93379920e-01 
 4.68878754e-02 -4.98949962e-01 
 4.69878754e-02 -5.04278928e-01 
 4.70878754e-02 -5.09369599e-01 
 4.71878754e-02 -5.14230343e-01 
 4.72878754e-02 -5.18873737e-01 
 4.73878754e-02 -5.23315015e-01 
 4.74878754e-02 -5.27570677e-01 
 4.75878754e-02 -5.31657389e-01 
 4.76878754e-02 -5.35591232e-01 
 4.77878754e-02 -5.39387246e-01 
 4.78878754e-02 -5.43059197e-01 
 4.79878754e-02 -5.46619502e-01 
 4.80878754e-02 -5.50079257e-01 
 4.81878754e-02 -5.53448314e-01 
 4.82878754e-02 -5.56735387e-01 
 4.83878754e-02 -5.59948172e-01 
 4.84878754e-02 -5.63093464e-01 
 4.85878754e-02 -5.66177263e-01 
 4.86878754e-02 -5.69204872e-01 
 4.87878754e-02 -5.72180992e-01 
 4.88878754e-02 -5.75109790e-01 
 4.89878754e-02 -5.77994976e-01 
 4.90878754e-02 -5.80839856e-01 
 4.91878754e-02 -5.83647384e-01 
 4.92878754e-02 -5.86420208e-01 
 4.93878754e-02 -5.89160705e-01 
 4.94878754e-02 -5.91871014e-01 
 4.95878754e-02 -5.94553067e-01 
 4.96878754e-02 -5.97208610e-01 
 4.97878754e-02 -5.99839224e-01 
 4.98878754e-02 -6.02446348e-01 
 4.99878754e-02 -6.05031290e-01 
 5.00878754e-02 -6.07595240e-01 
 5.01878754e-02 -6.10139290e-01 
 5.02878754e-02 -6.12664434e-01 
 5.03878754e-02 -6.15171585e-01 
 5.04878754e-02 -6.17661583e-01 
 5.05878754e-02 -6.20135196e-01 
 5.06878754e-02 -6.22593132e-01 
 5.07878754e-02 -6.25036046e-01 
 5.08878754e-02 -6.27464538e-01 
 5.09878754e-02 -6.29879166e-01 
 5.10878754e-02 -6.32280442e-01 
 5.11878754e-02 -6.34668842e-01 
 5.12878754e-02 -6.37044808e-01 
 5.13878754e-02 -6.39408746e-01 
 5.14878754e-02 -6.41761036e-01 
 5.15878754e-02 -6.44102029e-01 
 5.16878754e-02 -6.46432053e-01 
 5.17878754e-02 -6.48751412e-01 
 5.18878754e-02 -6.51060388e-01 
 5.19878754e-02 -6.53359247e-01 
 5.20878754e-02 -6.55648233e-01 
 5.21878754e-02 -6.57927578e-01 
 5.22878754e-02 -6.60197496e-01 
 5.23878754e-02 -6.62458191e-01 
 5.24878754e-02 -6.64709850e-01 
 5.25878754e-02 -6.66952653e-01 
 5.26878754e-02 -6.69186767e-01 
 5.27878754e-02 -6.71412349e-01 
 5.28878754e-02 -6.73629551e-01 
 5.29878754e-02 -6.75838515e-01 
 5.30878754e-02 -6.78039374e-01 
 5.31878754e-02 -6.80232259e-01 
 5.32878754e-02 -6.82417293e-01 
 5.33878754e-02 -6.84594593e-01 
 5.34878754e-02 -6.86764274e-01 
 5.35878754e-02 -6.88926445e-01 
 5.36878754e-02 -6.91081213e-01 
 5.37878754e-02 -6.93228680e-01 
 5.38878754e-02 -6.95368947e-01 
 5.39878754e-02 -6.97502112e-01 
 5.40878754e-02 -6.99628270e-01 
 5.41878754e-02 -7.01747516e-01 
 5.42878754e-02 -7.03859942e-01 
 5.43878754e-02 -7.05965639e-01 
 5.44878754e-02 -7.08064697e-01 
 5.45878754e-02 -7.10157205e-01 
 5.46878754e-02 -7.12243250e-01 
 5.47878754e-02 -7.14322919e-01 
 5.48878754e-02 -7.16396298e-01 
 5.49878754e-02 -7.18463474e-01 
 5.50878754e-02 -7.20524530e-01 
 5.51878754e-02 -7.22579551e-01 
 5.52878754e-02 -7.24628621e-01 
 5.53878754e-02 -7.26671823e-01 
 5.54878754e-02 -7.28709240e-01 
 5.55878754e-02 -7.30740954e-01 
 5.56878754e-02 -7.32767045e-01 
 5.57878754e-02 -7.34787596e-01 
 5.58878754e-02 -7.36802687e-01 
 5.59878754e-02 -7.38812396e-01 
 5.60878754e-02 -7.40816804e-01 
 5.61878754e-02 -7.42815990e-01 
 5.62878754e-02 -7.44810030e-01 
 5.63878754e-02 -7.46799001e-01 
 5.64878754e-02 -7.48782981e-01 
 5.65878754e-02 -7.50762045e-01 
 5.66878754e-02 -7.52736267e-01 
 5.67878754e-02 -7.54705722e-01 
 5.68878754e-02 -7.56670483e-01 
 5.69878754e-02 -7.58630622e-01 
 5.70878754e-02 -7.60586211e-01 
 5.71878754e-02 -7.62537321e-01 
 5.72878754e-02 -7.64484020e-01 
 5.73878754e-02 -7.66426379e-01 
 5.74878754e-02 -7.68364464e-01 
 5.75878754e-02 -7.70298344e-01 
 5.76878754e-02 -7.72228084e-01 
 5.77878754e-02 -7.74153750e-01 
 5.78878754e-02 -7.76075406e-01 
 5.79878754e-02 -7.77993116e-01 
 5.80878754e-02 -7.79906942e-01 
 5.81878754e-02 -7.81816945e-01 
 5.82878754e-02 -7.83723187e-01 
 5.83878754e-02 -7.85625728e-01 
 5.84878754e-02 -7.87524626e-01 
 5.85878754e-02 -7.89419941e-01 
 5.86878754e-02 -7.91311728e-01 
 5.87878754e-02 -7.93200046e-01 
 5.88878754e-02 -7.95084949e-01 
 5.89878754e-02 -7.96966492e-01 
 5.90878754e-02 -7.98844730e-01 
 5.91878754e-02 -8.00719716e-01 
 5.92878754e-02 -8.02591502e-01 
 5.93878754e-02 -8.04460141e-01 
 5.94878754e-02 -8.06325683e-01 
 5.95878754e-02 -8.08188178e-01 
 5.96878754e-02 -8.10047677e-01 
 5.97878754e-02 -8.11904228e-01 
 5.98878754e-02 -8.13757879e-01 
 5.99878754e-02 -8.15608678e-01 
 6.00878754e-02 -8.17456672e-01 
 6.01878754e-02 -8.19301907e-01 
 6.02878754e-02 -8.21144429e-01 
 6.03878754e-02 -8.22984282e-01 
 6.04878754e-02 -8.24821510e-01 
 6.05878754e-02 -8.26656158e-01 
 6.06878754e-02 -8.28488268e-01 
 6.07878754e-02 -8.30317882e-01 
 6.08878754e-02 -8.32145042e-01 
 6.09878754e-02 -8.33969789e-01 
 6.10878754e-02 -8.35792164e-01 
 6.11878754e-02 -8.37612206e-01 
 6.12878754e-02 -8.39429953e-01 
 6.13878754e-02 -8.41245446e-01 
 6.14878754e-02 -8.43058720e-01 
 6.15878754e-02 -8.44869813e-01 
 6.16878754e-02 -8.46678762e-01 
 6.17878754e-02 -8.48485601e-01 
 6.18878754e-02 -8.50290366e-01 
 6.19878754e-02 -8.52093090e-01 
 6.20878754e-02 -8.53893807e-01 
 6.21878754e-02 -8.55692549e-01 
 6.22878754e-02 -8.57489347e-01 
 6.23878754e-02 -8.59284232e-01 
 6.24878754e-02 -8.61077234e-01 
 6.25878754e-02 -8.62868381e-01 
 6.26878754e-02 -8.64657701e-01 
 6.27878754e-02 -8.66445222e-01 
 6.28878754e-02 -8.68230968e-01 
 6.29878754e-02 -8.70014965e-01 
 6.30878754e-02 -8.71797236e-01 
 6.31878754e-02 -8.73577805e-01 
 6.32878754e-02 -8.75356691e-01 
 6.33878754e-02 -8.77133917e-01 
 6.34878754e-02 -8.78909500e-01 
 6.35878754e-02 -8.80683460e-01 
 6.36878754e-02 -8.82455812e-01 
 6.37878754e-02 -8.84226574e-01 
 6.38878754e-02 -8.85995758e-01 
 6.39878754e-02 -8.87763379e-01 
 6.40878754e-02 -8.89529449e-01 
 6.41878754e-02 -8.91293979e-01 
 6.42878754e-02 -8.93056978e-01 
 6.43878754e-02 -8.94818456e-01 
 6.44878754e-02 -8.96578420e-01 
 6.45878754e-02 -8.98336876e-01 
 6.46878754e-02 -9.00093830e-01 
 6.47878754e-02 -9.01849287e-01 
 6.48878754e-02 -9.03603249e-01 
 6.49878754e-02 -9.05355720e-01 
 6.50878754e-02 -9.07106701e-01 
 6.51878754e-02 -9.08856193e-01 
 6.52878754e-02 -9.10604195e-01 
 6.53878754e-02 -9.12350708e-01 
 6.54878754e-02 -9.14095728e-01 
 6.55878754e-02 -9.15839255e-01 
 6.56878754e-02 -9.17581285e-01 
 6.57878754e-02 -9.19321815e-01 
 6.58878754e-02 -9.21060841e-01 
 6.59878754e-02 -9.22798358e-01 
 6.60878754e-02 -9.24534362e-01 
 6.61878754e-02 -9.26268847e-01 
 6.62878754e-02 -9.28001809e-01 
 6.63878754e-02 -9.29733240e-01 
 6.64878754e-02 -9.31463135e-01 
 6.65878754e-02 -9.33191488e-01 
 6.66878754e-02 -9.34918292e-01 
 6.67878754e-02 -9.36643540e-01 
 6.68878754e-02 -9.38367224e-01 
 6.69878754e-02 -9.40089340e-01 
 6.70878754e-02 -9.41809878e-01 
 6.71878754e-02 -9.43528831e-01 
 6.72878754e-02 -9.45246194e-01 
 6.73878754e-02 -9.46961957e-01 
 6.74878754e-02 -9.48676114e-01 
 6.75878754e-02 -9.50388657e-01 
 6.76878754e-02 -9.52099579e-01 
 6.77878754e-02 -9.53808873e-01 
 6.78878754e-02 -9.55516530e-01 
 6.79878754e-02 -9.57222543e-01 
 6.80878754e-02 -9.58926905e-01 
 6.81878754e-02 -9.60629608e-01 
 6.82878754e-02 -9.62330645e-01 
 6.83878754e-02 -9.64030007e-01 
 6.84878754e-02 -9.65727688e-01 
 6.85878754e-02 -9.67423679e-01 
 6.86878754e-02 -9.69117973e-01 
 6.87878754e-02 -9.70810562e-01 
 6.88878754e-02 -9.72501439e-01 
 6.89878754e-02 -9.74190594e-01 
 6.90878754e-02 -9.75878021e-01 
 6.91878754e-02 -9.77563711e-01 
 6.92878754e-02 -9.79247656e-01 
 6.93878754e-02 -9.80929848e-01 
 6.94878754e-02 -9.82610278e-01 
 6.95878754e-02 -9.84288937e-01 
 6.96878754e-02 -9.85965818e-01 
 6.97878754e-02 -9.87640910e-01 
 6.98878754e-02 -9.89314206e-01 
 6.99878754e-02 -9.90985695e-01 
 7.00878754e-02 -9.92655369e-01 
 7.01878754e-02 -9.94323217e-01 
 7.02878754e-02 -9.95989231e-01 
 7.03878754e-02 -9.97653398e-01 
 7.04878754e-02 -9.99315711e-01 
 7.05878754e-02 -1.00097616e+00 
 7.06878754e-02 -1.00263472e+00 
 7.07878754e-02 -1.00429140e+00 
 7.08878754e-02 -1.00594618e+00 
 7.09878754e-02 -1.00759905e+00 
 7.10878754e-02 -1.00924999e+00 
 7.11878754e-02 -1.01089900e+00 
 7.12878754e-02 -1.01254606e+00 
 7.13878754e-02 -1.01419115e+00 
 7.14878754e-02 -1.01583427e+00 
 7.15878754e-02 -1.01747539e+00 
 7.16878754e-02 -1.01911451e+00 
 7.17878754e-02 -1.02075161e+00 
 7.18878754e-02 -1.02238667e+00 
 7.19878754e-02 -1.02401969e+00 
 7.20878754e-02 -1.02565063e+00 
 7.21878754e-02 -1.02727948e+00 
 7.22878754e-02 -1.02890624e+00 
 7.23878754e-02 -1.03053087e+00 
 7.24878754e-02 -1.03215336e+00 
 7.25878754e-02 -1.03377369e+00 
 7.26878754e-02 -1.03539185e+00 
 7.27878754e-02 -1.03700780e+00 
 7.28878754e-02 -1.03862154e+00 
 7.29878754e-02 -1.04023303e+00 
 7.30878754e-02 -1.04184226e+00 
 7.31878754e-02 -1.04344920e+00 
 7.32878754e-02 -1.04505383e+00 
 7.33878754e-02 -1.04665613e+00 
 7.34878754e-02 -1.04825606e+00 
 7.35878754e-02 -1.04985362e+00 
 7.36878754e-02 -1.05144876e+00 
 7.37878754e-02 -1.05304146e+00 
 7.38878754e-02 -1.05463169e+00 
 7.39878754e-02 -1.05621943e+00 
 7.40878754e-02 -1.05780465e+00 
 7.41878754e-02 -1.05938731e+00 
 7.42878754e-02 -1.06096738e+00 
 7.43878754e-02 -1.06254484e+00 
 7.44878754e-02 -1.06411965e+00 
 7.45878754e-02 -1.06569178e+00 
 7.46878754e-02 -1.06726119e+00 
 7.47878754e-02 -1.06882786e+00 
 7.48878754e-02 -1.07039173e+00 
 7.49878754e-02 -1.07195279e+00 
 7.50878754e-02 -1.07351099e+00 
 7.51878754e-02 -1.07506629e+00 
 7.52878754e-02 -1.07661866e+00 
 7.53878754e-02 -1.07816806e+00 
 7.54878754e-02 -1.07971445e+00 
 7.55878754e-02 -1.08125779e+00 
 7.56878754e-02 -1.08279804e+00 
 7.57878754e-02 -1.08433516e+00 
 7.58878754e-02 -1.08586910e+00 
 7.59878754e-02 -1.08739984e+00 
 7.60878754e-02 -1.08892731e+00 
 7.61878754e-02 -1.09045149e+00 
 7.62878754e-02 -1.09197233e+00 
 7.63878754e-02 -1.09348979e+00 
 7.64878754e-02 -1.09500382e+00 
 7.65878754e-02 -1.09651438e+00 
 7.66878754e-02 -1.09802143e+00 
 7.67878754e-02 -1.09952492e+00 
 7.68878754e-02 -1.10102482e+00 
 7.69878754e-02 -1.10252108e+00 
 7.70878754e-02 -1.10401365e+00 
 7.71878754e-02 -1.10550250e+00 
 7.72878754e-02 -1.10698758e+00 
 7.73878754e-02 -1.10846886e+00 
 7.74878754e-02 -1.10994628e+00 
 7.75878754e-02 -1.11141982e+00 
 7.76878754e-02 -1.11288942e+00 
 7.77878754e-02 -1.11435506e+00 
 7.78878754e-02 -1.11581669e+00 
 7.79878754e-02 -1.11727427e+00 
 7.80878754e-02 -1.11872778e+00 
 7.81878754e-02 -1.12017716e+00 
 7.82878754e-02 -1.12162239e+00 
 7.83878754e-02 -1.12306343e+00 
 7.84878754e-02 -1.12450026e+00 
 7.85878754e-02 -1.12593283e+00 
 7.86878754e-02 -1.12736111e+00 
 7.87878754e-02 -1.12878508e+00 
 7.88878754e-02 -1.13020471e+00 
 7.89878754e-02 -1.13161998e+00 
 7.90878754e-02 -1.13303084e+00 
 7.91878754e-02 -1.13443728e+00 
 7.92878754e-02 -1.13583928e+00 
 7.93878754e-02 -1.13723681e+00 
 7.94878754e-02 -1.13862986e+00 
 7.95878754e-02 -1.14001839e+00 
 7.96878754e-02 -1.14140240e+00 
 7.97878754e-02 -1.14278187e+00 
 7.98878754e-02 -1.14415677e+00 
 7.99878754e-02 -1.14552710e+00 
 8.00878754e-02 -1.14689285e+00 
 8.01878754e-02 -1.14825399e+00 
 8.02878754e-02 -1.14961053e+00 
 8.03878754e-02 -1.15096245e+00 
 8.04878754e-02 -1.15230974e+00 
 8.05878754e-02 -1.15365240e+00 
 8.06878754e-02 -1.15499043e+00 
 8.07878754e-02 -1.15632381e+00 
 8.08878754e-02 -1.15765256e+00 
 8.09878754e-02 -1.15897666e+00 
 8.10878754e-02 -1.16029611e+00 
 8.11878754e-02 -1.16161093e+00 
 8.12878754e-02 -1.16292111e+00 
 8.13878754e-02 -1.16422666e+00 
 8.14878754e-02 -1.16552758e+00 
 8.15878754e-02 -1.16682388e+00 
 8.16878754e-02 -1.16811557e+00 
 8.17878754e-02 -1.16940265e+00 
 8.18878754e-02 -1.17068515e+00 
 8.19878754e-02 -1.17196306e+00 
 8.20878754e-02 -1.17323640e+00 
 8.21878754e-02 -1.17450519e+00 
 8.22878754e-02 -1.17576943e+00 
 8.23878754e-02 -1.17702916e+00 
 8.24878754e-02 -1.17828438e+00 
 8.25878754e-02 -1.17953510e+00 
 8.26878754e-02 -1.18078136e+00 
 8.27878754e-02 -1.18202317e+00 
 8.28878754e-02 -1.18326055e+00 
 8.29878754e-02 -1.18449352e+00 
 8.30878754e-02 -1.18572211e+00 
 8.31878754e-02 -1.18694633e+00 
 8.32878754e-02 -1.18816621e+00 
 8.33878754e-02 -1.18938179e+00 
 8.34878754e-02 -1.19059307e+00 
 8.35878754e-02 -1.19180009e+00 
 8.36878754e-02 -1.19300287e+00 
 8.37878754e-02 -1.19420145e+00 
 8.38878754e-02 -1.19539584e+00 
 8.39878754e-02 -1.19658609e+00 
 8.40878754e-02 -1.19777221e+00 
 8.41878754e-02 -1.19895423e+00 
 8.42878754e-02 -1.20013219e+00 
 8.43878754e-02 -1.20130612e+00 
 8.44878754e-02 -1.20247604e+00 
 8.45878754e-02 -1.20364199e+00 
 8.46878754e-02 -1.20480399e+00 
 8.47878754e-02 -1.20596209e+00 
 8.48878754e-02 -1.20711631e+00 
 8.49878754e-02 -1.20826668e+00 
 8.50878754e-02 -1.20941323e+00 
 8.51878754e-02 -1.21055600e+00 
 8.52878754e-02 -1.21169502e+00 
 8.53878754e-02 -1.21283033e+00 
 8.54878754e-02 -1.21396194e+00 
 8.55878754e-02 -1.21508991e+00 
 8.56878754e-02 -1.21621425e+00 
 8.57878754e-02 -1.21733501e+00 
 8.58878754e-02 -1.21845221e+00 
 8.59878754e-02 -1.21956590e+00 
 8.60878754e-02 -1.22067609e+00 
 8.61878754e-02 -1.22178283e+00 
 8.62878754e-02 -1.22288614e+00 
 8.63878754e-02 -1.22398606e+00 
 8.64878754e-02 -1.22508263e+00 
 8.65878754e-02 -1.22617587e+00 
 8.66878754e-02 -1.22726581e+00 
 8.67878754e-02 -1.22835249e+00 
 8.68878754e-02 -1.22943595e+00 
 8.69878754e-02 -1.23051621e+00 
 8.70878754e-02 -1.23159330e+00 
 8.71878754e-02 -1.23266725e+00 
 8.72878754e-02 -1.23373811e+00 
 8.73878754e-02 -1.23480589e+00 
 8.74878754e-02 -1.23587063e+00 
 8.75878754e-02 -1.23693236e+00 
 8.76878754e-02 -1.23799111e+00 
 8.77878754e-02 -1.23904692e+00 
 8.78878754e-02 -1.24009980e+00 
 8.79878754e-02 -1.24114980e+00 
 8.80878754e-02 -1.24219693e+00 
 8.81878754e-02 -1.24324124e+00 
 8.82878754e-02 -1.24428274e+00 
 8.83878754e-02 -1.24532147e+00 
 8.84878754e-02 -1.24635746e+00 
 8.85878754e-02 -1.24739074e+00 
 8.86878754e-02 -1.24842133e+00 
 8.87878754e-02 -1.24944926e+00 
 8.88878754e-02 -1.25047456e+00 
 8.89878754e-02 -1.25149725e+00 
 8.90878754e-02 -1.25251737e+00 
 8.91878754e-02 -1.25353494e+00 
 8.92878754e-02 -1.25454998e+00 
 8.93878754e-02 -1.25556253e+00 
 8.94878754e-02 -1.25657260e+00 
 8.95878754e-02 -1.25758023e+00 
 8.96878754e-02 -1.25858544e+00 
 8.97878754e-02 -1.25958826e+00 
 8.98878754e-02 -1.26058871e+00 
 8.99878754e-02 -1.26158681e+00 
 9.00878754e-02 -1.26258258e+00 
 9.01878754e-02 -1.26357607e+00 
 9.02878754e-02 -1.26456728e+00 
 9.03878754e-02 -1.26555624e+00 
 9.04878754e-02 -1.26654297e+00 
 9.05878754e-02 -1.26752750e+00 
 9.06878754e-02 -1.26850985e+00 
 9.07878754e-02 -1.26949004e+00 
 9.08878754e-02 -1.27046809e+00 
 9.09878754e-02 -1.27144403e+00 
 9.10878754e-02 -1.27241788e+00 
 9.11878754e-02 -1.27338966e+00 
 9.12878754e-02 -1.27435939e+00 
 9.13878754e-02 -1.27532709e+00 
 9.14878754e-02 -1.27629278e+00 
 9.15878754e-02 -1.27725648e+00 
 9.16878754e-02 -1.27821822e+00 
 9.17878754e-02 -1.27917800e+00 
 9.18878754e-02 -1.28013586e+00 
 9.19878754e-02 -1.28109181e+00 
 9.20878754e-02 -1.28204587e+00 
 9.21878754e-02 -1.28299807e+00 
 9.22878754e-02 -1.28394840e+00 
 9.23878754e-02 -1.28489691e+00 
 9.24878754e-02 -1.28584360e+00 
 9.25878754e-02 -1.28678849e+00 
 9.26878754e-02 -1.28773161e+00 
 9.27878754e-02 -1.28867296e+00 
 9.28878754e-02 -1.28961256e+00 
 9.29878754e-02 -1.29055044e+00 
 9.30878754e-02 -1.29148661e+00 
 9.31878754e-02 -1.29242109e+00 
 9.32878754e-02 -1.29335389e+00 
 9.33878754e-02 -1.29428502e+00 
 9.34878754e-02 -1.29521452e+00 
 9.35878754e-02 -1.29614238e+00 
 9.36878754e-02 -1.29706863e+00 
 9.37878754e-02 -1.29799328e+00 
 9.38878754e-02 -1.29891635e+00 
 9.39878754e-02 -1.29983785e+00 
 9.40878754e-02 -1.30075780e+00 
 9.41878754e-02 -1.30167621e+00 
 9.42878754e-02 -1.30259310e+00 
 9.43878754e-02 -1.30350847e+00 
 9.44878754e-02 -1.30442236e+00 
 9.45878754e-02 -1.30533476e+00 
 9.46878754e-02 -1.30624569e+00 
 9.47878754e-02 -1.30715517e+00 
 9.48878754e-02 -1.30806321e+00 
 9.49878754e-02 -1.30896982e+00 
 9.50878754e-02 -1.30987502e+00 
 9.51878754e-02 -1.31077882e+00 
 9.52878754e-02 -1.31168123e+00 
 9.53878754e-02 -1.31258226e+00 
 9.54878754e-02 -1.31348193e+00 
 9.55878754e-02 -1.31438025e+00 
 9.56878754e-02 -1.31527723e+00 
 9.57878754e-02 -1.31617288e+00 
 9.58878754e-02 -1.31706722e+00 
 9.59878754e-02 -1.31796025e+00 
 9.60878754e-02 -1.31885199e+00 
 9.61878754e-02 -1.31974245e+00 
 9.62878754e-02 -1.32063164e+00 
 9.63878754e-02 -1.32151958e+00 
 9.64878754e-02 -1.32240626e+00 
 9.65878754e-02 -1.32329171e+00 
 9.66878754e-02 -1.32417593e+00 
 9.67878754e-02 -1.32505894e+00 
 9.68878754e-02 -1.32594075e+00 
 9.69878754e-02 -1.32682135e+00 
 9.70878754e-02 -1.32770078e+00 
 9.71878754e-02 -1.32857903e+00 
 9.72878754e-02 -1.32945611e+00 
 9.73878754e-02 -1.33033204e+00 
 9.74878754e-02 -1.33120683e+00 
 9.75878754e-02 -1.33208048e+00 
 9.76878754e-02 -1.33295300e+00 
 9.77878754e-02 -1.33382441e+00 
 9.78878754e-02 -1.33469471e+00 
 9.79878754e-02 -1.33556391e+00 
 9.80878754e-02 -1.33643202e+00 
 9.81878754e-02 -1.33729905e+00 
 9.82878754e-02 -1.33816501e+00 
 9.83878754e-02 -1.33902990e+00 
 9.84878754e-02 -1.33989374e+00 
 9.85878754e-02 -1.34075653e+00 
 9.86878754e-02 -1.34161829e+00 
 9.87878754e-02 -1.34247902e+00 
 9.88878754e-02 -1.34333872e+00 
 9.89878754e-02 -1.34419741e+00 
 9.90878754e-02 -1.34505509e+00 
 9.91878754e-02 -1.34591178e+00 
 9.92878754e-02 -1.34676748e+00 
 9.93878754e-02 -1.34762219e+00 
 9.94878754e-02 -1.34847593e+00 
 9.95878754e-02 -1.34932870e+00 
 9.96878754e-02 -1.35018052e+00 
 9.97878754e-02 -1.35103137e+00 
 9.98878754e-02 -1.35188129e+00 
 9.99878754e-02 -1.35273026e+00 
 1.00087875e-01 -1.35357831e+00 
 1.00187875e-01 -1.35442543e+00 
 1.00287875e-01 -1.35527163e+00 
 1.00387875e-01 -1.35611692e+00 
 1.00487875e-01 -1.35696131e+00 
 1.00587875e-01 -1.35780480e+00 
 1.00687875e-01 -1.35864739e+00 
 1.00787875e-01 -1.35948911e+00 
 1.00887875e-01 -1.36032995e+00 
 1.00987875e-01 -1.36116991e+00 
 1.01087875e-01 -1.36200901e+00 
 1.01187875e-01 -1.36284725e+00 
 1.01287875e-01 -1.36368464e+00 
 1.01387875e-01 -1.36452118e+00 
 1.01487875e-01 -1.36535688e+00 
 1.01587875e-01 -1.36619174e+00 
 1.01687875e-01 -1.36702578e+00 
 1.01787875e-01 -1.36785899e+00 
 1.01887875e-01 -1.36869139e+00 
 1.01987875e-01 -1.36952297e+00 
 1.02087875e-01 -1.37035374e+00 
 1.02187875e-01 -1.37118372e+00 
 1.02287875e-01 -1.37201290e+00 
 1.02387875e-01 -1.37284129e+00 
 1.02487875e-01 -1.37366889e+00 
 1.02587875e-01 -1.37449572e+00 
 1.02687875e-01 -1.37532177e+00 
 1.02787875e-01 -1.37614705e+00 
 1.02887875e-01 -1.37697157e+00 
 1.02987875e-01 -1.37779533e+00 
 1.03087875e-01 -1.37861833e+00 
 1.03187875e-01 -1.37944059e+00 
 1.03287875e-01 -1.38026210e+00 
 1.03387875e-01 -1.38108287e+00 
 1.03487875e-01 -1.38190291e+00 
 1.03587875e-01 -1.38272222e+00 
 1.03687875e-01 -1.38354080e+00 
 1.03787875e-01 -1.38435866e+00 
 1.03887875e-01 -1.38517581e+00 
 1.03987875e-01 -1.38599224e+00 
 1.04087875e-01 -1.38680797e+00 
 1.04187875e-01 -1.38762300e+00 
 1.04287875e-01 -1.38843733e+00 
 1.04387875e-01 -1.38925096e+00 
 1.04487875e-01 -1.39006390e+00 
 1.04587875e-01 -1.39087616e+00 
 1.04687875e-01 -1.39168774e+00 
 1.04787875e-01 -1.39249864e+00 
 1.04887875e-01 -1.39330887e+00 
 1.04987875e-01 -1.39411843e+00 
 1.05087875e-01 -1.39492733e+00 
 1.05187875e-01 -1.39573556e+00 
 1.05287875e-01 -1.39654314e+00 
 1.05387875e-01 -1.39735006e+00 
 1.05487875e-01 -1.39815634e+00 
 1.05587875e-01 -1.39896197e+00 
 1.05687875e-01 -1.39976696e+00 
 1.05787875e-01 -1.40057131e+00 
 1.05887875e-01 -1.40137503e+00 
 1.05987875e-01 -1.40217812e+00 
 1.06087875e-01 -1.40298058e+00 
 1.06187875e-01 -1.40378242e+00 
 1.06287875e-01 -1.40458364e+00 
 1.06387875e-01 -1.40538424e+00 
 1.06487875e-01 -1.40618423e+00 
 1.06587875e-01 -1.40698361e+00 
 1.06687875e-01 -1.40778238e+00 
 1.06787875e-01 -1.40858056e+00 
 1.06887875e-01 -1.40937813e+00 
 1.06987875e-01 -1.41017511e+00 
 1.07087875e-01 -1.41097150e+00 
 1.07187875e-01 -1.41176729e+00 
 1.07287875e-01 -1.41256250e+00 
 1.07387875e-01 -1.41335713e+00 
 1.07487875e-01 -1.41415118e+00 
 1.07587875e-01 -1.41494465e+00 
 1.07687875e-01 -1.41573755e+00 
 1.07787875e-01 -1.41652988e+00 
 1.07887875e-01 -1.41732164e+00 
 1.07987875e-01 -1.41811284e+00 
 1.08087875e-01 -1.41890347e+00 
 1.08187875e-01 -1.41969355e+00 
 1.08287875e-01 -1.42048307e+00 
 1.08387875e-01 -1.42127204e+00 
 1.08487875e-01 -1.42206046e+00 
 1.08587875e-01 -1.42284833e+00 
 1.08687875e-01 -1.42363566e+00 
 1.08787875e-01 -1.42442245e+00 
 1.08887875e-01 -1.42520870e+00 
 1.08987875e-01 -1.42599441e+00 
 1.09087875e-01 -1.42677959e+00 
 1.09187875e-01 -1.42756424e+00 
 1.09287875e-01 -1.42834836e+00 
 1.09387875e-01 -1.42913195e+00 
 1.09487875e-01 -1.42991503e+00 
 1.09587875e-01 -1.43069758e+00 
 1.09687875e-01 -1.43147961e+00 
 1.09787875e-01 -1.43226113e+00 
 1.09887875e-01 -1.43304214e+00 
 1.09987875e-01 -1.43382264e+00 
 1.10087875e-01 -1.43460263e+00 
 1.10187875e-01 -1.43538211e+00 
 1.10287875e-01 -1.43616110e+00 
 1.10387875e-01 -1.43693958e+00 
 1.10487875e-01 -1.43771756e+00 
 1.10587875e-01 -1.43849505e+00 
 1.10687875e-01 -1.43927204e+00 
 1.10787875e-01 -1.44004854e+00 
 1.10887875e-01 -1.44082456e+00 
 1.10987875e-01 -1.44160009e+00 
 1.11087875e-01 -1.44237513e+00 
 1.11187875e-01 -1.44314969e+00 
 1.11287875e-01 -1.44392377e+00 
 1.11387875e-01 -1.44469737e+00 
 1.11487875e-01 -1.44547050e+00 
 1.11587875e-01 -1.44624315e+00 
 1.11687875e-01 -1.44701534e+00 
 1.11787875e-01 -1.44778705e+00 
 1.11887875e-01 -1.44855830e+00 
 1.11987875e-01 -1.44932908e+00 
 1.12087875e-01 -1.45009939e+00 
 1.12187875e-01 -1.45086925e+00 
 1.12287875e-01 -1.45163865e+00 
 1.12387875e-01 -1.45240759e+00 
 1.12487875e-01 -1.45317607e+00 
 1.12587875e-01 -1.45394410e+00 
 1.12687875e-01 -1.45471168e+00 
 1.12787875e-01 -1.45547882e+00 
 1.12887875e-01 -1.45624550e+00 
 1.12987875e-01 -1.45701174e+00 
 1.13087875e-01 -1.45777753e+00 
 1.13187875e-01 -1.45854288e+00 
 1.13287875e-01 -1.45930779e+00 
 1.13387875e-01 -1.46007227e+00 
 1.13487875e-01 -1.46083631e+00 
 1.13587875e-01 -1.46159991e+00 
 1.13687875e-01 -1.46236308e+00 
 1.13787875e-01 -1.46312582e+00 
 1.13887875e-01 -1.46388813e+00 
 1.13987875e-01 -1.46465001e+00 
 1.14087875e-01 -1.46541146e+00 
 1.14187875e-01 -1.46617249e+00 
 1.14287875e-01 -1.46693310e+00 
 1.14387875e-01 -1.46769329e+00 
 1.14487875e-01 -1.46845306e+00 
 1.14587875e-01 -1.46921241e+00 
 1.14687875e-01 -1.46997135e+00 
 1.14787875e-01 -1.47072987e+00 
 1.14887875e-01 -1.47148797e+00 
 1.14987875e-01 -1.47224567e+00 
 1.15087875e-01 -1.47300296e+00 
 1.15187875e-01 -1.47375984e+00 
 1.15287875e-01 -1.47451631e+00 
 1.15387875e-01 -1.47527237e+00 
 1.15487875e-01 -1.47602804e+00 
 1.15587875e-01 -1.47678330e+00 
 1.15687875e-01 -1.47753816e+00 
 1.15787875e-01 -1.47829262e+00 
 1.15887875e-01 -1.47904669e+00 
 1.15987875e-01 -1.47980035e+00 
 1.16087875e-01 -1.48055363e+00 
 1.16187875e-01 -1.48130651e+00 
 1.16287875e-01 -1.48205900e+00 
 1.16387875e-01 -1.48281109e+00 
 1.16487875e-01 -1.48356280e+00 
 1.16587875e-01 -1.48431412e+00 
 1.16687875e-01 -1.48506506e+00 
 1.16787875e-01 -1.48581561e+00 
 1.16887875e-01 -1.48656577e+00 
 1.16987875e-01 -1.48731556e+00 
 1.17087875e-01 -1.48806496e+00 
 1.17187875e-01 -1.48881398e+00 
 1.17287875e-01 -1.48956263e+00 
 1.17387875e-01 -1.49031090e+00 
 1.17487875e-01 -1.49105879e+00 
 1.17587875e-01 -1.49180631e+00 
 1.17687875e-01 -1.49255345e+00 
 1.17787875e-01 -1.49330023e+00 
 1.17887875e-01 -1.49404663e+00 
 1.17987875e-01 -1.49479266e+00 
 1.18087875e-01 -1.49553833e+00 
 1.18187875e-01 -1.49628363e+00 
 1.18287875e-01 -1.49702856e+00 
 1.18387875e-01 -1.49777313e+00 
 1.18487875e-01 -1.49851733e+00 
 1.18587875e-01 -1.49926117e+00 
 1.18687875e-01 -1.50000465e+00 
 1.18787875e-01 -1.50074777e+00 
 1.18887875e-01 -1.50149053e+00 
 1.18987875e-01 -1.50223294e+00 
 1.19087875e-01 -1.50297499e+00 
 1.19187875e-01 -1.50371668e+00 
 1.19287875e-01 -1.50445802e+00 
 1.19387875e-01 -1.50519900e+00 
 1.19487875e-01 -1.50593964e+00 
 1.19587875e-01 -1.50667992e+00 
 1.19687875e-01 -1.50741985e+00 
 1.19787875e-01 -1.50815944e+00 
 1.19887875e-01 -1.50889867e+00 
 1.19987875e-01 -1.50963756e+00 
 1.20000000e-01 -1.50972712e+00 
