 1.00000000e+00 -3.91794639e+01  1.00000000e+00  3.14156207e+00 
 1.02329299e+00 -3.91794639e+01  1.02329299e+00  3.14156136e+00 
 1.04712855e+00 -3.91794639e+01  1.04712855e+00  3.14156063e+00 
 1.07151931e+00 -3.91794639e+01  1.07151931e+00  3.14155988e+00 
 1.09647820e+00 -3.91794639e+01  1.09647820e+00  3.14155912e+00 
 1.12201845e+00 -3.91794639e+01  1.12201845e+00  3.14155834e+00 
 1.14815362e+00 -3.91794639e+01  1.14815362e+00  3.14155754e+00 
 1.17489755e+00 -3.91794639e+01  1.17489755e+00  3.14155672e+00 
 1.20226443e+00 -3.91794639e+01  1.20226443e+00  3.14155588e+00 
 1.23026877e+00 -3.91794639e+01  1.23026877e+00  3.14155503e+00 
 1.25892541e+00 -3.91794639e+01  1.25892541e+00  3.14155415e+00 
 1.28824955e+00 -3.91794639e+01  1.28824955e+00  3.14155325e+00 
 1.31825674e+00 -3.91794639e+01  1.31825674e+00  3.14155234e+00 
 1.34896288e+00 -3.91794639e+01  1.34896288e+00  3.14155140e+00 
 1.38038426e+00 -3.91794639e+01  1.38038426e+00  3.14155044e+00 
 1.41253754e+00 -3.91794639e+01  1.41253754e+00  3.14154945e+00 
 1.44543977e+00 -3.91794639e+01  1.44543977e+00  3.14154845e+00 
 1.47910839e+00 -3.91794639e+01  1.47910839e+00  3.14154742e+00 
 1.51356125e+00 -3.91794639e+01  1.51356125e+00  3.14154636e+00 
 1.54881662e+00 -3.91794639e+01  1.54881662e+00  3.14154528e+00 
 1.58489319e+00 -3.91794639e+01  1.58489319e+00  3.14154418e+00 
 1.62181010e+00 -3.91794639e+01  1.62181010e+00  3.14154305e+00 
 1.65958691e+00 -3.91794639e+01  1.65958691e+00  3.14154190e+00 
 1.69824365e+00 -3.91794639e+01  1.69824365e+00  3.14154071e+00 
 1.73780083e+00 -3.91794639e+01  1.73780083e+00  3.14153951e+00 
 1.77827941e+00 -3.91794639e+01  1.77827941e+00  3.14153827e+00 
 1.81970086e+00 -3.91794639e+01  1.81970086e+00  3.14153700e+00 
 1.86208714e+00 -3.91794639e+01  1.86208714e+00  3.14153570e+00 
 1.90546072e+00 -3.91794639e+01  1.90546072e+00  3.14153438e+00 
 1.94984460e+00 -3.91794639e+01  1.94984460e+00  3.14153302e+00 
 1.99526231e+00 -3.91794639e+01  1.99526231e+00  3.14153163e+00 
 2.04173794e+00 -3.91794639e+01  2.04173794e+00  3.14153021e+00 
 2.08929613e+00 -3.91794639e+01  2.08929613e+00  3.14152876e+00 
 2.13796209e+00 -3.91794639e+01  2.13796209e+00  3.14152727e+00 
 2.18776162e+00 -3.91794639e+01  2.18776162e+00  3.14152574e+00 
 2.23872114e+00 -3.91794639e+01  2.23872114e+00  3.14152419e+00 
 2.29086765e+00 -3.91794639e+01  2.29086765e+00  3.14152259e+00 
 2.34422882e+00 -3.91794639e+01  2.34422882e+00  3.14152096e+00 
 2.39883292e+00 -3.91794639e+01  2.39883292e+00  3.14151929e+00 
 2.45470892e+00 -3.91794639e+01  2.45470892e+00  3.14151758e+00 
 2.51188643e+00 -3.91794639e+01  2.51188643e+00  3.14151583e+00 
 2.57039578e+00 -3.91794639e+01  2.57039578e+00  3.14151404e+00 
 2.63026799e+00 -3.91794639e+01  2.63026799e+00  3.14151221e+00 
 2.69153480e+00 -3.91794639e+01  2.69153480e+00  3.14151034e+00 
 2.75422870e+00 -3.91794639e+01  2.75422870e+00  3.14150842e+00 
 2.81838293e+00 -3.91794639e+01  2.81838293e+00  3.14150646e+00 
 2.88403150e+00 -3.91794639e+01  2.88403150e+00  3.14150445e+00 
 2.95120923e+00 -3.91794639e+01  2.95120923e+00  3.14150239e+00 
 3.01995172e+00 -3.91794639e+01  3.01995172e+00  3.14150029e+00 
 3.09029543e+00 -3.91794639e+01  3.09029543e+00  3.14149814e+00 
 3.16227766e+00 -3.91794639e+01  3.16227766e+00  3.14149594e+00 
 3.23593657e+00 -3.91794639e+01  3.23593657e+00  3.14149369e+00 
 3.31131121e+00 -3.91794639e+01  3.31131121e+00  3.14149138e+00 
 3.38844156e+00 -3.91794639e+01  3.38844156e+00  3.14148902e+00 
 3.46736850e+00 -3.91794639e+01  3.46736850e+00  3.14148661e+00 
 3.54813389e+00 -3.91794639e+01  3.54813389e+00  3.14148414e+00 
 3.63078055e+00 -3.91794639e+01  3.63078055e+00  3.14148161e+00 
 3.71535229e+00 -3.91794639e+01  3.71535229e+00  3.14147902e+00 
 3.80189396e+00 -3.91794639e+01  3.80189396e+00  3.14147638e+00 
 3.89045145e+00 -3.91794640e+01  3.89045145e+00  3.14147367e+00 
 3.98107171e+00 -3.91794640e+01  3.98107171e+00  3.14147090e+00 
 4.07380278e+00 -3.91794640e+01  4.07380278e+00  3.14146806e+00 
 4.16869383e+00 -3.91794640e+01  4.16869383e+00  3.14146516e+00 
 4.26579519e+00 -3.91794640e+01  4.26579519e+00  3.14146219e+00 
 4.36515832e+00 -3.91794640e+01  4.36515832e+00  3.14145915e+00 
 4.46683592e+00 -3.91794640e+01  4.46683592e+00  3.14145604e+00 
 4.57088190e+00 -3.91794640e+01  4.57088190e+00  3.14145286e+00 
 4.67735141e+00 -3.91794640e+01  4.67735141e+00  3.14144960e+00 
 4.78630092e+00 -3.91794640e+01  4.78630092e+00  3.14144627e+00 
 4.89778819e+00 -3.91794640e+01  4.89778819e+00  3.14144286e+00 
 5.01187234e+00 -3.91794640e+01  5.01187234e+00  3.14143937e+00 
 5.12861384e+00 -3.91794640e+01  5.12861384e+00  3.14143580e+00 
 5.24807460e+00 -3.91794640e+01  5.24807460e+00  3.14143215e+00 
 5.37031796e+00 -3.91794640e+01  5.37031796e+00  3.14142841e+00 
 5.49540874e+00 -3.91794640e+01  5.49540874e+00  3.14142458e+00 
 5.62341325e+00 -3.91794640e+01  5.62341325e+00  3.14142067e+00 
 5.75439937e+00 -3.91794641e+01  5.75439937e+00  3.14141666e+00 
 5.88843655e+00 -3.91794641e+01  5.88843655e+00  3.14141256e+00 
 6.02559586e+00 -3.91794641e+01  6.02559586e+00  3.14140837e+00 
 6.16595002e+00 -3.91794641e+01  6.16595002e+00  3.14140408e+00 
 6.30957344e+00 -3.91794641e+01  6.30957344e+00  3.14139968e+00 
 6.45654229e+00 -3.91794641e+01  6.45654229e+00  3.14139519e+00 
 6.60693448e+00 -3.91794641e+01  6.60693448e+00  3.14139059e+00 
 6.76082975e+00 -3.91794641e+01  6.76082975e+00  3.14138588e+00 
 6.91830971e+00 -3.91794641e+01  6.91830971e+00  3.14138107e+00 
 7.07945784e+00 -3.91794642e+01  7.07945784e+00  3.14137614e+00 
 7.24435960e+00 -3.91794642e+01  7.24435960e+00  3.14137109e+00 
 7.41310241e+00 -3.91794642e+01  7.41310241e+00  3.14136593e+00 
 7.58577575e+00 -3.91794642e+01  7.58577575e+00  3.14136065e+00 
 7.76247117e+00 -3.91794642e+01  7.76247117e+00  3.14135525e+00 
 7.94328235e+00 -3.91794642e+01  7.94328235e+00  3.14134972e+00 
 8.12830516e+00 -3.91794642e+01  8.12830516e+00  3.14134406e+00 
 8.31763771e+00 -3.91794643e+01  8.31763771e+00  3.14133827e+00 
 8.51138038e+00 -3.91794643e+01  8.51138038e+00  3.14133234e+00 
 8.70963590e+00 -3.91794643e+01  8.70963590e+00  3.14132628e+00 
 8.91250938e+00 -3.91794643e+01  8.91250938e+00  3.14132008e+00 
 9.12010839e+00 -3.91794643e+01  9.12010839e+00  3.14131373e+00 
 9.33254301e+00 -3.91794644e+01  9.33254301e+00  3.14130723e+00 
 9.54992586e+00 -3.91794644e+01  9.54992586e+00  3.14130058e+00 
 9.77237221e+00 -3.91794644e+01  9.77237221e+00  3.14129378e+00 
 1.00000000e+01 -3.91794644e+01  1.00000000e+01  3.14128682e+00 
 1.02329299e+01 -3.91794645e+01  1.02329299e+01  3.14127969e+00 
 1.04712855e+01 -3.91794645e+01  1.04712855e+01  3.14127240e+00 
 1.07151931e+01 -3.91794645e+01  1.07151931e+01  3.14126494e+00 
 1.09647820e+01 -3.91794645e+01  1.09647820e+01  3.14125731e+00 
 1.12201845e+01 -3.91794646e+01  1.12201845e+01  3.14124950e+00 
 1.14815362e+01 -3.91794646e+01  1.14815362e+01  3.14124150e+00 
 1.17489755e+01 -3.91794647e+01  1.17489755e+01  3.14123333e+00 
 1.20226443e+01 -3.91794647e+01  1.20226443e+01  3.14122496e+00 
 1.23026877e+01 -3.91794647e+01  1.23026877e+01  3.14121639e+00 
 1.25892541e+01 -3.91794648e+01  1.25892541e+01  3.14120763e+00 
 1.28824955e+01 -3.91794648e+01  1.28824955e+01  3.14119866e+00 
 1.31825674e+01 -3.91794649e+01  1.31825674e+01  3.14118948e+00 
 1.34896288e+01 -3.91794649e+01  1.34896288e+01  3.14118009e+00 
 1.38038426e+01 -3.91794649e+01  1.38038426e+01  3.14117048e+00 
 1.41253754e+01 -3.91794650e+01  1.41253754e+01  3.14116065e+00 
 1.44543977e+01 -3.91794651e+01  1.44543977e+01  3.14115058e+00 
 1.47910839e+01 -3.91794651e+01  1.47910839e+01  3.14114029e+00 
 1.51356125e+01 -3.91794652e+01  1.51356125e+01  3.14112975e+00 
 1.54881662e+01 -3.91794652e+01  1.54881662e+01  3.14111897e+00 
 1.58489319e+01 -3.91794653e+01  1.58489319e+01  3.14110793e+00 
 1.62181010e+01 -3.91794654e+01  1.62181010e+01  3.14109664e+00 
 1.65958691e+01 -3.91794654e+01  1.65958691e+01  3.14108509e+00 
 1.69824365e+01 -3.91794655e+01  1.69824365e+01  3.14107327e+00 
 1.73780083e+01 -3.91794656e+01  1.73780083e+01  3.14106117e+00 
 1.77827941e+01 -3.91794657e+01  1.77827941e+01  3.14104879e+00 
 1.81970086e+01 -3.91794657e+01  1.81970086e+01  3.14103612e+00 
 1.86208714e+01 -3.91794658e+01  1.86208714e+01  3.14102316e+00 
 1.90546072e+01 -3.91794659e+01  1.90546072e+01  3.14100989e+00 
 1.94984460e+01 -3.91794660e+01  1.94984460e+01  3.14099632e+00 
 1.99526231e+01 -3.91794661e+01  1.99526231e+01  3.14098243e+00 
 2.04173794e+01 -3.91794662e+01  2.04173794e+01  3.14096821e+00 
 2.08929613e+01 -3.91794663e+01  2.08929613e+01  3.14095367e+00 
 2.13796209e+01 -3.91794665e+01  2.13796209e+01  3.14093878e+00 
 2.18776162e+01 -3.91794666e+01  2.18776162e+01  3.14092355e+00 
 2.23872114e+01 -3.91794667e+01  2.23872114e+01  3.14090797e+00 
 2.29086765e+01 -3.91794669e+01  2.29086765e+01  3.14089202e+00 
 2.34422882e+01 -3.91794670e+01  2.34422882e+01  3.14087570e+00 
 2.39883292e+01 -3.91794671e+01  2.39883292e+01  3.14085900e+00 
 2.45470892e+01 -3.91794673e+01  2.45470892e+01  3.14084191e+00 
 2.51188643e+01 -3.91794675e+01  2.51188643e+01  3.14082442e+00 
 2.57039578e+01 -3.91794676e+01  2.57039578e+01  3.14080653e+00 
 2.63026799e+01 -3.91794678e+01  2.63026799e+01  3.14078822e+00 
 2.69153480e+01 -3.91794680e+01  2.69153480e+01  3.14076948e+00 
 2.75422870e+01 -3.91794682e+01  2.75422870e+01  3.14075031e+00 
 2.81838293e+01 -3.91794684e+01  2.81838293e+01  3.14073069e+00 
 2.88403150e+01 -3.91794686e+01  2.88403150e+01  3.14071061e+00 
 2.95120923e+01 -3.91794688e+01  2.95120923e+01  3.14069006e+00 
 3.01995172e+01 -3.91794691e+01  3.01995172e+01  3.14066904e+00 
 3.09029543e+01 -3.91794693e+01  3.09029543e+01  3.14064752e+00 
 3.16227766e+01 -3.91794696e+01  3.16227766e+01  3.14062551e+00 
 3.23593657e+01 -3.91794698e+01  3.23593657e+01  3.14060298e+00 
 3.31131121e+01 -3.91794701e+01  3.31131121e+01  3.14057993e+00 
 3.38844156e+01 -3.91794704e+01  3.38844156e+01  3.14055634e+00 
 3.46736850e+01 -3.91794707e+01  3.46736850e+01  3.14053220e+00 
 3.54813389e+01 -3.91794710e+01  3.54813389e+01  3.14050750e+00 
 3.63078055e+01 -3.91794714e+01  3.63078055e+01  3.14048222e+00 
 3.71535229e+01 -3.91794717e+01  3.71535229e+01  3.14045636e+00 
 3.80189396e+01 -3.91794721e+01  3.80189396e+01  3.14042989e+00 
 3.89045145e+01 -3.91794725e+01  3.89045145e+01  3.14040281e+00 
 3.98107171e+01 -3.91794729e+01  3.98107171e+01  3.14037509e+00 
 4.07380278e+01 -3.91794733e+01  4.07380278e+01  3.14034673e+00 
 4.16869383e+01 -3.91794737e+01  4.16869383e+01  3.14031771e+00 
 4.26579519e+01 -3.91794742e+01  4.26579519e+01  3.14028801e+00 
 4.36515832e+01 -3.91794747e+01  4.36515832e+01  3.14025762e+00 
 4.46683592e+01 -3.91794752e+01  4.46683592e+01  3.14022653e+00 
 4.57088190e+01 -3.91794757e+01  4.57088190e+01  3.14019471e+00 
 4.67735141e+01 -3.91794763e+01  4.67735141e+01  3.14016214e+00 
 4.78630092e+01 -3.91794769e+01  4.78630092e+01  3.14012882e+00 
 4.89778819e+01 -3.91794775e+01  4.89778819e+01  3.14009473e+00 
 5.01187234e+01 -3.91794782e+01  5.01187234e+01  3.14005984e+00 
 5.12861384e+01 -3.91794788e+01  5.12861384e+01  3.14002413e+00 
 5.24807460e+01 -3.91794795e+01  5.24807460e+01  3.13998760e+00 
 5.37031796e+01 -3.91794803e+01  5.37031796e+01  3.13995021e+00 
 5.49540874e+01 -3.91794810e+01  5.49540874e+01  3.13991195e+00 
 5.62341325e+01 -3.91794819e+01  5.62341325e+01  3.13987280e+00 
 5.75439937e+01 -3.91794827e+01  5.75439937e+01  3.13983274e+00 
 5.88843655e+01 -3.91794836e+01  5.88843655e+01  3.13979175e+00 
 6.02559586e+01 -3.91794845e+01  6.02559586e+01  3.13974980e+00 
 6.16595002e+01 -3.91794855e+01  6.16595002e+01  3.13970688e+00 
 6.30957344e+01 -3.91794865e+01  6.30957344e+01  3.13966295e+00 
 6.45654229e+01 -3.91794876e+01  6.45654229e+01  3.13961800e+00 
 6.60693448e+01 -3.91794887e+01  6.60693448e+01  3.13957201e+00 
 6.76082975e+01 -3.91794899e+01  6.76082975e+01  3.13952494e+00 
 6.91830971e+01 -3.91794911e+01  6.91830971e+01  3.13947678e+00 
 7.07945784e+01 -3.91794924e+01  7.07945784e+01  3.13942749e+00 
 7.24435960e+01 -3.91794937e+01  7.24435960e+01  3.13937706e+00 
 7.41310241e+01 -3.91794951e+01  7.41310241e+01  3.13932545e+00 
 7.58577575e+01 -3.91794966e+01  7.58577575e+01  3.13927264e+00 
 7.76247117e+01 -3.91794981e+01  7.76247117e+01  3.13921860e+00 
 7.94328235e+01 -3.91794998e+01  7.94328235e+01  3.13916331e+00 
 8.12830516e+01 -3.91795014e+01  8.12830516e+01  3.13910672e+00 
 8.31763771e+01 -3.91795032e+01  8.31763771e+01  3.13904882e+00 
 8.51138038e+01 -3.91795051e+01  8.51138038e+01  3.13898956e+00 
 8.70963590e+01 -3.91795070e+01  8.70963590e+01  3.13892893e+00 
 8.91250938e+01 -3.91795090e+01  8.91250938e+01  3.13886688e+00 
 9.12010839e+01 -3.91795112e+01  9.12010839e+01  3.13880339e+00 
 9.33254301e+01 -3.91795134e+01  9.33254301e+01  3.13873842e+00 
 9.54992586e+01 -3.91795157e+01  9.54992586e+01  3.13867194e+00 
 9.77237221e+01 -3.91795182e+01  9.77237221e+01  3.13860391e+00 
 1.00000000e+02 -3.91795207e+01  1.00000000e+02  3.13853429e+00 
 1.02329299e+02 -3.91795234e+01  1.02329299e+02  3.13846306e+00 
 1.04712855e+02 -3.91795262e+01  1.04712855e+02  3.13839016e+00 
 1.07151931e+02 -3.91795292e+01  1.07151931e+02  3.13831556e+00 
 1.09647820e+02 -3.91795322e+01  1.09647820e+02  3.13823923e+00 
 1.12201845e+02 -3.91795355e+01  1.12201845e+02  3.13816112e+00 
 1.14815362e+02 -3.91795388e+01  1.14815362e+02  3.13808119e+00 
 1.17489755e+02 -3.91795424e+01  1.17489755e+02  3.13799940e+00 
 1.20226443e+02 -3.91795461e+01  1.20226443e+02  3.13791570e+00 
 1.23026877e+02 -3.91795500e+01  1.23026877e+02  3.13783006e+00 
 1.25892541e+02 -3.91795540e+01  1.25892541e+02  3.13774242e+00 
 1.28824955e+02 -3.91795583e+01  1.28824955e+02  3.13765274e+00 
 1.31825674e+02 -3.91795627e+01  1.31825674e+02  3.13756097e+00 
 1.34896288e+02 -3.91795674e+01  1.34896288e+02  3.13746706e+00 
 1.38038426e+02 -3.91795722e+01  1.38038426e+02  3.13737096e+00 
 1.41253754e+02 -3.91795773e+01  1.41253754e+02  3.13727263e+00 
 1.44543977e+02 -3.91795827e+01  1.44543977e+02  3.13717201e+00 
 1.47910839e+02 -3.91795883e+01  1.47910839e+02  3.13706904e+00 
 1.51356125e+02 -3.91795942e+01  1.51356125e+02  3.13696367e+00 
 1.54881662e+02 -3.91796003e+01  1.54881662e+02  3.13685585e+00 
 1.58489319e+02 -3.91796067e+01  1.58489319e+02  3.13674552e+00 
 1.62181010e+02 -3.91796135e+01  1.62181010e+02  3.13663262e+00 
 1.65958691e+02 -3.91796205e+01  1.65958691e+02  3.13651709e+00 
 1.69824365e+02 -3.91796279e+01  1.69824365e+02  3.13639887e+00 
 1.73780083e+02 -3.91796356e+01  1.73780083e+02  3.13627789e+00 
 1.77827941e+02 -3.91796437e+01  1.77827941e+02  3.13615410e+00 
 1.81970086e+02 -3.91796522e+01  1.81970086e+02  3.13602743e+00 
 1.86208714e+02 -3.91796611e+01  1.86208714e+02  3.13589780e+00 
 1.90546072e+02 -3.91796704e+01  1.90546072e+02  3.13576516e+00 
 1.94984460e+02 -3.91796801e+01  1.94984460e+02  3.13562942e+00 
 1.99526231e+02 -3.91796903e+01  1.99526231e+02  3.13549053e+00 
 2.04173794e+02 -3.91797010e+01  2.04173794e+02  3.13534840e+00 
 2.08929613e+02 -3.91797121e+01  2.08929613e+02  3.13520296e+00 
 2.13796209e+02 -3.91797238e+01  2.13796209e+02  3.13505413e+00 
 2.18776162e+02 -3.91797361e+01  2.18776162e+02  3.13490184e+00 
 2.23872114e+02 -3.91797489e+01  2.23872114e+02  3.13474600e+00 
 2.29086765e+02 -3.91797624e+01  2.29086765e+02  3.13458653e+00 
 2.34422882e+02 -3.91797764e+01  2.34422882e+02  3.13442334e+00 
 2.39883292e+02 -3.91797911e+01  2.39883292e+02  3.13425636e+00 
 2.45470892e+02 -3.91798066e+01  2.45470892e+02  3.13408549e+00 
 2.51188643e+02 -3.91798227e+01  2.51188643e+02  3.13391064e+00 
 2.57039578e+02 -3.91798396e+01  2.57039578e+02  3.13373171e+00 
 2.63026799e+02 -3.91798573e+01  2.63026799e+02  3.13354862e+00 
 2.69153480e+02 -3.91798759e+01  2.69153480e+02  3.13336127e+00 
 2.75422870e+02 -3.91798953e+01  2.75422870e+02  3.13316955e+00 
 2.81838293e+02 -3.91799156e+01  2.81838293e+02  3.13297337e+00 
 2.88403150e+02 -3.91799369e+01  2.88403150e+02  3.13277262e+00 
 2.95120923e+02 -3.91799592e+01  2.95120923e+02  3.13256720e+00 
 3.01995172e+02 -3.91799826e+01  3.01995172e+02  3.13235699e+00 
 3.09029543e+02 -3.91800070e+01  3.09029543e+02  3.13214189e+00 
 3.16227766e+02 -3.91800326e+01  3.16227766e+02  3.13192178e+00 
 3.23593657e+02 -3.91800594e+01  3.23593657e+02  3.13169654e+00 
 3.31131121e+02 -3.91800875e+01  3.31131121e+02  3.13146606e+00 
 3.38844156e+02 -3.91801168e+01  3.38844156e+02  3.13123021e+00 
 3.46736850e+02 -3.91801476e+01  3.46736850e+02  3.13098887e+00 
 3.54813389e+02 -3.91801798e+01  3.54813389e+02  3.13074192e+00 
 3.63078055e+02 -3.91802136e+01  3.63078055e+02  3.13048921e+00 
 3.71535229e+02 -3.91802489e+01  3.71535229e+02  3.13023062e+00 
 3.80189396e+02 -3.91802859e+01  3.80189396e+02  3.12996601e+00 
 3.89045145e+02 -3.91803246e+01  3.89045145e+02  3.12969523e+00 
 3.98107171e+02 -3.91803652e+01  3.98107171e+02  3.12941816e+00 
 4.07380278e+02 -3.91804077e+01  4.07380278e+02  3.12913463e+00 
 4.16869383e+02 -3.91804522e+01  4.16869383e+02  3.12884450e+00 
 4.26579519e+02 -3.91804987e+01  4.26579519e+02  3.12854762e+00 
 4.36515832e+02 -3.91805475e+01  4.36515832e+02  3.12824383e+00 
 4.46683592e+02 -3.91805985e+01  4.46683592e+02  3.12793297e+00 
 4.57088190e+02 -3.91806520e+01  4.57088190e+02  3.12761487e+00 
 4.67735141e+02 -3.91807080e+01  4.67735141e+02  3.12728937e+00 
 4.78630092e+02 -3.91807666e+01  4.78630092e+02  3.12695629e+00 
 4.89778819e+02 -3.91808280e+01  4.89778819e+02  3.12661546e+00 
 5.01187234e+02 -3.91808923e+01  5.01187234e+02  3.12626670e+00 
 5.12861384e+02 -3.91809596e+01  5.12861384e+02  3.12590982e+00 
 5.24807460e+02 -3.91810301e+01  5.24807460e+02  3.12554464e+00 
 5.37031796e+02 -3.91811039e+01  5.37031796e+02  3.12517096e+00 
 5.49540874e+02 -3.91811811e+01  5.49540874e+02  3.12478858e+00 
 5.62341325e+02 -3.91812620e+01  5.62341325e+02  3.12439731e+00 
 5.75439937e+02 -3.91813468e+01  5.75439937e+02  3.12399693e+00 
 5.88843655e+02 -3.91814355e+01  5.88843655e+02  3.12358724e+00 
 6.02559586e+02 -3.91815284e+01  6.02559586e+02  3.12316801e+00 
 6.16595002e+02 -3.91816256e+01  6.16595002e+02  3.12273904e+00 
 6.30957344e+02 -3.91817275e+01  6.30957344e+02  3.12230008e+00 
 6.45654229e+02 -3.91818341e+01  6.45654229e+02  3.12185091e+00 
 6.60693448e+02 -3.91819458e+01  6.60693448e+02  3.12139130e+00 
 6.76082975e+02 -3.91820627e+01  6.76082975e+02  3.12092100e+00 
 6.91830971e+02 -3.91821852e+01  6.91830971e+02  3.12043976e+00 
 7.07945784e+02 -3.91823134e+01  7.07945784e+02  3.11994733e+00 
 7.24435960e+02 -3.91824476e+01  7.24435960e+02  3.11944346e+00 
 7.41310241e+02 -3.91825882e+01  7.41310241e+02  3.11892786e+00 
 7.58577575e+02 -3.91827353e+01  7.58577575e+02  3.11840028e+00 
 7.76247117e+02 -3.91828894e+01  7.76247117e+02  3.11786044e+00 
 7.94328235e+02 -3.91830508e+01  7.94328235e+02  3.11730805e+00 
 8.12830516e+02 -3.91832198e+01  8.12830516e+02  3.11674282e+00 
 8.31763771e+02 -3.91833967e+01  8.31763771e+02  3.11616445e+00 
 8.51138038e+02 -3.91835819e+01  8.51138038e+02  3.11557265e+00 
 8.70963590e+02 -3.91837759e+01  8.70963590e+02  3.11496710e+00 
 8.91250938e+02 -3.91839790e+01  8.91250938e+02  3.11434748e+00 
 9.12010839e+02 -3.91841916e+01  9.12010839e+02  3.11371347e+00 
 9.33254301e+02 -3.91844143e+01  9.33254301e+02  3.11306473e+00 
 9.54992586e+02 -3.91846474e+01  9.54992586e+02  3.11240093e+00 
 9.77237221e+02 -3.91848915e+01  9.77237221e+02  3.11172172e+00 
 1.00000000e+03 -3.91851471e+01  1.00000000e+03  3.11102674e+00 
 1.02329299e+03 -3.91854147e+01  1.02329299e+03  3.11031563e+00 
 1.04712855e+03 -3.91856949e+01  1.04712855e+03  3.10958801e+00 
 1.07151931e+03 -3.91859883e+01  1.07151931e+03  3.10884352e+00 
 1.09647820e+03 -3.91862955e+01  1.09647820e+03  3.10808175e+00 
 1.12201845e+03 -3.91866172e+01  1.12201845e+03  3.10730232e+00 
 1.14815362e+03 -3.91869539e+01  1.14815362e+03  3.10650481e+00 
 1.17489755e+03 -3.91873065e+01  1.17489755e+03  3.10568881e+00 
 1.20226443e+03 -3.91876757e+01  1.20226443e+03  3.10485390e+00 
 1.23026877e+03 -3.91880623e+01  1.23026877e+03  3.10399964e+00 
 1.25892541e+03 -3.91884670e+01  1.25892541e+03  3.10312558e+00 
 1.28824955e+03 -3.91888907e+01  1.28824955e+03  3.10223129e+00 
 1.31825674e+03 -3.91893344e+01  1.31825674e+03  3.10131628e+00 
 1.34896288e+03 -3.91897989e+01  1.34896288e+03  3.10038009e+00 
 1.38038426e+03 -3.91902852e+01  1.38038426e+03  3.09942224e+00 
 1.41253754e+03 -3.91907944e+01  1.41253754e+03  3.09844223e+00 
 1.44543977e+03 -3.91913275e+01  1.44543977e+03  3.09743955e+00 
 1.47910839e+03 -3.91918857e+01  1.47910839e+03  3.09641368e+00 
 1.51356125e+03 -3.91924700e+01  1.51356125e+03  3.09536411e+00 
 1.54881662e+03 -3.91930818e+01  1.54881662e+03  3.09429029e+00 
 1.58489319e+03 -3.91937223e+01  1.58489319e+03  3.09319166e+00 
 1.62181010e+03 -3.91943929e+01  1.62181010e+03  3.09206768e+00 
 1.65958691e+03 -3.91950950e+01  1.65958691e+03  3.09091776e+00 
 1.69824365e+03 -3.91958299e+01  1.69824365e+03  3.08974131e+00 
 1.73780083e+03 -3.91965994e+01  1.73780083e+03  3.08853774e+00 
 1.77827941e+03 -3.91974049e+01  1.77827941e+03  3.08730643e+00 
 1.81970086e+03 -3.91982482e+01  1.81970086e+03  3.08604677e+00 
 1.86208714e+03 -3.91991311e+01  1.86208714e+03  3.08475810e+00 
 1.90546072e+03 -3.92000553e+01  1.90546072e+03  3.08343979e+00 
 1.94984460e+03 -3.92010228e+01  1.94984460e+03  3.08209116e+00 
 1.99526231e+03 -3.92020356e+01  1.99526231e+03  3.08071154e+00 
 2.04173794e+03 -3.92030959e+01  2.04173794e+03  3.07930024e+00 
 2.08929613e+03 -3.92042058e+01  2.08929613e+03  3.07785655e+00 
 2.13796209e+03 -3.92053676e+01  2.13796209e+03  3.07637975e+00 
 2.18776162e+03 -3.92065837e+01  2.18776162e+03  3.07486911e+00 
 2.23872114e+03 -3.92078568e+01  2.23872114e+03  3.07332387e+00 
 2.29086765e+03 -3.92091893e+01  2.29086765e+03  3.07174328e+00 
 2.34422882e+03 -3.92105841e+01  2.34422882e+03  3.07012655e+00 
 2.39883292e+03 -3.92120441e+01  2.39883292e+03  3.06847289e+00 
 2.45470892e+03 -3.92135722e+01  2.45470892e+03  3.06678149e+00 
 2.51188643e+03 -3.92151717e+01  2.51188643e+03  3.06505153e+00 
 2.57039578e+03 -3.92168457e+01  2.57039578e+03  3.06328218e+00 
 2.63026799e+03 -3.92185978e+01  2.63026799e+03  3.06147256e+00 
 2.69153480e+03 -3.92204315e+01  2.69153480e+03  3.05962183e+00 
 2.75422870e+03 -3.92223507e+01  2.75422870e+03  3.05772908e+00 
 2.81838293e+03 -3.92243592e+01  2.81838293e+03  3.05579342e+00 
 2.88403150e+03 -3.92264611e+01  2.88403150e+03  3.05381393e+00 
 2.95120923e+03 -3.92286608e+01  2.95120923e+03  3.05178968e+00 
 3.01995172e+03 -3.92309627e+01  3.01995172e+03  3.04971972e+00 
 3.09029543e+03 -3.92333714e+01  3.09029543e+03  3.04760309e+00 
 3.16227766e+03 -3.92358920e+01  3.16227766e+03  3.04543881e+00 
 3.23593657e+03 -3.92385294e+01  3.23593657e+03  3.04322588e+00 
 3.31131121e+03 -3.92412890e+01  3.31131121e+03  3.04096330e+00 
 3.38844156e+03 -3.92441763e+01  3.38844156e+03  3.03865004e+00 
 3.46736850e+03 -3.92471973e+01  3.46736850e+03  3.03628506e+00 
 3.54813389e+03 -3.92503578e+01  3.54813389e+03  3.03386731e+00 
 3.63078055e+03 -3.92536643e+01  3.63078055e+03  3.03139572e+00 
 3.71535229e+03 -3.92571233e+01  3.71535229e+03  3.02886921e+00 
 3.80189396e+03 -3.92607418e+01  3.80189396e+03  3.02628668e+00 
 3.89045145e+03 -3.92645268e+01  3.89045145e+03  3.02364703e+00 
 3.98107171e+03 -3.92684859e+01  3.98107171e+03  3.02094914e+00 
 4.07380278e+03 -3.92726268e+01  4.07380278e+03  3.01819187e+00 
 4.16869383e+03 -3.92769577e+01  4.16869383e+03  3.01537408e+00 
 4.26579519e+03 -3.92814871e+01  4.26579519e+03  3.01249462e+00 
 4.36515832e+03 -3.92862237e+01  4.36515832e+03  3.00955232e+00 
 4.46683592e+03 -3.92911768e+01  4.46683592e+03  3.00654601e+00 
 4.57088190e+03 -3.92963559e+01  4.57088190e+03  3.00347452e+00 
 4.67735141e+03 -3.93017710e+01  4.67735141e+03  3.00033665e+00 
 4.78630092e+03 -3.93074324e+01  4.78630092e+03  2.99713121e+00 
 4.89778819e+03 -3.93133510e+01  4.89778819e+03  2.99385701e+00 
 5.01187234e+03 -3.93195379e+01  5.01187234e+03  2.99051284e+00 
 5.12861384e+03 -3.93260048e+01  5.12861384e+03  2.98709752e+00 
 5.24807460e+03 -3.93327638e+01  5.24807460e+03  2.98360982e+00 
 5.37031796e+03 -3.93398276e+01  5.37031796e+03  2.98004857e+00 
 5.49540874e+03 -3.93472092e+01  5.49540874e+03  2.97641255e+00 
 5.62341325e+03 -3.93549222e+01  5.62341325e+03  2.97270058e+00 
 5.75439937e+03 -3.93629807e+01  5.75439937e+03  2.96891149e+00 
 5.88843655e+03 -3.93713993e+01  5.88843655e+03  2.96504409e+00 
 6.02559586e+03 -3.93801932e+01  6.02559586e+03  2.96109723e+00 
 6.16595002e+03 -3.93893781e+01  6.16595002e+03  2.95706976e+00 
 6.30957344e+03 -3.93989704e+01  6.30957344e+03  2.95296056e+00 
 6.45654229e+03 -3.94089868e+01  6.45654229e+03  2.94876852e+00 
 6.60693448e+03 -3.94194448e+01  6.60693448e+03  2.94449256e+00 
 6.76082975e+03 -3.94303625e+01  6.76082975e+03  2.94013163e+00 
 6.91830971e+03 -3.94417586e+01  6.91830971e+03  2.93568470e+00 
 7.07945784e+03 -3.94536524e+01  7.07945784e+03  2.93115078e+00 
 7.24435960e+03 -3.94660637e+01  7.24435960e+03  2.92652892e+00 
 7.41310241e+03 -3.94790131e+01  7.41310241e+03  2.92181821e+00 
 7.58577575e+03 -3.94925219e+01  7.58577575e+03  2.91701778e+00 
 7.76247117e+03 -3.95066118e+01  7.76247117e+03  2.91212684e+00 
 7.94328235e+03 -3.95213053e+01  7.94328235e+03  2.90714461e+00 
 8.12830516e+03 -3.95366256e+01  8.12830516e+03  2.90207040e+00 
 8.31763771e+03 -3.95525964e+01  8.31763771e+03  2.89690359e+00 
 8.51138038e+03 -3.95692421e+01  8.51138038e+03  2.89164361e+00 
 8.70963590e+03 -3.95865877e+01  8.70963590e+03  2.88628997e+00 
 8.91250938e+03 -3.96046591e+01  8.91250938e+03  2.88084228e+00 
 9.12010839e+03 -3.96234823e+01  9.12010839e+03  2.87530022e+00 
 9.33254301e+03 -3.96430843e+01  9.33254301e+03  2.86966357e+00 
 9.54992586e+03 -3.96634927e+01  9.54992586e+03  2.86393221e+00 
 9.77237221e+03 -3.96847353e+01  9.77237221e+03  2.85810611e+00 
 1.00000000e+04 -3.97068408e+01  1.00000000e+04  2.85218538e+00 
 1.02329299e+04 -3.97298383e+01  1.02329299e+04  2.84617022e+00 
 1.04712855e+04 -3.97537573e+01  1.04712855e+04  2.84006098e+00 
 1.07151931e+04 -3.97786277e+01  1.07151931e+04  2.83385813e+00 
 1.09647820e+04 -3.98044801e+01  1.09647820e+04  2.82756226e+00 
 1.12201845e+04 -3.98313450e+01  1.12201845e+04  2.82117413e+00 
 1.14815362e+04 -3.98592536e+01  1.14815362e+04  2.81469464e+00 
 1.17489755e+04 -3.98882372e+01  1.17489755e+04  2.80812486e+00 
 1.20226443e+04 -3.99183271e+01  1.20226443e+04  2.80146598e+00 
 1.23026877e+04 -3.99495551e+01  1.23026877e+04  2.79471942e+00 
 1.25892541e+04 -3.99819527e+01  1.25892541e+04  2.78788672e+00 
 1.28824955e+04 -4.00155516e+01  1.28824955e+04  2.78096963e+00 
 1.31825674e+04 -4.00503833e+01  1.31825674e+04  2.77397008e+00 
 1.34896288e+04 -4.00864790e+01  1.34896288e+04  2.76689019e+00 
 1.38038426e+04 -4.01238698e+01  1.38038426e+04  2.75973226e+00 
 1.41253754e+04 -4.01625863e+01  1.41253754e+04  2.75249880e+00 
 1.44543977e+04 -4.02026588e+01  1.44543977e+04  2.74519251e+00 
 1.47910839e+04 -4.02441166e+01  1.47910839e+04  2.73781632e+00 
 1.51356125e+04 -4.02869887e+01  1.51356125e+04  2.73037333e+00 
 1.54881662e+04 -4.03313031e+01  1.54881662e+04  2.72286686e+00 
 1.58489319e+04 -4.03770868e+01  1.58489319e+04  2.71530043e+00 
 1.62181010e+04 -4.04243660e+01  1.62181010e+04  2.70767778e+00 
 1.65958691e+04 -4.04731653e+01  1.65958691e+04  2.70000284e+00 
 1.69824365e+04 -4.05235084e+01  1.69824365e+04  2.69227973e+00 
 1.73780083e+04 -4.05754172e+01  1.73780083e+04  2.68451280e+00 
 1.77827941e+04 -4.06289123e+01  1.77827941e+04  2.67670655e+00 
 1.81970086e+04 -4.06840124e+01  1.81970086e+04  2.66886570e+00 
 1.86208714e+04 -4.07407345e+01  1.86208714e+04  2.66099513e+00 
 1.90546072e+04 -4.07990936e+01  1.90546072e+04  2.65309990e+00 
 1.94984460e+04 -4.08591025e+01  1.94984460e+04  2.64518523e+00 
 1.99526231e+04 -4.09207718e+01  1.99526231e+04  2.63725648e+00 
 2.04173794e+04 -4.09841099e+01  2.04173794e+04  2.62931916e+00 
 2.08929613e+04 -4.10491226e+01  2.08929613e+04  2.62137891e+00 
 2.13796209e+04 -4.11158132e+01  2.13796209e+04  2.61344148e+00 
 2.18776162e+04 -4.11841823e+01  2.18776162e+04  2.60551271e+00 
 2.23872114e+04 -4.12542277e+01  2.23872114e+04  2.59759852e+00 
 2.29086765e+04 -4.13259444e+01  2.29086765e+04  2.58970491e+00 
 2.34422882e+04 -4.13993243e+01  2.34422882e+04  2.58183791e+00 
 2.39883292e+04 -4.14743566e+01  2.39883292e+04  2.57400359e+00 
 2.45470892e+04 -4.15510272e+01  2.45470892e+04  2.56620801e+00 
 2.51188643e+04 -4.16293188e+01  2.51188643e+04  2.55845724e+00 
 2.57039578e+04 -4.17092110e+01  2.57039578e+04  2.55075731e+00 
 2.63026799e+04 -4.17906804e+01  2.63026799e+04  2.54311417e+00 
 2.69153480e+04 -4.18737001e+01  2.69153480e+04  2.53553373e+00 
 2.75422870e+04 -4.19582402e+01  2.75422870e+04  2.52802178e+00 
 2.81838293e+04 -4.20442674e+01  2.81838293e+04  2.52058398e+00 
 2.88403150e+04 -4.21317455e+01  2.88403150e+04  2.51322587e+00 
 2.95120923e+04 -4.22206348e+01  2.95120923e+04  2.50595280e+00 
 3.01995172e+04 -4.23108927e+01  3.01995172e+04  2.49876995e+00 
 3.09029543e+04 -4.24024737e+01  3.09029543e+04  2.49168227e+00 
 3.16227766e+04 -4.24953291e+01  3.16227766e+04  2.48469450e+00 
 3.23593657e+04 -4.25894074e+01  3.23593657e+04  2.47781109e+00 
 3.31131121e+04 -4.26846544e+01  3.31131121e+04  2.47103626e+00 
 3.38844156e+04 -4.27810130e+01  3.38844156e+04  2.46437391e+00 
 3.46736850e+04 -4.28784239e+01  3.46736850e+04  2.45782762e+00 
 3.54813389e+04 -4.29768251e+01  3.54813389e+04  2.45140066e+00 
 3.63078055e+04 -4.30761524e+01  3.63078055e+04  2.44509592e+00 
 3.71535229e+04 -4.31763396e+01  3.71535229e+04  2.43891597e+00 
 3.80189396e+04 -4.32773184e+01  3.80189396e+04  2.43286295e+00 
 3.89045145e+04 -4.33790186e+01  3.89045145e+04  2.42693863e+00 
 3.98107171e+04 -4.34813687e+01  3.98107171e+04  2.42114438e+00 
 4.07380278e+04 -4.35842954e+01  4.07380278e+04  2.41548113e+00 
 4.16869383e+04 -4.36877244e+01  4.16869383e+04  2.40994940e+00 
 4.26579519e+04 -4.37915803e+01  4.26579519e+04  2.40454925e+00 
 4.36515832e+04 -4.38957867e+01  4.36515832e+04  2.39928030e+00 
 4.46683592e+04 -4.40002667e+01  4.46683592e+04  2.39414173e+00 
 4.57088190e+04 -4.41049427e+01  4.57088190e+04  2.38913225e+00 
 4.67735141e+04 -4.42097371e+01  4.67735141e+04  2.38425012e+00 
 4.78630092e+04 -4.43145722e+01  4.78630092e+04  2.37949311e+00 
 4.89778819e+04 -4.44193703e+01  4.89778819e+04  2.37485856e+00 
 5.01187234e+04 -4.45240543e+01  5.01187234e+04  2.37034332e+00 
 5.12861384e+04 -4.46285474e+01  5.12861384e+04  2.36594380e+00 
 5.24807460e+04 -4.47327738e+01  5.24807460e+04  2.36165593e+00 
 5.37031796e+04 -4.48366586e+01  5.37031796e+04  2.35747522e+00 
 5.49540874e+04 -4.49401281e+01  5.49540874e+04  2.35339671e+00 
 5.62341325e+04 -4.50431100e+01  5.62341325e+04  2.34941501e+00 
 5.75439937e+04 -4.51455335e+01  5.75439937e+04  2.34552430e+00 
 5.88843655e+04 -4.52473295e+01  5.88843655e+04  2.34171834e+00 
 6.02559586e+04 -4.53484311e+01  6.02559586e+04  2.33799051e+00 
 6.16595002e+04 -4.54487731e+01  6.16595002e+04  2.33433378e+00 
 6.30957344e+04 -4.55482930e+01  6.30957344e+04  2.33074073e+00 
 6.45654229e+04 -4.56469305e+01  6.45654229e+04  2.32720362e+00 
 6.60693448e+04 -4.57446278e+01  6.60693448e+04  2.32371432e+00 
 6.76082975e+04 -4.58413300e+01  6.76082975e+04  2.32026441e+00 
 6.91830971e+04 -4.59369850e+01  6.91830971e+04  2.31684516e+00 
 7.07945784e+04 -4.60315435e+01  7.07945784e+04  2.31344755e+00 
 7.24435960e+04 -4.61249596e+01  7.24435960e+04  2.31006228e+00 
 7.41310241e+04 -4.62171902e+01  7.41310241e+04  2.30667984e+00 
 7.58577575e+04 -4.63081956e+01  7.58577575e+04  2.30329047e+00 
 7.76247117e+04 -4.63979396e+01  7.76247117e+04  2.29988424e+00 
 7.94328235e+04 -4.64863891e+01  7.94328235e+04  2.29645104e+00 
 8.12830516e+04 -4.65735145e+01  8.12830516e+04  2.29298059e+00 
 8.31763771e+04 -4.66592897e+01  8.31763771e+04  2.28946252e+00 
 8.51138038e+04 -4.67436920e+01  8.51138038e+04  2.28588634e+00 
 8.70963590e+04 -4.68267022e+01  8.70963590e+04  2.28224148e+00 
 8.91250938e+04 -4.69083045e+01  8.91250938e+04  2.27851734e+00 
 9.12010839e+04 -4.69884868e+01  9.12010839e+04  2.27470329e+00 
 9.33254301e+04 -4.70672400e+01  9.33254301e+04  2.27078868e+00 
 9.54992586e+04 -4.71445587e+01  9.54992586e+04  2.26676291e+00 
 9.77237221e+04 -4.72204406e+01  9.77237221e+04  2.26261541e+00 
 1.00000000e+05 -4.72948867e+01  1.00000000e+05  2.25833569e+00 
 1.02329299e+05 -4.73679012e+01  1.02329299e+05  2.25391334e+00 
 1.04712855e+05 -4.74394913e+01  1.04712855e+05  2.24933810e+00 
 1.07151931e+05 -4.75096671e+01  1.07151931e+05  2.24459980e+00 
 1.09647820e+05 -4.75784418e+01  1.09647820e+05  2.23968846e+00 
 1.12201845e+05 -4.76458310e+01  1.12201845e+05  2.23459427e+00 
 1.14815362e+05 -4.77118532e+01  1.14815362e+05  2.22930763e+00 
 1.17489755e+05 -4.77765294e+01  1.17489755e+05  2.22381914e+00 
 1.20226443e+05 -4.78398826e+01  1.20226443e+05  2.21811964e+00 
 1.23026877e+05 -4.79019385e+01  1.23026877e+05  2.21220024e+00 
 1.25892541e+05 -4.79627245e+01  1.25892541e+05  2.20605230e+00 
 1.28824955e+05 -4.80222701e+01  1.28824955e+05  2.19966746e+00 
 1.31825674e+05 -4.80806065e+01  1.31825674e+05  2.19303768e+00 
 1.34896288e+05 -4.81377666e+01  1.34896288e+05  2.18615522e+00 
 1.38038426e+05 -4.81937847e+01  1.38038426e+05  2.17901268e+00 
 1.41253754e+05 -4.82486965e+01  1.41253754e+05  2.17160298e+00 
 1.44543977e+05 -4.83025387e+01  1.44543977e+05  2.16391941e+00 
 1.47910839e+05 -4.83553493e+01  1.47910839e+05  2.15595562e+00 
 1.51356125e+05 -4.84071669e+01  1.51356125e+05  2.14770563e+00 
 1.54881662e+05 -4.84580309e+01  1.54881662e+05  2.13916385e+00 
 1.58489319e+05 -4.85079811e+01  1.58489319e+05  2.13032508e+00 
 1.62181010e+05 -4.85570581e+01  1.62181010e+05  2.12118454e+00 
 1.65958691e+05 -4.86053023e+01  1.65958691e+05  2.11173783e+00 
 1.69824365e+05 -4.86527545e+01  1.69824365e+05  2.10198102e+00 
 1.73780083e+05 -4.86994554e+01  1.73780083e+05  2.09191056e+00 
 1.77827941e+05 -4.87454455e+01  1.77827941e+05  2.08152338e+00 
 1.81970086e+05 -4.87907650e+01  1.81970086e+05  2.07081682e+00 
 1.86208714e+05 -4.88354538e+01  1.86208714e+05  2.05978871e+00 
 1.90546072e+05 -4.88795510e+01  1.90546072e+05  2.04843730e+00 
 1.94984460e+05 -4.89230952e+01  1.94984460e+05  2.03676133e+00 
 1.99526231e+05 -4.89661242e+01  1.99526231e+05  2.02476000e+00 
 2.04173794e+05 -4.90086747e+01  2.04173794e+05  2.01243299e+00 
 2.08929613e+05 -4.90507825e+01  2.08929613e+05  1.99978046e+00 
 2.13796209e+05 -4.90924822e+01  2.13796209e+05  1.98680304e+00 
 2.18776162e+05 -4.91338072e+01  2.18776162e+05  1.97350187e+00 
 2.23872114e+05 -4.91747895e+01  2.23872114e+05  1.95987857e+00 
 2.29086765e+05 -4.92154596e+01  2.29086765e+05  1.94593525e+00 
 2.34422882e+05 -4.92558466e+01  2.34422882e+05  1.93167452e+00 
 2.39883292e+05 -4.92959778e+01  2.39883292e+05  1.91709947e+00 
 2.45470892e+05 -4.93358790e+01  2.45470892e+05  1.90221370e+00 
 2.51188643e+05 -4.93755740e+01  2.51188643e+05  1.88702131e+00 
 2.57039578e+05 -4.94150850e+01  2.57039578e+05  1.87152687e+00 
 2.63026799e+05 -4.94544322e+01  2.63026799e+05  1.85573545e+00 
 2.69153480e+05 -4.94936339e+01  2.69153480e+05  1.83965259e+00 
 2.75422870e+05 -4.95327064e+01  2.75422870e+05  1.82328433e+00 
 2.81838293e+05 -4.95716639e+01  2.81838293e+05  1.80663717e+00 
 2.88403150e+05 -4.96105188e+01  2.88403150e+05  1.78971806e+00 
 2.95120923e+05 -4.96492812e+01  2.95120923e+05  1.77253441e+00 
 3.01995172e+05 -4.96879595e+01  3.01995172e+05  1.75509409e+00 
 3.09029543e+05 -4.97265597e+01  3.09029543e+05  1.73740536e+00 
 3.16227766e+05 -4.97650860e+01  3.16227766e+05  1.71947694e+00 
 3.23593657e+05 -4.98035406e+01  3.23593657e+05  1.70131791e+00 
 3.31131121e+05 -4.98419237e+01  3.31131121e+05  1.68293777e+00 
 3.38844156e+05 -4.98802335e+01  3.38844156e+05  1.66434634e+00 
 3.46736850e+05 -4.99184667e+01  3.46736850e+05  1.64555382e+00 
 3.54813389e+05 -4.99566179e+01  3.54813389e+05  1.62657073e+00 
 3.63078055e+05 -4.99946800e+01  3.63078055e+05  1.60740789e+00 
 3.71535229e+05 -5.00326447e+01  3.71535229e+05  1.58807637e+00 
 3.80189396e+05 -5.00705016e+01  3.80189396e+05  1.56858755e+00 
 3.89045145e+05 -5.01082395e+01  3.89045145e+05  1.54895299e+00 
 3.98107171e+05 -5.01458455e+01  3.98107171e+05  1.52918447e+00 
 4.07380278e+05 -5.01833056e+01  4.07380278e+05  1.50929395e+00 
 4.16869383e+05 -5.02206050e+01  4.16869383e+05  1.48929352e+00 
 4.26579519e+05 -5.02577279e+01  4.26579519e+05  1.46919541e+00 
 4.36515832e+05 -5.02946575e+01  4.36515832e+05  1.44901192e+00 
 4.46683592e+05 -5.03313766e+01  4.46683592e+05  1.42875542e+00 
 4.57088190e+05 -5.03678675e+01  4.57088190e+05  1.40843831e+00 
 4.67735141e+05 -5.04041121e+01  4.67735141e+05  1.38807298e+00 
 4.78630092e+05 -5.04400922e+01  4.78630092e+05  1.36767181e+00 
 4.89778819e+05 -5.04757894e+01  4.89778819e+05  1.34724711e+00 
 5.01187234e+05 -5.05111855e+01  5.01187234e+05  1.32681109e+00 
 5.12861384e+05 -5.05462624e+01  5.12861384e+05  1.30637588e+00 
 5.24807460e+05 -5.05810024e+01  5.24807460e+05  1.28595345e+00 
 5.37031796e+05 -5.06153883e+01  5.37031796e+05  1.26555560e+00 
 5.49540874e+05 -5.06494034e+01  5.49540874e+05  1.24519394e+00 
 5.62341325e+05 -5.06830317e+01  5.62341325e+05  1.22487988e+00 
 5.75439937e+05 -5.07162581e+01  5.75439937e+05  1.20462457e+00 
 5.88843655e+05 -5.07490682e+01  5.88843655e+05  1.18443890e+00 
 6.02559586e+05 -5.07814488e+01  6.02559586e+05  1.16433351e+00 
 6.16595002e+05 -5.08133876e+01  6.16595002e+05  1.14431871e+00 
 6.30957344e+05 -5.08448735e+01  6.30957344e+05  1.12440451e+00 
 6.45654229e+05 -5.08758964e+01  6.45654229e+05  1.10460059e+00 
 6.60693448e+05 -5.09064476e+01  6.60693448e+05  1.08491629e+00 
 6.76082975e+05 -5.09365196e+01  6.76082975e+05  1.06536058e+00 
 6.91830971e+05 -5.09661061e+01  6.91830971e+05  1.04594209e+00 
 7.07945784e+05 -5.09952022e+01  7.07945784e+05  1.02666905e+00 
 7.24435960e+05 -5.10238043e+01  7.24435960e+05  1.00754935e+00 
 7.41310241e+05 -5.10519100e+01  7.41310241e+05  9.88590458e-01 
 7.58577575e+05 -5.10795182e+01  7.58577575e+05  9.69799478e-01 
 7.76247117e+05 -5.11066293e+01  7.76247117e+05  9.51183121e-01 
 7.94328235e+05 -5.11332447e+01  7.94328235e+05  9.32747710e-01 
 8.12830516e+05 -5.11593672e+01  8.12830516e+05  9.14499183e-01 
 8.31763771e+05 -5.11850005e+01  8.31763771e+05  8.96443096e-01 
 8.51138038e+05 -5.12101499e+01  8.51138038e+05  8.78584627e-01 
 8.70963590e+05 -5.12348213e+01  8.70963590e+05  8.60928580e-01 
 8.91250938e+05 -5.12590221e+01  8.91250938e+05  8.43479395e-01 
 9.12010839e+05 -5.12827603e+01  9.12010839e+05  8.26241155e-01 
 9.33254301e+05 -5.13060451e+01  9.33254301e+05  8.09217593e-01 
 9.54992586e+05 -5.13288864e+01  9.54992586e+05  7.92412103e-01 
 9.77237221e+05 -5.13512951e+01  9.77237221e+05  7.75827753e-01 
 1.00000000e+06 -5.13732826e+01  1.00000000e+06  7.59467292e-01 
 1.02329299e+06 -5.13948611e+01  1.02329299e+06  7.43333165e-01 
 1.04712855e+06 -5.14160435e+01  1.04712855e+06  7.27427525e-01 
 1.07151931e+06 -5.14368429e+01  1.07151931e+06  7.11752245e-01 
 1.09647820e+06 -5.14572733e+01  1.09647820e+06  6.96308934e-01 
 1.12201845e+06 -5.14773487e+01  1.12201845e+06  6.81098944e-01 
 1.14815362e+06 -5.14970838e+01  1.14815362e+06  6.66123391e-01 
 1.17489755e+06 -5.15164931e+01  1.17489755e+06  6.51383166e-01 
 1.20226443e+06 -5.15355917e+01  1.20226443e+06  6.36878945e-01 
 1.23026877e+06 -5.15543947e+01  1.23026877e+06  6.22611209e-01 
 1.25892541e+06 -5.15729170e+01  1.25892541e+06  6.08580253e-01 
 1.28824955e+06 -5.15911739e+01  1.28824955e+06  5.94786200e-01 
 1.31825674e+06 -5.16091803e+01  1.31825674e+06  5.81229016e-01 
 1.34896288e+06 -5.16269511e+01  1.34896288e+06  5.67908518e-01 
 1.38038426e+06 -5.16445010e+01  1.38038426e+06  5.54824393e-01 
 1.41253754e+06 -5.16618442e+01  1.41253754e+06  5.41976202e-01 
 1.44543977e+06 -5.16789949e+01  1.44543977e+06  5.29363399e-01 
 1.47910839e+06 -5.16959667e+01  1.47910839e+06  5.16985335e-01 
 1.51356125e+06 -5.17127729e+01  1.51356125e+06  5.04841272e-01 
 1.54881662e+06 -5.17294260e+01  1.54881662e+06  4.92930392e-01 
 1.58489319e+06 -5.17459382e+01  1.58489319e+06  4.81251804e-01 
 1.62181010e+06 -5.17623210e+01  1.62181010e+06  4.69804555e-01 
 1.65958691e+06 -5.17785853e+01  1.65958691e+06  4.58587633e-01 
 1.69824365e+06 -5.17947411e+01  1.69824365e+06  4.47599981e-01 
 1.73780083e+06 -5.18107978e+01  1.73780083e+06  4.36840494e-01 
 1.77827941e+06 -5.18267639e+01  1.77827941e+06  4.26308032e-01 
 1.81970086e+06 -5.18426471e+01  1.81970086e+06  4.16001418e-01 
 1.86208714e+06 -5.18584540e+01  1.86208714e+06  4.05919448e-01 
 1.90546072e+06 -5.18741906e+01  1.90546072e+06  3.96060889e-01 
 1.94984460e+06 -5.18898615e+01  1.94984460e+06  3.86424482e-01 
 1.99526231e+06 -5.19054707e+01  1.99526231e+06  3.77008946e-01 
 2.04173794e+06 -5.19210210e+01  2.04173794e+06  3.67812974e-01 
 2.08929613e+06 -5.19365139e+01  2.08929613e+06  3.58835240e-01 
 2.13796209e+06 -5.19519502e+01  2.13796209e+06  3.50074390e-01 
 2.18776162e+06 -5.19673293e+01  2.18776162e+06  3.41529046e-01 
 2.23872114e+06 -5.19826496e+01  2.23872114e+06  3.33197803e-01 
 2.29086765e+06 -5.19979085e+01  2.29086765e+06  3.25079226e-01 
 2.34422882e+06 -5.20131020e+01  2.34422882e+06  3.17171846e-01 
 2.39883292e+06 -5.20282252e+01  2.39883292e+06  3.09474158e-01 
 2.45470892e+06 -5.20432721e+01  2.45470892e+06  3.01984617e-01 
 2.51188643e+06 -5.20582352e+01  2.51188643e+06  2.94701633e-01 
 2.57039578e+06 -5.20731066e+01  2.57039578e+06  2.87623566e-01 
 2.63026799e+06 -5.20878767e+01  2.63026799e+06  2.80748723e-01 
 2.69153480e+06 -5.21025352e+01  2.69153480e+06  2.74075351e-01 
 2.75422870e+06 -5.21170709e+01  2.75422870e+06  2.67601634e-01 
 2.81838293e+06 -5.21314713e+01  2.81838293e+06  2.61325687e-01 
 2.88403150e+06 -5.21457234e+01  2.88403150e+06  2.55245552e-01 
 2.95120923e+06 -5.21598131e+01  2.95120923e+06  2.49359191e-01 
 3.01995172e+06 -5.21737256e+01  3.01995172e+06  2.43664485e-01 
 3.09029543e+06 -5.21874454e+01  3.09029543e+06  2.38159228e-01 
 3.16227766e+06 -5.22009562e+01  3.16227766e+06  2.32841121e-01 
 3.23593657e+06 -5.22142413e+01  3.23593657e+06  2.27707773e-01 
 3.31131121e+06 -5.22272834e+01  3.31131121e+06  2.22756696e-01 
 3.38844156e+06 -5.22400647e+01  3.38844156e+06  2.17985300e-01 
 3.46736850e+06 -5.22525673e+01  3.46736850e+06  2.13390895e-01 
 3.54813389e+06 -5.22647727e+01  3.54813389e+06  2.08970686e-01 
 3.63078055e+06 -5.22766625e+01  3.63078055e+06  2.04721775e-01 
 3.71535229e+06 -5.22882178e+01  3.71535229e+06  2.00641159e-01 
 3.80189396e+06 -5.22994202e+01  3.80189396e+06  1.96725731e-01 
 3.89045145e+06 -5.23102508e+01  3.89045145e+06  1.92972279e-01 
 3.98107171e+06 -5.23206913e+01  3.98107171e+06  1.89377489e-01 
 4.07380278e+06 -5.23307234e+01  4.07380278e+06  1.85937948e-01 
 4.16869383e+06 -5.23403290e+01  4.16869383e+06  1.82650145e-01 
 4.26579519e+06 -5.23494906e+01  4.26579519e+06  1.79510472e-01 
 4.36515832e+06 -5.23581910e+01  4.36515832e+06  1.76515231e-01 
 4.46683592e+06 -5.23664135e+01  4.46683592e+06  1.73660637e-01 
 4.57088190e+06 -5.23741420e+01  4.57088190e+06  1.70942820e-01 
 4.67735141e+06 -5.23813612e+01  4.67735141e+06  1.68357831e-01 
 4.78630092e+06 -5.23880562e+01  4.78630092e+06  1.65901649e-01 
 4.89778819e+06 -5.23942132e+01  4.89778819e+06  1.63570183e-01 
 5.01187234e+06 -5.23998189e+01  5.01187234e+06  1.61359278e-01 
 5.12861384e+06 -5.24048611e+01  5.12861384e+06  1.59264723e-01 
 5.24807460e+06 -5.24093283e+01  5.24807460e+06  1.57282255e-01 
 5.37031796e+06 -5.24132102e+01  5.37031796e+06  1.55407565e-01 
 5.49540874e+06 -5.24164973e+01  5.49540874e+06  1.53636303e-01 
 5.62341325e+06 -5.24191812e+01  5.62341325e+06  1.51964088e-01 
 5.75439937e+06 -5.24212544e+01  5.75439937e+06  1.50386511e-01 
 5.88843655e+06 -5.24227108e+01  5.88843655e+06  1.48899141e-01 
 6.02559586e+06 -5.24235450e+01  6.02559586e+06  1.47497535e-01 
 6.16595002e+06 -5.24237532e+01  6.16595002e+06  1.46177240e-01 
 6.30957344e+06 -5.24233323e+01  6.30957344e+06  1.44933801e-01 
 6.45654229e+06 -5.24222806e+01  6.45654229e+06  1.43762772e-01 
 6.60693448e+06 -5.24205976e+01  6.60693448e+06  1.42659714e-01 
 6.76082975e+06 -5.24182840e+01  6.76082975e+06  1.41620210e-01 
 6.91830971e+06 -5.24153416e+01  6.91830971e+06  1.40639864e-01 
 7.07945784e+06 -5.24117734e+01  7.07945784e+06  1.39714316e-01 
 7.24435960e+06 -5.24075837e+01  7.24435960e+06  1.38839242e-01 
 7.41310241e+06 -5.24027780e+01  7.41310241e+06  1.38010363e-01 
 7.58577575e+06 -5.23973629e+01  7.58577575e+06  1.37223452e-01 
 7.76247117e+06 -5.23913465e+01  7.76247117e+06  1.36474344e-01 
 7.94328235e+06 -5.23847377e+01  7.94328235e+06  1.35758936e-01 
 8.12830516e+06 -5.23775469e+01  8.12830516e+06  1.35073201e-01 
 8.31763771e+06 -5.23697856e+01  8.31763771e+06  1.34413191e-01 
 8.51138038e+06 -5.23614662e+01  8.51138038e+06  1.33775047e-01 
 8.70963590e+06 -5.23526027e+01  8.70963590e+06  1.33155002e-01 
 8.91250938e+06 -5.23432099e+01  8.91250938e+06  1.32549392e-01 
 9.12010839e+06 -5.23333036e+01  9.12010839e+06  1.31954663e-01 
 9.33254301e+06 -5.23229008e+01  9.33254301e+06  1.31367374e-01 
 9.54992586e+06 -5.23120195e+01  9.54992586e+06  1.30784207e-01 
 9.77237221e+06 -5.23006786e+01  9.77237221e+06  1.30201975e-01 
 1.00000000e+07 -5.22888979e+01  1.00000000e+07  1.29617624e-01 
 1.02329299e+07 -5.22766981e+01  1.02329299e+07  1.29028243e-01 
 1.04712855e+07 -5.22641007e+01  1.04712855e+07  1.28431066e-01 
 1.07151931e+07 -5.22511277e+01  1.07151931e+07  1.27823482e-01 
 1.09647820e+07 -5.22378021e+01  1.09647820e+07  1.27203036e-01 
 1.12201845e+07 -5.22241473e+01  1.12201845e+07  1.26567435e-01 
 1.14815362e+07 -5.22101872e+01  1.14815362e+07  1.25914551e-01 
 1.17489755e+07 -5.21959461e+01  1.17489755e+07  1.25242428e-01 
 1.20226443e+07 -5.21814489e+01  1.20226443e+07  1.24549277e-01 
 1.23026877e+07 -5.21667205e+01  1.23026877e+07  1.23833484e-01 
 1.25892541e+07 -5.21517860e+01  1.25892541e+07  1.23093611e-01 
 1.28824955e+07 -5.21366708e+01  1.28824955e+07  1.22328394e-01 
 1.31825674e+07 -5.21214001e+01  1.31825674e+07  1.21536741e-01 
 1.34896288e+07 -5.21059991e+01  1.34896288e+07  1.20717738e-01 
 1.38038426e+07 -5.20904928e+01  1.38038426e+07  1.19870637e-01 
 1.41253754e+07 -5.20749060e+01  1.41253754e+07  1.18994863e-01 
 1.44543977e+07 -5.20592631e+01  1.44543977e+07  1.18090003e-01 
 1.47910839e+07 -5.20435881e+01  1.47910839e+07  1.17155808e-01 
 1.51356125e+07 -5.20279046e+01  1.51356125e+07  1.16192182e-01 
 1.54881662e+07 -5.20122354e+01  1.54881662e+07  1.15199180e-01 
 1.58489319e+07 -5.19966029e+01  1.58489319e+07  1.14177002e-01 
 1.62181010e+07 -5.19810286e+01  1.62181010e+07  1.13125985e-01 
 1.65958691e+07 -5.19655334e+01  1.65958691e+07  1.12046594e-01 
 1.69824365e+07 -5.19501373e+01  1.69824365e+07  1.10939418e-01 
 1.73780083e+07 -5.19348593e+01  1.73780083e+07  1.09805160e-01 
 1.77827941e+07 -5.19197178e+01  1.77827941e+07  1.08644626e-01 
 1.81970086e+07 -5.19047300e+01  1.81970086e+07  1.07458723e-01 
 1.86208714e+07 -5.18899122e+01  1.86208714e+07  1.06248441e-01 
 1.90546072e+07 -5.18752796e+01  1.90546072e+07  1.05014852e-01 
 1.94984460e+07 -5.18608466e+01  1.94984460e+07  1.03759098e-01 
 1.99526231e+07 -5.18466264e+01  1.99526231e+07  1.02482380e-01 
 2.04173794e+07 -5.18326313e+01  2.04173794e+07  1.01185952e-01 
 2.08929613e+07 -5.18188723e+01  2.08929613e+07  9.98711129e-02 
 2.13796209e+07 -5.18053597e+01  2.13796209e+07  9.85391948e-02 
 2.18776162e+07 -5.17921026e+01  2.18776162e+07  9.71915573e-02 
 2.23872114e+07 -5.17791091e+01  2.23872114e+07  9.58295791e-02 
 2.29086765e+07 -5.17663865e+01  2.29086765e+07  9.44546504e-02 
 2.34422882e+07 -5.17539409e+01  2.34422882e+07  9.30681659e-02 
 2.39883292e+07 -5.17417778e+01  2.39883292e+07  9.16715179e-02 
 2.45470892e+07 -5.17299014e+01  2.45470892e+07  9.02660903e-02 
 2.51188643e+07 -5.17183153e+01  2.51188643e+07  8.88532530e-02 
 2.57039578e+07 -5.17070224e+01  2.57039578e+07  8.74343560e-02 
 2.63026799e+07 -5.16960245e+01  2.63026799e+07  8.60107251e-02 
 2.69153480e+07 -5.16853229e+01  2.69153480e+07  8.45836574e-02 
 2.75422870e+07 -5.16749182e+01  2.75422870e+07  8.31544172e-02 
 2.81838293e+07 -5.16648101e+01  2.81838293e+07  8.17242328e-02 
 2.88403150e+07 -5.16549980e+01  2.88403150e+07  8.02942934e-02 
 2.95120923e+07 -5.16454806e+01  2.95120923e+07  7.88657467e-02 
 3.01995172e+07 -5.16362560e+01  3.01995172e+07  7.74396964e-02 
 3.09029543e+07 -5.16273219e+01  3.09029543e+07  7.60172009e-02 
 3.16227766e+07 -5.16186756e+01  3.16227766e+07  7.45992718e-02 
 3.23593657e+07 -5.16103139e+01  3.23593657e+07  7.31868725e-02 
 3.31131121e+07 -5.16022333e+01  3.31131121e+07  7.17809184e-02 
 3.38844156e+07 -5.15944300e+01  3.38844156e+07  7.03822756e-02 
 3.46736850e+07 -5.15868997e+01  3.46736850e+07  6.89917615e-02 
 3.54813389e+07 -5.15796383e+01  3.54813389e+07  6.76101447e-02 
 3.63078055e+07 -5.15726409e+01  3.63078055e+07  6.62381453e-02 
 3.71535229e+07 -5.15659029e+01  3.71535229e+07  6.48764358e-02 
 3.80189396e+07 -5.15594192e+01  3.80189396e+07  6.35256418e-02 
 3.89045145e+07 -5.15531849e+01  3.89045145e+07  6.21863431e-02 
 3.98107171e+07 -5.15471947e+01  3.98107171e+07  6.08590746e-02 
 4.07380278e+07 -5.15414433e+01  4.07380278e+07  5.95443277e-02 
 4.16869383e+07 -5.15359256e+01  4.16869383e+07  5.82425518e-02 
 4.26579519e+07 -5.15306361e+01  4.26579519e+07  5.69541555e-02 
 4.36515832e+07 -5.15255694e+01  4.36515832e+07  5.56795083e-02 
 4.46683592e+07 -5.15207203e+01  4.46683592e+07  5.44189422e-02 
 4.57088190e+07 -5.15160834e+01  4.57088190e+07  5.31727532e-02 
 4.67735141e+07 -5.15116534e+01  4.67735141e+07  5.19412032e-02 
 4.78630092e+07 -5.15074251e+01  4.78630092e+07  5.07245212e-02 
 4.89778819e+07 -5.15033933e+01  4.89778819e+07  4.95229058e-02 
 5.01187234e+07 -5.14995530e+01  5.01187234e+07  4.83365258e-02 
 5.12861384e+07 -5.14958990e+01  5.12861384e+07  4.71655230e-02 
 5.24807460e+07 -5.14924266e+01  5.24807460e+07  4.60100129e-02 
 5.37031796e+07 -5.14891308e+01  5.37031796e+07  4.48700871e-02 
 5.49540874e+07 -5.14860071e+01  5.49540874e+07  4.37458142e-02 
 5.62341325e+07 -5.14830507e+01  5.62341325e+07  4.26372418e-02 
 5.75439937e+07 -5.14802573e+01  5.75439937e+07  4.15443980e-02 
 5.88843655e+07 -5.14776224e+01  5.88843655e+07  4.04672927e-02 
 6.02559586e+07 -5.14751418e+01  6.02559586e+07  3.94059191e-02 
 6.16595002e+07 -5.14728114e+01  6.16595002e+07  3.83602549e-02 
 6.30957344e+07 -5.14706273e+01  6.30957344e+07  3.73302640e-02 
 6.45654229e+07 -5.14685856e+01  6.45654229e+07  3.63158975e-02 
 6.60693448e+07 -5.14666826e+01  6.60693448e+07  3.53170947e-02 
 6.76082975e+07 -5.14649146e+01  6.76082975e+07  3.43337849e-02 
 6.91830971e+07 -5.14632783e+01  6.91830971e+07  3.33658877e-02 
 7.07945784e+07 -5.14617703e+01  7.07945784e+07  3.24133147e-02 
 7.24435960e+07 -5.14603873e+01  7.24435960e+07  3.14759703e-02 
 7.41310241e+07 -5.14591264e+01  7.41310241e+07  3.05537523e-02 
 7.58577575e+07 -5.14579845e+01  7.58577575e+07  2.96465534e-02 
 7.76247117e+07 -5.14569588e+01  7.76247117e+07  2.87542616e-02 
 7.94328235e+07 -5.14560466e+01  7.94328235e+07  2.78767612e-02 
 8.12830516e+07 -5.14552453e+01  8.12830516e+07  2.70139333e-02 
 8.31763771e+07 -5.14545525e+01  8.31763771e+07  2.61656570e-02 
 8.51138038e+07 -5.14539657e+01  8.51138038e+07  2.53318098e-02 
 8.70963590e+07 -5.14534827e+01  8.70963590e+07  2.45122681e-02 
 8.91250938e+07 -5.14531014e+01  8.91250938e+07  2.37069082e-02 
 9.12010839e+07 -5.14528198e+01  9.12010839e+07  2.29156067e-02 
 9.33254301e+07 -5.14526358e+01  9.33254301e+07  2.21382409e-02 
 9.54992586e+07 -5.14525478e+01  9.54992586e+07  2.13746898e-02 
 9.77237221e+07 -5.14525540e+01  9.77237221e+07  2.06248343e-02 
 1.00000000e+08 -5.14526527e+01  1.00000000e+08  1.98885580e-02 
