 1.00000000e+00  4.67650142e-05  1.00000000e+00  4.01099011e-03 
 1.02329299e+00  4.62457012e-05  1.02329299e+00  3.75623137e-03 
 1.04712855e+00  4.57327761e-05  1.04712855e+00  3.53583611e-03 
 1.07151931e+00  4.52261285e-05  1.07151931e+00  3.34322555e-03 
 1.09647820e+00  4.47256517e-05  1.09647820e+00  3.17339716e-03 
 1.12201845e+00  4.42312422e-05  1.12201845e+00  3.02247932e-03 
 1.14815362e+00  4.37428001e-05  1.14815362e+00  2.88742889e-03 
 1.17489755e+00  4.32602282e-05  1.17489755e+00  2.76582092e-03 
 1.20226443e+00  4.27834322e-05  1.20226443e+00  2.65569930e-03 
 1.23026877e+00  4.23123208e-05  1.23026877e+00  2.55546869e-03 
 1.25892541e+00  4.18468052e-05  1.25892541e+00  2.46381511e-03 
 1.28824955e+00  4.13867990e-05  1.28824955e+00  2.37964654e-03 
 1.31825674e+00  4.09322182e-05  1.31825674e+00  2.30204797e-03 
 1.34896288e+00  4.04829813e-05  1.34896288e+00  2.23024702e-03 
 1.38038426e+00  4.00390086e-05  1.38038426e+00  2.16358717e-03 
 1.41253754e+00  3.96002228e-05  1.41253754e+00  2.10150689e-03 
 1.44543977e+00  3.91665483e-05  1.44543977e+00  2.04352307e-03 
 1.47910839e+00  3.87379115e-05  1.47910839e+00  1.98921782e-03 
 1.51356125e+00  3.83142407e-05  1.51356125e+00  1.93822786e-03 
 1.54881662e+00  3.78954657e-05  1.54881662e+00  1.89023590e-03 
 1.58489319e+00  3.74815181e-05  1.58489319e+00  1.84496363e-03 
 1.62181010e+00  3.70723310e-05  1.62181010e+00  1.80216588e-03 
 1.65958691e+00  3.66678392e-05  1.65958691e+00  1.76162593e-03 
 1.69824365e+00  3.62679786e-05  1.69824365e+00  1.72315144e-03 
 1.73780083e+00  3.58726868e-05  1.73780083e+00  1.68657119e-03 
 1.77827941e+00  3.54819026e-05  1.77827941e+00  1.65173227e-03 
 1.81970086e+00  3.50955662e-05  1.81970086e+00  1.61849767e-03 
 1.86208714e+00  3.47136188e-05  1.86208714e+00  1.58674435e-03 
 1.90546072e+00  3.43360031e-05  1.90546072e+00  1.55636145e-03 
 1.94984460e+00  3.39626627e-05  1.94984460e+00  1.52724889e-03 
 1.99526231e+00  3.35935424e-05  1.99526231e+00  1.49931606e-03 
 2.04173794e+00  3.32285881e-05  2.04173794e+00  1.47248077e-03 
 2.08929613e+00  3.28677467e-05  2.08929613e+00  1.44666828e-03 
 2.13796209e+00  3.25109659e-05  2.13796209e+00  1.42181052e-03 
 2.18776162e+00  3.21581947e-05  2.18776162e+00  1.39784534e-03 
 2.23872114e+00  3.18093829e-05  2.23872114e+00  1.37471590e-03 
 2.29086765e+00  3.14644809e-05  2.29086765e+00  1.35237013e-03 
 2.34422882e+00  3.11234404e-05  2.34422882e+00  1.33076024e-03 
 2.39883292e+00  3.07862138e-05  2.39883292e+00  1.30984231e-03 
 2.45470892e+00  3.04527541e-05  2.45470892e+00  1.28957588e-03 
 2.51188643e+00  3.01230153e-05  2.51188643e+00  1.26992368e-03 
 2.57039578e+00  2.97969521e-05  2.57039578e+00  1.25085128e-03 
 2.63026799e+00  2.94745199e-05  2.63026799e+00  1.23232685e-03 
 2.69153480e+00  2.91556750e-05  2.69153480e+00  1.21432090e-03 
 2.75422870e+00  2.88403742e-05  2.75422870e+00  1.19680613e-03 
 2.81838293e+00  2.85285750e-05  2.81838293e+00  1.17975718e-03 
 2.88403150e+00  2.82202356e-05  2.88403150e+00  1.16315048e-03 
 2.95120923e+00  2.79153149e-05  2.95120923e+00  1.14696412e-03 
 3.01995172e+00  2.76137722e-05  3.01995172e+00  1.13117768e-03 
 3.09029543e+00  2.73155678e-05  3.09029543e+00  1.11577214e-03 
 3.16227766e+00  2.70206622e-05  3.16227766e+00  1.10072974e-03 
 3.23593657e+00  2.67290167e-05  3.23593657e+00  1.08603387e-03 
 3.31131121e+00  2.64405930e-05  3.31131121e+00  1.07166903e-03 
 3.38844156e+00  2.61553536e-05  3.38844156e+00  1.05762071e-03 
 3.46736850e+00  2.58732614e-05  3.46736850e+00  1.04387529e-03 
 3.54813389e+00  2.55942796e-05  3.54813389e+00  1.03042001e-03 
 3.63078055e+00  2.53183724e-05  3.63078055e+00  1.01724292e-03 
 3.71535229e+00  2.50455040e-05  3.71535229e+00  1.00433277e-03 
 3.80189396e+00  2.47756394e-05  3.80189396e+00  9.91678987e-04 
 3.89045145e+00  2.45087439e-05  3.89045145e+00  9.79271627e-04 
 3.98107171e+00  2.42447835e-05  3.98107171e+00  9.67101331e-04 
 4.07380278e+00  2.39837245e-05  4.07380278e+00  9.55159275e-04 
 4.16869383e+00  2.37255336e-05  4.16869383e+00  9.43437140e-04 
 4.26579519e+00  2.34701780e-05  4.26579519e+00  9.31927075e-04 
 4.36515832e+00  2.32176253e-05  4.36515832e+00  9.20621664e-04 
 4.46683592e+00  2.29678436e-05  4.46683592e+00  9.09513899e-04 
 4.57088190e+00  2.27208015e-05  4.57088190e+00  8.98597151e-04 
 4.67735141e+00  2.24764677e-05  4.67735141e+00  8.87865146e-04 
 4.78630092e+00  2.22348115e-05  4.78630092e+00  8.77311941e-04 
 4.89778819e+00  2.19958026e-05  4.89778819e+00  8.66931903e-04 
 5.01187234e+00  2.17594110e-05  5.01187234e+00  8.56719689e-04 
 5.12861384e+00  2.15256073e-05  5.12861384e+00  8.46670228e-04 
 5.24807460e+00  2.12943620e-05  5.24807460e+00  8.36778704e-04 
 5.37031796e+00  2.10656466e-05  5.37031796e+00  8.27040539e-04 
 5.49540874e+00  2.08394324e-05  5.49540874e+00  8.17451377e-04 
 5.62341325e+00  2.06156913e-05  5.62341325e+00  8.08007075e-04 
 5.75439937e+00  2.03943955e-05  5.75439937e+00  7.98703685e-04 
 5.88843655e+00  2.01755176e-05  5.88843655e+00  7.89537447e-04 
 6.02559586e+00  1.99590306e-05  6.02559586e+00  7.80504773e-04 
 6.16595002e+00  1.97449075e-05  6.16595002e+00  7.71602239e-04 
 6.30957344e+00  1.95331220e-05  6.30957344e+00  7.62826576e-04 
 6.45654229e+00  1.93236479e-05  6.45654229e+00  7.54174661e-04 
 6.60693448e+00  1.91164594e-05  6.60693448e+00  7.45643505e-04 
 6.76082975e+00  1.89115310e-05  6.76082975e+00  7.37230251e-04 
 6.91830971e+00  1.87088374e-05  6.91830971e+00  7.28932163e-04 
 7.07945784e+00  1.85083538e-05  7.07945784e+00  7.20746618e-04 
 7.24435960e+00  1.83100556e-05  7.24435960e+00  7.12671102e-04 
 7.41310241e+00  1.81139184e-05  7.41310241e+00  7.04703204e-04 
 7.58577575e+00  1.79199182e-05  7.58577575e+00  6.96840610e-04 
 7.76247117e+00  1.77280312e-05  7.76247117e+00  6.89081094e-04 
 7.94328235e+00  1.75382341e-05  7.94328235e+00  6.81422520e-04 
 8.12830516e+00  1.73505034e-05  8.12830516e+00  6.73862832e-04 
 8.31763771e+00  1.71648165e-05  8.31763771e+00  6.66400051e-04 
 8.51138038e+00  1.69811505e-05  8.51138038e+00  6.59032271e-04 
 8.70963590e+00  1.67994830e-05  8.70963590e+00  6.51757656e-04 
 8.91250938e+00  1.66197921e-05  8.91250938e+00  6.44574436e-04 
 9.12010839e+00  1.64420557e-05  9.12010839e+00  6.37480900e-04 
 9.33254301e+00  1.62662522e-05  9.33254301e+00  6.30475401e-04 
 9.54992586e+00  1.60923604e-05  9.54992586e+00  6.23556343e-04 
 9.77237221e+00  1.59203589e-05  9.77237221e+00  6.16722187e-04 
 1.00000000e+01  1.57502270e-05  1.00000000e+01  6.09971442e-04 
 1.02329299e+01  1.55819440e-05  1.02329299e+01  6.03302666e-04 
 1.04712855e+01  1.54154894e-05  1.04712855e+01  5.96714463e-04 
 1.07151931e+01  1.52508432e-05  1.07151931e+01  5.90205479e-04 
 1.09647820e+01  1.50879853e-05  1.09647820e+01  5.83774401e-04 
 1.12201845e+01  1.49268961e-05  1.12201845e+01  5.77419957e-04 
 1.14815362e+01  1.47675560e-05  1.14815362e+01  5.71140912e-04 
 1.17489755e+01  1.46099457e-05  1.17489755e+01  5.64936065e-04 
 1.20226443e+01  1.44540463e-05  1.20226443e+01  5.58804249e-04 
 1.23026877e+01  1.42998389e-05  1.23026877e+01  5.52744332e-04 
 1.25892541e+01  1.41473048e-05  1.25892541e+01  5.46755211e-04 
 1.28824955e+01  1.39964257e-05  1.28824955e+01  5.40835811e-04 
 1.31825674e+01  1.38471833e-05  1.31825674e+01  5.34985087e-04 
 1.34896288e+01  1.36995596e-05  1.34896288e+01  5.29202021e-04 
 1.38038426e+01  1.35535369e-05  1.38038426e+01  5.23485620e-04 
 1.41253754e+01  1.34090975e-05  1.41253754e+01  5.17834916e-04 
 1.44543977e+01  1.32662241e-05  1.44543977e+01  5.12248963e-04 
 1.47910839e+01  1.31248995e-05  1.47910839e+01  5.06726840e-04 
 1.51356125e+01  1.29851066e-05  1.51356125e+01  5.01267645e-04 
 1.54881662e+01  1.28468287e-05  1.54881662e+01  4.95870498e-04 
 1.58489319e+01  1.27100491e-05  1.58489319e+01  4.90534538e-04 
 1.62181010e+01  1.25747514e-05  1.62181010e+01  4.85258925e-04 
 1.65958691e+01  1.24409193e-05  1.65958691e+01  4.80042834e-04 
 1.69824365e+01  1.23085367e-05  1.69824365e+01  4.74885461e-04 
 1.73780083e+01  1.21775878e-05  1.73780083e+01  4.69786015e-04 
 1.77827941e+01  1.20480569e-05  1.77827941e+01  4.64743723e-04 
 1.81970086e+01  1.19199284e-05  1.81970086e+01  4.59757829e-04 
 1.86208714e+01  1.17931870e-05  1.86208714e+01  4.54827590e-04 
 1.90546072e+01  1.16678175e-05  1.90546072e+01  4.49952276e-04 
 1.94984460e+01  1.15438048e-05  1.94984460e+01  4.45131175e-04 
 1.99526231e+01  1.14211341e-05  1.99526231e+01  4.40363584e-04 
 2.04173794e+01  1.12997907e-05  2.04173794e+01  4.35648815e-04 
 2.08929613e+01  1.11797601e-05  2.08929613e+01  4.30986193e-04 
 2.13796209e+01  1.10610280e-05  2.13796209e+01  4.26375052e-04 
 2.18776162e+01  1.09435801e-05  2.18776162e+01  4.21814741e-04 
 2.23872114e+01  1.08274023e-05  2.23872114e+01  4.17304618e-04 
 2.29086765e+01  1.07124809e-05  2.29086765e+01  4.12844052e-04 
 2.34422882e+01  1.05988021e-05  2.34422882e+01  4.08432423e-04 
 2.39883292e+01  1.04863523e-05  2.39883292e+01  4.04069120e-04 
 2.45470892e+01  1.03751181e-05  2.45470892e+01  3.99753542e-04 
 2.51188643e+01  1.02650862e-05  2.51188643e+01  3.95485098e-04 
 2.57039578e+01  1.01562435e-05  2.57039578e+01  3.91263205e-04 
 2.63026799e+01  1.00485770e-05  2.63026799e+01  3.87087290e-04 
 2.69153480e+01  9.94207380e-06  2.69153480e+01  3.82956788e-04 
 2.75422870e+01  9.83672132e-06  2.75422870e+01  3.78871142e-04 
 2.81838293e+01  9.73250695e-06  2.81838293e+01  3.74829802e-04 
 2.88403150e+01  9.62941829e-06  2.88403150e+01  3.70832228e-04 
 2.95120923e+01  9.52744307e-06  2.95120923e+01  3.66877885e-04 
 3.01995172e+01  9.42656914e-06  3.01995172e+01  3.62966248e-04 
 3.09029543e+01  9.32678450e-06  3.09029543e+01  3.59096796e-04 
 3.16227766e+01  9.22807728e-06  3.16227766e+01  3.55269017e-04 
 3.23593657e+01  9.13043574e-06  3.23593657e+01  3.51482404e-04 
 3.31131121e+01  9.03384828e-06  3.31131121e+01  3.47736459e-04 
 3.38844156e+01  8.93830341e-06  3.38844156e+01  3.44030688e-04 
 3.46736850e+01  8.84378979e-06  3.46736850e+01  3.40364602e-04 
 3.54813389e+01  8.75029619e-06  3.54813389e+01  3.36737722e-04 
 3.63078055e+01  8.65781150e-06  3.63078055e+01  3.33149570e-04 
 3.71535229e+01  8.56632476e-06  3.71535229e+01  3.29599677e-04 
 3.80189396e+01  8.47582509e-06  3.80189396e+01  3.26087577e-04 
 3.89045145e+01  8.38630178e-06  3.89045145e+01  3.22612811e-04 
 3.98107171e+01  8.29774420e-06  3.98107171e+01  3.19174925e-04 
 4.07380278e+01  8.21014185e-06  4.07380278e+01  3.15773468e-04 
 4.16869383e+01  8.12348435e-06  4.16869383e+01  3.12407996e-04 
 4.26579519e+01  8.03776143e-06  4.26579519e+01  3.09078067e-04 
 4.36515832e+01  7.95296295e-06  4.36515832e+01  3.05783247e-04 
 4.46683592e+01  7.86907885e-06  4.46683592e+01  3.02523103e-04 
 4.57088190e+01  7.78609921e-06  4.57088190e+01  2.99297209e-04 
 4.67735141e+01  7.70401421e-06  4.67735141e+01  2.96105140e-04 
 4.78630092e+01  7.62281413e-06  4.78630092e+01  2.92946479e-04 
 4.89778819e+01  7.54248938e-06  4.89778819e+01  2.89820808e-04 
 5.01187234e+01  7.46303046e-06  5.01187234e+01  2.86727717e-04 
 5.12861384e+01  7.38442797e-06  5.12861384e+01  2.83666798e-04 
 5.24807460e+01  7.30667262e-06  5.24807460e+01  2.80637645e-04 
 5.37031796e+01  7.22975524e-06  5.37031796e+01  2.77639858e-04 
 5.49540874e+01  7.15366674e-06  5.49540874e+01  2.74673038e-04 
 5.62341325e+01  7.07839813e-06  5.62341325e+01  2.71736791e-04 
 5.75439937e+01  7.00394054e-06  5.75439937e+01  2.68830724e-04 
 5.88843655e+01  6.93028517e-06  5.88843655e+01  2.65954449e-04 
 6.02559586e+01  6.85742334e-06  6.02559586e+01  2.63107579e-04 
 6.16595002e+01  6.78534645e-06  6.16595002e+01  2.60289731e-04 
 6.30957344e+01  6.71404601e-06  6.30957344e+01  2.57500523e-04 
 6.45654229e+01  6.64351362e-06  6.45654229e+01  2.54739579e-04 
 6.60693448e+01  6.57374097e-06  6.60693448e+01  2.52006520e-04 
 6.76082975e+01  6.50471984e-06  6.76082975e+01  2.49300975e-04 
 6.91830971e+01  6.43644210e-06  6.91830971e+01  2.46622571e-04 
 7.07945784e+01  6.36889971e-06  7.07945784e+01  2.43970938e-04 
 7.24435960e+01  6.30208473e-06  7.24435960e+01  2.41345710e-04 
 7.41310241e+01  6.23598929e-06  7.41310241e+01  2.38746520e-04 
 7.58577575e+01  6.17060563e-06  7.58577575e+01  2.36173005e-04 
 7.76247117e+01  6.10592605e-06  7.76247117e+01  2.33624803e-04 
 7.94328235e+01  6.04194295e-06  7.94328235e+01  2.31101553e-04 
 8.12830516e+01  5.97864882e-06  8.12830516e+01  2.28602896e-04 
 8.31763771e+01  5.91603621e-06  8.31763771e+01  2.26128476e-04 
 8.51138038e+01  5.85409778e-06  8.51138038e+01  2.23677935e-04 
 8.70963590e+01  5.79282625e-06  8.70963590e+01  2.21250918e-04 
 8.91250938e+01  5.73221444e-06  8.91250938e+01  2.18847073e-04 
 9.12010839e+01  5.67225522e-06  9.12010839e+01  2.16466046e-04 
 9.33254301e+01  5.61294157e-06  9.33254301e+01  2.14107486e-04 
 9.54992586e+01  5.55426653e-06  9.54992586e+01  2.11771042e-04 
 9.77237221e+01  5.49622322e-06  9.77237221e+01  2.09456365e-04 
 1.00000000e+02  5.43880484e-06  1.00000000e+02  2.07163105e-04 
 1.02329299e+02  5.38200466e-06  1.02329299e+02  2.04890915e-04 
 1.04712855e+02  5.32581603e-06  1.04712855e+02  2.02639447e-04 
 1.07151931e+02  5.27023237e-06  1.07151931e+02  2.00408355e-04 
 1.09647820e+02  5.21524717e-06  1.09647820e+02  1.98197292e-04 
 1.12201845e+02  5.16085399e-06  1.12201845e+02  1.96005912e-04 
 1.14815362e+02  5.10704648e-06  1.14815362e+02  1.93833871e-04 
 1.17489755e+02  5.05381833e-06  1.17489755e+02  1.91680825e-04 
 1.20226443e+02  5.00116333e-06  1.20226443e+02  1.89546429e-04 
 1.23026877e+02  4.94907532e-06  1.23026877e+02  1.87430339e-04 
 1.25892541e+02  4.89754821e-06  1.25892541e+02  1.85332213e-04 
 1.28824955e+02  4.84657598e-06  1.28824955e+02  1.83251708e-04 
 1.31825674e+02  4.79615269e-06  1.31825674e+02  1.81188481e-04 
 1.34896288e+02  4.74627243e-06  1.34896288e+02  1.79142192e-04 
 1.38038426e+02  4.69692938e-06  1.38038426e+02  1.77112500e-04 
 1.41253754e+02  4.64811780e-06  1.41253754e+02  1.75099063e-04 
 1.44543977e+02  4.59983198e-06  1.44543977e+02  1.73101543e-04 
 1.47910839e+02  4.55206630e-06  1.47910839e+02  1.71119600e-04 
 1.51356125e+02  4.50481518e-06  1.51356125e+02  1.69152896e-04 
 1.54881662e+02  4.45807311e-06  1.54881662e+02  1.67201094e-04 
 1.58489319e+02  4.41183465e-06  1.58489319e+02  1.65263858e-04 
 1.62181010e+02  4.36609441e-06  1.62181010e+02  1.63340854e-04 
 1.65958691e+02  4.32084707e-06  1.65958691e+02  1.61431747e-04 
 1.69824365e+02  4.27608735e-06  1.69824365e+02  1.59536207e-04 
 1.73780083e+02  4.23181005e-06  1.73780083e+02  1.57653902e-04 
 1.77827941e+02  4.18801001e-06  1.77827941e+02  1.55784506e-04 
 1.81970086e+02  4.14468213e-06  1.81970086e+02  1.53927692e-04 
 1.86208714e+02  4.10182138e-06  1.86208714e+02  1.52083137e-04 
 1.90546072e+02  4.05942278e-06  1.90546072e+02  1.50250521e-04 
 1.94984460e+02  4.01748139e-06  1.94984460e+02  1.48429526e-04 
 1.99526231e+02  3.97599234e-06  1.99526231e+02  1.46619840e-04 
 2.04173794e+02  3.93495081e-06  2.04173794e+02  1.44821153e-04 
 2.08929613e+02  3.89435203e-06  2.08929613e+02  1.43033159e-04 
 2.13796209e+02  3.85419129e-06  2.13796209e+02  1.41255557e-04 
 2.18776162e+02  3.81446393e-06  2.18776162e+02  1.39488054e-04 
 2.23872114e+02  3.77516533e-06  2.23872114e+02  1.37730358e-04 
 2.29086765e+02  3.73629094e-06  2.29086765e+02  1.35982187e-04 
 2.34422882e+02  3.69783624e-06  2.34422882e+02  1.34243264e-04 
 2.39883292e+02  3.65979678e-06  2.39883292e+02  1.32513321e-04 
 2.45470892e+02  3.62216815e-06  2.45470892e+02  1.30792097e-04 
 2.51188643e+02  3.58494599e-06  2.51188643e+02  1.29079338e-04 
 2.57039578e+02  3.54812597e-06  2.57039578e+02  1.27374803e-04 
 2.63026799e+02  3.51170385e-06  2.63026799e+02  1.25678259e-04 
 2.69153480e+02  3.47567539e-06  2.69153480e+02  1.23989483e-04 
 2.75422870e+02  3.44003643e-06  2.75422870e+02  1.22308265e-04 
 2.81838293e+02  3.40478284e-06  2.81838293e+02  1.20634407e-04 
 2.88403150e+02  3.36991054e-06  2.88403150e+02  1.18967722e-04 
 2.95120923e+02  3.33541550e-06  2.95120923e+02  1.17308040e-04 
 3.01995172e+02  3.30129373e-06  3.01995172e+02  1.15655204e-04 
 3.09029543e+02  3.26754127e-06  3.09029543e+02  1.14009071e-04 
 3.16227766e+02  3.23415424e-06  3.16227766e+02  1.12369516e-04 
 3.23593657e+02  3.20112876e-06  3.23593657e+02  1.10736429e-04 
 3.31131121e+02  3.16846103e-06  3.31131121e+02  1.09109721e-04 
 3.38844156e+02  3.13614727e-06  3.38844156e+02  1.07489317e-04 
 3.46736850e+02  3.10418374e-06  3.46736850e+02  1.05875164e-04 
 3.54813389e+02  3.07256675e-06  3.54813389e+02  1.04267227e-04 
 3.63078055e+02  3.04129266e-06  3.63078055e+02  1.02665491e-04 
 3.71535229e+02  3.01035786e-06  3.71535229e+02  1.01069964e-04 
 3.80189396e+02  2.97975877e-06  3.80189396e+02  9.94806739e-05 
 3.89045145e+02  2.94949186e-06  3.89045145e+02  9.78976691e-05 
 3.98107171e+02  2.91955365e-06  3.98107171e+02  9.63210215e-05 
 4.07380278e+02  2.88994068e-06  4.07380278e+02  9.47508249e-05 
 4.16869383e+02  2.86064953e-06  4.16869383e+02  9.31871955e-05 
 4.26579519e+02  2.83167683e-06  4.26579519e+02  9.16302719e-05 
 4.36515832e+02  2.80301924e-06  4.36515832e+02  9.00802155e-05 
 4.46683592e+02  2.77467345e-06  4.46683592e+02  8.85372096e-05 
 4.57088190e+02  2.74663621e-06  4.57088190e+02  8.70014598e-05 
 4.67735141e+02  2.71890428e-06  4.67735141e+02  8.54731933e-05 
 4.78630092e+02  2.69147446e-06  4.78630092e+02  8.39526584e-05 
 4.89778819e+02  2.66434360e-06  4.89778819e+02  8.24401241e-05 
 5.01187234e+02  2.63750858e-06  5.01187234e+02  8.09358788e-05 
 5.12861384e+02  2.61096630e-06  5.12861384e+02  7.94402300e-05 
 5.24807460e+02  2.58471372e-06  5.24807460e+02  7.79535030e-05 
 5.37031796e+02  2.55874780e-06  5.37031796e+02  7.64760397e-05 
 5.49540874e+02  2.53306556e-06  5.49540874e+02  7.50081973e-05 
 5.62341325e+02  2.50766406e-06  5.62341325e+02  7.35503474e-05 
 5.75439937e+02  2.48254035e-06  5.75439937e+02  7.21028737e-05 
 5.88843655e+02  2.45769157e-06  5.88843655e+02  7.06661711e-05 
 6.02559586e+02  2.43311484e-06  6.02559586e+02  6.92406440e-05 
 6.16595002e+02  2.40880734e-06  6.16595002e+02  6.78267039e-05 
 6.30957344e+02  2.38476628e-06  6.30957344e+02  6.64247684e-05 
 6.45654229e+02  2.36098890e-06  6.45654229e+02  6.50352589e-05 
 6.60693448e+02  2.33747245e-06  6.60693448e+02  6.36585986e-05 
 6.76082975e+02  2.31421425e-06  6.76082975e+02  6.22952111e-05 
 6.91830971e+02  2.29121160e-06  6.91830971e+02  6.09455179e-05 
 7.07945784e+02  2.26846188e-06  7.07945784e+02  5.96099368e-05 
 7.24435960e+02  2.24596247e-06  7.24435960e+02  5.82888798e-05 
 7.41310241e+02  2.22371077e-06  7.41310241e+02  5.69827515e-05 
 7.58577575e+02  2.20170424e-06  7.58577575e+02  5.56919471e-05 
 7.76247117e+02  2.17994035e-06  7.76247117e+02  5.44168504e-05 
 7.94328235e+02  2.15841659e-06  7.94328235e+02  5.31578329e-05 
 8.12830516e+02  2.13713050e-06  8.12830516e+02  5.19152513e-05 
 8.31763771e+02  2.11607962e-06  8.31763771e+02  5.06894465e-05 
 8.51138038e+02  2.09526153e-06  8.51138038e+02  4.94807423e-05 
 8.70963590e+02  2.07467386e-06  8.70963590e+02  4.82894438e-05 
 8.91250938e+02  2.05431422e-06  8.91250938e+02  4.71158366e-05 
 9.12010839e+02  2.03418029e-06  9.12010839e+02  4.59601856e-05 
 9.33254301e+02  2.01426974e-06  9.33254301e+02  4.48227342e-05 
 9.54992586e+02  1.99458029e-06  9.54992586e+02  4.37037033e-05 
 9.77237221e+02  1.97510968e-06  9.77237221e+02  4.26032914e-05 
 1.00000000e+03  1.95585566e-06  1.00000000e+03  4.15216732e-05 
 1.02329299e+03  1.93681603e-06  1.02329299e+03  4.04590002e-05 
 1.04712855e+03  1.91798859e-06  1.04712855e+03  3.94153996e-05 
 1.07151931e+03  1.89937118e-06  1.07151931e+03  3.83909751e-05 
 1.09647820e+03  1.88096167e-06  1.09647820e+03  3.73858064e-05 
 1.12201845e+03  1.86275792e-06  1.12201845e+03  3.63999495e-05 
 1.14815362e+03  1.84475785e-06  1.14815362e+03  3.54334372e-05 
 1.17489755e+03  1.82695938e-06  1.17489755e+03  3.44862790e-05 
 1.20226443e+03  1.80936047e-06  1.20226443e+03  3.35584623e-05 
 1.23026877e+03  1.79195910e-06  1.23026877e+03  3.26499522e-05 
 1.25892541e+03  1.77475324e-06  1.25892541e+03  3.17606930e-05 
 1.28824955e+03  1.75774093e-06  1.28824955e+03  3.08906080e-05 
 1.31825674e+03  1.74092021e-06  1.31825674e+03  3.00396010e-05 
 1.34896288e+03  1.72428913e-06  1.34896288e+03  2.92075568e-05 
 1.38038426e+03  1.70784577e-06  1.38038426e+03  2.83943423e-05 
 1.41253754e+03  1.69158824e-06  1.41253754e+03  2.75998072e-05 
 1.44543977e+03  1.67551467e-06  1.44543977e+03  2.68237849e-05 
 1.47910839e+03  1.65962319e-06  1.47910839e+03  2.60660938e-05 
 1.51356125e+03  1.64391197e-06  1.51356125e+03  2.53265380e-05 
 1.54881662e+03  1.62837920e-06  1.54881662e+03  2.46049084e-05 
 1.58489319e+03  1.61302307e-06  1.58489319e+03  2.39009835e-05 
 1.62181010e+03  1.59784182e-06  1.62181010e+03  2.32145307e-05 
 1.65958691e+03  1.58283368e-06  1.65958691e+03  2.25453071e-05 
 1.69824365e+03  1.56799692e-06  1.69824365e+03  2.18930604e-05 
 1.73780083e+03  1.55332981e-06  1.73780083e+03  2.12575297e-05 
 1.77827941e+03  1.53883065e-06  1.77827941e+03  2.06384469e-05 
 1.81970086e+03  1.52449777e-06  1.81970086e+03  2.00355372e-05 
 1.86208714e+03  1.51032949e-06  1.86208714e+03  1.94485199e-05 
 1.90546072e+03  1.49632417e-06  1.90546072e+03  1.88771094e-05 
 1.94984460e+03  1.48248018e-06  1.94984460e+03  1.83210161e-05 
 1.99526231e+03  1.46879590e-06  1.99526231e+03  1.77799468e-05 
 2.04173794e+03  1.45526975e-06  2.04173794e+03  1.72536057e-05 
 2.08929613e+03  1.44190014e-06  2.08929613e+03  1.67416952e-05 
 2.13796209e+03  1.42868551e-06  2.13796209e+03  1.62439160e-05 
 2.18776162e+03  1.41562432e-06  2.18776162e+03  1.57599683e-05 
 2.23872114e+03  1.40271504e-06  2.23872114e+03  1.52895520e-05 
 2.29086765e+03  1.38995615e-06  2.29086765e+03  1.48323676e-05 
 2.34422882e+03  1.37734616e-06  2.34422882e+03  1.43881162e-05 
 2.39883292e+03  1.36488359e-06  2.39883292e+03  1.39565003e-05 
 2.45470892e+03  1.35256697e-06  2.45470892e+03  1.35372243e-05 
 2.51188643e+03  1.34039486e-06  2.51188643e+03  1.31299947e-05 
 2.57039578e+03  1.32836581e-06  2.57039578e+03  1.27345204e-05 
 2.63026799e+03  1.31647841e-06  2.63026799e+03  1.23505132e-05 
 2.69153480e+03  1.30473125e-06  2.69153480e+03  1.19776883e-05 
 2.75422870e+03  1.29312294e-06  2.75422870e+03  1.16157639e-05 
 2.81838293e+03  1.28165210e-06  2.81838293e+03  1.12644623e-05 
 2.88403150e+03  1.27031738e-06  2.88403150e+03  1.09235094e-05 
 2.95120923e+03  1.25911741e-06  2.95120923e+03  1.05926355e-05 
 3.01995172e+03  1.24805087e-06  3.01995172e+03  1.02715747e-05 
 3.09029543e+03  1.23711644e-06  3.09029543e+03  9.96006597e-06 
 3.16227766e+03  1.22631280e-06  3.16227766e+03  9.65785260e-06 
 3.23593657e+03  1.21563865e-06  3.23593657e+03  9.36468258e-06 
 3.31131121e+03  1.20509273e-06  3.31131121e+03  9.08030865e-06 
 3.38844156e+03  1.19467375e-06  3.38844156e+03  8.80448836e-06 
 3.46736850e+03  1.18438047e-06  3.46736850e+03  8.53698413e-06 
 3.54813389e+03  1.17421163e-06  3.54813389e+03  8.27756330e-06 
 3.63078055e+03  1.16416600e-06  3.63078055e+03  8.02599819e-06 
 3.71535229e+03  1.15424237e-06  3.71535229e+03  7.78206605e-06 
 3.80189396e+03  1.14443951e-06  3.80189396e+03  7.54554911e-06 
 3.89045145e+03  1.13475625e-06  3.89045145e+03  7.31623458e-06 
 3.98107171e+03  1.12519138e-06  3.98107171e+03  7.09391460e-06 
 4.07380278e+03  1.11574374e-06  4.07380278e+03  6.87838626e-06 
 4.16869383e+03  1.10641217e-06  4.16869383e+03  6.66945153e-06 
 4.26579519e+03  1.09719550e-06  4.26579519e+03  6.46691723e-06 
 4.36515832e+03  1.08809261e-06  4.36515832e+03  6.27059500e-06 
 4.46683592e+03  1.07910235e-06  4.46683592e+03  6.08030124e-06 
 4.57088190e+03  1.07022362e-06  4.57088190e+03  5.89585703e-06 
 4.67735141e+03  1.06145529e-06  4.67735141e+03  5.71708811e-06 
 4.78630092e+03  1.05279627e-06  4.78630092e+03  5.54382479e-06 
 4.89778819e+03  1.04424547e-06  4.89778819e+03  5.37590185e-06 
 5.01187234e+03  1.03580181e-06  5.01187234e+03  5.21315854e-06 
 5.12861384e+03  1.02746421e-06  5.12861384e+03  5.05543844e-06 
 5.24807460e+03  1.01923163e-06  5.24807460e+03  4.90258941e-06 
 5.37031796e+03  1.01110300e-06  5.37031796e+03  4.75446349e-06 
 5.49540874e+03  1.00307729e-06  5.49540874e+03  4.61091687e-06 
 5.62341325e+03  9.95153452e-07  5.62341325e+03  4.47180974e-06 
 5.75439937e+03  9.87330475e-07  5.75439937e+03  4.33700623e-06 
 5.88843655e+03  9.79607339e-07  5.88843655e+03  4.20637437e-06 
 6.02559586e+03  9.71983038e-07  6.02559586e+03  4.07978593e-06 
 6.16595002e+03  9.64456572e-07  6.16595002e+03  3.95711640e-06 
 6.30957344e+03  9.57026952e-07  6.30957344e+03  3.83824487e-06 
 6.45654229e+03  9.49693196e-07  6.45654229e+03  3.72305393e-06 
 6.60693448e+03  9.42454339e-07  6.60693448e+03  3.61142964e-06 
 6.76082975e+03  9.35309397e-07  6.76082975e+03  3.50326143e-06 
 6.91830971e+03  9.28257420e-07  6.91830971e+03  3.39844195e-06 
 7.07945784e+03  9.21297458e-07  7.07945784e+03  3.29686708e-06 
 7.24435960e+03  9.14428567e-07  7.24435960e+03  3.19843579e-06 
 7.41310241e+03  9.07649813e-07  7.41310241e+03  3.10305010e-06 
 7.58577575e+03  9.00960267e-07  7.58577575e+03  3.01061495e-06 
 7.76247117e+03  8.94359007e-07  7.76247117e+03  2.92103817e-06 
 7.94328235e+03  8.87845119e-07  7.94328235e+03  2.83423038e-06 
 8.12830516e+03  8.81417695e-07  8.12830516e+03  2.75010492e-06 
 8.31763771e+03  8.75075835e-07  8.31763771e+03  2.66857777e-06 
 8.51138038e+03  8.68818643e-07  8.51138038e+03  2.58956749e-06 
 8.70963590e+03  8.62645234e-07  8.70963590e+03  2.51299511e-06 
 8.91250938e+03  8.56554725e-07  8.91250938e+03  2.43878414e-06 
 9.12010839e+03  8.50546241e-07  9.12010839e+03  2.36686039e-06 
 9.33254301e+03  8.44618913e-07  9.33254301e+03  2.29715202e-06 
 9.54992586e+03  8.38771878e-07  9.54992586e+03  2.22958937e-06 
 9.77237221e+03  8.33004280e-07  9.77237221e+03  2.16410498e-06 
 1.00000000e+04  8.27315267e-07  1.00000000e+04  2.10063346e-06 
 1.02329299e+04  8.21703994e-07  1.02329299e+04  2.03911149e-06 
 1.04712855e+04  8.16169629e-07  1.04712855e+04  1.97947769e-06 
 1.07151931e+04  8.10711321e-07  1.07151931e+04  1.92167263e-06 
 1.09647820e+04  8.05328250e-07  1.09647820e+04  1.86563874e-06 
 1.12201845e+04  8.00019591e-07  1.12201845e+04  1.81132024e-06 
 1.14815362e+04  7.94784527e-07  1.14815362e+04  1.75866313e-06 
 1.17489755e+04  7.89622243e-07  1.17489755e+04  1.70761508e-06 
 1.20226443e+04  7.84531932e-07  1.20226443e+04  1.65812542e-06 
 1.23026877e+04  7.79512789e-07  1.23026877e+04  1.61014511e-06 
 1.25892541e+04  7.74564016e-07  1.25892541e+04  1.56362660e-06 
 1.28824955e+04  7.69684819e-07  1.28824955e+04  1.51852390e-06 
 1.31825674e+04  7.64874408e-07  1.31825674e+04  1.47479245e-06 
 1.34896288e+04  7.60131999e-07  1.34896288e+04  1.43238910e-06 
 1.38038426e+04  7.55456810e-07  1.38038426e+04  1.39127207e-06 
 1.41253754e+04  7.50848065e-07  1.41253754e+04  1.35140092e-06 
 1.44543977e+04  7.46304993e-07  1.44543977e+04  1.31273648e-06 
 1.47910839e+04  7.41826840e-07  1.47910839e+04  1.27524082e-06 
 1.51356125e+04  7.37412813e-07  1.51356125e+04  1.23887726e-06 
 1.54881662e+04  7.33062166e-07  1.54881662e+04  1.20361023e-06 
 1.58489319e+04  7.28774144e-07  1.58489319e+04  1.16940532e-06 
 1.62181010e+04  7.24547994e-07  1.62181010e+04  1.13622922e-06 
 1.65958691e+04  7.20382969e-07  1.65958691e+04  1.10404967e-06 
 1.69824365e+04  7.16278322e-07  1.69824365e+04  1.07283546e-06 
 1.73780083e+04  7.12233313e-07  1.73780083e+04  1.04255635e-06 
 1.77827941e+04  7.08247203e-07  1.77827941e+04  1.01318308e-06 
 1.81970086e+04  7.04319264e-07  1.81970086e+04  9.84687316e-07 
 1.86208714e+04  7.00448752e-07  1.86208714e+04  9.57041643e-07 
 1.90546072e+04  6.96634946e-07  1.90546072e+04  9.30219509e-07 
 1.94984460e+04  6.92877120e-07  1.94984460e+04  9.04195215e-07 
 1.99526231e+04  6.89174566e-07  1.99526231e+04  8.78943876e-07 
 2.04173794e+04  6.85526535e-07  2.04173794e+04  8.54441419e-07 
 2.08929613e+04  6.81932327e-07  2.08929613e+04  8.30664523e-07 
 2.13796209e+04  6.78391226e-07  2.13796209e+04  8.07590622e-07 
 2.18776162e+04  6.74902522e-07  2.18776162e+04  7.85197867e-07 
 2.23872114e+04  6.71465506e-07  2.23872114e+04  7.63465109e-07 
 2.29086765e+04  6.68079471e-07  2.29086765e+04  7.42371874e-07 
 2.34422882e+04  6.64743720e-07  2.34422882e+04  7.21898341e-07 
 2.39883292e+04  6.61457551e-07  2.39883292e+04  7.02025324e-07 
 2.45470892e+04  6.58220270e-07  2.45470892e+04  6.82734248e-07 
 2.51188643e+04  6.55031138e-07  2.51188643e+04  6.64007144e-07 
 2.57039578e+04  6.51889488e-07  2.57039578e+04  6.45826598e-07 
 2.63026799e+04  6.48794623e-07  2.63026799e+04  6.28175760e-07 
 2.69153480e+04  6.45745852e-07  2.69153480e+04  6.11038317e-07 
 2.75422870e+04  6.42742496e-07  2.75422870e+04  5.94398474e-07 
 2.81838293e+04  6.39783844e-07  2.81838293e+04  5.78240947e-07 
 2.88403150e+04  6.36869208e-07  2.88403150e+04  5.62550934e-07 
 2.95120923e+04  6.33997906e-07  2.95120923e+04  5.47314105e-07 
 3.01995172e+04  6.31169265e-07  3.01995172e+04  5.32516584e-07 
 3.09029543e+04  6.28382571e-07  3.09029543e+04  5.18144945e-07 
 3.16227766e+04  6.25637158e-07  3.16227766e+04  5.04186178e-07 
 3.23593657e+04  6.22932329e-07  3.23593657e+04  4.90627698e-07 
 3.31131121e+04  6.20267417e-07  3.31131121e+04  4.77457311e-07 
 3.38844156e+04  6.17641712e-07  3.38844156e+04  4.64663217e-07 
 3.46736850e+04  6.15054548e-07  3.46736850e+04  4.52233985e-07 
 3.54813389e+04  6.12505239e-07  3.54813389e+04  4.40158550e-07 
 3.63078055e+04  6.09993106e-07  3.63078055e+04  4.28426197e-07 
 3.71535229e+04  6.07517431e-07  3.71535229e+04  4.17026555e-07 
 3.80189396e+04  6.05077545e-07  3.80189396e+04  4.05949574e-07 
 3.89045145e+04  6.02672765e-07  3.89045145e+04  3.95185526e-07 
 3.98107171e+04  6.00302385e-07  3.98107171e+04  3.84724991e-07 
 4.07380278e+04  5.97965729e-07  4.07380278e+04  3.74558844e-07 
 4.16869383e+04  5.95662108e-07  4.16869383e+04  3.64678250e-07 
 4.26579519e+04  5.93390807e-07  4.26579519e+04  3.55074654e-07 
 4.36515832e+04  5.91151159e-07  4.36515832e+04  3.45739765e-07 
 4.46683592e+04  5.88942427e-07  4.46683592e+04  3.36665562e-07 
 4.57088190e+04  5.86763948e-07  4.57088190e+04  3.27844267e-07 
 4.67735141e+04  5.84614990e-07  4.67735141e+04  3.19268354e-07 
 4.78630092e+04  5.82494864e-07  4.78630092e+04  3.10930527e-07 
 4.89778819e+04  5.80402838e-07  4.89778819e+04  3.02823724e-07 
 5.01187234e+04  5.78338199e-07  5.01187234e+04  2.94941104e-07 
 5.12861384e+04  5.76300232e-07  5.12861384e+04  2.87276036e-07 
 5.24807460e+04  5.74288207e-07  5.24807460e+04  2.79822099e-07 
 5.37031796e+04  5.72301407e-07  5.37031796e+04  2.72573073e-07 
 5.49540874e+04  5.70339096e-07  5.49540874e+04  2.65522929e-07 
 5.62341325e+04  5.68400527e-07  5.62341325e+04  2.58665831e-07 
 5.75439937e+04  5.66484978e-07  5.75439937e+04  2.51996119e-07 
 5.88843655e+04  5.64591668e-07  5.88843655e+04  2.45508314e-07 
 6.02559586e+04  5.62719851e-07  6.02559586e+04  2.39197105e-07 
 6.16595002e+04  5.60868773e-07  6.16595002e+04  2.33057346e-07 
 6.30957344e+04  5.59037650e-07  6.30957344e+04  2.27084049e-07 
 6.45654229e+04  5.57225707e-07  6.45654229e+04  2.21272382e-07 
 6.60693448e+04  5.55432180e-07  6.60693448e+04  2.15617661e-07 
 6.76082975e+04  5.53656262e-07  6.76082975e+04  2.10115348e-07 
 6.91830971e+04  5.51897152e-07  6.91830971e+04  2.04761044e-07 
 7.07945784e+04  5.50154030e-07  7.07945784e+04  1.99550486e-07 
 7.24435960e+04  5.48426108e-07  7.24435960e+04  1.94479541e-07 
 7.41310241e+04  5.46712527e-07  7.41310241e+04  1.89544205e-07 
 7.58577575e+04  5.45012490e-07  7.58577575e+04  1.84740592e-07 
 7.76247117e+04  5.43325126e-07  7.76247117e+04  1.80064940e-07 
 7.94328235e+04  5.41649569e-07  7.94328235e+04  1.75513602e-07 
 8.12830516e+04  5.39985007e-07  8.12830516e+04  1.71083036e-07 
 8.31763771e+04  5.38330510e-07  8.31763771e+04  1.66769817e-07 
 8.51138038e+04  5.36685217e-07  8.51138038e+04  1.62570617e-07 
 8.70963590e+04  5.35048261e-07  8.70963590e+04  1.58482211e-07 
 8.91250938e+04  5.33418689e-07  8.91250938e+04  1.54501476e-07 
 9.12010839e+04  5.31795630e-07  9.12010839e+04  1.50625376e-07 
 9.33254301e+04  5.30178117e-07  9.33254301e+04  1.46850976e-07 
 9.54992586e+04  5.28565244e-07  9.54992586e+04  1.43175422e-07 
 9.77237221e+04  5.26956073e-07  9.77237221e+04  1.39595948e-07 
 1.00000000e+05  5.25349602e-07  1.00000000e+05  1.36109876e-07 
 1.02329299e+05  5.23744930e-07  1.02329299e+05  1.32714600e-07 
 1.04712855e+05  5.22141028e-07  1.04712855e+05  1.29407601e-07 
 1.07151931e+05  5.20536920e-07  1.07151931e+05  1.26186432e-07 
 1.09647820e+05  5.18931633e-07  1.09647820e+05  1.23048716e-07 
 1.12201845e+05  5.17324124e-07  1.12201845e+05  1.19992153e-07 
 1.14815362e+05  5.15713418e-07  1.14815362e+05  1.17014506e-07 
 1.17489755e+05  5.14098472e-07  1.17489755e+05  1.14113610e-07 
 1.20226443e+05  5.12478251e-07  1.20226443e+05  1.11287360e-07 
 1.23026877e+05  5.10851727e-07  1.23026877e+05  1.08533718e-07 
 1.25892541e+05  5.09217867e-07  1.25892541e+05  1.05850701e-07 
 1.28824955e+05  5.07575594e-07  1.28824955e+05  1.03236390e-07 
 1.31825674e+05  5.05923878e-07  1.31825674e+05  1.00688919e-07 
 1.34896288e+05  5.04261653e-07  1.34896288e+05  9.82064789e-08 
 1.38038426e+05  5.02587840e-07  1.38038426e+05  9.57873149e-08 
 1.41253754e+05  5.00901390e-07  1.41253754e+05  9.34297217e-08 
 1.44543977e+05  4.99201230e-07  1.44543977e+05  9.11320450e-08 
 1.47910839e+05  4.97486283e-07  1.47910839e+05  8.88926799e-08 
 1.51356125e+05  4.95755506e-07  1.51356125e+05  8.67100665e-08 
 1.54881662e+05  4.94007819e-07  1.54881662e+05  8.45826926e-08 
 1.58489319e+05  4.92242159e-07  1.58489319e+05  8.25090887e-08 
 1.62181010e+05  4.90457475e-07  1.62181010e+05  8.04878288e-08 
 1.65958691e+05  4.88652734e-07  1.65958691e+05  7.85175275e-08 
 1.69824365e+05  4.86826859e-07  1.69824365e+05  7.65968409e-08 
 1.73780083e+05  4.84978818e-07  1.73780083e+05  7.47244633e-08 
 1.77827941e+05  4.83107625e-07  1.77827941e+05  7.28991254e-08 
 1.81970086e+05  4.81212234e-07  1.81970086e+05  7.11195964e-08 
 1.86208714e+05  4.79291632e-07  1.86208714e+05  6.93846799e-08 
 1.90546072e+05  4.77344865e-07  1.90546072e+05  6.76932135e-08 
 1.94984460e+05  4.75370927e-07  1.94984460e+05  6.60440684e-08 
 1.99526231e+05  4.73368867e-07  1.99526231e+05  6.44361480e-08 
 2.04173794e+05  4.71337789e-07  2.04173794e+05  6.28683852e-08 
 2.08929613e+05  4.69276704e-07  2.08929613e+05  6.13397457e-08 
 2.13796209e+05  4.67184762e-07  2.13796209e+05  5.98492217e-08 
 2.18776162e+05  4.65061061e-07  2.18776162e+05  5.83958351e-08 
 2.23872114e+05  4.62904738e-07  2.23872114e+05  5.69786349e-08 
 2.29086765e+05  4.60714985e-07  2.29086765e+05  5.55966954e-08 
 2.34422882e+05  4.58490973e-07  2.34422882e+05  5.42491179e-08 
 2.39883292e+05  4.56231909e-07  2.39883292e+05  5.29350274e-08 
 2.45470892e+05  4.53937042e-07  2.45470892e+05  5.16535732e-08 
 2.51188643e+05  4.51605615e-07  2.51188643e+05  5.04039278e-08 
 2.57039578e+05  4.49236947e-07  2.57039578e+05  4.91852856e-08 
 2.63026799e+05  4.46830339e-07  2.63026799e+05  4.79968630e-08 
 2.69153480e+05  4.44385144e-07  2.69153480e+05  4.68378971e-08 
 2.75422870e+05  4.41900736e-07  2.75422870e+05  4.57076455e-08 
 2.81838293e+05  4.39376510e-07  2.81838293e+05  4.46053853e-08 
 2.88403150e+05  4.36811900e-07  2.88403150e+05  4.35304124e-08 
 2.95120923e+05  4.34206384e-07  2.95120923e+05  4.24820411e-08 
 3.01995172e+05  4.31559436e-07  3.01995172e+05  4.14596036e-08 
 3.09029543e+05  4.28870593e-07  3.09029543e+05  4.04624491e-08 
 3.16227766e+05  4.26139425e-07  3.16227766e+05  3.94899434e-08 
 3.23593657e+05  4.23365521e-07  3.23593657e+05  3.85414686e-08 
 3.31131121e+05  4.20548501e-07  3.31131121e+05  3.76164226e-08 
 3.38844156e+05  4.17688049e-07  3.38844156e+05  3.67142178e-08 
 3.46736850e+05  4.14783864e-07  3.46736850e+05  3.58342820e-08 
 3.54813389e+05  4.11835691e-07  3.54813389e+05  3.49760569e-08 
 3.63078055e+05  4.08843331e-07  3.63078055e+05  3.41389980e-08 
 3.71535229e+05  4.05806613e-07  3.71535229e+05  3.33225745e-08 
 3.80189396e+05  4.02725428e-07  3.80189396e+05  3.25262683e-08 
 3.89045145e+05  3.99599696e-07  3.89045145e+05  3.17495746e-08 
 3.98107171e+05  3.96429416e-07  3.98107171e+05  3.09920003e-08 
 4.07380278e+05  3.93214636e-07  4.07380278e+05  3.02530648e-08 
 4.16869383e+05  3.89955449e-07  4.16869383e+05  2.95322990e-08 
 4.26579519e+05  3.86652026e-07  4.26579519e+05  2.88292453e-08 
 4.36515832e+05  3.83304585e-07  4.36515832e+05  2.81434576e-08 
 4.46683592e+05  3.79913436e-07  4.46683592e+05  2.74745003e-08 
 4.57088190e+05  3.76478949e-07  4.57088190e+05  2.68219483e-08 
 4.67735141e+05  3.73001570e-07  4.67735141e+05  2.61853873e-08 
 4.78630092e+05  3.69481822e-07  4.78630092e+05  2.55644129e-08 
 4.89778819e+05  3.65920313e-07  4.89778819e+05  2.49586308e-08 
 5.01187234e+05  3.62317732e-07  5.01187234e+05  2.43676563e-08 
 5.12861384e+05  3.58674853e-07  5.12861384e+05  2.37911142e-08 
 5.24807460e+05  3.54992541e-07  5.24807460e+05  2.32286386e-08 
 5.37031796e+05  3.51271750e-07  5.37031796e+05  2.26798727e-08 
 5.49540874e+05  3.47513529e-07  5.49540874e+05  2.21444686e-08 
 5.62341325e+05  3.43719011e-07  5.62341325e+05  2.16220871e-08 
 5.75439937e+05  3.39889432e-07  5.75439937e+05  2.11123975e-08 
 5.88843655e+05  3.36026109e-07  5.88843655e+05  2.06150776e-08 
 6.02559586e+05  3.32130460e-07  6.02559586e+05  2.01298131e-08 
 6.16595002e+05  3.28203984e-07  6.16595002e+05  1.96562981e-08 
 6.30957344e+05  3.24248277e-07  6.30957344e+05  1.91942340e-08 
 6.45654229e+05  3.20265012e-07  6.45654229e+05  1.87433303e-08 
 6.60693448e+05  3.16255951e-07  6.60693448e+05  1.83033037e-08 
 6.76082975e+05  3.12222929e-07  6.76082975e+05  1.78738784e-08 
 6.91830971e+05  3.08167858e-07  6.91830971e+05  1.74547856e-08 
 7.07945784e+05  3.04092719e-07  7.07945784e+05  1.70457637e-08 
 7.24435960e+05  2.99999554e-07  7.24435960e+05  1.66465577e-08 
 7.41310241e+05  2.95890466e-07  7.41310241e+05  1.62569193e-08 
 7.58577575e+05  2.91767606e-07  7.58577575e+05  1.58766070e-08 
 7.76247117e+05  2.87633178e-07  7.76247117e+05  1.55053852e-08 
 7.94328235e+05  2.83489415e-07  7.94328235e+05  1.51430249e-08 
 8.12830516e+05  2.79338583e-07  8.12830516e+05  1.47893029e-08 
 8.31763771e+05  2.75182975e-07  8.31763771e+05  1.44440020e-08 
 8.51138038e+05  2.71024896e-07  8.51138038e+05  1.41069107e-08 
 8.70963590e+05  2.66866663e-07  8.70963590e+05  1.37778232e-08 
 8.91250938e+05  2.62710591e-07  8.91250938e+05  1.34565391e-08 
 9.12010839e+05  2.58558990e-07  9.12010839e+05  1.31428633e-08 
 9.33254301e+05  2.54414157e-07  9.33254301e+05  1.28366058e-08 
 9.54992586e+05  2.50278364e-07  9.54992586e+05  1.25375818e-08 
 9.77237221e+05  2.46153860e-07  9.77237221e+05  1.22456114e-08 
 1.00000000e+06  2.42042859e-07  1.00000000e+06  1.19605193e-08 
