 1.00000000e+00  1.42219549e+01  1.00000000e+00 -3.38548785e-03 
 1.02329299e+00  1.37466045e+01  1.02329299e+00 -3.28008635e-03 
 1.04712855e+00  1.33160259e+01  1.04712855e+00 -3.19437909e-03 
 1.07151931e+00  1.29241133e+01  1.07151931e+00 -3.12478077e-03 
 1.09647820e+00  1.25658950e+01  1.09647820e+00 -3.06857022e-03 
 1.12201845e+00  1.22372701e+01  1.12201845e+00 -3.02364637e-03 
 1.14815362e+00  1.19348162e+01  1.14815362e+00 -2.98836258e-03 
 1.17489755e+00  1.16556481e+01  1.17489755e+00 -2.96141134e-03 
 1.20226443e+00  1.13973113e+01  1.20226443e+00 -2.94174253e-03 
 1.23026877e+00  1.11577005e+01  1.23026877e+00 -2.92850419e-03 
 1.25892541e+00  1.09349967e+01  1.25892541e+00 -2.92099898e-03 
 1.28824955e+00  1.07276179e+01  1.28824955e+00 -2.91865167e-03 
 1.31825674e+00  1.05341798e+01  1.31825674e+00 -2.92098455e-03 
 1.34896288e+00  1.03534642e+01  1.34896288e+00 -2.92759857e-03 
 1.38038426e+00  1.01843941e+01  1.38038426e+00 -2.93815868e-03 
 1.41253754e+00  1.00260125e+01  1.41253754e+00 -2.95238244e-03 
 1.44543977e+00  9.87746555e+00  1.44543977e+00 -2.97003091e-03 
 1.47910839e+00  9.73798852e+00  1.47910839e+00 -2.99090148e-03 
 1.51356125e+00  9.60689378e+00  1.51356125e+00 -3.01482205e-03 
 1.54881662e+00  9.48356103e+00  1.54881662e+00 -3.04164630e-03 
 1.58489319e+00  9.36742894e+00  1.58489319e+00 -3.07124988e-03 
 1.62181010e+00  9.25798804e+00  1.62181010e+00 -3.10352727e-03 
 1.65958691e+00  9.15477461e+00  1.65958691e+00 -3.13838912e-03 
 1.69824365e+00  9.05736558e+00  1.69824365e+00 -3.17576016e-03 
 1.73780083e+00  8.96537392e+00  1.73780083e+00 -3.21557734e-03 
 1.77827941e+00  8.87844488e+00  1.77827941e+00 -3.25778834e-03 
 1.81970086e+00  8.79625252e+00  1.81970086e+00 -3.30235029e-03 
 1.86208714e+00  8.71849683e+00  1.86208714e+00 -3.34922866e-03 
 1.90546072e+00  8.64490112e+00  1.90546072e+00 -3.39839640e-03 
 1.94984460e+00  8.57520977e+00  1.94984460e+00 -3.44983309e-03 
 1.99526231e+00  8.50918623e+00  1.99526231e+00 -3.50352431e-03 
 2.04173794e+00  8.44661125e+00  2.04173794e+00 -3.55946105e-03 
 2.08929613e+00  8.38728130e+00  2.08929613e+00 -3.61763923e-03 
 2.13796209e+00  8.33100720e+00  2.13796209e+00 -3.67805925e-03 
 2.18776162e+00  8.27761289e+00  2.18776162e+00 -3.74072563e-03 
 2.23872114e+00  8.22693426e+00  2.23872114e+00 -3.80564670e-03 
 2.29086765e+00  8.17881819e+00  2.29086765e+00 -3.87283431e-03 
 2.34422882e+00  8.13312168e+00  2.34422882e+00 -3.94230359e-03 
 2.39883292e+00  8.08971098e+00  2.39883292e+00 -4.01407273e-03 
 2.45470892e+00  8.04846092e+00  2.45470892e+00 -4.08816286e-03 
 2.51188643e+00  8.00925421e+00  2.51188643e+00 -4.16459779e-03 
 2.57039578e+00  7.97198085e+00  2.57039578e+00 -4.24340396e-03 
 2.63026799e+00  7.93653761e+00  2.63026799e+00 -4.32461028e-03 
 2.69153480e+00  7.90282751e+00  2.69153480e+00 -4.40824803e-03 
 2.75422870e+00  7.87075938e+00  2.75422870e+00 -4.49435078e-03 
 2.81838293e+00  7.84024746e+00  2.81838293e+00 -4.58295433e-03 
 2.88403150e+00  7.81121099e+00  2.88403150e+00 -4.67409659e-03 
 2.95120923e+00  7.78357389e+00  2.95120923e+00 -4.76781759e-03 
 3.01995172e+00  7.75726446e+00  3.01995172e+00 -4.86415939e-03 
 3.09029543e+00  7.73221504e+00  3.09029543e+00 -4.96316607e-03 
 3.16227766e+00  7.70836179e+00  3.16227766e+00 -5.06488367e-03 
 3.23593657e+00  7.68564443e+00  3.23593657e+00 -5.16936018e-03 
 3.31131121e+00  7.66400598e+00  3.31131121e+00 -5.27664554e-03 
 3.38844156e+00  7.64339259e+00  3.38844156e+00 -5.38679157e-03 
 3.46736850e+00  7.62375335e+00  3.46736850e+00 -5.49985205e-03 
 3.54813389e+00  7.60504006e+00  3.54813389e+00 -5.61588261e-03 
 3.63078055e+00  7.58720712e+00  3.63078055e+00 -5.73494082e-03 
 3.71535229e+00  7.57021134e+00  3.71535229e+00 -5.85708615e-03 
 3.80189396e+00  7.55401179e+00  3.80189396e+00 -5.98237996e-03 
 3.89045145e+00  7.53856970e+00  3.89045145e+00 -6.11088556e-03 
 3.98107171e+00  7.52384830e+00  3.98107171e+00 -6.24266819e-03 
 4.07380278e+00  7.50981274e+00  4.07380278e+00 -6.37779503e-03 
 4.16869383e+00  7.49642994e+00  4.16869383e+00 -6.51633524e-03 
 4.26579519e+00  7.48366851e+00  4.26579519e+00 -6.65835998e-03 
 4.36515832e+00  7.47149865e+00  4.36515832e+00 -6.80394239e-03 
 4.46683592e+00  7.45989209e+00  4.46683592e+00 -6.95315769e-03 
 4.57088190e+00  7.44882196e+00  4.57088190e+00 -7.10608314e-03 
 4.67735141e+00  7.43826272e+00  4.67735141e+00 -7.26279812e-03 
 4.78630092e+00  7.42819012e+00  4.78630092e+00 -7.42338411e-03 
 4.89778819e+00  7.41858111e+00  4.89778819e+00 -7.58792478e-03 
 5.01187234e+00  7.40941378e+00  5.01187234e+00 -7.75650600e-03 
 5.12861384e+00  7.40066727e+00  5.12861384e+00 -7.92921584e-03 
 5.24807460e+00  7.39232177e+00  5.24807460e+00 -8.10614469e-03 
 5.37031796e+00  7.38435843e+00  5.37031796e+00 -8.28738522e-03 
 5.49540874e+00  7.37675929e+00  5.49540874e+00 -8.47303250e-03 
 5.62341325e+00  7.36950729e+00  5.62341325e+00 -8.66318395e-03 
 5.75439937e+00  7.36258617e+00  5.75439937e+00 -8.85793949e-03 
 5.88843655e+00  7.35598047e+00  5.88843655e+00 -9.05740152e-03 
 6.02559586e+00  7.34967544e+00  6.02559586e+00 -9.26167496e-03 
 6.16595002e+00  7.34365706e+00  6.16595002e+00 -9.47086738e-03 
 6.30957344e+00  7.33791196e+00  6.30957344e+00 -9.68508897e-03 
 6.45654229e+00  7.33242743e+00  6.45654229e+00 -9.90445262e-03 
 6.60693448e+00  7.32719132e+00  6.60693448e+00 -1.01290740e-02 
 6.76082975e+00  7.32219209e+00  6.76082975e+00 -1.03590716e-02 
 6.91830971e+00  7.31741871e+00  6.91830971e+00 -1.05945668e-02 
 7.07945784e+00  7.31286070e+00  7.07945784e+00 -1.08356838e-02 
 7.24435960e+00  7.30850804e+00  7.24435960e+00 -1.10825501e-02 
 7.41310241e+00  7.30435118e+00  7.41310241e+00 -1.13352959e-02 
 7.58577575e+00  7.30038104e+00  7.58577575e+00 -1.15940548e-02 
 7.76247117e+00  7.29658893e+00  7.76247117e+00 -1.18589635e-02 
 7.94328235e+00  7.29296657e+00  7.94328235e+00 -1.21301620e-02 
 8.12830516e+00  7.28950608e+00  8.12830516e+00 -1.24077936e-02 
 8.31763771e+00  7.28619990e+00  8.31763771e+00 -1.26920051e-02 
 8.51138038e+00  7.28304086e+00  8.51138038e+00 -1.29829468e-02 
 8.70963590e+00  7.28002209e+00  8.70963590e+00 -1.32807724e-02 
 8.91250938e+00  7.27713705e+00  8.91250938e+00 -1.35856394e-02 
 9.12010839e+00  7.27437947e+00  9.12010839e+00 -1.38977091e-02 
 9.33254301e+00  7.27174339e+00  9.33254301e+00 -1.42171464e-02 
 9.54992586e+00  7.26922310e+00  9.54992586e+00 -1.45441203e-02 
 9.77237221e+00  7.26681317e+00  9.77237221e+00 -1.48788037e-02 
 1.00000000e+01  7.26450837e+00  1.00000000e+01 -1.52213736e-02 
 1.02329299e+01  7.26230375e+00  1.02329299e+01 -1.55720112e-02 
 1.04712855e+01  7.26019454e+00  1.04712855e+01 -1.59309018e-02 
 1.07151931e+01  7.25817621e+00  1.07151931e+01 -1.62982353e-02 
 1.09647820e+01  7.25624441e+00  1.09647820e+01 -1.66742060e-02 
 1.12201845e+01  7.25439498e+00  1.12201845e+01 -1.70590125e-02 
 1.14815362e+01  7.25262395e+00  1.14815362e+01 -1.74528585e-02 
 1.17489755e+01  7.25092752e+00  1.17489755e+01 -1.78559521e-02 
 1.20226443e+01  7.24930203e+00  1.20226443e+01 -1.82685064e-02 
 1.23026877e+01  7.24774401e+00  1.23026877e+01 -1.86907395e-02 
 1.25892541e+01  7.24625011e+00  1.25892541e+01 -1.91228746e-02 
 1.28824955e+01  7.24481713e+00  1.28824955e+01 -1.95651401e-02 
 1.31825674e+01  7.24344201e+00  1.31825674e+01 -2.00177698e-02 
 1.34896288e+01  7.24212178e+00  1.34896288e+01 -2.04810027e-02 
 1.38038426e+01  7.24085364e+00  1.38038426e+01 -2.09550838e-02 
 1.41253754e+01  7.23963487e+00  1.41253754e+01 -2.14402633e-02 
 1.44543977e+01  7.23846286e+00  1.44543977e+01 -2.19367976e-02 
 1.47910839e+01  7.23733511e+00  1.47910839e+01 -2.24449489e-02 
 1.51356125e+01  7.23624921e+00  1.51356125e+01 -2.29649856e-02 
 1.54881662e+01  7.23520283e+00  1.54881662e+01 -2.34971822e-02 
 1.58489319e+01  7.23419376e+00  1.58489319e+01 -2.40418196e-02 
 1.62181010e+01  7.23321982e+00  1.62181010e+01 -2.45991853e-02 
 1.65958691e+01  7.23227895e+00  1.65958691e+01 -2.51695733e-02 
 1.69824365e+01  7.23136914e+00  1.69824365e+01 -2.57532846e-02 
 1.73780083e+01  7.23048845e+00  1.73780083e+01 -2.63506270e-02 
 1.77827941e+01  7.22963500e+00  1.77827941e+01 -2.69619154e-02 
 1.81970086e+01  7.22880698e+00  1.81970086e+01 -2.75874722e-02 
 1.86208714e+01  7.22800261e+00  1.86208714e+01 -2.82276271e-02 
 1.90546072e+01  7.22722020e+00  1.90546072e+01 -2.88827172e-02 
 1.94984460e+01  7.22645808e+00  1.94984460e+01 -2.95530877e-02 
 1.99526231e+01  7.22571461e+00  1.99526231e+01 -3.02390916e-02 
 2.04173794e+01  7.22498823e+00  2.04173794e+01 -3.09410900e-02 
 2.08929613e+01  7.22427738e+00  2.08929613e+01 -3.16594522e-02 
 2.13796209e+01  7.22358057e+00  2.13796209e+01 -3.23945562e-02 
 2.18776162e+01  7.22289629e+00  2.18776162e+01 -3.31467885e-02 
 2.23872114e+01  7.22222311e+00  2.23872114e+01 -3.39165446e-02 
 2.29086765e+01  7.22155960e+00  2.29086765e+01 -3.47042289e-02 
 2.34422882e+01  7.22090433e+00  2.34422882e+01 -3.55102551e-02 
 2.39883292e+01  7.22025593e+00  2.39883292e+01 -3.63350463e-02 
 2.45470892e+01  7.21961302e+00  2.45470892e+01 -3.71790354e-02 
 2.51188643e+01  7.21897423e+00  2.51188643e+01 -3.80426650e-02 
 2.57039578e+01  7.21833821e+00  2.57039578e+01 -3.89263878e-02 
 2.63026799e+01  7.21770361e+00  2.63026799e+01 -3.98306668e-02 
 2.69153480e+01  7.21706909e+00  2.69153480e+01 -4.07559756e-02 
 2.75422870e+01  7.21643330e+00  2.75422870e+01 -4.17027984e-02 
 2.81838293e+01  7.21579489e+00  2.81838293e+01 -4.26716304e-02 
 2.88403150e+01  7.21515252e+00  2.88403150e+01 -4.36629780e-02 
 2.95120923e+01  7.21450483e+00  2.95120923e+01 -4.46773590e-02 
 3.01995172e+01  7.21385044e+00  3.01995172e+01 -4.57153029e-02 
 3.09029543e+01  7.21318797e+00  3.09029543e+01 -4.67773509e-02 
 3.16227766e+01  7.21251602e+00  3.16227766e+01 -4.78640566e-02 
 3.23593657e+01  7.21183317e+00  3.23593657e+01 -4.89759860e-02 
 3.31131121e+01  7.21113798e+00  3.31131121e+01 -5.01137174e-02 
 3.38844156e+01  7.21042899e+00  3.38844156e+01 -5.12778424e-02 
 3.46736850e+01  7.20970468e+00  3.46736850e+01 -5.24689655e-02 
 3.54813389e+01  7.20896355e+00  3.54813389e+01 -5.36877047e-02 
 3.63078055e+01  7.20820402e+00  3.63078055e+01 -5.49346916e-02 
 3.71535229e+01  7.20742449e+00  3.71535229e+01 -5.62105720e-02 
 3.80189396e+01  7.20662333e+00  3.80189396e+01 -5.75160056e-02 
 3.89045145e+01  7.20579884e+00  3.89045145e+01 -5.88516668e-02 
 3.98107171e+01  7.20494930e+00  3.98107171e+01 -6.02182446e-02 
 4.07380278e+01  7.20407291e+00  4.07380278e+01 -6.16164432e-02 
 4.16869383e+01  7.20316783e+00  4.16869383e+01 -6.30469819e-02 
 4.26579519e+01  7.20223216e+00  4.26579519e+01 -6.45105958e-02 
 4.36515832e+01  7.20126395e+00  4.36515832e+01 -6.60080359e-02 
 4.46683592e+01  7.20026115e+00  4.46683592e+01 -6.75400690e-02 
 4.57088190e+01  7.19922166e+00  4.57088190e+01 -6.91074788e-02 
 4.67735141e+01  7.19814331e+00  4.67735141e+01 -7.07110655e-02 
 4.78630092e+01  7.19702385e+00  4.78630092e+01 -7.23516461e-02 
 4.89778819e+01  7.19586092e+00  4.89778819e+01 -7.40300552e-02 
 5.01187234e+01  7.19465210e+00  5.01187234e+01 -7.57471449e-02 
 5.12861384e+01  7.19339486e+00  5.12861384e+01 -7.75037849e-02 
 5.24807460e+01  7.19208658e+00  5.24807460e+01 -7.93008632e-02 
 5.37031796e+01  7.19072454e+00  5.37031796e+01 -8.11392862e-02 
 5.49540874e+01  7.18930589e+00  5.49540874e+01 -8.30199788e-02 
 5.62341325e+01  7.18782768e+00  5.62341325e+01 -8.49438848e-02 
 5.75439937e+01  7.18628685e+00  5.75439937e+01 -8.69119674e-02 
 5.88843655e+01  7.18468019e+00  5.88843655e+01 -8.89252089e-02 
 6.02559586e+01  7.18300437e+00  6.02559586e+01 -9.09846115e-02 
 6.16595002e+01  7.18125591e+00  6.16595002e+01 -9.30911969e-02 
 6.30957344e+01  7.17943120e+00  6.30957344e+01 -9.52460074e-02 
 6.45654229e+01  7.17752647e+00  6.45654229e+01 -9.74501052e-02 
 6.60693448e+01  7.17553779e+00  6.60693448e+01 -9.97045732e-02 
 6.76082975e+01  7.17346104e+00  6.76082975e+01 -1.02010515e-01 
 6.91830971e+01  7.17129197e+00  6.91830971e+01 -1.04369055e-01 
 7.07945784e+01  7.16902611e+00  7.07945784e+01 -1.06781338e-01 
 7.24435960e+01  7.16665882e+00  7.24435960e+01 -1.09248532e-01 
 7.41310241e+01  7.16418523e+00  7.41310241e+01 -1.11771824e-01 
 7.58577575e+01  7.16160030e+00  7.58577575e+01 -1.14352423e-01 
 7.76247117e+01  7.15889873e+00  7.76247117e+01 -1.16991560e-01 
 7.94328235e+01  7.15607503e+00  7.94328235e+01 -1.19690486e-01 
 8.12830516e+01  7.15312346e+00  8.12830516e+01 -1.22450476e-01 
 8.31763771e+01  7.15003801e+00  8.31763771e+01 -1.25272825e-01 
 8.51138038e+01  7.14681245e+00  8.51138038e+01 -1.28158848e-01 
 8.70963590e+01  7.14344024e+00  8.70963590e+01 -1.31109883e-01 
 8.91250938e+01  7.13991459e+00  8.91250938e+01 -1.34127290e-01 
 9.12010839e+01  7.13622840e+00  9.12010839e+01 -1.37212448e-01 
 9.33254301e+01  7.13237428e+00  9.33254301e+01 -1.40366757e-01 
 9.54992586e+01  7.12834451e+00  9.54992586e+01 -1.43591640e-01 
 9.77237221e+01  7.12413105e+00  9.77237221e+01 -1.46888536e-01 
 1.00000000e+02  7.11972551e+00  1.00000000e+02 -1.50258908e-01 
 1.02329299e+02  7.11511915e+00  1.02329299e+02 -1.53704234e-01 
 1.04712855e+02  7.11030286e+00  1.04712855e+02 -1.57226016e-01 
 1.07151931e+02  7.10526714e+00  1.07151931e+02 -1.60825769e-01 
 1.09647820e+02  7.10000210e+00  1.09647820e+02 -1.64505030e-01 
 1.12201845e+02  7.09449743e+00  1.12201845e+02 -1.68265350e-01 
 1.14815362e+02  7.08874241e+00  1.14815362e+02 -1.72108297e-01 
 1.17489755e+02  7.08272584e+00  1.17489755e+02 -1.76035453e-01 
 1.20226443e+02  7.07643609e+00  1.20226443e+02 -1.80048418e-01 
 1.23026877e+02  7.06986104e+00  1.23026877e+02 -1.84148799e-01 
 1.25892541e+02  7.06298810e+00  1.25892541e+02 -1.88338220e-01 
 1.28824955e+02  7.05580414e+00  1.28824955e+02 -1.92618312e-01 
 1.31825674e+02  7.04829553e+00  1.31825674e+02 -1.96990718e-01 
 1.34896288e+02  7.04044808e+00  1.34896288e+02 -2.01457086e-01 
 1.38038426e+02  7.03224705e+00  1.38038426e+02 -2.06019071e-01 
 1.41253754e+02  7.02367712e+00  1.41253754e+02 -2.10678331e-01 
 1.44543977e+02  7.01472239e+00  1.44543977e+02 -2.15436527e-01 
 1.47910839e+02  7.00536632e+00  1.47910839e+02 -2.20295318e-01 
 1.51356125e+02  6.99559177e+00  1.51356125e+02 -2.25256363e-01 
 1.54881662e+02  6.98538094e+00  1.54881662e+02 -2.30321314e-01 
 1.58489319e+02  6.97471537e+00  1.58489319e+02 -2.35491816e-01 
 1.62181010e+02  6.96357592e+00  1.62181010e+02 -2.40769503e-01 
 1.65958691e+02  6.95194278e+00  1.65958691e+02 -2.46155998e-01 
 1.69824365e+02  6.93979539e+00  1.69824365e+02 -2.51652903e-01 
 1.73780083e+02  6.92711250e+00  1.73780083e+02 -2.57261805e-01 
 1.77827941e+02  6.91387210e+00  1.77827941e+02 -2.62984263e-01 
 1.81970086e+02  6.90005144e+00  1.81970086e+02 -2.68821811e-01 
 1.86208714e+02  6.88562699e+00  1.86208714e+02 -2.74775952e-01 
 1.90546072e+02  6.87057447e+00  1.90546072e+02 -2.80848152e-01 
 1.94984460e+02  6.85486878e+00  1.94984460e+02 -2.87039838e-01 
 1.99526231e+02  6.83848405e+00  1.99526231e+02 -2.93352392e-01 
 2.04173794e+02  6.82139361e+00  2.04173794e+02 -2.99787148e-01 
 2.08929613e+02  6.80356997e+00  2.08929613e+02 -3.06345383e-01 
 2.13796209e+02  6.78498482e+00  2.13796209e+02 -3.13028315e-01 
 2.18776162e+02  6.76560906e+00  2.18776162e+02 -3.19837100e-01 
 2.23872114e+02  6.74541276e+00  2.23872114e+02 -3.26772819e-01 
 2.29086765e+02  6.72436520e+00  2.29086765e+02 -3.33836478e-01 
 2.34422882e+02  6.70243482e+00  2.34422882e+02 -3.41029001e-01 
 2.39883292e+02  6.67958931e+00  2.39883292e+02 -3.48351221e-01 
 2.45470892e+02  6.65579555e+00  2.45470892e+02 -3.55803879e-01 
 2.51188643e+02  6.63101966e+00  2.51188643e+02 -3.63387611e-01 
 2.57039578e+02  6.60522701e+00  2.57039578e+02 -3.71102946e-01 
 2.63026799e+02  6.57838224e+00  2.63026799e+02 -3.78950297e-01 
 2.69153480e+02  6.55044929e+00  2.69153480e+02 -3.86929957e-01 
 2.75422870e+02  6.52139144e+00  2.75422870e+02 -3.95042089e-01 
 2.81838293e+02  6.49117132e+00  2.81838293e+02 -4.03286718e-01 
 2.88403150e+02  6.45975096e+00  2.88403150e+02 -4.11663731e-01 
 2.95120923e+02  6.42709186e+00  2.95120923e+02 -4.20172861e-01 
 3.01995172e+02  6.39315498e+00  3.01995172e+02 -4.28813689e-01 
 3.09029543e+02  6.35790086e+00  3.09029543e+02 -4.37585630e-01 
 3.16227766e+02  6.32128961e+00  3.16227766e+02 -4.46487931e-01 
 3.23593657e+02  6.28328105e+00  3.23593657e+02 -4.55519665e-01 
 3.31131121e+02  6.24383469e+00  3.31131121e+02 -4.64679722e-01 
 3.38844156e+02  6.20290989e+00  3.38844156e+02 -4.73966805e-01 
 3.46736850e+02  6.16046585e+00  3.46736850e+02 -4.83379426e-01 
 3.54813389e+02  6.11646179e+00  3.54813389e+02 -4.92915900e-01 
 3.63078055e+02  6.07085695e+00  3.63078055e+02 -5.02574339e-01 
 3.71535229e+02  6.02361071e+00  3.71535229e+02 -5.12352651e-01 
 3.80189396e+02  5.97468273e+00  3.80189396e+02 -5.22248537e-01 
 3.89045145e+02  5.92403297e+00  3.89045145e+02 -5.32259485e-01 
 3.98107171e+02  5.87162186e+00  3.98107171e+02 -5.42382771e-01 
 4.07380278e+02  5.81741038e+00  4.07380278e+02 -5.52615458e-01 
 4.16869383e+02  5.76136016e+00  4.16869383e+02 -5.62954394e-01 
 4.26579519e+02  5.70343361e+00  4.26579519e+02 -5.73396214e-01 
 4.36515832e+02  5.64359403e+00  4.36515832e+02 -5.83937339e-01 
 4.46683592e+02  5.58180571e+00  4.46683592e+02 -5.94573983e-01 
 4.57088190e+02  5.51803405e+00  4.57088190e+02 -6.05302151e-01 
 4.67735141e+02  5.45224569e+00  4.67735141e+02 -6.16117648e-01 
 4.78630092e+02  5.38440861e+00  4.78630092e+02 -6.27016079e-01 
 4.89778819e+02  5.31449225e+00  4.89778819e+02 -6.37992861e-01 
 5.01187234e+02  5.24246760e+00  5.01187234e+02 -6.49043226e-01 
 5.12861384e+02  5.16830732e+00  5.12861384e+02 -6.60162231e-01 
 5.24807460e+02  5.09198586e+00  5.24807460e+02 -6.71344767e-01 
 5.37031796e+02  5.01347952e+00  5.37031796e+02 -6.82585568e-01 
 5.49540874e+02  4.93276656e+00  5.49540874e+02 -6.93879224e-01 
 5.62341325e+02  4.84982732e+00  5.62341325e+02 -7.05220191e-01 
 5.75439937e+02  4.76464422e+00  5.75439937e+02 -7.16602805e-01 
 5.88843655e+02  4.67720191e+00  5.88843655e+02 -7.28021294e-01 
 6.02559586e+02  4.58748727e+00  6.02559586e+02 -7.39469795e-01 
 6.16595002e+02  4.49548954e+00  6.16595002e+02 -7.50942364e-01 
 6.30957344e+02  4.40120027e+00  6.30957344e+02 -7.62432995e-01 
 6.45654229e+02  4.30461343e+00  6.45654229e+02 -7.73935634e-01 
 6.60693448e+02  4.20572540e+00  6.60693448e+02 -7.85444195e-01 
 6.76082975e+02  4.10453501e+00  6.76082975e+02 -7.96952577e-01 
 6.91830971e+02  4.00104352e+00  6.91830971e+02 -8.08454676e-01 
 7.07945784e+02  3.89525461e+00  7.07945784e+02 -8.19944408e-01 
 7.24435960e+02  3.78717440e+00  7.24435960e+02 -8.31415721e-01 
 7.41310241e+02  3.67681140e+00  7.41310241e+02 -8.42862609e-01 
 7.58577575e+02  3.56417647e+00  7.58577575e+02 -8.54279131e-01 
 7.76247117e+02  3.44928278e+00  7.76247117e+02 -8.65659427e-01 
 7.94328235e+02  3.33214578e+00  7.94328235e+02 -8.76997725e-01 
 8.12830516e+02  3.21278308e+00  8.12830516e+02 -8.88288367e-01 
 8.31763771e+02  3.09121444e+00  8.31763771e+02 -8.99525812e-01 
 8.51138038e+02  2.96746166e+00  8.51138038e+02 -9.10704654e-01 
 8.70963590e+02  2.84154848e+00  8.70963590e+02 -9.21819630e-01 
 8.91250938e+02  2.71350053e+00  8.91250938e+02 -9.32865636e-01 
 9.12010839e+02  2.58334520e+00  9.12010839e+02 -9.43837735e-01 
 9.33254301e+02  2.45111153e+00  9.33254301e+02 -9.54731162e-01 
 9.54992586e+02  2.31683015e+00  9.54992586e+02 -9.65541340e-01 
 9.77237221e+02  2.18053312e+00  9.77237221e+02 -9.76263879e-01 
 1.00000000e+03  2.04225384e+00  1.00000000e+03 -9.86894589e-01 
 1.02329299e+03  1.90202694e+00  1.02329299e+03 -9.97429482e-01 
 1.04712855e+03  1.75988816e+00  1.04712855e+03 -1.00786477e+00 
 1.07151931e+03  1.61587423e+00  1.07151931e+03 -1.01819690e+00 
 1.09647820e+03  1.47002277e+00  1.09647820e+03 -1.02842248e+00 
 1.12201845e+03  1.32237215e+00  1.12201845e+03 -1.03853839e+00 
 1.14815362e+03  1.17296143e+00  1.14815362e+03 -1.04854169e+00 
 1.17489755e+03  1.02183018e+00  1.17489755e+03 -1.05842966e+00 
 1.20226443e+03  8.69018440e-01  1.20226443e+03 -1.06819980e+00 
 1.23026877e+03  7.14566576e-01  1.23026877e+03 -1.07784980e+00 
 1.25892541e+03  5.58515194e-01  1.25892541e+03 -1.08737758e+00 
 1.28824955e+03  4.00905045e-01  1.28824955e+03 -1.09678127e+00 
 1.31825674e+03  2.41776928e-01  1.31825674e+03 -1.10605917e+00 
 1.34896288e+03  8.11716098e-02  1.34896288e+03 -1.11520980e+00 
 1.38038426e+03 -8.08702601e-02  1.38038426e+03 -1.12423187e+00 
 1.41253754e+03 -2.44308228e-01  1.41253754e+03 -1.13312428e+00 
 1.44543977e+03 -4.09102108e-01  1.44543977e+03 -1.14188610e+00 
 1.47910839e+03 -5.75212047e-01  1.47910839e+03 -1.15051657e+00 
 1.51356125e+03 -7.42598592e-01  1.51356125e+03 -1.15901512e+00 
 1.54881662e+03 -9.11222744e-01  1.54881662e+03 -1.16738134e+00 
 1.58489319e+03 -1.08104601e+00  1.58489319e+03 -1.17561494e+00 
 1.62181010e+03 -1.25203046e+00  1.62181010e+03 -1.18371583e+00 
 1.65958691e+03 -1.42413875e+00  1.65958691e+03 -1.19168402e+00 
 1.69824365e+03 -1.59733419e+00  1.69824365e+03 -1.19951969e+00 
 1.73780083e+03 -1.77158075e+00  1.73780083e+03 -1.20722313e+00 
 1.77827941e+03 -1.94684310e+00  1.77827941e+03 -1.21479474e+00 
 1.81970086e+03 -2.12308666e+00  1.81970086e+03 -1.22223506e+00 
 1.86208714e+03 -2.30027758e+00  1.86208714e+03 -1.22954472e+00 
 1.90546072e+03 -2.47838277e+00  1.90546072e+03 -1.23672447e+00 
 1.94984460e+03 -2.65736996e+00  1.94984460e+03 -1.24377513e+00 
 1.99526231e+03 -2.83720763e+00  1.99526231e+03 -1.25069762e+00 
 2.04173794e+03 -3.01786511e+00  2.04173794e+03 -1.25749296e+00 
 2.08929613e+03 -3.19931250e+00  2.08929613e+03 -1.26416222e+00 
 2.13796209e+03 -3.38152073e+00  2.13796209e+03 -1.27070654e+00 
 2.18776162e+03 -3.56446155e+00  2.18776162e+03 -1.27712716e+00 
 2.23872114e+03 -3.74810752e+00  2.23872114e+03 -1.28342533e+00 
 2.29086765e+03 -3.93243200e+00  2.29086765e+03 -1.28960240e+00 
 2.34422882e+03 -4.11740914e+00  2.34422882e+03 -1.29565973e+00 
 2.39883292e+03 -4.30301393e+00  2.39883292e+03 -1.30159876e+00 
 2.45470892e+03 -4.48922210e+00  2.45470892e+03 -1.30742094e+00 
 2.51188643e+03 -4.67601018e+00  2.51188643e+03 -1.31312777e+00 
 2.57039578e+03 -4.86335546e+00  2.57039578e+03 -1.31872077e+00 
 2.63026799e+03 -5.05123598e+00  2.63026799e+03 -1.32420152e+00 
 2.69153480e+03 -5.23963053e+00  2.69153480e+03 -1.32957157e+00 
 2.75422870e+03 -5.42851861e+00  2.75422870e+03 -1.33483254e+00 
 2.81838293e+03 -5.61788045e+00  2.81838293e+03 -1.33998603e+00 
 2.88403150e+03 -5.80769695e+00  2.88403150e+03 -1.34503367e+00 
 2.95120923e+03 -5.99794970e+00  2.95120923e+03 -1.34997711e+00 
 3.01995172e+03 -6.18862097e+00  3.01995172e+03 -1.35481798e+00 
 3.09029543e+03 -6.37969364e+00  3.09029543e+03 -1.35955794e+00 
 3.16227766e+03 -6.57115125e+00  3.16227766e+03 -1.36419864e+00 
 3.23593657e+03 -6.76297794e+00  3.23593657e+03 -1.36874173e+00 
 3.31131121e+03 -6.95515843e+00  3.31131121e+03 -1.37318887e+00 
 3.38844156e+03 -7.14767805e+00  3.38844156e+03 -1.37754169e+00 
 3.46736850e+03 -7.34052266e+00  3.46736850e+03 -1.38180183e+00 
 3.54813389e+03 -7.53367868e+00  3.54813389e+03 -1.38597094e+00 
 3.63078055e+03 -7.72713306e+00  3.63078055e+03 -1.39005063e+00 
 3.71535229e+03 -7.92087324e+00  3.71535229e+03 -1.39404251e+00 
 3.80189396e+03 -8.11488717e+00  3.80189396e+03 -1.39794819e+00 
 3.89045145e+03 -8.30916327e+00  3.89045145e+03 -1.40176925e+00 
 3.98107171e+03 -8.50369043e+00  3.98107171e+03 -1.40550726e+00 
 4.07380278e+03 -8.69845798e+00  4.07380278e+03 -1.40916378e+00 
 4.16869383e+03 -8.89345568e+00  4.16869383e+03 -1.41274036e+00 
 4.26579519e+03 -9.08867370e+00  4.26579519e+03 -1.41623851e+00 
 4.36515832e+03 -9.28410261e+00  4.36515832e+03 -1.41965974e+00 
 4.46683592e+03 -9.47973339e+00  4.46683592e+03 -1.42300553e+00 
 4.57088190e+03 -9.67555735e+00  4.57088190e+03 -1.42627737e+00 
 4.67735141e+03 -9.87156620e+00  4.67735141e+03 -1.42947668e+00 
 4.78630092e+03 -1.00677520e+01  4.78630092e+03 -1.43260491e+00 
 4.89778819e+03 -1.02641070e+01  4.89778819e+03 -1.43566346e+00 
 5.01187234e+03 -1.04606241e+01  5.01187234e+03 -1.43865372e+00 
 5.12861384e+03 -1.06572961e+01  5.12861384e+03 -1.44157705e+00 
 5.24807460e+03 -1.08541164e+01  5.24807460e+03 -1.44443479e+00 
 5.37031796e+03 -1.10510785e+01  5.37031796e+03 -1.44722828e+00 
 5.49540874e+03 -1.12481763e+01  5.49540874e+03 -1.44995881e+00 
 5.62341325e+03 -1.14454039e+01  5.62341325e+03 -1.45262765e+00 
 5.75439937e+03 -1.16427557e+01  5.75439937e+03 -1.45523608e+00 
 5.88843655e+03 -1.18402262e+01  5.88843655e+03 -1.45778532e+00 
 6.02559586e+03 -1.20378104e+01  6.02559586e+03 -1.46027660e+00 
 6.16595002e+03 -1.22355032e+01  6.16595002e+03 -1.46271109e+00 
 6.30957344e+03 -1.24333000e+01  6.30957344e+03 -1.46508997e+00 
 6.45654229e+03 -1.26311962e+01  6.45654229e+03 -1.46741440e+00 
 6.60693448e+03 -1.28291875e+01  6.60693448e+03 -1.46968549e+00 
 6.76082975e+03 -1.30272698e+01  6.76082975e+03 -1.47190436e+00 
 6.91830971e+03 -1.32254391e+01  6.91830971e+03 -1.47407208e+00 
 7.07945784e+03 -1.34236917e+01  7.07945784e+03 -1.47618973e+00 
 7.24435960e+03 -1.36220239e+01  7.24435960e+03 -1.47825835e+00 
 7.41310241e+03 -1.38204324e+01  7.41310241e+03 -1.48027894e+00 
 7.58577575e+03 -1.40189137e+01  7.58577575e+03 -1.48225253e+00 
 7.76247117e+03 -1.42174648e+01  7.76247117e+03 -1.48418009e+00 
 7.94328235e+03 -1.44160826e+01  7.94328235e+03 -1.48606257e+00 
 8.12830516e+03 -1.46147644e+01  8.12830516e+03 -1.48790093e+00 
 8.31763771e+03 -1.48135072e+01  8.31763771e+03 -1.48969608e+00 
 8.51138038e+03 -1.50123086e+01  8.51138038e+03 -1.49144892e+00 
 8.70963590e+03 -1.52111661e+01  8.70963590e+03 -1.49316033e+00 
 8.91250938e+03 -1.54100772e+01  8.91250938e+03 -1.49483119e+00 
 9.12010839e+03 -1.56090397e+01  9.12010839e+03 -1.49646233e+00 
 9.33254301e+03 -1.58080514e+01  9.33254301e+03 -1.49805458e+00 
 9.54992586e+03 -1.60071102e+01  9.54992586e+03 -1.49960875e+00 
 9.77237221e+03 -1.62062143e+01  9.77237221e+03 -1.50112562e+00 
 1.00000000e+04 -1.64053617e+01  1.00000000e+04 -1.50260598e+00 
 1.02329299e+04 -1.66045506e+01  1.02329299e+04 -1.50405058e+00 
 1.04712855e+04 -1.68037793e+01  1.04712855e+04 -1.50546015e+00 
 1.07151931e+04 -1.70030463e+01  1.07151931e+04 -1.50683542e+00 
 1.09647820e+04 -1.72023499e+01  1.09647820e+04 -1.50817709e+00 
 1.12201845e+04 -1.74016888e+01  1.12201845e+04 -1.50948586e+00 
 1.14815362e+04 -1.76010615e+01  1.14815362e+04 -1.51076238e+00 
 1.17489755e+04 -1.78004667e+01  1.17489755e+04 -1.51200732e+00 
 1.20226443e+04 -1.79999032e+01  1.20226443e+04 -1.51322133e+00 
 1.23026877e+04 -1.81993698e+01  1.23026877e+04 -1.51440502e+00 
 1.25892541e+04 -1.83988653e+01  1.25892541e+04 -1.51555900e+00 
 1.28824955e+04 -1.85983888e+01  1.28824955e+04 -1.51668388e+00 
 1.31825674e+04 -1.87979391e+01  1.31825674e+04 -1.51778024e+00 
 1.34896288e+04 -1.89975154e+01  1.34896288e+04 -1.51884863e+00 
 1.38038426e+04 -1.91971168e+01  1.38038426e+04 -1.51988962e+00 
 1.41253754e+04 -1.93967424e+01  1.41253754e+04 -1.52090374e+00 
 1.44543977e+04 -1.95963914e+01  1.44543977e+04 -1.52189152e+00 
 1.47910839e+04 -1.97960632e+01  1.47910839e+04 -1.52285347e+00 
 1.51356125e+04 -1.99957569e+01  1.51356125e+04 -1.52379008e+00 
 1.54881662e+04 -2.01954720e+01  1.54881662e+04 -1.52470185e+00 
 1.58489319e+04 -2.03952078e+01  1.58489319e+04 -1.52558925e+00 
 1.62181010e+04 -2.05949638e+01  1.62181010e+04 -1.52645273e+00 
 1.65958691e+04 -2.07947395e+01  1.65958691e+04 -1.52729275e+00 
 1.69824365e+04 -2.09945344e+01  1.69824365e+04 -1.52810974e+00 
 1.73780083e+04 -2.11943481e+01  1.73780083e+04 -1.52890412e+00 
 1.77827941e+04 -2.13941801e+01  1.77827941e+04 -1.52967631e+00 
 1.81970086e+04 -2.15940302e+01  1.81970086e+04 -1.53042670e+00 
 1.86208714e+04 -2.17938980e+01  1.86208714e+04 -1.53115569e+00 
 1.90546072e+04 -2.19937831e+01  1.90546072e+04 -1.53186364e+00 
 1.94984460e+04 -2.21936855e+01  1.94984460e+04 -1.53255094e+00 
 1.99526231e+04 -2.23936048e+01  1.99526231e+04 -1.53321792e+00 
 2.04173794e+04 -2.25935408e+01  2.04173794e+04 -1.53386494e+00 
 2.08929613e+04 -2.27934935e+01  2.08929613e+04 -1.53449233e+00 
 2.13796209e+04 -2.29934628e+01  2.13796209e+04 -1.53510041e+00 
 2.18776162e+04 -2.31934485e+01  2.18776162e+04 -1.53568950e+00 
 2.23872114e+04 -2.33934506e+01  2.23872114e+04 -1.53625988e+00 
 2.29086765e+04 -2.35934692e+01  2.29086765e+04 -1.53681187e+00 
 2.34422882e+04 -2.37935042e+01  2.34422882e+04 -1.53734573e+00 
 2.39883292e+04 -2.39935557e+01  2.39883292e+04 -1.53786174e+00 
 2.45470892e+04 -2.41936239e+01  2.45470892e+04 -1.53836016e+00 
 2.51188643e+04 -2.43937088e+01  2.51188643e+04 -1.53884124e+00 
 2.57039578e+04 -2.45938106e+01  2.57039578e+04 -1.53930522e+00 
 2.63026799e+04 -2.47939295e+01  2.63026799e+04 -1.53975234e+00 
 2.69153480e+04 -2.49940658e+01  2.69153480e+04 -1.54018281e+00 
 2.75422870e+04 -2.51942197e+01  2.75422870e+04 -1.54059684e+00 
 2.81838293e+04 -2.53943916e+01  2.81838293e+04 -1.54099465e+00 
 2.88403150e+04 -2.55945817e+01  2.88403150e+04 -1.54137642e+00 
 2.95120923e+04 -2.57947905e+01  2.95120923e+04 -1.54174233e+00 
 3.01995172e+04 -2.59950183e+01  3.01995172e+04 -1.54209256e+00 
 3.09029543e+04 -2.61952657e+01  3.09029543e+04 -1.54242728e+00 
 3.16227766e+04 -2.63955331e+01  3.16227766e+04 -1.54274663e+00 
 3.23593657e+04 -2.65958210e+01  3.23593657e+04 -1.54305077e+00 
 3.31131121e+04 -2.67961301e+01  3.31131121e+04 -1.54333982e+00 
 3.38844156e+04 -2.69964609e+01  3.38844156e+04 -1.54361392e+00 
 3.46736850e+04 -2.71968141e+01  3.46736850e+04 -1.54387317e+00 
 3.54813389e+04 -2.73971904e+01  3.54813389e+04 -1.54411769e+00 
 3.63078055e+04 -2.75975906e+01  3.63078055e+04 -1.54434757e+00 
 3.71535229e+04 -2.77980154e+01  3.71535229e+04 -1.54456289e+00 
 3.80189396e+04 -2.79984656e+01  3.80189396e+04 -1.54476374e+00 
 3.89045145e+04 -2.81989422e+01  3.89045145e+04 -1.54495018e+00 
 3.98107171e+04 -2.83994461e+01  3.98107171e+04 -1.54512226e+00 
 4.07380278e+04 -2.85999783e+01  4.07380278e+04 -1.54528002e+00 
 4.16869383e+04 -2.88005397e+01  4.16869383e+04 -1.54542351e+00 
 4.26579519e+04 -2.90011316e+01  4.26579519e+04 -1.54555274e+00 
 4.36515832e+04 -2.92017550e+01  4.36515832e+04 -1.54566773e+00 
 4.46683592e+04 -2.94024111e+01  4.46683592e+04 -1.54576848e+00 
 4.57088190e+04 -2.96031013e+01  4.57088190e+04 -1.54585497e+00 
 4.67735141e+04 -2.98038267e+01  4.67735141e+04 -1.54592718e+00 
 4.78630092e+04 -3.00045888e+01  4.78630092e+04 -1.54598509e+00 
 4.89778819e+04 -3.02053891e+01  4.89778819e+04 -1.54602863e+00 
 5.01187234e+04 -3.04062290e+01  5.01187234e+04 -1.54605775e+00 
 5.12861384e+04 -3.06071102e+01  5.12861384e+04 -1.54607237e+00 
 5.24807460e+04 -3.08080342e+01  5.24807460e+04 -1.54607241e+00 
 5.37031796e+04 -3.10090027e+01  5.37031796e+04 -1.54605777e+00 
 5.49540874e+04 -3.12100177e+01  5.49540874e+04 -1.54602833e+00 
 5.62341325e+04 -3.14110808e+01  5.62341325e+04 -1.54598396e+00 
 5.75439937e+04 -3.16121940e+01  5.75439937e+04 -1.54592450e+00 
 5.88843655e+04 -3.18133595e+01  5.88843655e+04 -1.54584981e+00 
 6.02559586e+04 -3.20145791e+01  6.02559586e+04 -1.54575969e+00 
 6.16595002e+04 -3.22158551e+01  6.16595002e+04 -1.54565396e+00 
 6.30957344e+04 -3.24171898e+01  6.30957344e+04 -1.54553239e+00 
 6.45654229e+04 -3.26185854e+01  6.45654229e+04 -1.54539476e+00 
 6.60693448e+04 -3.28200445e+01  6.60693448e+04 -1.54524080e+00 
 6.76082975e+04 -3.30215694e+01  6.76082975e+04 -1.54507026e+00 
 6.91830971e+04 -3.32231627e+01  6.91830971e+04 -1.54488282e+00 
 7.07945784e+04 -3.34248272e+01  7.07945784e+04 -1.54467818e+00 
 7.24435960e+04 -3.36265656e+01  7.24435960e+04 -1.54445599e+00 
 7.41310241e+04 -3.38283807e+01  7.41310241e+04 -1.54421590e+00 
 7.58577575e+04 -3.40302755e+01  7.58577575e+04 -1.54395752e+00 
 7.76247117e+04 -3.42322529e+01  7.76247117e+04 -1.54368042e+00 
 7.94328235e+04 -3.44343161e+01  7.94328235e+04 -1.54338418e+00 
 8.12830516e+04 -3.46364683e+01  8.12830516e+04 -1.54306832e+00 
 8.31763771e+04 -3.48387127e+01  8.31763771e+04 -1.54273234e+00 
 8.51138038e+04 -3.50410528e+01  8.51138038e+04 -1.54237572e+00 
 8.70963590e+04 -3.52434918e+01  8.70963590e+04 -1.54199789e+00 
 8.91250938e+04 -3.54460335e+01  8.91250938e+04 -1.54159826e+00 
 9.12010839e+04 -3.56486812e+01  9.12010839e+04 -1.54117621e+00 
 9.33254301e+04 -3.58514388e+01  9.33254301e+04 -1.54073106e+00 
 9.54992586e+04 -3.60543099e+01  9.54992586e+04 -1.54026211e+00 
 9.77237221e+04 -3.62572984e+01  9.77237221e+04 -1.53976863e+00 
 1.00000000e+05 -3.64604080e+01  1.00000000e+05 -1.53924983e+00 
 1.02329299e+05 -3.66636426e+01  1.02329299e+05 -1.53870488e+00 
 1.04712855e+05 -3.68670063e+01  1.04712855e+05 -1.53813292e+00 
 1.07151931e+05 -3.70705029e+01  1.07151931e+05 -1.53753303e+00 
 1.09647820e+05 -3.72741365e+01  1.09647820e+05 -1.53690426e+00 
 1.12201845e+05 -3.74779110e+01  1.12201845e+05 -1.53624559e+00 
 1.14815362e+05 -3.76818304e+01  1.14815362e+05 -1.53555596e+00 
 1.17489755e+05 -3.78858988e+01  1.17489755e+05 -1.53483425e+00 
 1.20226443e+05 -3.80901200e+01  1.20226443e+05 -1.53407930e+00 
 1.23026877e+05 -3.82944981e+01  1.23026877e+05 -1.53328988e+00 
 1.25892541e+05 -3.84990368e+01  1.25892541e+05 -1.53246472e+00 
 1.28824955e+05 -3.87037399e+01  1.28824955e+05 -1.53160247e+00 
 1.31825674e+05 -3.89086111e+01  1.31825674e+05 -1.53070172e+00 
 1.34896288e+05 -3.91136540e+01  1.34896288e+05 -1.52976102e+00 
 1.38038426e+05 -3.93188720e+01  1.38038426e+05 -1.52877884e+00 
 1.41253754e+05 -3.95242684e+01  1.41253754e+05 -1.52775358e+00 
 1.44543977e+05 -3.97298461e+01  1.44543977e+05 -1.52668358e+00 
 1.47910839e+05 -3.99356082e+01  1.47910839e+05 -1.52556711e+00 
 1.51356125e+05 -4.01415571e+01  1.51356125e+05 -1.52440238e+00 
 1.54881662e+05 -4.03476952e+01  1.54881662e+05 -1.52318752e+00 
 1.58489319e+05 -4.05540246e+01  1.58489319e+05 -1.52192060e+00 
 1.62181010e+05 -4.07605469e+01  1.62181010e+05 -1.52059959e+00 
 1.65958691e+05 -4.09672634e+01  1.65958691e+05 -1.51922244e+00 
 1.69824365e+05 -4.11741752e+01  1.69824365e+05 -1.51778697e+00 
 1.73780083e+05 -4.13812826e+01  1.73780083e+05 -1.51629098e+00 
 1.77827941e+05 -4.15885857e+01  1.77827941e+05 -1.51473217e+00 
 1.81970086e+05 -4.17960840e+01  1.81970086e+05 -1.51310817e+00 
 1.86208714e+05 -4.20037763e+01  1.86208714e+05 -1.51141656e+00 
 1.90546072e+05 -4.22116612e+01  1.90546072e+05 -1.50965483e+00 
 1.94984460e+05 -4.24197362e+01  1.94984460e+05 -1.50782043e+00 
 1.99526231e+05 -4.26279986e+01  1.99526231e+05 -1.50591071e+00 
 2.04173794e+05 -4.28364446e+01  2.04173794e+05 -1.50392299e+00 
 2.08929613e+05 -4.30450699e+01  2.08929613e+05 -1.50185451e+00 
 2.13796209e+05 -4.32538694e+01  2.13796209e+05 -1.49970247e+00 
 2.18776162e+05 -4.34628372e+01  2.18776162e+05 -1.49746400e+00 
 2.23872114e+05 -4.36719664e+01  2.23872114e+05 -1.49513619e+00 
 2.29086765e+05 -4.38812496e+01  2.29086765e+05 -1.49271608e+00 
 2.34422882e+05 -4.40906781e+01  2.34422882e+05 -1.49020067e+00 
 2.39883292e+05 -4.43002426e+01  2.39883292e+05 -1.48758693e+00 
 2.45470892e+05 -4.45099327e+01  2.45470892e+05 -1.48487178e+00 
 2.51188643e+05 -4.47197370e+01  2.51188643e+05 -1.48205212e+00 
 2.57039578e+05 -4.49296432e+01  2.57039578e+05 -1.47912484e+00 
 2.63026799e+05 -4.51396381e+01  2.63026799e+05 -1.47608678e+00 
 2.69153480e+05 -4.53497073e+01  2.69153480e+05 -1.47293479e+00 
 2.75422870e+05 -4.55598357e+01  2.75422870e+05 -1.46966571e+00 
 2.81838293e+05 -4.57700068e+01  2.81838293e+05 -1.46627638e+00 
 2.88403150e+05 -4.59802034e+01  2.88403150e+05 -1.46276364e+00 
 2.95120923e+05 -4.61904071e+01  2.95120923e+05 -1.45912432e+00 
 3.01995172e+05 -4.64005988e+01  3.01995172e+05 -1.45535529e+00 
 3.09029543e+05 -4.66107581e+01  3.09029543e+05 -1.45145342e+00 
 3.16227766e+05 -4.68208639e+01  3.16227766e+05 -1.44741561e+00 
 3.23593657e+05 -4.70308939e+01  3.23593657e+05 -1.44323878e+00 
 3.31131121e+05 -4.72408252e+01  3.31131121e+05 -1.43891988e+00 
 3.38844156e+05 -4.74506338e+01  3.38844156e+05 -1.43445590e+00 
 3.46736850e+05 -4.76602949e+01  3.46736850e+05 -1.42984385e+00 
 3.54813389e+05 -4.78697827e+01  3.54813389e+05 -1.42508079e+00 
 3.63078055e+05 -4.80790710e+01  3.63078055e+05 -1.42016381e+00 
 3.71535229e+05 -4.82881323e+01  3.71535229e+05 -1.41509006e+00 
 3.80189396e+05 -4.84969389e+01  3.80189396e+05 -1.40985671e+00 
 3.89045145e+05 -4.87054619e+01  3.89045145e+05 -1.40446098e+00 
 3.98107171e+05 -4.89136719e+01  3.98107171e+05 -1.39890012e+00 
 4.07380278e+05 -4.91215390e+01  4.07380278e+05 -1.39317145e+00 
 4.16869383e+05 -4.93290324e+01  4.16869383e+05 -1.38727230e+00 
 4.26579519e+05 -4.95361207e+01  4.26579519e+05 -1.38120004e+00 
 4.36515832e+05 -4.97427721e+01  4.36515832e+05 -1.37495209e+00 
 4.46683592e+05 -4.99489539e+01  4.46683592e+05 -1.36852587e+00 
 4.57088190e+05 -5.01546329e+01  4.57088190e+05 -1.36191887e+00 
 4.67735141e+05 -5.03597754e+01  4.67735141e+05 -1.35512856e+00 
 4.78630092e+05 -5.05643469e+01  4.78630092e+05 -1.34815247e+00 
 4.89778819e+05 -5.07683124e+01  4.89778819e+05 -1.34098812e+00 
 5.01187234e+05 -5.09716361e+01  5.01187234e+05 -1.33363305e+00 
 5.12861384e+05 -5.11742817e+01  5.12861384e+05 -1.32608481e+00 
 5.24807460e+05 -5.13762119e+01  5.24807460e+05 -1.31834095e+00 
 5.37031796e+05 -5.15773887e+01  5.37031796e+05 -1.31039902e+00 
 5.49540874e+05 -5.17777734e+01  5.49540874e+05 -1.30225658e+00 
 5.62341325e+05 -5.19773263e+01  5.62341325e+05 -1.29391118e+00 
 5.75439937e+05 -5.21760065e+01  5.75439937e+05 -1.28536035e+00 
 5.88843655e+05 -5.23737722e+01  5.88843655e+05 -1.27660163e+00 
 6.02559586e+05 -5.25705806e+01  6.02559586e+05 -1.26763253e+00 
 6.16595002e+05 -5.27663873e+01  6.16595002e+05 -1.25845058e+00 
 6.30957344e+05 -5.29611467e+01  6.30957344e+05 -1.24905326e+00 
 6.45654229e+05 -5.31548117e+01  6.45654229e+05 -1.23943809e+00 
 6.60693448e+05 -5.33473336e+01  6.60693448e+05 -1.22960255e+00 
 6.76082975e+05 -5.35386620e+01  6.76082975e+05 -1.21954414e+00 
 6.91830971e+05 -5.37287444e+01  6.91830971e+05 -1.20926038e+00 
 7.07945784e+05 -5.39175265e+01  7.07945784e+05 -1.19874878e+00 
 7.24435960e+05 -5.41049519e+01  7.24435960e+05 -1.18800691e+00 
 7.41310241e+05 -5.42909617e+01  7.41310241e+05 -1.17703235e+00 
 7.58577575e+05 -5.44754947e+01  7.58577575e+05 -1.16582275e+00 
 7.76247117e+05 -5.46584872e+01  7.76247117e+05 -1.15437582e+00 
 7.94328235e+05 -5.48398726e+01  7.94328235e+05 -1.14268936e+00 
 8.12830516e+05 -5.50195815e+01  8.12830516e+05 -1.13076129e+00 
 8.31763771e+05 -5.51975415e+01  8.31763771e+05 -1.11858965e+00 
 8.51138038e+05 -5.53736771e+01  8.51138038e+05 -1.10617263e+00 
 8.70963590e+05 -5.55479097e+01  8.70963590e+05 -1.09350862e+00 
 8.91250938e+05 -5.57201570e+01  8.91250938e+05 -1.08059621e+00 
 9.12010839e+05 -5.58903335e+01  9.12010839e+05 -1.06743425e+00 
 9.33254301e+05 -5.60583502e+01  9.33254301e+05 -1.05402187e+00 
 9.54992586e+05 -5.62241145e+01  9.54992586e+05 -1.04035853e+00 
 9.77237221e+05 -5.63875300e+01  9.77237221e+05 -1.02644404e+00 
 1.00000000e+06 -5.65484970e+01  1.00000000e+06 -1.01227865e+00 
 1.02329299e+06 -5.67069119e+01  1.02329299e+06 -9.97863036e-01 
 1.04712855e+06 -5.68626680e+01  1.04712855e+06 -9.83198399e-01 
 1.07151931e+06 -5.70156546e+01  1.07151931e+06 -9.68286491e-01 
 1.09647820e+06 -5.71657583e+01  1.09647820e+06 -9.53129673e-01 
 1.12201845e+06 -5.73128621e+01  1.12201845e+06 -9.37730971e-01 
 1.14815362e+06 -5.74568465e+01  1.14815362e+06 -9.22094130e-01 
 1.17489755e+06 -5.75975892e+01  1.17489755e+06 -9.06223671e-01 
 1.20226443e+06 -5.77349658e+01  1.20226443e+06 -8.90124941e-01 
 1.23026877e+06 -5.78688499e+01  1.23026877e+06 -8.73804173e-01 
 1.25892541e+06 -5.79991139e+01  1.25892541e+06 -8.57268534e-01 
 1.28824955e+06 -5.81256294e+01  1.28824955e+06 -8.40526179e-01 
 1.31825674e+06 -5.82482676e+01  1.31825674e+06 -8.23586291e-01 
 1.34896288e+06 -5.83669002e+01  1.34896288e+06 -8.06459129e-01 
 1.38038426e+06 -5.84814000e+01  1.38038426e+06 -7.89156060e-01 
 1.41253754e+06 -5.85916416e+01  1.41253754e+06 -7.71689589e-01 
 1.44543977e+06 -5.86975026e+01  1.44543977e+06 -7.54073383e-01 
 1.47910839e+06 -5.87988640e+01  1.47910839e+06 -7.36322278e-01 
 1.51356125e+06 -5.88956113e+01  1.51356125e+06 -7.18452289e-01 
 1.54881662e+06 -5.89876354e+01  1.54881662e+06 -7.00480598e-01 
 1.58489319e+06 -5.90748339e+01  1.58489319e+06 -6.82425535e-01 
 1.62181010e+06 -5.91571116e+01  1.62181010e+06 -6.64306550e-01 
 1.65958691e+06 -5.92343815e+01  1.65958691e+06 -6.46144166e-01 
 1.69824365e+06 -5.93065663e+01  1.69824365e+06 -6.27959923e-01 
 1.73780083e+06 -5.93735986e+01  1.73780083e+06 -6.09776308e-01 
 1.77827941e+06 -5.94354223e+01  1.77827941e+06 -5.91616677e-01 
 1.81970086e+06 -5.94919932e+01  1.81970086e+06 -5.73505154e-01 
 1.86208714e+06 -5.95432795e+01  1.86208714e+06 -5.55466535e-01 
 1.90546072e+06 -5.95892630e+01  1.90546072e+06 -5.37526161e-01 
 1.94984460e+06 -5.96299391e+01  1.94984460e+06 -5.19709806e-01 
 1.99526231e+06 -5.96653175e+01  1.99526231e+06 -5.02043534e-01 
 2.04173794e+06 -5.96954223e+01  2.04173794e+06 -4.84553569e-01 
 2.08929613e+06 -5.97202925e+01  2.08929613e+06 -4.67266154e-01 
 2.13796209e+06 -5.97399816e+01  2.13796209e+06 -4.50207402e-01 
 2.18776162e+06 -5.97545579e+01  2.18776162e+06 -4.33403159e-01 
 2.23872114e+06 -5.97641038e+01  2.23872114e+06 -4.16878861e-01 
 2.29086765e+06 -5.97687160e+01  2.29086765e+06 -4.00659400e-01 
 2.34422882e+06 -5.97685046e+01  2.34422882e+06 -3.84768990e-01 
 2.39883292e+06 -5.97635926e+01  2.39883292e+06 -3.69231050e-01 
 2.45470892e+06 -5.97541154e+01  2.45470892e+06 -3.54068083e-01 
 2.51188643e+06 -5.97402197e+01  2.51188643e+06 -3.39301582e-01 
 2.57039578e+06 -5.97220629e+01  2.57039578e+06 -3.24951930e-01 
 2.63026799e+06 -5.96998120e+01  2.63026799e+06 -3.11038327e-01 
 2.69153480e+06 -5.96736426e+01  2.69153480e+06 -2.97578718e-01 
 2.75422870e+06 -5.96437384e+01  2.75422870e+06 -2.84589743e-01 
 2.81838293e+06 -5.96102893e+01  2.81838293e+06 -2.72086691e-01 
 2.88403150e+06 -5.95734913e+01  2.88403150e+06 -2.60083475e-01 
 2.95120923e+06 -5.95335449e+01  2.95120923e+06 -2.48592612e-01 
 3.01995172e+06 -5.94906542e+01  3.01995172e+06 -2.37625216e-01 
 3.09029543e+06 -5.94450261e+01  3.09029543e+06 -2.27191005e-01 
 3.16227766e+06 -5.93968695e+01  3.16227766e+06 -2.17298313e-01 
 3.23593657e+06 -5.93463939e+01  3.23593657e+06 -2.07954114e-01 
 3.31131121e+06 -5.92938092e+01  3.31131121e+06 -1.99164051e-01 
 3.38844156e+06 -5.92393245e+01  3.38844156e+06 -1.90932470e-01 
 3.46736850e+06 -5.91831477e+01  3.46736850e+06 -1.83262469e-01 
 3.54813389e+06 -5.91254844e+01  3.54813389e+06 -1.76155938e-01 
 3.63078055e+06 -5.90665380e+01  3.63078055e+06 -1.69613613e-01 
 3.71535229e+06 -5.90065085e+01  3.71535229e+06 -1.63635131e-01 
 3.80189396e+06 -5.89455924e+01  3.80189396e+06 -1.58219081e-01 
 3.89045145e+06 -5.88839822e+01  3.89045145e+06 -1.53363066e-01 
 3.98107171e+06 -5.88218660e+01  3.98107171e+06 -1.49063756e-01 
 4.07380278e+06 -5.87594272e+01  4.07380278e+06 -1.45316950e-01 
 4.16869383e+06 -5.86968443e+01  4.16869383e+06 -1.42117631e-01 
 4.26579519e+06 -5.86342906e+01  4.26579519e+06 -1.39460024e-01 
 4.36515832e+06 -5.85719341e+01  4.36515832e+06 -1.37337651e-01 
 4.46683592e+06 -5.85099374e+01  4.46683592e+06 -1.35743385e-01 
 4.57088190e+06 -5.84484573e+01  4.57088190e+06 -1.34669505e-01 
 4.67735141e+06 -5.83876452e+01  4.67735141e+06 -1.34107744e-01 
 4.78630092e+06 -5.83276466e+01  4.78630092e+06 -1.34049342e-01 
 4.89778819e+06 -5.82686015e+01  4.89778819e+06 -1.34485090e-01 
 5.01187234e+06 -5.82106440e+01  5.01187234e+06 -1.35405375e-01 
 5.12861384e+06 -5.81539026e+01  5.12861384e+06 -1.36800226e-01 
 5.24807460e+06 -5.80985003e+01  5.24807460e+06 -1.38659351e-01 
 5.37031796e+06 -5.80445544e+01  5.37031796e+06 -1.40972180e-01 
 5.49540874e+06 -5.79921768e+01  5.49540874e+06 -1.43727896e-01 
 5.62341325e+06 -5.79414740e+01  5.62341325e+06 -1.46915473e-01 
 5.75439937e+06 -5.78925472e+01  5.75439937e+06 -1.50523710e-01 
 5.88843655e+06 -5.78454926e+01  5.88843655e+06 -1.54541254e-01 
 6.02559586e+06 -5.78004011e+01  6.02559586e+06 -1.58956635e-01 
 6.16595002e+06 -5.77573590e+01  6.16595002e+06 -1.63758289e-01 
 6.30957344e+06 -5.77164476e+01  6.30957344e+06 -1.68934579e-01 
 6.45654229e+06 -5.76777437e+01  6.45654229e+06 -1.74473824e-01 
 6.60693448e+06 -5.76413196e+01  6.60693448e+06 -1.80364310e-01 
 6.76082975e+06 -5.76072432e+01  6.76082975e+06 -1.86594316e-01 
 6.91830971e+06 -5.75755785e+01  6.91830971e+06 -1.93152125e-01 
 7.07945784e+06 -5.75463850e+01  7.07945784e+06 -2.00026039e-01 
 7.24435960e+06 -5.75197188e+01  7.24435960e+06 -2.07204395e-01 
 7.41310241e+06 -5.74956318e+01  7.41310241e+06 -2.14675572e-01 
 7.58577575e+06 -5.74741726e+01  7.58577575e+06 -2.22428003e-01 
 7.76247117e+06 -5.74553863e+01  7.76247117e+06 -2.30450183e-01 
 7.94328235e+06 -5.74393146e+01  7.94328235e+06 -2.38730672e-01 
 8.12830516e+06 -5.74259959e+01  8.12830516e+06 -2.47258107e-01 
 8.31763771e+06 -5.74154657e+01  8.31763771e+06 -2.56021200e-01 
 8.51138038e+06 -5.74077564e+01  8.51138038e+06 -2.65008744e-01 
 8.70963590e+06 -5.74028975e+01  8.70963590e+06 -2.74209615e-01 
 8.91250938e+06 -5.74009158e+01  8.91250938e+06 -2.83612774e-01 
 9.12010839e+06 -5.74018354e+01  9.12010839e+06 -2.93207264e-01 
 9.33254301e+06 -5.74056776e+01  9.33254301e+06 -3.02982215e-01 
 9.54992586e+06 -5.74124615e+01  9.54992586e+06 -3.12926842e-01 
 9.77237221e+06 -5.74222034e+01  9.77237221e+06 -3.23030439e-01 
 1.00000000e+07 -5.74349174e+01  1.00000000e+07 -3.33282388e-01 
 1.02329299e+07 -5.74506150e+01  1.02329299e+07 -3.43672148e-01 
 1.04712855e+07 -5.74693054e+01  1.04712855e+07 -3.54189261e-01 
 1.07151931e+07 -5.74909957e+01  1.07151931e+07 -3.64823347e-01 
 1.09647820e+07 -5.75156903e+01  1.09647820e+07 -3.75564106e-01 
 1.12201845e+07 -5.75433916e+01  1.12201845e+07 -3.86401313e-01 
 1.14815362e+07 -5.75740996e+01  1.14815362e+07 -3.97324826e-01 
 1.17489755e+07 -5.76078120e+01  1.17489755e+07 -4.08324580e-01 
 1.20226443e+07 -5.76445243e+01  1.20226443e+07 -4.19390591e-01 
 1.23026877e+07 -5.76842294e+01  1.23026877e+07 -4.30512956e-01 
 1.25892541e+07 -5.77269182e+01  1.25892541e+07 -4.41681859e-01 
 1.28824955e+07 -5.77725790e+01  1.28824955e+07 -4.52887573e-01 
 1.31825674e+07 -5.78211981e+01  1.31825674e+07 -4.64120462e-01 
 1.34896288e+07 -5.78727589e+01  1.34896288e+07 -4.75370989e-01 
 1.38038426e+07 -5.79272429e+01  1.38038426e+07 -4.86629722e-01 
 1.41253754e+07 -5.79846289e+01  1.41253754e+07 -4.97887337e-01 
 1.44543977e+07 -5.80448932e+01  1.44543977e+07 -5.09134631e-01 
 1.47910839e+07 -5.81080100e+01  1.47910839e+07 -5.20362524e-01 
 1.51356125e+07 -5.81739508e+01  1.51356125e+07 -5.31562074e-01 
 1.54881662e+07 -5.82426846e+01  1.54881662e+07 -5.42724482e-01 
 1.58489319e+07 -5.83141781e+01  1.58489319e+07 -5.53841103e-01 
 1.62181010e+07 -5.83883956e+01  1.62181010e+07 -5.64903461e-01 
 1.65958691e+07 -5.84652988e+01  1.65958691e+07 -5.75903252e-01 
 1.69824365e+07 -5.85448470e+01  1.69824365e+07 -5.86832362e-01 
 1.73780083e+07 -5.86269974e+01  1.73780083e+07 -5.97682879e-01 
 1.77827941e+07 -5.87117045e+01  1.77827941e+07 -6.08447097e-01 
 1.81970086e+07 -5.87989208e+01  1.81970086e+07 -6.19117539e-01 
 1.86208714e+07 -5.88885964e+01  1.86208714e+07 -6.29686960e-01 
 1.90546072e+07 -5.89806792e+01  1.90546072e+07 -6.40148365e-01 
 1.94984460e+07 -5.90751151e+01  1.94984460e+07 -6.50495016e-01 
 1.99526231e+07 -5.91718479e+01  1.99526231e+07 -6.60720446e-01 
 2.04173794e+07 -5.92708195e+01  2.04173794e+07 -6.70818472e-01 
 2.08929613e+07 -5.93719698e+01  2.08929613e+07 -6.80783201e-01 
 2.13796209e+07 -5.94752370e+01  2.13796209e+07 -6.90609046e-01 
 2.18776162e+07 -5.95805577e+01  2.18776162e+07 -7.00290729e-01 
 2.23872114e+07 -5.96878670e+01  2.23872114e+07 -7.09823297e-01 
 2.29086765e+07 -5.97970983e+01  2.29086765e+07 -7.19202128e-01 
 2.34422882e+07 -5.99081838e+01  2.34422882e+07 -7.28422936e-01 
 2.39883292e+07 -6.00210547e+01  2.39883292e+07 -7.37481784e-01 
 2.45470892e+07 -6.01356408e+01  2.45470892e+07 -7.46375086e-01 
 2.51188643e+07 -6.02518711e+01  2.51188643e+07 -7.55099615e-01 
 2.57039578e+07 -6.03696739e+01  2.57039578e+07 -7.63652507e-01 
 2.63026799e+07 -6.04889767e+01  2.63026799e+07 -7.72031267e-01 
 2.69153480e+07 -6.06097065e+01  2.69153480e+07 -7.80233771e-01 
 2.75422870e+07 -6.07317899e+01  2.75422870e+07 -7.88258269e-01 
 2.81838293e+07 -6.08551532e+01  2.81838293e+07 -7.96103388e-01 
 2.88403150e+07 -6.09797229e+01  2.88403150e+07 -8.03768132e-01 
 2.95120923e+07 -6.11054251e+01  2.95120923e+07 -8.11251884e-01 
 3.01995172e+07 -6.12321864e+01  3.01995172e+07 -8.18554403e-01 
 3.09029543e+07 -6.13599337e+01  3.09029543e+07 -8.25675828e-01 
 3.16227766e+07 -6.14885943e+01  3.16227766e+07 -8.32616670e-01 
 3.23593657e+07 -6.16180962e+01  3.23593657e+07 -8.39377813e-01 
 3.31131121e+07 -6.17483682e+01  3.31131121e+07 -8.45960511e-01 
 3.38844156e+07 -6.18793401e+01  3.38844156e+07 -8.52366383e-01 
 3.46736850e+07 -6.20109425e+01  3.46736850e+07 -8.58597406e-01 
 3.54813389e+07 -6.21431075e+01  3.54813389e+07 -8.64655913e-01 
 3.63078055e+07 -6.22757686e+01  3.63078055e+07 -8.70544585e-01 
 3.71535229e+07 -6.24088605e+01  3.71535229e+07 -8.76266441e-01 
 3.80189396e+07 -6.25423200e+01  3.80189396e+07 -8.81824835e-01 
 3.89045145e+07 -6.26760853e+01  3.89045145e+07 -8.87223443e-01 
 3.98107171e+07 -6.28100967e+01  3.98107171e+07 -8.92466253e-01 
 4.07380278e+07 -6.29442967e+01  4.07380278e+07 -8.97557558e-01 
 4.16869383e+07 -6.30786299e+01  4.16869383e+07 -9.02501939e-01 
 4.26579519e+07 -6.32130431e+01  4.26579519e+07 -9.07304257e-01 
 4.36515832e+07 -6.33474858e+01  4.36515832e+07 -9.11969638e-01 
 4.46683592e+07 -6.34819099e+01  4.46683592e+07 -9.16503456e-01 
 4.57088190e+07 -6.36162701e+01  4.57088190e+07 -9.20911323e-01 
 4.67735141e+07 -6.37505240e+01  4.67735141e+07 -9.25199066e-01 
 4.78630092e+07 -6.38846319e+01  4.78630092e+07 -9.29372715e-01 
 4.89778819e+07 -6.40185572e+01  4.89778819e+07 -9.33438483e-01 
 5.01187234e+07 -6.41522666e+01  5.01187234e+07 -9.37402747e-01 
 5.12861384e+07 -6.42857297e+01  5.12861384e+07 -9.41272027e-01 
 5.24807460e+07 -6.44189195e+01  5.24807460e+07 -9.45052967e-01 
 5.37031796e+07 -6.45518124e+01  5.37031796e+07 -9.48752311e-01 
 5.49540874e+07 -6.46843880e+01  5.49540874e+07 -9.52376886e-01 
 5.62341325e+07 -6.48166294e+01  5.62341325e+07 -9.55933569e-01 
 5.75439937e+07 -6.49485232e+01  5.75439937e+07 -9.59429277e-01 
 5.88843655e+07 -6.50800594e+01  5.88843655e+07 -9.62870929e-01 
 6.02559586e+07 -6.52112314e+01  6.02559586e+07 -9.66265434e-01 
 6.16595002e+07 -6.53420361e+01  6.16595002e+07 -9.69619657e-01 
 6.30957344e+07 -6.54724738e+01  6.30957344e+07 -9.72940400e-01 
 6.45654229e+07 -6.56025481e+01  6.45654229e+07 -9.76234374e-01 
 6.60693448e+07 -6.57322662e+01  6.60693448e+07 -9.79508178e-01 
 6.76082975e+07 -6.58616381e+01  6.76082975e+07 -9.82768269e-01 
 6.91830971e+07 -6.59906774e+01  6.91830971e+07 -9.86020945e-01 
 7.07945784e+07 -6.61194003e+01  7.07945784e+07 -9.89272316e-01 
 7.24435960e+07 -6.62478262e+01  7.24435960e+07 -9.92528283e-01 
 7.41310241e+07 -6.63759773e+01  7.41310241e+07 -9.95794517e-01 
 7.58577575e+07 -6.65038782e+01  7.58577575e+07 -9.99076441e-01 
 7.76247117e+07 -6.66315563e+01  7.76247117e+07 -1.00237920e+00 
 7.94328235e+07 -6.67590410e+01  7.94328235e+07 -1.00570767e+00 
 8.12830516e+07 -6.68863640e+01  8.12830516e+07 -1.00906639e+00 
 8.31763771e+07 -6.70135588e+01  8.31763771e+07 -1.01245961e+00 
 8.51138038e+07 -6.71406605e+01  8.51138038e+07 -1.01589123e+00 
 8.70963590e+07 -6.72677061e+01  8.70963590e+07 -1.01936480e+00 
 8.91250938e+07 -6.73947332e+01  8.91250938e+07 -1.02288354e+00 
 9.12010839e+07 -6.75217810e+01  9.12010839e+07 -1.02645028e+00 
 9.33254301e+07 -6.76488891e+01  9.33254301e+07 -1.03006750e+00 
 9.54992586e+07 -6.77760979e+01  9.54992586e+07 -1.03373729e+00 
 9.77237221e+07 -6.79034477e+01  9.77237221e+07 -1.03746140e+00 
 1.00000000e+08 -6.80309794e+01  1.00000000e+08 -1.04124118e+00 
