 1.00000000e-03 -1.12107463e-01  1.00000000e-03 -2.54616355e-08 
 1.02329299e-03 -1.12135392e-01  1.02329299e-03 -2.60545743e-08 
 1.04712855e-03 -1.12164638e-01  1.04712855e-03 -2.66613144e-08 
 1.07151931e-03 -1.12195263e-01  1.07151931e-03 -2.72821767e-08 
 1.09647820e-03 -1.12227331e-01  1.09647820e-03 -2.79174893e-08 
 1.12201845e-03 -1.12260910e-01  1.12201845e-03 -2.85675880e-08 
 1.14815362e-03 -1.12296072e-01  1.14815362e-03 -2.92328164e-08 
 1.17489755e-03 -1.12332891e-01  1.17489755e-03 -2.99135259e-08 
 1.20226443e-03 -1.12371446e-01  1.20226443e-03 -3.06100761e-08 
 1.23026877e-03 -1.12411817e-01  1.23026877e-03 -3.13228350e-08 
 1.25892541e-03 -1.12454092e-01  1.25892541e-03 -3.20521789e-08 
 1.28824955e-03 -1.12498359e-01  1.28824955e-03 -3.27984928e-08 
 1.31825674e-03 -1.12544713e-01  1.31825674e-03 -3.35621709e-08 
 1.34896288e-03 -1.12593252e-01  1.34896288e-03 -3.43436160e-08 
 1.38038426e-03 -1.12644078e-01  1.38038426e-03 -3.51432406e-08 
 1.41253754e-03 -1.12697301e-01  1.41253754e-03 -3.59614664e-08 
 1.44543977e-03 -1.12753032e-01  1.44543977e-03 -3.67987250e-08 
 1.47910839e-03 -1.12811389e-01  1.47910839e-03 -3.76554579e-08 
 1.51356125e-03 -1.12872498e-01  1.51356125e-03 -3.85321166e-08 
 1.54881662e-03 -1.12936487e-01  1.54881662e-03 -3.94291632e-08 
 1.58489319e-03 -1.13003492e-01  1.58489319e-03 -4.03470703e-08 
 1.62181010e-03 -1.13073656e-01  1.62181010e-03 -4.12863212e-08 
 1.65958691e-03 -1.13147127e-01  1.65958691e-03 -4.22474105e-08 
 1.69824365e-03 -1.13224061e-01  1.69824365e-03 -4.32308441e-08 
 1.73780083e-03 -1.13304622e-01  1.73780083e-03 -4.42371394e-08 
 1.77827941e-03 -1.13388981e-01  1.77827941e-03 -4.52668257e-08 
 1.81970086e-03 -1.13477316e-01  1.81970086e-03 -4.63204443e-08 
 1.86208714e-03 -1.13569815e-01  1.86208714e-03 -4.73985489e-08 
 1.90546072e-03 -1.13666675e-01  1.90546072e-03 -4.85017060e-08 
 1.94984460e-03 -1.13768100e-01  1.94984460e-03 -4.96304947e-08 
 1.99526231e-03 -1.13874308e-01  1.99526231e-03 -5.07855076e-08 
 2.04173794e-03 -1.13985522e-01  2.04173794e-03 -5.19673505e-08 
 2.08929613e-03 -1.14101979e-01  2.08929613e-03 -5.31766431e-08 
 2.13796209e-03 -1.14223926e-01  2.13796209e-03 -5.44140192e-08 
 2.18776162e-03 -1.14351622e-01  2.18776162e-03 -5.56801269e-08 
 2.23872114e-03 -1.14485339e-01  2.23872114e-03 -5.69756289e-08 
 2.29086765e-03 -1.14625359e-01  2.29086765e-03 -5.83012030e-08 
 2.34422882e-03 -1.14771982e-01  2.34422882e-03 -5.96575422e-08 
 2.39883292e-03 -1.14925517e-01  2.39883292e-03 -6.10453551e-08 
 2.45470892e-03 -1.15086291e-01  2.45470892e-03 -6.24653663e-08 
 2.51188643e-03 -1.15254645e-01  2.51188643e-03 -6.39183167e-08 
 2.57039578e-03 -1.15430938e-01  2.57039578e-03 -6.54049636e-08 
 2.63026799e-03 -1.15615543e-01  2.63026799e-03 -6.69260815e-08 
 2.69153480e-03 -1.15808852e-01  2.69153480e-03 -6.84824621e-08 
 2.75422870e-03 -1.16011277e-01  2.75422870e-03 -7.00749146e-08 
 2.81838293e-03 -1.16223247e-01  2.81838293e-03 -7.17042663e-08 
 2.88403150e-03 -1.16445213e-01  2.88403150e-03 -7.33713629e-08 
 2.95120923e-03 -1.16677646e-01  2.95120923e-03 -7.50770686e-08 
 3.01995172e-03 -1.16921040e-01  3.01995172e-03 -7.68222670e-08 
 3.09029543e-03 -1.17175913e-01  3.09029543e-03 -7.86078609e-08 
 3.16227766e-03 -1.17442806e-01  3.16227766e-03 -8.04347728e-08 
 3.23593657e-03 -1.17722287e-01  3.23593657e-03 -8.23039458e-08 
 3.31131121e-03 -1.18014949e-01  3.31131121e-03 -8.42163431e-08 
 3.38844156e-03 -1.18321415e-01  3.38844156e-03 -8.61729491e-08 
 3.46736850e-03 -1.18642337e-01  3.46736850e-03 -8.81747695e-08 
 3.54813389e-03 -1.18978396e-01  3.54813389e-03 -9.02228317e-08 
 3.63078055e-03 -1.19330309e-01  3.63078055e-03 -9.23181850e-08 
 3.71535229e-03 -1.19698822e-01  3.71535229e-03 -9.44619015e-08 
 3.80189396e-03 -1.20084721e-01  3.80189396e-03 -9.66550759e-08 
 3.89045145e-03 -1.20488825e-01  3.89045145e-03 -9.88988261e-08 
 3.98107171e-03 -1.20911996e-01  3.98107171e-03 -1.01194294e-07 
 4.07380278e-03 -1.21355134e-01  4.07380278e-03 -1.03542645e-07 
 4.16869383e-03 -1.21819181e-01  4.16869383e-03 -1.05945068e-07 
 4.26579519e-03 -1.22305127e-01  4.26579519e-03 -1.08402780e-07 
 4.36515832e-03 -1.22814005e-01  4.36515832e-03 -1.10917019e-07 
 4.46683592e-03 -1.23346899e-01  4.46683592e-03 -1.13489050e-07 
 4.57088190e-03 -1.23904944e-01  4.57088190e-03 -1.16120165e-07 
 4.67735141e-03 -1.24489330e-01  4.67735141e-03 -1.18811681e-07 
 4.78630092e-03 -1.25101302e-01  4.78630092e-03 -1.21564940e-07 
 4.89778819e-03 -1.25742163e-01  4.89778819e-03 -1.24381315e-07 
 5.01187234e-03 -1.26413281e-01  5.01187234e-03 -1.27262201e-07 
 5.12861384e-03 -1.27116086e-01  5.12861384e-03 -1.30209023e-07 
 5.24807460e-03 -1.27852078e-01  5.24807460e-03 -1.33223234e-07 
 5.37031796e-03 -1.28622826e-01  5.37031796e-03 -1.36306314e-07 
 5.49540874e-03 -1.29429975e-01  5.49540874e-03 -1.39459772e-07 
 5.62341325e-03 -1.30275249e-01  5.62341325e-03 -1.42685143e-07 
 5.75439937e-03 -1.31160452e-01  5.75439937e-03 -1.45983992e-07 
 5.88843655e-03 -1.32087475e-01  5.88843655e-03 -1.49357913e-07 
 6.02559586e-03 -1.33058299e-01  6.02559586e-03 -1.52808529e-07 
 6.16595002e-03 -1.34074999e-01  6.16595002e-03 -1.56337489e-07 
 6.30957344e-03 -1.35139749e-01  6.30957344e-03 -1.59946474e-07 
 6.45654229e-03 -1.36254827e-01  6.45654229e-03 -1.63637191e-07 
 6.60693448e-03 -1.37422617e-01  6.60693448e-03 -1.67411379e-07 
 6.76082975e-03 -1.38645621e-01  6.76082975e-03 -1.71270802e-07 
 6.91830971e-03 -1.39926458e-01  6.91830971e-03 -1.75217254e-07 
 7.07945784e-03 -1.41267872e-01  7.07945784e-03 -1.79252557e-07 
 7.24435960e-03 -1.42672739e-01  7.24435960e-03 -1.83378560e-07 
 7.41310241e-03 -1.44144071e-01  7.41310241e-03 -1.87597141e-07 
 7.58577575e-03 -1.45685026e-01  7.58577575e-03 -1.91910204e-07 
 7.76247117e-03 -1.47298913e-01  7.76247117e-03 -1.96319677e-07 
 7.94328235e-03 -1.48989198e-01  7.94328235e-03 -2.00827518e-07 
 8.12830516e-03 -1.50759514e-01  8.12830516e-03 -2.05435706e-07 
 8.31763771e-03 -1.52613670e-01  8.31763771e-03 -2.10146245e-07 
 8.51138038e-03 -1.54555657e-01  8.51138038e-03 -2.14961163e-07 
 8.70963590e-03 -1.56589656e-01  8.70963590e-03 -2.19882508e-07 
 8.91250938e-03 -1.58720052e-01  8.91250938e-03 -2.24912348e-07 
 9.12010839e-03 -1.60951440e-01  9.12010839e-03 -2.30052773e-07 
 9.33254301e-03 -1.63288637e-01  9.33254301e-03 -2.35305887e-07 
 9.54992586e-03 -1.65736692e-01  9.54992586e-03 -2.40673809e-07 
 9.77237221e-03 -1.68300899e-01  9.77237221e-03 -2.46158674e-07 
 1.00000000e-02 -1.70986807e-01  1.00000000e-02 -2.51762625e-07 
 1.02329299e-02 -1.73800235e-01  1.02329299e-02 -2.57487815e-07 
 1.04712855e-02 -1.76747284e-01  1.04712855e-02 -2.63336403e-07 
 1.07151931e-02 -1.79834351e-01  1.07151931e-02 -2.69310549e-07 
 1.09647820e-02 -1.83068145e-01  1.09647820e-02 -2.75412413e-07 
 1.12201845e-02 -1.86455701e-01  1.12201845e-02 -2.81644151e-07 
 1.14815362e-02 -1.90004398e-01  1.14815362e-02 -2.88007909e-07 
 1.17489755e-02 -1.93721976e-01  1.17489755e-02 -2.94505822e-07 
 1.20226443e-02 -1.97616553e-01  1.20226443e-02 -3.01140004e-07 
 1.23026877e-02 -2.01696646e-01  1.23026877e-02 -3.07912549e-07 
 1.25892541e-02 -2.05971190e-01  1.25892541e-02 -3.14825521e-07 
 1.28824955e-02 -2.10449560e-01  1.28824955e-02 -3.21880947e-07 
 1.31825674e-02 -2.15141594e-01  1.31825674e-02 -3.29080816e-07 
 1.34896288e-02 -2.20057616e-01  1.34896288e-02 -3.36427065e-07 
 1.38038426e-02 -2.25208463e-01  1.38038426e-02 -3.43921572e-07 
 1.41253754e-02 -2.30605507e-01  1.41253754e-02 -3.51566152e-07 
 1.44543977e-02 -2.36260689e-01  1.44543977e-02 -3.59362543e-07 
 1.47910839e-02 -2.42186546e-01  1.47910839e-02 -3.67312398e-07 
 1.51356125e-02 -2.48396240e-01  1.51356125e-02 -3.75417270e-07 
 1.54881662e-02 -2.54903597e-01  1.54881662e-02 -3.83678607e-07 
 1.58489319e-02 -2.61723136e-01  1.58489319e-02 -3.92097732e-07 
 1.62181010e-02 -2.68870111e-01  1.62181010e-02 -4.00675833e-07 
 1.65958691e-02 -2.76360546e-01  1.65958691e-02 -4.09413946e-07 
 1.69824365e-02 -2.84211282e-01  1.69824365e-02 -4.18312939e-07 
 1.73780083e-02 -2.92440017e-01  1.73780083e-02 -4.27373495e-07 
 1.77827941e-02 -3.01065355e-01  1.77827941e-02 -4.36596090e-07 
 1.81970086e-02 -3.10106855e-01  1.81970086e-02 -4.45980976e-07 
 1.86208714e-02 -3.19585086e-01  1.86208714e-02 -4.55528156e-07 
 1.90546072e-02 -3.29521681e-01  1.90546072e-02 -4.65237360e-07 
 1.94984460e-02 -3.39939397e-01  1.94984460e-02 -4.75108018e-07 
 1.99526231e-02 -3.50862181e-01  1.99526231e-02 -4.85139236e-07 
 2.04173794e-02 -3.62315236e-01  2.04173794e-02 -4.95329760e-07 
 2.08929613e-02 -3.74325093e-01  2.08929613e-02 -5.05677946e-07 
 2.13796209e-02 -3.86919692e-01  2.13796209e-02 -5.16181724e-07 
 2.18776162e-02 -4.00128459e-01  2.18776162e-02 -5.26838561e-07 
 2.23872114e-02 -4.13982396e-01  2.23872114e-02 -5.37645416e-07 
 2.29086765e-02 -4.28514179e-01  2.29086765e-02 -5.48598700e-07 
 2.34422882e-02 -4.43758251e-01  2.34422882e-02 -5.59694226e-07 
 2.39883292e-02 -4.59750936e-01  2.39883292e-02 -5.70927156e-07 
 2.45470892e-02 -4.76530554e-01  2.45470892e-02 -5.82291949e-07 
 2.51188643e-02 -4.94137541e-01  2.51188643e-02 -5.93782296e-07 
 2.57039578e-02 -5.12614585e-01  2.57039578e-02 -6.05391058e-07 
 2.63026799e-02 -5.32006768e-01  2.63026799e-02 -6.17110198e-07 
 2.69153480e-02 -5.52361721e-01  2.69153480e-02 -6.28930702e-07 
 2.75422870e-02 -5.73729789e-01  2.75422870e-02 -6.40842497e-07 
 2.81838293e-02 -5.96164209e-01  2.81838293e-02 -6.52834369e-07 
 2.88403150e-02 -6.19721304e-01  2.88403150e-02 -6.64893863e-07 
 2.95120923e-02 -6.44460692e-01  2.95120923e-02 -6.77007182e-07 
 3.01995172e-02 -6.70445510e-01  3.01995172e-02 -6.89159080e-07 
 3.09029543e-02 -6.97742660e-01  3.09029543e-02 -7.01332740e-07 
 3.16227766e-02 -7.26423073e-01  3.16227766e-02 -7.13509647e-07 
 3.23593657e-02 -7.56562001e-01  3.23593657e-02 -7.25669447e-07 
 3.31131121e-02 -7.88239327e-01  3.31131121e-02 -7.37789803e-07 
 3.38844156e-02 -8.21539909e-01  3.38844156e-02 -7.49846227e-07 
 3.46736850e-02 -8.56553953e-01  3.46736850e-02 -7.61811909e-07 
 3.54813389e-02 -8.93377421e-01  3.54813389e-02 -7.73657529e-07 
 3.63078055e-02 -9.32112479e-01  3.63078055e-02 -7.85351046e-07 
 3.71535229e-02 -9.72867988e-01  3.71535229e-02 -7.96857484e-07 
 3.80189396e-02 -1.01576004e+00  3.80189396e-02 -8.08138688e-07 
 3.89045145e-02 -1.06091256e+00  3.89045145e-02 -8.19153064e-07 
 3.98107171e-02 -1.10845793e+00  3.98107171e-02 -8.29855298e-07 
 4.07380278e-02 -1.15853778e+00  4.07380278e-02 -8.40196049e-07 
 4.16869383e-02 -1.21130371e+00  4.16869383e-02 -8.50121614e-07 
 4.26579519e-02 -1.26691824e+00  4.26579519e-02 -8.59573567e-07 
 4.36515832e-02 -1.32555575e+00  4.36515832e-02 -8.68488364e-07 
 4.46683592e-02 -1.38740363e+00  4.46683592e-02 -8.76796911e-07 
 4.57088190e-02 -1.45266350e+00  4.57088190e-02 -8.84424094e-07 
 4.67735141e-02 -1.52155258e+00  4.67735141e-02 -8.91288261e-07 
 4.78630092e-02 -1.59430527e+00  4.78630092e-02 -8.97300661e-07 
 4.89778819e-02 -1.67117486e+00  4.89778819e-02 -9.02364821e-07 
 5.01187234e-02 -1.75243559e+00  5.01187234e-02 -9.06375861e-07 
 5.12861384e-02 -1.83838480e+00  5.12861384e-02 -9.09219743e-07 
 5.24807460e-02 -1.92934559e+00  5.24807460e-02 -9.10772431e-07 
 5.37031796e-02 -2.02566966e+00  5.37031796e-02 -9.10898966e-07 
 5.49540874e-02 -2.12774071e+00  5.49540874e-02 -9.09452431e-07 
 5.62341325e-02 -2.23597828e+00  5.62341325e-02 -9.06272790e-07 
 5.75439937e-02 -2.35084218e+00  5.75439937e-02 -9.01185590e-07 
 5.88843655e-02 -2.47283768e+00  5.88843655e-02 -8.94000490e-07 
 6.02559586e-02 -2.60252152e+00  6.02559586e-02 -8.84509586e-07 
 6.16595002e-02 -2.74050894e+00  6.16595002e-02 -8.72485499e-07 
 6.30957344e-02 -2.88748202e+00  6.30957344e-02 -8.57679181e-07 
 6.45654229e-02 -3.04419942e+00  6.45654229e-02 -8.39817355e-07 
 6.60693448e-02 -3.21150817e+00  6.60693448e-02 -8.18599530e-07 
 6.76082975e-02 -3.39035760e+00  6.76082975e-02 -7.93694469e-07 
 6.91830971e-02 -3.58181627e+00  6.91830971e-02 -7.64735979e-07 
 7.07945784e-02 -3.78709254e+00  7.07945784e-02 -7.31317826e-07 
 7.24435960e-02 -4.00755971e+00  7.24435960e-02 -6.92987517e-07 
 7.41310241e-02 -4.24478711e+00  7.41310241e-02 -6.49238603e-07 
 7.58577575e-02 -4.50057893e+00  7.58577575e-02 -5.99501004e-07 
 7.76247117e-02 -4.77702309e+00  7.76247117e-02 -5.43128649e-07 
 7.94328235e-02 -5.07655353e+00  7.94328235e-02 -4.79383421e-07 
 8.12830516e-02 -5.40203068e+00  8.12830516e-02 -4.07413911e-07 
 8.31763771e-02 -5.75684663e+00  8.31763771e-02 -3.26226717e-07 
 8.51138038e-02 -6.14506496e+00  8.51138038e-02 -2.34646835e-07 
 8.70963590e-02 -6.57160976e+00  8.70963590e-02 -1.31261643e-07 
 8.91250938e-02 -7.04252617e+00  8.91250938e-02 -1.43395613e-08 
 9.12010839e-02 -7.56534775e+00  9.12010839e-02  1.18291590e-07 
 9.33254301e-02 -8.14962773e+00  9.33254301e-02  2.69432686e-07 
 9.54992586e-02 -8.80773076e+00  9.54992586e-02  4.42815441e-07 
 9.77237221e-02 -9.55605515e+00  9.77237221e-02  6.43609749e-07 
 1.00000000e-01 -1.04170011e+01  1.00000000e-01  8.79321571e-07 
 1.02329299e-01 -1.14223081e+01  1.02329299e-01  1.16148669e-06 
 1.04712855e-01 -1.26190933e+01  1.04712855e-01  1.50913061e-06 
 1.07151931e-01 -1.40817260e+01  1.07151931e-01  1.95660250e-06 
 1.09647820e-01 -1.59379735e+01  1.09647820e-01  2.57397017e-06 
 1.12201845e-01 -1.84367228e+01  1.12201845e-01  3.53207069e-06 
 1.14815362e-01 -2.21755545e+01  1.14815362e-01  5.39191066e-06 
 1.17489755e-01 -2.93969750e+01  1.17489755e-01  1.17419530e-05 
 1.20226443e-01 -3.82514430e+01  1.20226443e-01  3.14156374e+00 
 1.23026877e-01 -2.43435546e+01  1.23026877e-01  3.14158800e+00 
 1.25892541e-01 -1.90560554e+01  1.25892541e-01  3.14159106e+00 
 1.28824955e-01 -1.56581848e+01  1.28824955e-01  3.14159245e+00 
 1.31825674e-01 -1.31162879e+01  1.31825674e-01 -3.14159195e+00 
 1.34896288e-01 -1.10644549e+01  1.34896288e-01 -3.14159122e+00 
 1.38038426e-01 -9.33014292e+00  1.38038426e-01 -3.14159058e+00 
 1.41253754e-01 -7.81811963e+00  1.41253754e-01 -3.14158996e+00 
 1.44543977e-01 -6.47021631e+00  1.44543977e-01 -3.14158935e+00 
 1.47910839e-01 -5.24827881e+00  1.47910839e-01 -3.14158873e+00 
 1.51356125e-01 -4.12591767e+00  1.51356125e-01 -3.14158808e+00 
 1.54881662e-01 -3.08411421e+00  1.54881662e-01 -3.14158740e+00 
 1.58489319e-01 -2.10870346e+00  1.58489319e-01 -3.14158668e+00 
 1.62181010e-01 -1.18884729e+00  1.62181010e-01 -3.14158592e+00 
 1.65958691e-01 -3.16063992e-01  1.65958691e-01 -3.14158510e+00 
 1.69824365e-01  5.16412439e-01  1.69824365e-01 -3.14158422e+00 
 1.73780083e-01  1.31406941e+00  1.73780083e-01 -3.14158328e+00 
 1.77827941e-01  2.08142218e+00  1.77827941e-01 -3.14158226e+00 
 1.81970086e-01  2.82223398e+00  1.81970086e-01 -3.14158117e+00 
 1.86208714e-01  3.53967738e+00  1.86208714e-01 -3.14157999e+00 
 1.90546072e-01  4.23645492e+00  1.90546072e-01 -3.14157872e+00 
 1.94984460e-01  4.91489070e+00  1.94984460e-01 -3.14157734e+00 
 1.99526231e-01  5.57700092e+00  1.99526231e-01 -3.14157586e+00 
 2.04173794e-01  6.22454908e+00  2.04173794e-01 -3.14157425e+00 
 2.08929613e-01  6.85908960e+00  2.08929613e-01 -3.14157252e+00 
 2.13796209e-01  7.48200274e+00  2.13796209e-01 -3.14157064e+00 
 2.18776162e-01  8.09452283e+00  2.18776162e-01 -3.14156861e+00 
 2.23872114e-01  8.69776130e+00  2.23872114e-01 -3.14156641e+00 
 2.29086765e-01  9.29272577e+00  2.29086765e-01 -3.14156403e+00 
 2.34422882e-01  9.88033583e+00  2.34422882e-01 -3.14156145e+00 
 2.39883292e-01  1.04614364e+01  2.39883292e-01 -3.14155866e+00 
 2.45470892e-01  1.10368091e+01  2.45470892e-01 -3.14155563e+00 
 2.51188643e-01  1.16071817e+01  2.51188643e-01 -3.14155235e+00 
 2.57039578e-01  1.21732368e+01  2.57039578e-01 -3.14154879e+00 
 2.63026799e-01  1.27356190e+01  2.63026799e-01 -3.14154493e+00 
 2.69153480e-01  1.32949415e+01  2.69153480e-01 -3.14154073e+00 
 2.75422870e-01  1.38517919e+01  2.75422870e-01 -3.14153617e+00 
 2.81838293e-01  1.44067373e+01  2.81838293e-01 -3.14153122e+00 
 2.88403150e-01  1.49603296e+01  2.88403150e-01 -3.14152583e+00 
 2.95120923e-01  1.55131096e+01  2.95120923e-01 -3.14151996e+00 
 3.01995172e-01  1.60656120e+01  3.01995172e-01 -3.14151357e+00 
 3.09029543e-01  1.66183689e+01  3.09029543e-01 -3.14150661e+00 
 3.16227766e-01  1.71719148e+01  3.16227766e-01 -3.14149901e+00 
 3.23593657e-01  1.77267902e+01  3.23593657e-01 -3.14149071e+00 
 3.31131121e-01  1.82835463e+01  3.31131121e-01 -3.14148165e+00 
 3.38844156e-01  1.88427496e+01  3.38844156e-01 -3.14147173e+00 
 3.46736850e-01  1.94049866e+01  3.46736850e-01 -3.14146086e+00 
 3.54813389e-01  1.99708693e+01  3.54813389e-01 -3.14144895e+00 
 3.63078055e-01  2.05410408e+01  3.63078055e-01 -3.14143587e+00 
 3.71535229e-01  2.11161819e+01  3.71535229e-01 -3.14142149e+00 
 3.80189396e-01  2.16970183e+01  3.80189396e-01 -3.14140565e+00 
 3.89045145e-01  2.22843290e+01  3.89045145e-01 -3.14138819e+00 
 3.98107171e-01  2.28789561e+01  3.98107171e-01 -3.14136888e+00 
 4.07380278e-01  2.34818155e+01  4.07380278e-01 -3.14134751e+00 
 4.16869383e-01  2.40939108e+01  4.16869383e-01 -3.14132379e+00 
 4.26579519e-01  2.47163485e+01  4.26579519e-01 -3.14129741e+00 
 4.36515832e-01  2.53503573e+01  4.36515832e-01 -3.14126799e+00 
 4.46683592e-01  2.59973104e+01  4.46683592e-01 -3.14123509e+00 
 4.57088190e-01  2.66587541e+01  4.57088190e-01 -3.14119818e+00 
 4.67735141e-01  2.73364420e+01  4.67735141e-01 -3.14115663e+00 
 4.78630092e-01  2.80323782e+01  4.78630092e-01 -3.14110966e+00 
 4.89778819e-01  2.87488722e+01  4.89778819e-01 -3.14105634e+00 
 5.01187234e-01  2.94886083e+01  5.01187234e-01 -3.14099552e+00 
 5.12861384e-01  3.02547365e+01  5.12861384e-01 -3.14092576e+00 
 5.24807460e-01  3.10509913e+01  5.24807460e-01 -3.14084523e+00 
 5.37031796e-01  3.18818513e+01  5.37031796e-01 -3.14075160e+00 
 5.49540874e-01  3.27527561e+01  5.49540874e-01 -3.14064185e+00 
 5.62341325e-01  3.36704082e+01  5.62341325e-01 -3.14051193e+00 
 5.75439937e-01  3.46432034e+01  5.75439937e-01 -3.14035641e+00 
 5.88843655e-01  3.56818602e+01  5.88843655e-01 -3.14016770e+00 
 6.02559586e-01  3.68003725e+01  6.02559586e-01 -3.13993498e+00 
 6.16595002e-01  3.80175051e+01  6.16595002e-01 -3.13964218e+00 
 6.30957344e-01  3.93592539e+01  6.30957344e-01 -3.13926444e+00 
 6.45654229e-01  4.08631288e+01  6.45654229e-01 -3.13876113e+00 
 6.60693448e-01  4.25861655e+01  6.60693448e-01 -3.13806094e+00 
 6.76082975e-01  4.46214032e+01  6.76082975e-01 -3.13702629e+00 
 6.91830971e-01  4.71365138e+01  6.91830971e-01 -3.13535304e+00 
 7.07945784e-01  5.04839736e+01  7.07945784e-01 -3.13220899e+00 
 7.24435960e-01  5.56418846e+01  7.24435960e-01 -3.12420948e+00 
 7.41310241e-01  6.84808670e+01  7.41310241e-01 -3.06354675e+00 
 7.58577575e-01  6.15098866e+01  7.58577575e-01 -3.57529901e-02 
 7.76247117e-01  5.39874988e+01  7.76247117e-01 -1.53809718e-02 
 7.94328235e-01  5.01686528e+01  7.94328235e-01 -1.01368771e-02 
 8.12830516e-01  4.76328971e+01  8.12830516e-01 -7.74446781e-03 
 8.31763771e-01  4.57553431e+01  8.31763771e-01 -6.38258164e-03 
 8.51138038e-01  4.42788760e+01  8.51138038e-01 -5.50885719e-03 
 8.70963590e-01  4.30723946e+01  8.70963590e-01 -4.90491322e-03 
 8.91250938e-01  4.20599222e+01  8.91250938e-01 -4.46587543e-03 
 9.12010839e-01  4.11934712e+01  9.12010839e-01 -4.13511580e-03 
 9.33254301e-01  4.04407896e+01  9.33254301e-01 -3.87937433e-03 
 9.54992586e-01  3.97791559e+01  9.54992586e-01 -3.67783584e-03 
 9.77237221e-01  3.91919602e+01  9.77237221e-01 -3.51681018e-03 
 1.00000000e+00  3.86666926e+01  1.00000000e+00 -3.38692645e-03 
 1.02329299e+00  3.81936971e+01  1.02329299e+00 -3.28155637e-03 
 1.04712855e+00  3.77653652e+01  1.04712855e+00 -3.19588130e-03 
 1.07151931e+00  3.73755960e+01  1.07151931e+00 -3.12631597e-03 
 1.09647820e+00  3.70194228e+01  1.09647820e+00 -3.07013922e-03 
 1.12201845e+00  3.66927493e+01  1.12201845e+00 -3.02525002e-03 
 1.14815362e+00  3.63921574e+01  1.14815362e+00 -2.99000171e-03 
 1.17489755e+00  3.61147661e+01  1.17489755e+00 -2.96308684e-03 
 1.20226443e+00  3.58581247e+01  1.20226443e+00 -2.94345529e-03 
 1.23026877e+00  3.56201319e+01  1.23026877e+00 -2.93025511e-03 
 1.25892541e+00  3.53989723e+01  1.25892541e+00 -2.92278899e-03 
 1.28824955e+00  3.51930671e+01  1.28824955e+00 -2.92048172e-03 
 1.31825674e+00  3.50010353e+01  1.31825674e+00 -2.92285562e-03 
 1.34896288e+00  3.48216621e+01  1.34896288e+00 -2.92951165e-03 
 1.38038426e+00  3.46538731e+01  1.38038426e+00 -2.94011478e-03 
 1.41253754e+00  3.44967143e+01  1.41253754e+00 -2.95438260e-03 
 1.44543977e+00  3.43493345e+01  1.44543977e+00 -2.97207619e-03 
 1.47910839e+00  3.42109716e+01  1.47910839e+00 -2.99299297e-03 
 1.51356125e+00  3.40809402e+01  1.51356125e+00 -3.01696086e-03 
 1.54881662e+00  3.39586226e+01  1.54881662e+00 -3.04383356e-03 
 1.58489319e+00  3.38434595e+01  1.58489319e+00 -3.07348676e-03 
 1.62181010e+00  3.37349435e+01  1.62181010e+00 -3.10581494e-03 
 1.65958691e+00  3.36326131e+01  1.65958691e+00 -3.14072881e-03 
 1.69824365e+00  3.35360470e+01  1.69824365e+00 -3.17815311e-03 
 1.73780083e+00  3.34448601e+01  1.73780083e+00 -3.21802481e-03 
 1.77827941e+00  3.33586992e+01  1.77827941e+00 -3.26029164e-03 
 1.81970086e+00  3.32772403e+01  1.81970086e+00 -3.30491073e-03 
 1.86208714e+00  3.32001848e+01  1.86208714e+00 -3.35184762e-03 
 1.90546072e+00  3.31272575e+01  1.90546072e+00 -3.40107525e-03 
 1.94984460e+00  3.30582043e+01  1.94984460e+00 -3.45257326e-03 
 1.99526231e+00  3.29927901e+01  1.99526231e+00 -3.50632725e-03 
 2.04173794e+00  3.29307968e+01  2.04173794e+00 -3.56232825e-03 
 2.08929613e+00  3.28720223e+01  2.08929613e+00 -3.62057221e-03 
 2.13796209e+00  3.28162785e+01  2.13796209e+00 -3.68105956e-03 
 2.18776162e+00  3.27633904e+01  2.18776162e+00 -3.74379487e-03 
 2.23872114e+00  3.27131952e+01  2.23872114e+00 -3.80878649e-03 
 2.29086765e+00  3.26655407e+01  2.29086765e+00 -3.87604632e-03 
 2.34422882e+00  3.26202849e+01  2.34422882e+00 -3.94558951e-03 
 2.39883292e+00  3.25772949e+01  2.39883292e+00 -4.01743433e-03 
 2.45470892e+00  3.25364466e+01  2.45470892e+00 -4.09160189e-03 
 2.51188643e+00  3.24976235e+01  2.51188643e+00 -4.16811610e-03 
 2.57039578e+00  3.24607165e+01  2.57039578e+00 -4.24700340e-03 
 2.63026799e+00  3.24256230e+01  2.63026799e+00 -4.32829276e-03 
 2.69153480e+00  3.23922468e+01  2.69153480e+00 -4.41201551e-03 
 2.75422870e+00  3.23604976e+01  2.75422870e+00 -4.49820526e-03 
 2.81838293e+00  3.23302901e+01  2.81838293e+00 -4.58689784e-03 
 2.88403150e+00  3.23015444e+01  2.88403150e+00 -4.67813123e-03 
 2.95120923e+00  3.22741849e+01  2.95120923e+00 -4.77194550e-03 
 3.01995172e+00  3.22481406e+01  3.01995172e+00 -4.86838276e-03 
 3.09029543e+00  3.22233443e+01  3.09029543e+00 -4.96748714e-03 
 3.16227766e+00  3.21997328e+01  3.16227766e+00 -5.06930472e-03 
 3.23593657e+00  3.21772462e+01  3.23593657e+00 -5.17388357e-03 
 3.31131121e+00  3.21558281e+01  3.31131121e+00 -5.28127365e-03 
 3.38844156e+00  3.21354252e+01  3.38844156e+00 -5.39152687e-03 
 3.46736850e+00  3.21159869e+01  3.46736850e+00 -5.50469704e-03 
 3.54813389e+00  3.20974656e+01  3.54813389e+00 -5.62083987e-03 
 3.63078055e+00  3.20798159e+01  3.63078055e+00 -5.74001297e-03 
 3.71535229e+00  3.20629951e+01  3.71535229e+00 -5.86227588e-03 
 3.80189396e+00  3.20469626e+01  3.80189396e+00 -5.98769002e-03 
 3.89045145e+00  3.20316801e+01  3.89045145e+00 -6.11631877e-03 
 3.98107171e+00  3.20171111e+01  3.98107171e+00 -6.24822743e-03 
 4.07380278e+00  3.20032211e+01  4.07380278e+00 -6.38348325e-03 
 4.16869383e+00  3.19899772e+01  4.16869383e+00 -6.52215546e-03 
 4.26579519e+00  3.19773485e+01  4.26579519e+00 -6.66431527e-03 
 4.36515832e+00  3.19653053e+01  4.36515832e+00 -6.81003592e-03 
 4.46683592e+00  3.19538198e+01  4.46683592e+00 -6.95939268e-03 
 4.57088190e+00  3.19428652e+01  4.57088190e+00 -7.11246291e-03 
 4.67735141e+00  3.19324163e+01  4.67735141e+00 -7.26932604e-03 
 4.78630092e+00  3.19224491e+01  4.78630092e+00 -7.43006366e-03 
 4.89778819e+00  3.19129407e+01  4.89778819e+00 -7.59475949e-03 
 5.01187234e+00  3.19038695e+01  5.01187234e+00 -7.76349948e-03 
 5.12861384e+00  3.18952147e+01  5.12861384e+00 -7.93637182e-03 
 5.24807460e+00  3.18869568e+01  5.24807460e+00 -8.11346695e-03 
 5.37031796e+00  3.18790772e+01  5.37031796e+00 -8.29487766e-03 
 5.49540874e+00  3.18715580e+01  5.49540874e+00 -8.48069907e-03 
 5.62341325e+00  3.18643823e+01  5.62341325e+00 -8.67102873e-03 
 5.75439937e+00  3.18575340e+01  5.75439937e+00 -8.86596664e-03 
 5.88843655e+00  3.18509979e+01  5.88843655e+00 -9.06561528e-03 
 6.02559586e+00  3.18447594e+01  6.02559586e+00 -9.27007970e-03 
 6.16595002e+00  3.18388044e+01  6.16595002e+00 -9.47946756e-03 
 6.30957344e+00  3.18331200e+01  6.30957344e+00 -9.69388913e-03 
 6.45654229e+00  3.18276933e+01  6.45654229e+00 -9.91345744e-03 
 6.60693448e+00  3.18225125e+01  6.60693448e+00 -1.01382883e-02 
 6.76082975e+00  3.18175660e+01  6.76082975e+00 -1.03685002e-02 
 6.91830971e+00  3.18128431e+01  6.91830971e+00 -1.06042147e-02 
 7.07945784e+00  3.18083332e+01  7.07945784e+00 -1.08455562e-02 
 7.24435960e+00  3.18040265e+01  7.24435960e+00 -1.10926521e-02 
 7.41310241e+00  3.17999135e+01  7.41310241e+00 -1.13456329e-02 
 7.58577575e+00  3.17959853e+01  7.58577575e+00 -1.16046323e-02 
 7.76247117e+00  3.17922332e+01  7.76247117e+00 -1.18697871e-02 
 7.94328235e+00  3.17886491e+01  7.94328235e+00 -1.21412375e-02 
 8.12830516e+00  3.17852251e+01  8.12830516e+00 -1.24191268e-02 
 8.31763771e+00  3.17819538e+01  8.31763771e+00 -1.27036021e-02 
 8.51138038e+00  3.17788281e+01  8.51138038e+00 -1.29948136e-02 
 8.70963590e+00  3.17758411e+01  8.70963590e+00 -1.32929154e-02 
 8.91250938e+00  3.17729864e+01  8.91250938e+00 -1.35980650e-02 
 9.12010839e+00  3.17702579e+01  9.12010839e+00 -1.39104239e-02 
 9.33254301e+00  3.17676495e+01  9.33254301e+00 -1.42301571e-02 
 9.54992586e+00  3.17651557e+01  9.54992586e+00 -1.45574339e-02 
 9.77237221e+00  3.17627710e+01  9.77237221e+00 -1.48924272e-02 
 1.00000000e+01  3.17604903e+01  1.00000000e+01 -1.52353142e-02 
 1.02329299e+01  3.17583087e+01  1.02329299e+01 -1.55862763e-02 
 1.04712855e+01  3.17562215e+01  1.04712855e+01 -1.59454990e-02 
 1.07151931e+01  3.17542242e+01  1.07151931e+01 -1.63131724e-02 
 1.09647820e+01  3.17523124e+01  1.09647820e+01 -1.66894907e-02 
 1.12201845e+01  3.17504822e+01  1.12201845e+01 -1.70746531e-02 
 1.14815362e+01  3.17487294e+01  1.14815362e+01 -1.74688632e-02 
 1.17489755e+01  3.17470505e+01  1.17489755e+01 -1.78723294e-02 
 1.20226443e+01  3.17454417e+01  1.20226443e+01 -1.82852650e-02 
 1.23026877e+01  3.17438996e+01  1.23026877e+01 -1.87078883e-02 
 1.25892541e+01  3.17424209e+01  1.25892541e+01 -1.91404227e-02 
 1.28824955e+01  3.17410025e+01  1.28824955e+01 -1.95830968e-02 
 1.31825674e+01  3.17396412e+01  1.31825674e+01 -2.00361446e-02 
 1.34896288e+01  3.17383342e+01  1.34896288e+01 -2.04998054e-02 
 1.38038426e+01  3.17370788e+01  1.38038426e+01 -2.09743243e-02 
 1.41253754e+01  3.17358721e+01  1.41253754e+01 -2.14599518e-02 
 1.44543977e+01  3.17347116e+01  1.44543977e+01 -2.19569446e-02 
 1.47910839e+01  3.17335949e+01  1.47910839e+01 -2.24655651e-02 
 1.51356125e+01  3.17325195e+01  1.51356125e+01 -2.29860818e-02 
 1.54881662e+01  3.17314832e+01  1.54881662e+01 -2.35187697e-02 
 1.58489319e+01  3.17304837e+01  1.58489319e+01 -2.40639098e-02 
 1.62181010e+01  3.17295189e+01  1.62181010e+01 -2.46217898e-02 
 1.65958691e+01  3.17285868e+01  1.65958691e+01 -2.51927043e-02 
 1.69824365e+01  3.17276854e+01  1.69824365e+01 -2.57769542e-02 
 1.73780083e+01  3.17268127e+01  1.73780083e+01 -2.63748478e-02 
 1.77827941e+01  3.17259669e+01  1.77827941e+01 -2.69867003e-02 
 1.81970086e+01  3.17251461e+01  1.81970086e+01 -2.76128343e-02 
 1.86208714e+01  3.17243487e+01  1.86208714e+01 -2.82535798e-02 
 1.90546072e+01  3.17235729e+01  1.90546072e+01 -2.89092744e-02 
 1.94984460e+01  3.17228172e+01  1.94984460e+01 -2.95802634e-02 
 1.99526231e+01  3.17220798e+01  1.99526231e+01 -3.02669002e-02 
 2.04173794e+01  3.17213592e+01  2.04173794e+01 -3.09695461e-02 
 2.08929613e+01  3.17206538e+01  2.08929613e+01 -3.16885711e-02 
 2.13796209e+01  3.17199623e+01  2.13796209e+01 -3.24243533e-02 
 2.18776162e+01  3.17192831e+01  2.18776162e+01 -3.31772796e-02 
 2.23872114e+01  3.17186147e+01  2.23872114e+01 -3.39477458e-02 
 2.29086765e+01  3.17179558e+01  2.29086765e+01 -3.47361568e-02 
 2.34422882e+01  3.17173049e+01  2.34422882e+01 -3.55429266e-02 
 2.39883292e+01  3.17166607e+01  2.39883292e+01 -3.63684787e-02 
 2.45470892e+01  3.17160218e+01  2.45470892e+01 -3.72132464e-02 
 2.51188643e+01  3.17153868e+01  2.51188643e+01 -3.80776728e-02 
 2.57039578e+01  3.17147544e+01  2.57039578e+01 -3.89622110e-02 
 2.63026799e+01  3.17141233e+01  2.63026799e+01 -3.98673244e-02 
 2.69153480e+01  3.17134921e+01  2.69153480e+01 -4.07934870e-02 
 2.75422870e+01  3.17128595e+01  2.75422870e+01 -4.17411835e-02 
 2.81838293e+01  3.17122242e+01  2.81838293e+01 -4.27109095e-02 
 2.88403150e+01  3.17115847e+01  2.88403150e+01 -4.37031720e-02 
 2.95120923e+01  3.17109398e+01  2.95120923e+01 -4.47184891e-02 
 3.01995172e+01  3.17102880e+01  3.01995172e+01 -4.57573909e-02 
 3.09029543e+01  3.17096281e+01  3.09029543e+01 -4.68204192e-02 
 3.16227766e+01  3.17089585e+01  3.16227766e+01 -4.79081281e-02 
 3.23593657e+01  3.17082780e+01  3.23593657e+01 -4.90210839e-02 
 3.31131121e+01  3.17075850e+01  3.31131121e+01 -5.01598658e-02 
 3.38844156e+01  3.17068781e+01  3.38844156e+01 -5.13250656e-02 
 3.46736850e+01  3.17061558e+01  3.46736850e+01 -5.25172886e-02 
 3.54813389e+01  3.17054166e+01  3.54813389e+01 -5.37371533e-02 
 3.63078055e+01  3.17046589e+01  3.63078055e+01 -5.49852921e-02 
 3.71535229e+01  3.17038811e+01  3.71535229e+01 -5.62623510e-02 
 3.80189396e+01  3.17030816e+01  3.80189396e+01 -5.75689907e-02 
 3.89045145e+01  3.17022587e+01  3.89045145e+01 -5.89058860e-02 
 3.98107171e+01  3.17014107e+01  3.98107171e+01 -6.02737266e-02 
 4.07380278e+01  3.17005358e+01  4.07380278e+01 -6.16732175e-02 
 4.16869383e+01  3.16996321e+01  4.16869383e+01 -6.31050786e-02 
 4.26579519e+01  3.16986978e+01  4.26579519e+01 -6.45700458e-02 
 4.36515832e+01  3.16977308e+01  4.36515832e+01 -6.60688705e-02 
 4.46683592e+01  3.16967292e+01  4.46683592e+01 -6.76023207e-02 
 4.57088190e+01  3.16956909e+01  4.57088190e+01 -6.91711804e-02 
 4.67735141e+01  3.16946136e+01  4.67735141e+01 -7.07762508e-02 
 4.78630092e+01  3.16934952e+01  4.78630092e+01 -7.24183498e-02 
 4.89778819e+01  3.16923333e+01  4.89778819e+01 -7.40983126e-02 
 5.01187234e+01  3.16911255e+01  5.01187234e+01 -7.58169921e-02 
 5.12861384e+01  3.16898691e+01  5.12861384e+01 -7.75752590e-02 
 5.24807460e+01  3.16885617e+01  5.24807460e+01 -7.93740021e-02 
 5.37031796e+01  3.16872005e+01  5.37031796e+01 -8.12141287e-02 
 5.49540874e+01  3.16857827e+01  5.49540874e+01 -8.30965646e-02 
 5.62341325e+01  3.16843053e+01  5.62341325e+01 -8.50222545e-02 
 5.75439937e+01  3.16827652e+01  5.75439937e+01 -8.69921625e-02 
 5.88843655e+01  3.16811592e+01  5.88843655e+01 -8.90072720e-02 
 6.02559586e+01  3.16794840e+01  6.02559586e+01 -9.10685860e-02 
 6.16595002e+01  3.16777362e+01  6.16595002e+01 -9.31771274e-02 
 6.30957344e+01  3.16759121e+01  6.30957344e+01 -9.53339394e-02 
 6.45654229e+01  3.16740080e+01  6.45654229e+01 -9.75400854e-02 
 6.60693448e+01  3.16720198e+01  6.60693448e+01 -9.97966493e-02 
 6.76082975e+01  3.16699436e+01  6.76082975e+01 -1.02104736e-01 
 6.91830971e+01  3.16677751e+01  6.91830971e+01 -1.04465470e-01 
 7.07945784e+01  3.16655097e+01  7.07945784e+01 -1.06880000e-01 
 7.24435960e+01  3.16631429e+01  7.24435960e+01 -1.09349491e-01 
 7.41310241e+01  3.16606697e+01  7.41310241e+01 -1.11875135e-01 
 7.58577575e+01  3.16580852e+01  7.58577575e+01 -1.14458140e-01 
 7.76247117e+01  3.16553841e+01  7.76247117e+01 -1.17099739e-01 
 7.94328235e+01  3.16525608e+01  7.94328235e+01 -1.19801186e-01 
 8.12830516e+01  3.16496095e+01  8.12830516e+01 -1.22563754e-01 
 8.31763771e+01  3.16465245e+01  8.31763771e+01 -1.25388741e-01 
 8.51138038e+01  3.16432992e+01  8.51138038e+01 -1.28277464e-01 
 8.70963590e+01  3.16399274e+01  8.70963590e+01 -1.31231263e-01 
 8.91250938e+01  3.16364020e+01  8.91250938e+01 -1.34251497e-01 
 9.12010839e+01  3.16327161e+01  9.12010839e+01 -1.37339548e-01 
 9.33254301e+01  3.16288623e+01  9.33254301e+01 -1.40496818e-01 
 9.54992586e+01  3.16248328e+01  9.54992586e+01 -1.43724730e-01 
 9.77237221e+01  3.16206196e+01  9.77237221e+01 -1.47024726e-01 
 1.00000000e+02  3.16162143e+01  1.00000000e+02 -1.50398270e-01 
 1.02329299e+02  3.16116082e+01  1.02329299e+02 -1.53846843e-01 
 1.04712855e+02  3.16067921e+01  1.04712855e+02 -1.57371946e-01 
 1.07151931e+02  3.16017566e+01  1.07151931e+02 -1.60975099e-01 
 1.09647820e+02  3.15964918e+01  1.09647820e+02 -1.64657838e-01 
 1.12201845e+02  3.15909873e+01  1.12201845e+02 -1.68421717e-01 
 1.14815362e+02  3.15852325e+01  1.14815362e+02 -1.72268306e-01 
 1.17489755e+02  3.15792161e+01  1.17489755e+02 -1.76199190e-01 
 1.20226443e+02  3.15729266e+01  1.20226443e+02 -1.80215968e-01 
 1.23026877e+02  3.15663517e+01  1.23026877e+02 -1.84320252e-01 
 1.25892541e+02  3.15594789e+01  1.25892541e+02 -1.88513666e-01 
 1.28824955e+02  3.15522951e+01  1.28824955e+02 -1.92797846e-01 
 1.31825674e+02  3.15447867e+01  1.31825674e+02 -1.97174433e-01 
 1.34896288e+02  3.15369394e+01  1.34896288e+02 -2.01645080e-01 
 1.38038426e+02  3.15287385e+01  1.38038426e+02 -2.06211444e-01 
 1.41253754e+02  3.15201687e+01  1.41253754e+02 -2.10875185e-01 
 1.44543977e+02  3.15112141e+01  1.44543977e+02 -2.15637966e-01 
 1.47910839e+02  3.15018582e+01  1.47910839e+02 -2.20501449e-01 
 1.51356125e+02  3.14920838e+01  1.51356125e+02 -2.25467296e-01 
 1.54881662e+02  3.14818731e+01  1.54881662e+02 -2.30537160e-01 
 1.58489319e+02  3.14712076e+01  1.58489319e+02 -2.35712690e-01 
 1.62181010e+02  3.14600683e+01  1.62181010e+02 -2.40995522e-01 
 1.65958691e+02  3.14484353e+01  1.65958691e+02 -2.46387281e-01 
 1.69824365e+02  3.14362880e+01  1.69824365e+02 -2.51889574e-01 
 1.73780083e+02  3.14236052e+01  1.73780083e+02 -2.57503988e-01 
 1.77827941e+02  3.14103649e+01  1.77827941e+02 -2.63232087e-01 
 1.81970086e+02  3.13965444e+01  1.81970086e+02 -2.69075408e-01 
 1.86208714e+02  3.13821200e+01  1.86208714e+02 -2.75035456e-01 
 1.90546072e+02  3.13670676e+01  1.90546072e+02 -2.81113701e-01 
 1.94984460e+02  3.13513620e+01  1.94984460e+02 -2.87311572e-01 
 1.99526231e+02  3.13349774e+01  1.99526231e+02 -2.93630456e-01 
 2.04173794e+02  3.13178871e+01  2.04173794e+02 -3.00071688e-01 
 2.08929613e+02  3.13000635e+01  2.08929613e+02 -3.06636551e-01 
 2.13796209e+02  3.12814785e+01  2.13796209e+02 -3.13326266e-01 
 2.18776162e+02  3.12621028e+01  2.18776162e+02 -3.20141991e-01 
 2.23872114e+02  3.12419066e+01  2.23872114e+02 -3.27084811e-01 
 2.29086765e+02  3.12208592e+01  2.29086765e+02 -3.34155737e-01 
 2.34422882e+02  3.11989289e+01  2.34422882e+02 -3.41355697e-01 
 2.39883292e+02  3.11760835e+01  2.39883292e+02 -3.48685527e-01 
 2.45470892e+02  3.11522899e+01  2.45470892e+02 -3.56145972e-01 
 2.51188643e+02  3.11275141e+01  2.51188643e+02 -3.63737672e-01 
 2.57039578e+02  3.11017215e+01  2.57039578e+02 -3.71461161e-01 
 2.63026799e+02  3.10748769e+01  2.63026799e+02 -3.79316856e-01 
 2.69153480e+02  3.10469440e+01  2.69153480e+02 -3.87305055e-01 
 2.75422870e+02  3.10178863e+01  2.75422870e+02 -3.95425923e-01 
 2.81838293e+02  3.09876663e+01  2.81838293e+02 -4.03679493e-01 
 2.88403150e+02  3.09562461e+01  2.88403150e+02 -4.12065655e-01 
 2.95120923e+02  3.09235871e+01  2.95120923e+02 -4.20584147e-01 
 3.01995172e+02  3.08896503e+01  3.01995172e+02 -4.29234555e-01 
 3.09029543e+02  3.08543963e+01  3.09029543e+02 -4.38016299e-01 
 3.16227766e+02  3.08177852e+01  3.16227766e+02 -4.46928632e-01 
 3.23593657e+02  3.07797768e+01  3.23593657e+02 -4.55970631e-01 
 3.31131121e+02  3.07403306e+01  3.31131121e+02 -4.65141192e-01 
 3.38844156e+02  3.06994059e+01  3.38844156e+02 -4.74439025e-01 
 3.46736850e+02  3.06569621e+01  3.46736850e+02 -4.83862645e-01 
 3.54813389e+02  3.06129581e+01  3.54813389e+02 -4.93410374e-01 
 3.63078055e+02  3.05673535e+01  3.63078055e+02 -5.03080331e-01 
 3.71535229e+02  3.05201074e+01  3.71535229e+02 -5.12870429e-01 
 3.80189396e+02  3.04711796e+01  3.80189396e+02 -5.22778376e-01 
 3.89045145e+02  3.04205300e+01  3.89045145e+02 -5.32801665e-01 
 3.98107171e+02  3.03681191e+01  3.98107171e+02 -5.42937581e-01 
 4.07380278e+02  3.03139078e+01  4.07380278e+02 -5.53183191e-01 
 4.16869383e+02  3.02578578e+01  4.16869383e+02 -5.63535351e-01 
 4.26579519e+02  3.01999315e+01  4.26579519e+02 -5.73990703e-01 
 4.36515832e+02  3.01400921e+01  4.36515832e+02 -5.84545676e-01 
 4.46683592e+02  3.00783040e+01  4.46683592e+02 -5.95196490e-01 
 4.57088190e+02  3.00145326e+01  4.57088190e+02 -6.05939158e-01 
 4.67735141e+02  2.99487445e+01  4.67735141e+02 -6.16769492e-01 
 4.78630092e+02  2.98809077e+01  4.78630092e+02 -6.27683107e-01 
 4.89778819e+02  2.98109916e+01  4.89778819e+02 -6.38675426e-01 
 5.01187234e+02  2.97389672e+01  5.01187234e+02 -6.49741690e-01 
 5.12861384e+02  2.96648073e+01  5.12861384e+02 -6.60876965e-01 
 5.24807460e+02  2.95884861e+01  5.24807460e+02 -6.72076149e-01 
 5.37031796e+02  2.95099801e+01  5.37031796e+02 -6.83333986e-01 
 5.49540874e+02  2.94292675e+01  5.49540874e+02 -6.94645074e-01 
 5.62341325e+02  2.93463286e+01  5.62341325e+02 -7.06003880e-01 
 5.75439937e+02  2.92611459e+01  5.75439937e+02 -7.17404749e-01 
 5.88843655e+02  2.91737039e+01  5.88843655e+02 -7.28841918e-01 
 6.02559586e+02  2.90839897e+01  6.02559586e+02 -7.40309534e-01 
 6.16595002e+02  2.89919924e+01  6.16595002e+02 -7.51801663e-01 
 6.30957344e+02  2.88977036e+01  6.30957344e+02 -7.63312310e-01 
 6.45654229e+02  2.88011172e+01  6.45654229e+02 -7.74835431e-01 
 6.60693448e+02  2.87022297e+01  6.60693448e+02 -7.86364951e-01 
 6.76082975e+02  2.86010398e+01  6.76082975e+02 -7.97894779e-01 
 6.91830971e+02  2.84975488e+01  6.91830971e+02 -8.09418825e-01 
 7.07945784e+02  2.83917605e+01  7.07945784e+02 -8.20931016e-01 
 7.24435960e+02  2.82836809e+01  7.24435960e+02 -8.32425309e-01 
 7.41310241e+02  2.81733185e+01  7.41310241e+02 -8.43895714e-01 
 7.58577575e+02  2.80606842e+01  7.58577575e+02 -8.55336300e-01 
 7.76247117e+02  2.79457912e+01  7.76247117e+02 -8.66741220e-01 
 7.94328235e+02  2.78286549e+01  7.94328235e+02 -8.78104717e-01 
 8.12830516e+02  2.77092929e+01  8.12830516e+02 -8.89421145e-01 
 8.31763771e+02  2.75877250e+01  8.31763771e+02 -9.00684975e-01 
 8.51138038e+02  2.74639730e+01  8.51138038e+02 -9.11890817e-01 
 8.70963590e+02  2.73380607e+01  8.70963590e+02 -9.23033423e-01 
 8.91250938e+02  2.72100136e+01  8.91250938e+02 -9.34107702e-01 
 9.12010839e+02  2.70798592e+01  9.12010839e+02 -9.45108732e-01 
 9.33254301e+02  2.69476265e+01  9.33254301e+02 -9.56031765e-01 
 9.54992586e+02  2.68133462e+01  9.54992586e+02 -9.66872238e-01 
 9.77237221e+02  2.66770502e+01  9.77237221e+02 -9.77625778e-01 
 1.00000000e+03  2.65387720e+01  1.00000000e+03 -9.88288211e-01 
 1.02329299e+03  2.63985463e+01  1.02329299e+03 -9.98855566e-01 
 1.04712855e+03  2.62564087e+01  1.04712855e+03 -1.00932408e+00 
 1.07151931e+03  2.61123960e+01  1.07151931e+03 -1.01969019e+00 
 1.09647820e+03  2.59665459e+01  1.09647820e+03 -1.02995056e+00 
 1.12201845e+03  2.58188967e+01  1.12201845e+03 -1.04010207e+00 
 1.14815362e+03  2.56694874e+01  1.14815362e+03 -1.05014179e+00 
 1.17489755e+03  2.55183577e+01  1.17489755e+03 -1.06006703e+00 
 1.20226443e+03  2.53655476e+01  1.20226443e+03 -1.06987530e+00 
 1.23026877e+03  2.52110974e+01  1.23026877e+03 -1.07956433e+00 
 1.25892541e+03  2.50550477e+01  1.25892541e+03 -1.08913205e+00 
 1.28824955e+03  2.48974394e+01  1.28824955e+03 -1.09857660e+00 
 1.31825674e+03  2.47383132e+01  1.31825674e+03 -1.10789632e+00 
 1.34896288e+03  2.45777099e+01  1.34896288e+03 -1.11708975e+00 
 1.38038426e+03  2.44156701e+01  1.38038426e+03 -1.12615561e+00 
 1.41253754e+03  2.42522344e+01  1.41253754e+03 -1.13509283e+00 
 1.44543977e+03  2.40874428e+01  1.44543977e+03 -1.14390050e+00 
 1.47910839e+03  2.39213353e+01  1.47910839e+03 -1.15257790e+00 
 1.51356125e+03  2.37539513e+01  1.51356125e+03 -1.16112446e+00 
 1.54881662e+03  2.35853298e+01  1.54881662e+03 -1.16953981e+00 
 1.58489319e+03  2.34155093e+01  1.58489319e+03 -1.17782369e+00 
 1.62181010e+03  2.32445277e+01  1.62181010e+03 -1.18597603e+00 
 1.65958691e+03  2.30724225e+01  1.65958691e+03 -1.19399687e+00 
 1.69824365e+03  2.28992302e+01  1.69824365e+03 -1.20188642e+00 
 1.73780083e+03  2.27249870e+01  1.73780083e+03 -1.20964498e+00 
 1.77827941e+03  2.25497282e+01  1.77827941e+03 -1.21727301e+00 
 1.81970086e+03  2.23734883e+01  1.81970086e+03 -1.22477105e+00 
 1.86208714e+03  2.21963012e+01  1.86208714e+03 -1.23213979e+00 
 1.90546072e+03  2.20182000e+01  1.90546072e+03 -1.23937998e+00 
 1.94984460e+03  2.18392170e+01  1.94984460e+03 -1.24649250e+00 
 1.99526231e+03  2.16593837e+01  1.99526231e+03 -1.25347829e+00 
 2.04173794e+03  2.14787309e+01  2.04173794e+03 -1.26033840e+00 
 2.08929613e+03  2.12972883e+01  2.08929613e+03 -1.26707393e+00 
 2.13796209e+03  2.11150851e+01  2.13796209e+03 -1.27368609e+00 
 2.18776162e+03  2.09321496e+01  2.18776162e+03 -1.28017610e+00 
 2.23872114e+03  2.07485091e+01  2.23872114e+03 -1.28654530e+00 
 2.29086765e+03  2.05641905e+01  2.29086765e+03 -1.29279504e+00 
 2.34422882e+03  2.03792194e+01  2.34422882e+03 -1.29892674e+00 
 2.39883292e+03  2.01936210e+01  2.39883292e+03 -1.30494187e+00 
 2.45470892e+03  2.00074194e+01  2.45470892e+03 -1.31084192e+00 
 2.51188643e+03  1.98206383e+01  2.51188643e+03 -1.31662844e+00 
 2.57039578e+03  1.96333004e+01  2.57039578e+03 -1.32230299e+00 
 2.63026799e+03  1.94454275e+01  2.63026799e+03 -1.32786718e+00 
 2.69153480e+03  1.92570409e+01  2.69153480e+03 -1.33332262e+00 
 2.75422870e+03  1.90681612e+01  2.75422870e+03 -1.33867096e+00 
 2.81838293e+03  1.88788082e+01  2.81838293e+03 -1.34391387e+00 
 2.88403150e+03  1.86890008e+01  2.88403150e+03 -1.34905301e+00 
 2.95120923e+03  1.84987577e+01  2.95120923e+03 -1.35409007e+00 
 3.01995172e+03  1.83080965e+01  3.01995172e+03 -1.35902675e+00 
 3.09029543e+03  1.81170344e+01  3.09029543e+03 -1.36386475e+00 
 3.16227766e+03  1.79255878e+01  3.16227766e+03 -1.36860578e+00 
 3.23593657e+03  1.77337727e+01  3.23593657e+03 -1.37325153e+00 
 3.31131121e+03  1.75416043e+01  3.31131121e+03 -1.37780372e+00 
 3.38844156e+03  1.73490974e+01  3.38844156e+03 -1.38226404e+00 
 3.46736850e+03  1.71562661e+01  3.46736850e+03 -1.38663419e+00 
 3.54813389e+03  1.69631239e+01  3.54813389e+03 -1.39091586e+00 
 3.63078055e+03  1.67696841e+01  3.63078055e+03 -1.39511074e+00 
 3.71535229e+03  1.65759592e+01  3.71535229e+03 -1.39922050e+00 
 3.80189396e+03  1.63819612e+01  3.80189396e+03 -1.40324680e+00 
 3.89045145e+03  1.61877018e+01  3.89045145e+03 -1.40719129e+00 
 3.98107171e+03  1.59931922e+01  3.98107171e+03 -1.41105561e+00 
 4.07380278e+03  1.57984430e+01  4.07380278e+03 -1.41484138e+00 
 4.16869383e+03  1.56034645e+01  4.16869383e+03 -1.41855022e+00 
 4.26579519e+03  1.54082665e+01  4.26579519e+03 -1.42218371e+00 
 4.36515832e+03  1.52128587e+01  4.36515832e+03 -1.42574344e+00 
 4.46683592e+03  1.50172499e+01  4.46683592e+03 -1.42923096e+00 
 4.57088190e+03  1.48214490e+01  4.57088190e+03 -1.43264782e+00 
 4.67735141e+03  1.46254643e+01  4.67735141e+03 -1.43599554e+00 
 4.78630092e+03  1.44293039e+01  4.78630092e+03 -1.43927564e+00 
 4.89778819e+03  1.42329753e+01  4.89778819e+03 -1.44248959e+00 
 5.01187234e+03  1.40364860e+01  5.01187234e+03 -1.44563887e+00 
 5.12861384e+03  1.38398430e+01  5.12861384e+03 -1.44872493e+00 
 5.24807460e+03  1.36430532e+01  5.24807460e+03 -1.45174920e+00 
 5.37031796e+03  1.34461229e+01  5.37031796e+03 -1.45471308e+00 
 5.49540874e+03  1.32490585e+01  5.49540874e+03 -1.45761799e+00 
 5.62341325e+03  1.30518658e+01  5.62341325e+03 -1.46046527e+00 
 5.75439937e+03  1.28545506e+01  5.75439937e+03 -1.46325630e+00 
 5.88843655e+03  1.26571183e+01  5.88843655e+03 -1.46599239e+00 
 6.02559586e+03  1.24595742e+01  6.02559586e+03 -1.46867487e+00 
 6.16595002e+03  1.22619234e+01  6.16595002e+03 -1.47130503e+00 
 6.30957344e+03  1.20641706e+01  6.30957344e+03 -1.47388414e+00 
 6.45654229e+03  1.18663204e+01  6.45654229e+03 -1.47641345e+00 
 6.60693448e+03  1.16683773e+01  6.60693448e+03 -1.47889421e+00 
 6.76082975e+03  1.14703454e+01  6.76082975e+03 -1.48132764e+00 
 6.91830971e+03  1.12722289e+01  6.91830971e+03 -1.48371492e+00 
 7.07945784e+03  1.10740317e+01  7.07945784e+03 -1.48605724e+00 
 7.24435960e+03  1.08757574e+01  7.24435960e+03 -1.48835577e+00 
 7.41310241e+03  1.06774096e+01  7.41310241e+03 -1.49061165e+00 
 7.58577575e+03  1.04789918e+01  7.58577575e+03 -1.49282599e+00 
 7.76247117e+03  1.02805072e+01  7.76247117e+03 -1.49499992e+00 
 7.94328235e+03  1.00819591e+01  7.94328235e+03 -1.49713453e+00 
 8.12830516e+03  9.88335025e+00  8.12830516e+03 -1.49923088e+00 
 8.31763771e+03  9.68468373e+00  8.31763771e+03 -1.50129005e+00 
 8.51138038e+03  9.48596229e+00  8.51138038e+03 -1.50331306e+00 
 8.70963590e+03  9.28718857e+00  8.70963590e+03 -1.50530095e+00 
 8.91250938e+03  9.08836513e+00  8.91250938e+03 -1.50725472e+00 
 9.12010839e+03  8.88949444e+00  9.12010839e+03 -1.50917538e+00 
 9.33254301e+03  8.69057886e+00  9.33254301e+03 -1.51106391e+00 
 9.54992586e+03  8.49162064e+00  9.54992586e+03 -1.51292126e+00 
 9.77237221e+03  8.29262196e+00  9.77237221e+03 -1.51474840e+00 
 1.00000000e+04  8.09358494e+00  1.00000000e+04 -1.51654626e+00 
 1.02329299e+04  7.89451157e+00  1.02329299e+04 -1.51831577e+00 
 1.04712855e+04  7.69540380e+00  1.04712855e+04 -1.52005783e+00 
 1.07151931e+04  7.49626351e+00  1.07151931e+04 -1.52177335e+00 
 1.09647820e+04  7.29709250e+00  1.09647820e+04 -1.52346321e+00 
 1.12201845e+04  7.09789251e+00  1.12201845e+04 -1.52512829e+00 
 1.14815362e+04  6.89866521e+00  1.14815362e+04 -1.52676946e+00 
 1.17489755e+04  6.69941224e+00  1.17489755e+04 -1.52838755e+00 
 1.20226443e+04  6.50013516e+00  1.20226443e+04 -1.52998342e+00 
 1.23026877e+04  6.30083549e+00  1.23026877e+04 -1.53155789e+00 
 1.25892541e+04  6.10151472e+00  1.25892541e+04 -1.53311179e+00 
 1.28824955e+04  5.90217426e+00  1.28824955e+04 -1.53464592e+00 
 1.31825674e+04  5.70281550e+00  1.31825674e+04 -1.53616109e+00 
 1.34896288e+04  5.50343980e+00  1.34896288e+04 -1.53765808e+00 
 1.38038426e+04  5.30404848e+00  1.38038426e+04 -1.53913768e+00 
 1.41253754e+04  5.10464281e+00  1.41253754e+04 -1.54060066e+00 
 1.44543977e+04  4.90522404e+00  1.44543977e+04 -1.54204780e+00 
 1.47910839e+04  4.70579341e+00  1.47910839e+04 -1.54347984e+00 
 1.51356125e+04  4.50635211e+00  1.51356125e+04 -1.54489754e+00 
 1.54881662e+04  4.30690132e+00  1.54881662e+04 -1.54630165e+00 
 1.58489319e+04  4.10744220e+00  1.58489319e+04 -1.54769291e+00 
 1.62181010e+04  3.90797589e+00  1.62181010e+04 -1.54907203e+00 
 1.65958691e+04  3.70850351e+00  1.65958691e+04 -1.55043976e+00 
 1.69824365e+04  3.50902619e+00  1.69824365e+04 -1.55179681e+00 
 1.73780083e+04  3.30954501e+00  1.73780083e+04 -1.55314390e+00 
 1.77827941e+04  3.11006108e+00  1.77827941e+04 -1.55448174e+00 
 1.81970086e+04  2.91057548e+00  1.81970086e+04 -1.55581103e+00 
 1.86208714e+04  2.71108929e+00  1.86208714e+04 -1.55713248e+00 
 1.90546072e+04  2.51160361e+00  1.90546072e+04 -1.55844678e+00 
 1.94984460e+04  2.31211951e+00  1.94984460e+04 -1.55975464e+00 
 1.99526231e+04  2.11263808e+00  1.99526231e+04 -1.56105674e+00 
 2.04173794e+04  1.91316041e+00  2.04173794e+04 -1.56235377e+00 
 2.08929613e+04  1.71368761e+00  2.08929613e+04 -1.56364642e+00 
 2.13796209e+04  1.51422077e+00  2.13796209e+04 -1.56493537e+00 
 2.18776162e+04  1.31476103e+00  2.18776162e+04 -1.56622132e+00 
 2.23872114e+04  1.11530951e+00  2.23872114e+04 -1.56750494e+00 
 2.29086765e+04  9.15867375e-01  2.29086765e+04 -1.56878692e+00 
 2.34422882e+04  7.16435789e-01  2.34422882e+04 -1.57006793e+00 
 2.39883292e+04  5.17015947e-01  2.39883292e+04 -1.57134866e+00 
 2.45470892e+04  3.17609065e-01  2.45470892e+04 -1.57262979e+00 
 2.51188643e+04  1.18216386e-01  2.51188643e+04 -1.57391201e+00 
 2.57039578e+04 -8.11608195e-02  2.57039578e+04 -1.57519599e+00 
 2.63026799e+04 -2.80521247e-01  2.63026799e+04 -1.57648243e+00 
 2.69153480e+04 -4.79863561e-01  2.69153480e+04 -1.57777200e+00 
 2.75422870e+04 -6.79186387e-01  2.75422870e+04 -1.57906541e+00 
 2.81838293e+04 -8.78488313e-01  2.81838293e+04 -1.58036334e+00 
 2.88403150e+04 -1.07776788e+00  2.88403150e+04 -1.58166649e+00 
 2.95120923e+04 -1.27702360e+00  2.95120923e+04 -1.58297555e+00 
 3.01995172e+04 -1.47625391e+00  3.01995172e+04 -1.58429123e+00 
 3.09029543e+04 -1.67545722e+00  3.09029543e+04 -1.58561423e+00 
 3.16227766e+04 -1.87463187e+00  3.16227766e+04 -1.58694527e+00 
 3.23593657e+04 -2.07377615e+00  3.23593657e+04 -1.58828507e+00 
 3.31131121e+04 -2.27288830e+00  3.31131121e+04 -1.58963433e+00 
 3.38844156e+04 -2.47196648e+00  3.38844156e+04 -1.59099380e+00 
 3.46736850e+04 -2.67100877e+00  3.46736850e+04 -1.59236421e+00 
 3.54813389e+04 -2.87001322e+00  3.54813389e+04 -1.59374629e+00 
 3.63078055e+04 -3.06897777e+00  3.63078055e+04 -1.59514079e+00 
 3.71535229e+04 -3.26790029e+00  3.71535229e+04 -1.59654848e+00 
 3.80189396e+04 -3.46677858e+00  3.80189396e+04 -1.59797010e+00 
 3.89045145e+04 -3.66561033e+00  3.89045145e+04 -1.59940645e+00 
 3.98107171e+04 -3.86439315e+00  3.98107171e+04 -1.60085829e+00 
 4.07380278e+04 -4.06312458e+00  4.07380278e+04 -1.60232643e+00 
 4.16869383e+04 -4.26180201e+00  4.16869383e+04 -1.60381165e+00 
 4.26579519e+04 -4.46042276e+00  4.26579519e+04 -1.60531478e+00 
 4.36515832e+04 -4.65898405e+00  4.36515832e+04 -1.60683663e+00 
 4.46683592e+04 -4.85748294e+00  4.46683592e+04 -1.60837805e+00 
 4.57088190e+04 -5.05591642e+00  4.57088190e+04 -1.60993987e+00 
 4.67735141e+04 -5.25428134e+00  4.67735141e+04 -1.61152296e+00 
 4.78630092e+04 -5.45257439e+00  4.78630092e+04 -1.61312819e+00 
 4.89778819e+04 -5.65079218e+00  4.89778819e+04 -1.61475644e+00 
 5.01187234e+04 -5.84893112e+00  5.01187234e+04 -1.61640863e+00 
 5.12861384e+04 -6.04698753e+00  5.12861384e+04 -1.61808566e+00 
 5.24807460e+04 -6.24495753e+00  5.24807460e+04 -1.61978847e+00 
 5.37031796e+04 -6.44283711e+00  5.37031796e+04 -1.62151801e+00 
 5.49540874e+04 -6.64062209e+00  5.49540874e+04 -1.62327523e+00 
 5.62341325e+04 -6.83830809e+00  5.62341325e+04 -1.62506114e+00 
 5.75439937e+04 -7.03589060e+00  5.75439937e+04 -1.62687671e+00 
 5.88843655e+04 -7.23336489e+00  5.88843655e+04 -1.62872299e+00 
 6.02559586e+04 -7.43072605e+00  6.02559586e+04 -1.63060100e+00 
 6.16595002e+04 -7.62796895e+00  6.16595002e+04 -1.63251181e+00 
 6.30957344e+04 -7.82508830e+00  6.30957344e+04 -1.63445650e+00 
 6.45654229e+04 -8.02207854e+00  6.45654229e+04 -1.63643618e+00 
 6.60693448e+04 -8.21893393e+00  6.60693448e+04 -1.63845196e+00 
 6.76082975e+04 -8.41564848e+00  6.76082975e+04 -1.64050500e+00 
 6.91830971e+04 -8.61221597e+00  6.91830971e+04 -1.64259647e+00 
 7.07945784e+04 -8.80862993e+00  7.07945784e+04 -1.64472758e+00 
 7.24435960e+04 -9.00488364e+00  7.24435960e+04 -1.64689953e+00 
 7.41310241e+04 -9.20097013e+00  7.41310241e+04 -1.64911360e+00 
 7.58577575e+04 -9.39688214e+00  7.58577575e+04 -1.65137104e+00 
 7.76247117e+04 -9.59261214e+00  7.76247117e+04 -1.65367317e+00 
 7.94328235e+04 -9.78815233e+00  7.94328235e+04 -1.65602133e+00 
 8.12830516e+04 -9.98349459e+00  8.12830516e+04 -1.65841688e+00 
 8.31763771e+04 -1.01786305e+01  8.31763771e+04 -1.66086120e+00 
 8.51138038e+04 -1.03735514e+01  8.51138038e+04 -1.66335574e+00 
 8.70963590e+04 -1.05682482e+01  8.70963590e+04 -1.66590194e+00 
 8.91250938e+04 -1.07627115e+01  8.91250938e+04 -1.66850130e+00 
 9.12010839e+04 -1.09569317e+01  9.12010839e+04 -1.67115534e+00 
 9.33254301e+04 -1.11508987e+01  9.33254301e+04 -1.67386562e+00 
 9.54992586e+04 -1.13446022e+01  9.54992586e+04 -1.67663373e+00 
 9.77237221e+04 -1.15380313e+01  9.77237221e+04 -1.67946130e+00 
 1.00000000e+05 -1.17311750e+01  1.00000000e+05 -1.68234999e+00 
 1.02329299e+05 -1.19240218e+01  1.02329299e+05 -1.68530151e+00 
 1.04712855e+05 -1.21165599e+01  1.04712855e+05 -1.68831760e+00 
 1.07151931e+05 -1.23087769e+01  1.07151931e+05 -1.69140002e+00 
 1.09647820e+05 -1.25006603e+01  1.09647820e+05 -1.69455059e+00 
 1.12201845e+05 -1.26921971e+01  1.12201845e+05 -1.69777116e+00 
 1.14815362e+05 -1.28833738e+01  1.14815362e+05 -1.70106362e+00 
 1.17489755e+05 -1.30741766e+01  1.17489755e+05 -1.70442990e+00 
 1.20226443e+05 -1.32645912e+01  1.20226443e+05 -1.70787195e+00 
 1.23026877e+05 -1.34546031e+01  1.23026877e+05 -1.71139178e+00 
 1.25892541e+05 -1.36441971e+01  1.25892541e+05 -1.71499143e+00 
 1.28824955e+05 -1.38333577e+01  1.28824955e+05 -1.71867297e+00 
 1.31825674e+05 -1.40220691e+01  1.31825674e+05 -1.72243851e+00 
 1.34896288e+05 -1.42103150e+01  1.34896288e+05 -1.72629019e+00 
 1.38038426e+05 -1.43980784e+01  1.38038426e+05 -1.73023019e+00 
 1.41253754e+05 -1.45853424e+01  1.41253754e+05 -1.73426071e+00 
 1.44543977e+05 -1.47720893e+01  1.44543977e+05 -1.73838399e+00 
 1.47910839e+05 -1.49583011e+01  1.47910839e+05 -1.74260230e+00 
 1.51356125e+05 -1.51439593e+01  1.51356125e+05 -1.74691792e+00 
 1.54881662e+05 -1.53290450e+01  1.54881662e+05 -1.75133317e+00 
 1.58489319e+05 -1.55135391e+01  1.58489319e+05 -1.75585037e+00 
 1.62181010e+05 -1.56974217e+01  1.62181010e+05 -1.76047187e+00 
 1.65958691e+05 -1.58806729e+01  1.65958691e+05 -1.76520003e+00 
 1.69824365e+05 -1.60632720e+01  1.69824365e+05 -1.77003721e+00 
 1.73780083e+05 -1.62451982e+01  1.73780083e+05 -1.77498578e+00 
 1.77827941e+05 -1.64264300e+01  1.77827941e+05 -1.78004811e+00 
 1.81970086e+05 -1.66069459e+01  1.81970086e+05 -1.78522655e+00 
 1.86208714e+05 -1.67867236e+01  1.86208714e+05 -1.79052345e+00 
 1.90546072e+05 -1.69657407e+01  1.90546072e+05 -1.79594113e+00 
 1.94984460e+05 -1.71439742e+01  1.94984460e+05 -1.80148190e+00 
 1.99526231e+05 -1.73214009e+01  1.99526231e+05 -1.80714803e+00 
 2.04173794e+05 -1.74979971e+01  2.04173794e+05 -1.81294173e+00 
 2.08929613e+05 -1.76737387e+01  2.08929613e+05 -1.81886519e+00 
 2.13796209e+05 -1.78486013e+01  2.13796209e+05 -1.82492053e+00 
 2.18776162e+05 -1.80225601e+01  2.18776162e+05 -1.83110980e+00 
 2.23872114e+05 -1.81955899e+01  2.23872114e+05 -1.83743499e+00 
 2.29086765e+05 -1.83676652e+01  2.29086765e+05 -1.84389798e+00 
 2.34422882e+05 -1.85387600e+01  2.34422882e+05 -1.85050059e+00 
 2.39883292e+05 -1.87088481e+01  2.39883292e+05 -1.85724451e+00 
 2.45470892e+05 -1.88779027e+01  2.45470892e+05 -1.86413133e+00 
 2.51188643e+05 -1.90458969e+01  2.51188643e+05 -1.87116251e+00 
 2.57039578e+05 -1.92128032e+01  2.57039578e+05 -1.87833939e+00 
 2.63026799e+05 -1.93785938e+01  2.63026799e+05 -1.88566314e+00 
 2.69153480e+05 -1.95432406e+01  2.69153480e+05 -1.89313480e+00 
 2.75422870e+05 -1.97067150e+01  2.75422870e+05 -1.90075523e+00 
 2.81838293e+05 -1.98689883e+01  2.81838293e+05 -1.90852512e+00 
 2.88403150e+05 -2.00300312e+01  2.88403150e+05 -1.91644497e+00 
 2.95120923e+05 -2.01898140e+01  2.95120923e+05 -1.92451510e+00 
 3.01995172e+05 -2.03483069e+01  3.01995172e+05 -1.93273561e+00 
 3.09029543e+05 -2.05054796e+01  3.09029543e+05 -1.94110638e+00 
 3.16227766e+05 -2.06613016e+01  3.16227766e+05 -1.94962710e+00 
 3.23593657e+05 -2.08157419e+01  3.23593657e+05 -1.95829720e+00 
 3.31131121e+05 -2.09687694e+01  3.31131121e+05 -1.96711588e+00 
 3.38844156e+05 -2.11203527e+01  3.38844156e+05 -1.97608209e+00 
 3.46736850e+05 -2.12704601e+01  3.46736850e+05 -1.98519455e+00 
 3.54813389e+05 -2.14190600e+01  3.54813389e+05 -1.99445171e+00 
 3.63078055e+05 -2.15661202e+01  3.63078055e+05 -2.00385175e+00 
 3.71535229e+05 -2.17116087e+01  3.71535229e+05 -2.01339261e+00 
 3.80189396e+05 -2.18554933e+01  3.80189396e+05 -2.02307193e+00 
 3.89045145e+05 -2.19977420e+01  3.89045145e+05 -2.03288712e+00 
 3.98107171e+05 -2.21383226e+01  3.98107171e+05 -2.04283530e+00 
 4.07380278e+05 -2.22772031e+01  4.07380278e+05 -2.05291331e+00 
 4.16869383e+05 -2.24143519e+01  4.16869383e+05 -2.06311775e+00 
 4.26579519e+05 -2.25497373e+01  4.26579519e+05 -2.07344493e+00 
 4.36515832e+05 -2.26833283e+01  4.36515832e+05 -2.08389092e+00 
 4.46683592e+05 -2.28150942e+01  4.46683592e+05 -2.09445150e+00 
 4.57088190e+05 -2.29450047e+01  4.57088190e+05 -2.10512224e+00 
 4.67735141e+05 -2.30730303e+01  4.67735141e+05 -2.11589843e+00 
 4.78630092e+05 -2.31991422e+01  4.78630092e+05 -2.12677515e+00 
 4.89778819e+05 -2.33233123e+01  4.89778819e+05 -2.13774723e+00 
 5.01187234e+05 -2.34455136e+01  5.01187234e+05 -2.14880930e+00 
 5.12861384e+05 -2.35657200e+01  5.12861384e+05 -2.15995577e+00 
 5.24807460e+05 -2.36839065e+01  5.24807460e+05 -2.17118086e+00 
 5.37031796e+05 -2.38000494e+01  5.37031796e+05 -2.18247861e+00 
 5.49540874e+05 -2.39141263e+01  5.49540874e+05 -2.19384289e+00 
 5.62341325e+05 -2.40261161e+01  5.62341325e+05 -2.20526742e+00 
 5.75439937e+05 -2.41359994e+01  5.75439937e+05 -2.21674577e+00 
 5.88843655e+05 -2.42437583e+01  5.88843655e+05 -2.22827140e+00 
 6.02559586e+05 -2.43493766e+01  6.02559586e+05 -2.23983766e+00 
 6.16595002e+05 -2.44528398e+01  6.16595002e+05 -2.25143781e+00 
 6.30957344e+05 -2.45541353e+01  6.30957344e+05 -2.26306504e+00 
 6.45654229e+05 -2.46532523e+01  6.45654229e+05 -2.27471249e+00 
 6.60693448e+05 -2.47501820e+01  6.60693448e+05 -2.28637327e+00 
 6.76082975e+05 -2.48449175e+01  6.76082975e+05 -2.29804045e+00 
 6.91830971e+05 -2.49374541e+01  6.91830971e+05 -2.30970712e+00 
 7.07945784e+05 -2.50277889e+01  7.07945784e+05 -2.32136640e+00 
 7.24435960e+05 -2.51159211e+01  7.24435960e+05 -2.33301143e+00 
 7.41310241e+05 -2.52018522e+01  7.41310241e+05 -2.34463542e+00 
 7.58577575e+05 -2.52855855e+01  7.58577575e+05 -2.35623163e+00 
 7.76247117e+05 -2.53671263e+01  7.76247117e+05 -2.36779344e+00 
 7.94328235e+05 -2.54464822e+01  7.94328235e+05 -2.37931432e+00 
 8.12830516e+05 -2.55236625e+01  8.12830516e+05 -2.39078787e+00 
 8.31763771e+05 -2.55986786e+01  8.31763771e+05 -2.40220783e+00 
 8.51138038e+05 -2.56715436e+01  8.51138038e+05 -2.41356809e+00 
 8.70963590e+05 -2.57422726e+01  8.70963590e+05 -2.42486271e+00 
 8.91250938e+05 -2.58108824e+01  8.91250938e+05 -2.43608592e+00 
 9.12010839e+05 -2.58773915e+01  9.12010839e+05 -2.44723216e+00 
 9.33254301e+05 -2.59418198e+01  9.33254301e+05 -2.45829606e+00 
 9.54992586e+05 -2.60041891e+01  9.54992586e+05 -2.46927248e+00 
 9.77237221e+05 -2.60645222e+01  9.77237221e+05 -2.48015647e+00 
 1.00000000e+06 -2.61228434e+01  1.00000000e+06 -2.49094334e+00 
 1.02329299e+06 -2.61791783e+01  1.02329299e+06 -2.50162864e+00 
 1.04712855e+06 -2.62335535e+01  1.04712855e+06 -2.51220813e+00 
 1.07151931e+06 -2.62859967e+01  1.07151931e+06 -2.52267787e+00 
 1.09647820e+06 -2.63365364e+01  1.09647820e+06 -2.53303412e+00 
 1.12201845e+06 -2.63852020e+01  1.12201845e+06 -2.54327344e+00 
 1.14815362e+06 -2.64320236e+01  1.14815362e+06 -2.55339262e+00 
 1.17489755e+06 -2.64770318e+01  1.17489755e+06 -2.56338873e+00 
 1.20226443e+06 -2.65202580e+01  1.20226443e+06 -2.57325908e+00 
 1.23026877e+06 -2.65617337e+01  1.23026877e+06 -2.58300126e+00 
 1.25892541e+06 -2.66014908e+01  1.25892541e+06 -2.59261312e+00 
 1.28824955e+06 -2.66395615e+01  1.28824955e+06 -2.60209275e+00 
 1.31825674e+06 -2.66759781e+01  1.31825674e+06 -2.61143851e+00 
 1.34896288e+06 -2.67107730e+01  1.34896288e+06 -2.62064901e+00 
 1.38038426e+06 -2.67439785e+01  1.38038426e+06 -2.62972313e+00 
 1.41253754e+06 -2.67756270e+01  1.41253754e+06 -2.63865996e+00 
 1.44543977e+06 -2.68057506e+01  1.44543977e+06 -2.64745886e+00 
 1.47910839e+06 -2.68343812e+01  1.47910839e+06 -2.65611943e+00 
 1.51356125e+06 -2.68615505e+01  1.51356125e+06 -2.66464148e+00 
 1.54881662e+06 -2.68872900e+01  1.54881662e+06 -2.67302507e+00 
 1.58489319e+06 -2.69116307e+01  1.58489319e+06 -2.68127048e+00 
 1.62181010e+06 -2.69346033e+01  1.62181010e+06 -2.68937820e+00 
 1.65958691e+06 -2.69562381e+01  1.65958691e+06 -2.69734894e+00 
 1.69824365e+06 -2.69765650e+01  1.69824365e+06 -2.70518362e+00 
 1.73780083e+06 -2.69956134e+01  1.73780083e+06 -2.71288335e+00 
 1.77827941e+06 -2.70134124e+01  1.77827941e+06 -2.72044943e+00 
 1.81970086e+06 -2.70299906e+01  1.81970086e+06 -2.72788338e+00 
 1.86208714e+06 -2.70453761e+01  1.86208714e+06 -2.73518686e+00 
 1.90546072e+06 -2.70595966e+01  1.90546072e+06 -2.74236173e+00 
 1.94984460e+06 -2.70726794e+01  1.94984460e+06 -2.74941001e+00 
 1.99526231e+06 -2.70846516e+01  1.99526231e+06 -2.75633390e+00 
 2.04173794e+06 -2.70955395e+01  2.04173794e+06 -2.76313574e+00 
 2.08929613e+06 -2.71053695e+01  2.08929613e+06 -2.76981802e+00 
 2.13796209e+06 -2.71141675e+01  2.13796209e+06 -2.77638337e+00 
 2.18776162e+06 -2.71219592e+01  2.18776162e+06 -2.78283457e+00 
 2.23872114e+06 -2.71287699e+01  2.23872114e+06 -2.78917452e+00 
 2.29086765e+06 -2.71346250e+01  2.29086765e+06 -2.79540625e+00 
 2.34422882e+06 -2.71395496e+01  2.34422882e+06 -2.80153287e+00 
 2.39883292e+06 -2.71435689e+01  2.39883292e+06 -2.80755764e+00 
 2.45470892e+06 -2.71467077e+01  2.45470892e+06 -2.81348389e+00 
 2.51188643e+06 -2.71489914e+01  2.51188643e+06 -2.81931506e+00 
 2.57039578e+06 -2.71504449e+01  2.57039578e+06 -2.82505465e+00 
 2.63026799e+06 -2.71510938e+01  2.63026799e+06 -2.83070624e+00 
 2.69153480e+06 -2.71509634e+01  2.69153480e+06 -2.83627349e+00 
 2.75422870e+06 -2.71500796e+01  2.75422870e+06 -2.84176009e+00 
 2.81838293e+06 -2.71484685e+01  2.81838293e+06 -2.84716978e+00 
 2.88403150e+06 -2.71461566e+01  2.88403150e+06 -2.85250635e+00 
 2.95120923e+06 -2.71431707e+01  2.95120923e+06 -2.85777360e+00 
 3.01995172e+06 -2.71395382e+01  3.01995172e+06 -2.86297535e+00 
 3.09029543e+06 -2.71352869e+01  3.09029543e+06 -2.86811541e+00 
 3.16227766e+06 -2.71304453e+01  3.16227766e+06 -2.87319760e+00 
 3.23593657e+06 -2.71250424e+01  3.23593657e+06 -2.87822571e+00 
 3.31131121e+06 -2.71191076e+01  3.31131121e+06 -2.88320350e+00 
 3.38844156e+06 -2.71126713e+01  3.38844156e+06 -2.88813468e+00 
 3.46736850e+06 -2.71057644e+01  3.46736850e+06 -2.89302293e+00 
 3.54813389e+06 -2.70984183e+01  3.54813389e+06 -2.89787182e+00 
 3.63078055e+06 -2.70906653e+01  3.63078055e+06 -2.90268488e+00 
 3.71535229e+06 -2.70825384e+01  3.71535229e+06 -2.90746554e+00 
 3.80189396e+06 -2.70740710e+01  3.80189396e+06 -2.91221711e+00 
 3.89045145e+06 -2.70652974e+01  3.89045145e+06 -2.91694280e+00 
 3.98107171e+06 -2.70562523e+01  3.98107171e+06 -2.92164570e+00 
 4.07380278e+06 -2.70469712e+01  4.07380278e+06 -2.92632875e+00 
 4.16869383e+06 -2.70374901e+01  4.16869383e+06 -2.93099474e+00 
 4.26579519e+06 -2.70278453e+01  4.26579519e+06 -2.93564633e+00 
 4.36515832e+06 -2.70180739e+01  4.36515832e+06 -2.94028598e+00 
 4.46683592e+06 -2.70082130e+01  4.46683592e+06 -2.94491600e+00 
 4.57088190e+06 -2.69983004e+01  4.57088190e+06 -2.94953849e+00 
 4.67735141e+06 -2.69883738e+01  4.67735141e+06 -2.95415538e+00 
 4.78630092e+06 -2.69784713e+01  4.78630092e+06 -2.95876839e+00 
 4.89778819e+06 -2.69686311e+01  4.89778819e+06 -2.96337905e+00 
 5.01187234e+06 -2.69588913e+01  5.01187234e+06 -2.96798866e+00 
 5.12861384e+06 -2.69492900e+01  5.12861384e+06 -2.97259832e+00 
 5.24807460e+06 -2.69398650e+01  5.24807460e+06 -2.97720890e+00 
 5.37031796e+06 -2.69306539e+01  5.37031796e+06 -2.98182108e+00 
 5.49540874e+06 -2.69216940e+01  5.49540874e+06 -2.98643529e+00 
 5.62341325e+06 -2.69130221e+01  5.62341325e+06 -2.99105174e+00 
 5.75439937e+06 -2.69046743e+01  5.75439937e+06 -2.99567045e+00 
 5.88843655e+06 -2.68966863e+01  5.88843655e+06 -3.00029119e+00 
 6.02559586e+06 -2.68890929e+01  6.02559586e+06 -3.00491352e+00 
 6.16595002e+06 -2.68819280e+01  6.16595002e+06 -3.00953679e+00 
 6.30957344e+06 -2.68752246e+01  6.30957344e+06 -3.01416014e+00 
 6.45654229e+06 -2.68690148e+01  6.45654229e+06 -3.01878251e+00 
 6.60693448e+06 -2.68633295e+01  6.60693448e+06 -3.02340264e+00 
 6.76082975e+06 -2.68581984e+01  6.76082975e+06 -3.02801905e+00 
 6.91830971e+06 -2.68536499e+01  6.91830971e+06 -3.03263011e+00 
 7.07945784e+06 -2.68497111e+01  7.07945784e+06 -3.03723399e+00 
 7.24435960e+06 -2.68464079e+01  7.24435960e+06 -3.04182869e+00 
 7.41310241e+06 -2.68437643e+01  7.41310241e+06 -3.04641204e+00 
 7.58577575e+06 -2.68418030e+01  7.58577575e+06 -3.05098173e+00 
 7.76247117e+06 -2.68405452e+01  7.76247117e+06 -3.05553527e+00 
 7.94328235e+06 -2.68400103e+01  7.94328235e+06 -3.06007007e+00 
 8.12830516e+06 -2.68402160e+01  8.12830516e+06 -3.06458338e+00 
 8.31763771e+06 -2.68411783e+01  8.31763771e+06 -3.06907236e+00 
 8.51138038e+06 -2.68429114e+01  8.51138038e+06 -3.07353402e+00 
 8.70963590e+06 -2.68454277e+01  8.70963590e+06 -3.07796531e+00 
 8.91250938e+06 -2.68487377e+01  8.91250938e+06 -3.08236306e+00 
 9.12010839e+06 -2.68528501e+01  9.12010839e+06 -3.08672405e+00 
 9.33254301e+06 -2.68577716e+01  9.33254301e+06 -3.09104497e+00 
 9.54992586e+06 -2.68635069e+01  9.54992586e+06 -3.09532245e+00 
 9.77237221e+06 -2.68700589e+01  9.77237221e+06 -3.09955309e+00 
 1.00000000e+07 -2.68774285e+01  1.00000000e+07 -3.10373344e+00 
 1.02329299e+07 -2.68856146e+01  1.02329299e+07 -3.10786005e+00 
 1.04712855e+07 -2.68946140e+01  1.04712855e+07 -3.11192943e+00 
 1.07151931e+07 -2.69044216e+01  1.07151931e+07 -3.11593810e+00 
 1.09647820e+07 -2.69150305e+01  1.09647820e+07 -3.11988259e+00 
 1.12201845e+07 -2.69264315e+01  1.12201845e+07 -3.12375946e+00 
 1.14815362e+07 -2.69386137e+01  1.14815362e+07 -3.12756531e+00 
 1.17489755e+07 -2.69515640e+01  1.17489755e+07 -3.13129677e+00 
 1.20226443e+07 -2.69652678e+01  1.20226443e+07 -3.13495054e+00 
 1.23026877e+07 -2.69797081e+01  1.23026877e+07 -3.13852341e+00 
 1.25892541e+07 -2.69948665e+01  1.25892541e+07  3.14117309e+00 
 1.28824955e+07 -2.70107224e+01  1.28824955e+07  3.13777138e+00 
 1.31825674e+07 -2.70272539e+01  1.31825674e+07  3.13445970e+00 
 1.34896288e+07 -2.70444369e+01  1.34896288e+07  3.13124086e+00 
 1.38038426e+07 -2.70622461e+01  1.38038426e+07  3.12811754e+00 
 1.41253754e+07 -2.70806545e+01  1.41253754e+07  3.12509228e+00 
 1.44543977e+07 -2.70996335e+01  1.44543977e+07  3.12216745e+00 
 1.47910839e+07 -2.71191532e+01  1.47910839e+07  3.11934527e+00 
 1.51356125e+07 -2.71391825e+01  1.51356125e+07  3.11662778e+00 
 1.54881662e+07 -2.71596890e+01  1.54881662e+07  3.11401681e+00 
 1.58489319e+07 -2.71806392e+01  1.58489319e+07  3.11151405e+00 
 1.62181010e+07 -2.72019987e+01  1.62181010e+07  3.10912093e+00 
 1.65958691e+07 -2.72237322e+01  1.65958691e+07  3.10683871e+00 
 1.69824365e+07 -2.72458036e+01  1.69824365e+07  3.10466843e+00 
 1.73780083e+07 -2.72681765e+01  1.73780083e+07  3.10261090e+00 
 1.77827941e+07 -2.72908136e+01  1.77827941e+07  3.10066671e+00 
 1.81970086e+07 -2.73136774e+01  1.81970086e+07  3.09883625e+00 
 1.86208714e+07 -2.73367304e+01  1.86208714e+07  3.09711964e+00 
 1.90546072e+07 -2.73599348e+01  1.90546072e+07  3.09551683e+00 
 1.94984460e+07 -2.73832529e+01  1.94984460e+07  3.09402749e+00 
 1.99526231e+07 -2.74066472e+01  1.99526231e+07  3.09265110e+00 
 2.04173794e+07 -2.74300805e+01  2.04173794e+07  3.09138692e+00 
 2.08929613e+07 -2.74535161e+01  2.08929613e+07  3.09023398e+00 
 2.13796209e+07 -2.74769178e+01  2.13796209e+07  3.08919112e+00 
 2.18776162e+07 -2.75002501e+01  2.18776162e+07  3.08825696e+00 
 2.23872114e+07 -2.75234783e+01  2.23872114e+07  3.08742993e+00 
 2.29086765e+07 -2.75465686e+01  2.29086765e+07  3.08670828e+00 
 2.34422882e+07 -2.75694880e+01  2.34422882e+07  3.08609009e+00 
 2.39883292e+07 -2.75922050e+01  2.39883292e+07  3.08557325e+00 
 2.45470892e+07 -2.76146887e+01  2.45470892e+07  3.08515551e+00 
 2.51188643e+07 -2.76369100e+01  2.51188643e+07  3.08483448e+00 
 2.57039578e+07 -2.76588406e+01  2.57039578e+07  3.08460761e+00 
 2.63026799e+07 -2.76804538e+01  2.63026799e+07  3.08447226e+00 
 2.69153480e+07 -2.77017242e+01  2.69153480e+07  3.08442567e+00 
 2.75422870e+07 -2.77226278e+01  2.75422870e+07  3.08446496e+00 
 2.81838293e+07 -2.77431421e+01  2.81838293e+07  3.08458721e+00 
 2.88403150e+07 -2.77632460e+01  2.88403150e+07  3.08478937e+00 
 2.95120923e+07 -2.77829198e+01  2.95120923e+07  3.08506839e+00 
 3.01995172e+07 -2.78021455e+01  3.01995172e+07  3.08542111e+00 
 3.09029543e+07 -2.78209062e+01  3.09029543e+07  3.08584437e+00 
 3.16227766e+07 -2.78391867e+01  3.16227766e+07  3.08633498e+00 
 3.23593657e+07 -2.78569731e+01  3.23593657e+07  3.08688971e+00 
 3.31131121e+07 -2.78742528e+01  3.31131121e+07  3.08750533e+00 
 3.38844156e+07 -2.78910148e+01  3.38844156e+07  3.08817863e+00 
 3.46736850e+07 -2.79072492e+01  3.46736850e+07  3.08890639e+00 
 3.54813389e+07 -2.79229473e+01  3.54813389e+07  3.08968540e+00 
 3.63078055e+07 -2.79381018e+01  3.63078055e+07  3.09051250e+00 
 3.71535229e+07 -2.79527066e+01  3.71535229e+07  3.09138453e+00 
 3.80189396e+07 -2.79667565e+01  3.80189396e+07  3.09229839e+00 
 3.89045145e+07 -2.79802475e+01  3.89045145e+07  3.09325101e+00 
 3.98107171e+07 -2.79931766e+01  3.98107171e+07  3.09423937e+00 
 4.07380278e+07 -2.80055418e+01  4.07380278e+07  3.09526049e+00 
 4.16869383e+07 -2.80173420e+01  4.16869383e+07  3.09631145e+00 
 4.26579519e+07 -2.80285768e+01  4.26579519e+07  3.09738939e+00 
 4.36515832e+07 -2.80392468e+01  4.36515832e+07  3.09849150e+00 
 4.46683592e+07 -2.80493533e+01  4.46683592e+07  3.09961502e+00 
 4.57088190e+07 -2.80588983e+01  4.57088190e+07  3.10075727e+00 
 4.67735141e+07 -2.80678843e+01  4.67735141e+07  3.10191561e+00 
 4.78630092e+07 -2.80763147e+01  4.78630092e+07  3.10308747e+00 
 4.89778819e+07 -2.80841933e+01  4.89778819e+07  3.10427033e+00 
 5.01187234e+07 -2.80915245e+01  5.01187234e+07  3.10546175e+00 
 5.12861384e+07 -2.80983131e+01  5.12861384e+07  3.10665932e+00 
 5.24807460e+07 -2.81045645e+01  5.24807460e+07  3.10786071e+00 
 5.37031796e+07 -2.81102846e+01  5.37031796e+07  3.10906364e+00 
 5.49540874e+07 -2.81154794e+01  5.49540874e+07  3.11026587e+00 
 5.62341325e+07 -2.81201557e+01  5.62341325e+07  3.11146524e+00 
 5.75439937e+07 -2.81243205e+01  5.75439937e+07  3.11265962e+00 
 5.88843655e+07 -2.81279810e+01  5.88843655e+07  3.11384693e+00 
 6.02559586e+07 -2.81311450e+01  6.02559586e+07  3.11502516e+00 
 6.16595002e+07 -2.81338206e+01  6.16595002e+07  3.11619233e+00 
 6.30957344e+07 -2.81360160e+01  6.30957344e+07  3.11734651e+00 
 6.45654229e+07 -2.81377400e+01  6.45654229e+07  3.11848582e+00 
 6.60693448e+07 -2.81390016e+01  6.60693448e+07  3.11960842e+00 
 6.76082975e+07 -2.81398102e+01  6.76082975e+07  3.12071252e+00 
 6.91830971e+07 -2.81401752e+01  6.91830971e+07  3.12179636e+00 
 7.07945784e+07 -2.81401067e+01  7.07945784e+07  3.12285824e+00 
 7.24435960e+07 -2.81396149e+01  7.24435960e+07  3.12389650e+00 
 7.41310241e+07 -2.81387104e+01  7.41310241e+07  3.12490952e+00 
 7.58577575e+07 -2.81374040e+01  7.58577575e+07  3.12589572e+00 
 7.76247117e+07 -2.81357069e+01  7.76247117e+07  3.12685357e+00 
 7.94328235e+07 -2.81336306e+01  7.94328235e+07  3.12778159e+00 
 8.12830516e+07 -2.81311868e+01  8.12830516e+07  3.12867834e+00 
 8.31763771e+07 -2.81283877e+01  8.31763771e+07  3.12954243e+00 
 8.51138038e+07 -2.81252456e+01  8.51138038e+07  3.13037252e+00 
 8.70963590e+07 -2.81217732e+01  8.70963590e+07  3.13116732e+00 
 8.91250938e+07 -2.81179835e+01  8.91250938e+07  3.13192559e+00 
 9.12010839e+07 -2.81138897e+01  9.12010839e+07  3.13264616e+00 
 9.33254301e+07 -2.81095053e+01  9.33254301e+07  3.13332790e+00 
 9.54992586e+07 -2.81048441e+01  9.54992586e+07  3.13396975e+00 
 9.77237221e+07 -2.80999201e+01  9.77237221e+07  3.13457070e+00 
 1.00000000e+08 -2.80947473e+01  1.00000000e+08  3.13512981e+00 
