 1.00000000e+00  7.09502118e-06 
 1.04712855e+00  6.95580412e-06 
 1.09647820e+00  6.81934734e-06 
 1.14815362e+00  6.68559572e-06 
 1.20226443e+00  6.55449525e-06 
 1.25892541e+00  6.42599300e-06 
 1.31825674e+00  6.30003715e-06 
 1.38038426e+00  6.17657689e-06 
 1.44543977e+00  6.05556245e-06 
 1.51356125e+00  5.93694508e-06 
 1.58489319e+00  5.82067701e-06 
 1.65958691e+00  5.70671143e-06 
 1.73780083e+00  5.59500248e-06 
 1.81970086e+00  5.48550522e-06 
 1.90546072e+00  5.37817564e-06 
 1.99526231e+00  5.27297059e-06 
 2.08929613e+00  5.16984781e-06 
 2.18776162e+00  5.06876589e-06 
 2.29086765e+00  4.96968427e-06 
 2.39883292e+00  4.87256317e-06 
 2.51188643e+00  4.77736366e-06 
 2.63026799e+00  4.68404757e-06 
 2.75422870e+00  4.59257750e-06 
 2.88403150e+00  4.50291681e-06 
 3.01995172e+00  4.41502960e-06 
 3.16227766e+00  4.32888070e-06 
 3.31131121e+00  4.24443563e-06 
 3.46736850e+00  4.16166062e-06 
 3.63078055e+00  4.08052258e-06 
 3.80189396e+00  4.00098909e-06 
 3.98107171e+00  3.92302837e-06 
 4.16869383e+00  3.84660929e-06 
 4.36515832e+00  3.77170136e-06 
 4.57088190e+00  3.69827468e-06 
 4.78630092e+00  3.62629996e-06 
 5.01187234e+00  3.55574851e-06 
 5.24807460e+00  3.48659221e-06 
 5.49540874e+00  3.41880351e-06 
 5.75439937e+00  3.35235541e-06 
 6.02559586e+00  3.28722145e-06 
 6.30957344e+00  3.22337572e-06 
 6.60693448e+00  3.16079281e-06 
 6.91830971e+00  3.09944784e-06 
 7.24435960e+00  3.03931642e-06 
 7.58577575e+00  2.98037466e-06 
 7.94328235e+00  2.92259913e-06 
 8.31763771e+00  2.86596690e-06 
 8.70963590e+00  2.81045549e-06 
 9.12010839e+00  2.75604286e-06 
 9.54992586e+00  2.70270743e-06 
 1.00000000e+01  2.65042805e-06 
 1.04712855e+01  2.59918399e-06 
 1.09647820e+01  2.54895494e-06 
 1.14815362e+01  2.49972101e-06 
 1.20226443e+01  2.45146269e-06 
 1.25892541e+01  2.40416088e-06 
 1.31825674e+01  2.35779685e-06 
 1.38038426e+01  2.31235227e-06 
 1.44543977e+01  2.26780915e-06 
 1.51356125e+01  2.22414988e-06 
 1.58489319e+01  2.18135721e-06 
 1.65958691e+01  2.13941422e-06 
 1.73780083e+01  2.09830433e-06 
 1.81970086e+01  2.05801132e-06 
 1.90546072e+01  2.01851927e-06 
 1.99526231e+01  1.97981260e-06 
 2.08929613e+01  1.94187602e-06 
 2.18776162e+01  1.90469458e-06 
 2.29086765e+01  1.86825359e-06 
 2.39883292e+01  1.83253871e-06 
 2.51188643e+01  1.79753583e-06 
 2.63026799e+01  1.76323117e-06 
 2.75422870e+01  1.72961121e-06 
 2.88403150e+01  1.69666271e-06 
 3.01995172e+01  1.66437267e-06 
 3.16227766e+01  1.63272840e-06 
 3.31131121e+01  1.60171742e-06 
 3.46736850e+01  1.57132753e-06 
 3.63078055e+01  1.54154677e-06 
 3.80189396e+01  1.51236342e-06 
 3.98107171e+01  1.48376599e-06 
 4.16869383e+01  1.45574323e-06 
 4.36515832e+01  1.42828411e-06 
 4.57088190e+01  1.40137784e-06 
 4.78630092e+01  1.37501383e-06 
 5.01187234e+01  1.34918171e-06 
 5.24807460e+01  1.32387133e-06 
 5.49540874e+01  1.29907272e-06 
 5.75439937e+01  1.27477613e-06 
 6.02559586e+01  1.25097200e-06 
 6.30957344e+01  1.22765098e-06 
 6.60693448e+01  1.20480389e-06 
 6.91830971e+01  1.18242174e-06 
 7.24435960e+01  1.16049572e-06 
 7.58577575e+01  1.13901721e-06 
 7.94328235e+01  1.11797774e-06 
 8.31763771e+01  1.09736904e-06 
 8.70963590e+01  1.07718299e-06 
 9.12010839e+01  1.05741163e-06 
 9.54992586e+01  1.03804718e-06 
 1.00000000e+02  1.01908199e-06 
 1.04712855e+02  1.00050859e-06 
 1.09647820e+02  9.82319638e-07 
 1.14815362e+02  9.64507960e-07 
 1.20226443e+02  9.47066513e-07 
 1.25892541e+02  9.29988400e-07 
 1.31825674e+02  9.13266860e-07 
 1.38038426e+02  8.96895269e-07 
 1.44543977e+02  8.80867135e-07 
 1.51356125e+02  8.65176095e-07 
 1.58489319e+02  8.49815915e-07 
 1.65958691e+02  8.34780482e-07 
 1.73780083e+02  8.20063805e-07 
 1.81970086e+02  8.05660013e-07 
 1.90546072e+02  7.91563349e-07 
 1.99526231e+02  7.77768171e-07 
 2.08929613e+02  7.64268946e-07 
 2.18776162e+02  7.51060249e-07 
 2.29086765e+02  7.38136763e-07 
 2.39883292e+02  7.25493273e-07 
 2.51188643e+02  7.13124662e-07 
 2.63026799e+02  7.01025916e-07 
 2.75422870e+02  6.89192112e-07 
 2.88403150e+02  6.77618425e-07 
 3.01995172e+02  6.66300119e-07 
 3.16227766e+02  6.55232548e-07 
 3.31131121e+02  6.44411150e-07 
 3.46736850e+02  6.33831451e-07 
 3.63078055e+02  6.23489059e-07 
 3.80189396e+02  6.13379659e-07 
 3.98107171e+02  6.03499019e-07 
 4.16869383e+02  5.93842978e-07 
 4.36515832e+02  5.84407452e-07 
 4.57088190e+02  5.75188430e-07 
 4.78630092e+02  5.66181967e-07 
 5.01187234e+02  5.57384190e-07 
 5.24807460e+02  5.48791290e-07 
 5.49540874e+02  5.40399523e-07 
 5.75439937e+02  5.32205206e-07 
 6.02559586e+02  5.24204719e-07 
 6.30957344e+02  5.16394500e-07 
 6.60693448e+02  5.08771043e-07 
 6.91830971e+02  5.01330899e-07 
 7.24435960e+02  4.94070671e-07 
 7.58577575e+02  4.86987017e-07 
 7.94328235e+02  4.80076643e-07 
 8.31763771e+02  4.73336307e-07 
 8.70963590e+02  4.66762811e-07 
 9.12010839e+02  4.60353006e-07 
 9.54992586e+02  4.54103790e-07 
 1.00000000e+03  4.48012099e-07 
 1.04712855e+03  4.42074918e-07 
 1.09647820e+03  4.36289269e-07 
 1.14815362e+03  4.30652215e-07 
 1.20226443e+03  4.25160860e-07 
 1.25892541e+03  4.19812344e-07 
 1.31825674e+03  4.14603845e-07 
 1.38038426e+03  4.09532579e-07 
 1.44543977e+03  4.04595794e-07 
 1.51356125e+03  3.99790776e-07 
 1.58489319e+03  3.95114843e-07 
 1.65958691e+03  3.90565348e-07 
 1.73780083e+03  3.86139675e-07 
 1.81970086e+03  3.81835241e-07 
 1.90546072e+03  3.77649496e-07 
 1.99526231e+03  3.73579919e-07 
 2.08929613e+03  3.69624021e-07 
 2.18776162e+03  3.65779345e-07 
 2.29086765e+03  3.62043463e-07 
 2.39883292e+03  3.58413976e-07 
 2.51188643e+03  3.54888518e-07 
 2.63026799e+03  3.51464751e-07 
 2.75422870e+03  3.48140367e-07 
 2.88403150e+03  3.44913086e-07 
 3.01995172e+03  3.41780662e-07 
 3.16227766e+03  3.38740875e-07 
 3.31131121e+03  3.35791537e-07 
 3.46736850e+03  3.32930487e-07 
 3.63078055e+03  3.30155598e-07 
 3.80189396e+03  3.27464770e-07 
 3.98107171e+03  3.24855934e-07 
 4.16869383e+03  3.22327052e-07 
 4.36515832e+03  3.19876116e-07 
 4.57088190e+03  3.17501149e-07 
 4.78630092e+03  3.15200204e-07 
 5.01187234e+03  3.12971366e-07 
 5.24807460e+03  3.10812752e-07 
 5.49540874e+03  3.08722507e-07 
 5.75439937e+03  3.06698811e-07 
 6.02559586e+03  3.04739875e-07 
 6.30957344e+03  3.02843939e-07 
 6.60693448e+03  3.01009278e-07 
 6.91830971e+03  2.99234198e-07 
 7.24435960e+03  2.97517037e-07 
 7.58577575e+03  2.95856163e-07 
 7.94328235e+03  2.94249981e-07 
 8.31763771e+03  2.92696923e-07 
 8.70963590e+03  2.91195455e-07 
 9.12010839e+03  2.89744077e-07 
 9.54992586e+03  2.88341317e-07 
 1.00000000e+04  2.86985739e-07 
 1.04712855e+04  2.85675936e-07 
 1.09647820e+04  2.84410534e-07 
 1.14815362e+04  2.83188189e-07 
 1.20226443e+04  2.82007591e-07 
 1.25892541e+04  2.80867458e-07 
 1.31825674e+04  2.79766541e-07 
 1.38038426e+04  2.78703621e-07 
 1.44543977e+04  2.77677508e-07 
 1.51356125e+04  2.76687045e-07 
 1.58489319e+04  2.75731101e-07 
 1.65958691e+04  2.74808577e-07 
 1.73780083e+04  2.73918402e-07 
 1.81970086e+04  2.73059535e-07 
 1.90546072e+04  2.72230960e-07 
 1.99526231e+04  2.71431693e-07 
 2.08929613e+04  2.70660774e-07 
 2.18776162e+04  2.69917271e-07 
 2.29086765e+04  2.69200280e-07 
 2.39883292e+04  2.68508922e-07 
 2.51188643e+04  2.67842343e-07 
 2.63026799e+04  2.67199715e-07 
 2.75422870e+04  2.66580234e-07 
 2.88403150e+04  2.65983123e-07 
 3.01995172e+04  2.65407625e-07 
 3.16227766e+04  2.64853009e-07 
 3.31131121e+04  2.64318567e-07 
 3.46736850e+04  2.63803611e-07 
 3.63078055e+04  2.63307478e-07 
 3.80189396e+04  2.62829525e-07 
 3.98107171e+04  2.62369130e-07 
 4.16869383e+04  2.61925693e-07 
 4.36515832e+04  2.61498633e-07 
 4.57088190e+04  2.61087390e-07 
 4.78630092e+04  2.60691423e-07 
 5.01187234e+04  2.60310210e-07 
 5.24807460e+04  2.59943247e-07 
 5.49540874e+04  2.59590051e-07 
 5.75439937e+04  2.59250154e-07 
 6.02559586e+04  2.58923108e-07 
 6.30957344e+04  2.58608482e-07 
 6.60693448e+04  2.58305862e-07 
 6.91830971e+04  2.58014851e-07 
 7.24435960e+04  2.57735070e-07 
 7.58577575e+04  2.57466154e-07 
 7.94328235e+04  2.57207757e-07 
 8.31763771e+04  2.56959549e-07 
 8.70963590e+04  2.56721216e-07 
 9.12010839e+04  2.56492459e-07 
 9.54992586e+04  2.56272997e-07 
 1.00000000e+05  2.56062565e-07 
 1.04712855e+05  2.55860914e-07 
 1.09647820e+05  2.55667812e-07 
 1.14815362e+05  2.55483043e-07 
 1.20226443e+05  2.55306409e-07 
 1.25892541e+05  2.55137727e-07 
 1.31825674e+05  2.54976835e-07 
 1.38038426e+05  2.54823586e-07 
 1.44543977e+05  2.54677852e-07 
 1.51356125e+05  2.54539527e-07 
 1.58489319e+05  2.54408522e-07 
 1.65958691e+05  2.54284768e-07 
 1.73780083e+05  2.54168220e-07 
 1.81970086e+05  2.54058855e-07 
 1.90546072e+05  2.53956674e-07 
 1.99526231e+05  2.53861698e-07 
 2.08929613e+05  2.53773982e-07 
 2.18776162e+05  2.53693603e-07 
 2.29086765e+05  2.53620673e-07 
 2.39883292e+05  2.53555331e-07 
 2.51188643e+05  2.53497753e-07 
 2.63026799e+05  2.53448149e-07 
 2.75422870e+05  2.53406771e-07 
 2.88403150e+05  2.53373910e-07 
 3.01995172e+05  2.53349903e-07 
 3.16227766e+05  2.53335133e-07 
 3.31131121e+05  2.53330040e-07 
 3.46736850e+05  2.53335115e-07 
 3.63078055e+05  2.53350914e-07 
 3.80189396e+05  2.53378051e-07 
 3.98107171e+05  2.53417216e-07 
 4.16869383e+05  2.53469174e-07 
 4.36515832e+05  2.53534771e-07 
 4.57088190e+05  2.53614935e-07 
 4.78630092e+05  2.53710698e-07 
 5.01187234e+05  2.53823183e-07 
 5.24807460e+05  2.53953627e-07 
 5.49540874e+05  2.54103387e-07 
 5.75439937e+05  2.54273933e-07 
 6.02559586e+05  2.54466878e-07 
 6.30957344e+05  2.54683968e-07 
 6.60693448e+05  2.54927110e-07 
 6.91830971e+05  2.55198365e-07 
 7.24435960e+05  2.55499959e-07 
 7.58577575e+05  2.55834298e-07 
 7.94328235e+05  2.56203975e-07 
 8.31763771e+05  2.56611776e-07 
 8.70963590e+05  2.57060686e-07 
 9.12010839e+05  2.57553898e-07 
 9.54992586e+05  2.58094823e-07 
 1.00000000e+06  2.58687082e-07 
 1.04712855e+06  2.59334515e-07 
 1.09647820e+06  2.60041182e-07 
 1.14815362e+06  2.60811350e-07 
 1.20226443e+06  2.61649504e-07 
 1.25892541e+06  2.62560315e-07 
 1.31825674e+06  2.63548636e-07 
 1.38038426e+06  2.64619485e-07 
 1.44543977e+06  2.65778014e-07 
 1.51356125e+06  2.67029490e-07 
 1.58489319e+06  2.68379233e-07 
 1.65958691e+06  2.69832616e-07 
 1.73780083e+06  2.71394994e-07 
 1.81970086e+06  2.73071659e-07 
 1.90546072e+06  2.74867774e-07 
 1.99526231e+06  2.76788320e-07 
 2.08929613e+06  2.78838052e-07 
 2.18776162e+06  2.81021396e-07 
 2.29086765e+06  2.83342401e-07 
 2.39883292e+06  2.85804679e-07 
 2.51188643e+06  2.88411316e-07 
 2.63026799e+06  2.91164815e-07 
 2.75422870e+06  2.94067044e-07 
 2.88403150e+06  2.97119142e-07 
 3.01995172e+06  3.00321483e-07 
 3.16227766e+06  3.03673593e-07 
 3.31131121e+06  3.07174119e-07 
 3.46736850e+06  3.10820753e-07 
 3.63078055e+06  3.14610172e-07 
 3.80189396e+06  3.18538001e-07 
 3.98107171e+06  3.22598725e-07 
 4.16869383e+06  3.26785682e-07 
 4.36515832e+06  3.31091106e-07 
 4.57088190e+06  3.35505637e-07 
 4.78630092e+06  3.40019001e-07 
 5.01187234e+06  3.44619572e-07 
 5.24807460e+06  3.49294476e-07 
 5.49540874e+06  3.54029692e-07 
 5.75439937e+06  3.58810154e-07 
 6.02559586e+06  3.63619810e-07 
 6.30957344e+06  3.68441910e-07 
 6.60693448e+06  3.73259158e-07 
 6.91830971e+06  3.78053978e-07 
 7.24435960e+06  3.82808724e-07 
 7.58577575e+06  3.87506019e-07 
 7.94328235e+06  3.92128984e-07 
 8.31763771e+06  3.96661537e-07 
 8.70963590e+06  4.01088993e-07 
 9.12010839e+06  4.05396813e-07 
 9.54992586e+06  4.09572983e-07 
 1.00000000e+07  4.13606685e-07 
