 6.00000000e-01  4.68698195e-07  6.00000000e-01  1.69261967e+00 
 6.05000000e-01  5.11761165e-07  6.05000000e-01  1.67686799e+00 
 6.10000000e-01  5.57732720e-07  6.10000000e-01  1.65690920e+00 
 6.15000000e-01  6.06647529e-07  6.15000000e-01  1.62921975e+00 
 6.20000000e-01  6.58378526e-07  6.20000000e-01  1.57774051e+00 
 6.25000000e-01  7.07371463e-07  6.25000000e-01  1.05599420e+00 
 6.30000000e-01  7.64679353e-07  6.30000000e-01  9.86539648e-01 
 6.35000000e-01  8.25690225e-07  6.35000000e-01  9.55706115e-01 
 6.40000000e-01  8.90019256e-07  6.40000000e-01  9.33434307e-01 
 6.45000000e-01  9.57583833e-07  6.45000000e-01  9.14792613e-01 
 6.50000000e-01  1.01957105e-06  6.50000000e-01  8.97883488e-01 
 6.55000000e-01  1.02170079e-06  6.55000000e-01  8.82123063e-01 
 6.60000000e-01  1.02253977e-06  6.60000000e-01  8.66758918e-01 
 6.65000000e-01  1.02234392e-06  6.65000000e-01  8.51356701e-01 
 6.70000000e-01  1.02166561e-06  6.70000000e-01  8.35460811e-01 
 6.75000000e-01  1.03309171e-06  6.75000000e-01  7.32222751e-01 
 6.80000000e-01  1.02975707e-06  6.80000000e-01  6.74597476e-01 
 6.85000000e-01  1.02564948e-06  6.85000000e-01  6.39022986e-01 
 6.90000000e-01  1.02101897e-06  6.90000000e-01  6.05320693e-01 
 6.95000000e-01  1.01595885e-06  6.95000000e-01  5.62363831e-01 
 7.00000000e-01  1.01108229e-06  7.00000000e-01  3.71320051e-01 
 7.05000000e-01  1.01133988e-06  7.05000000e-01  2.27367399e-01 
 7.10000000e-01  1.01142066e-06  7.10000000e-01  1.99059954e-01 
 7.15000000e-01  1.01147784e-06  7.15000000e-01  1.82191483e-01 
 7.20000000e-01  1.01152416e-06  7.20000000e-01  1.69948628e-01 
