 7.00000000e+00 -4.07447770e-08  7.00000000e+00  6.99999999e+00  7.00000000e+00  1.26043009e-08 
 6.95000000e+00 -3.97026077e-08  6.95000000e+00  6.99999999e+00  6.95000000e+00  1.26621747e-08 
 6.90000000e+00 -3.65505556e-08  6.90000000e+00  6.99999999e+00  6.90000000e+00  1.29460554e-08 
 6.85000000e+00 -2.70187665e-08  6.85000000e+00  6.99999999e+00  6.85000000e+00  1.38816993e-08 
 6.80000000e+00  1.80294620e-09  6.80000000e+00  6.99999999e+00  6.80000000e+00  1.65195138e-08 
 6.75000000e+00  8.89376803e-08  6.75000000e+00  6.99999999e+00  6.75000000e+00  2.28663378e-08 
 6.70000000e+00  3.52276725e-07  6.70000000e+00  6.99999999e+00  6.70000000e+00  3.57387237e-08 
 6.65000000e+00  1.14769045e-06  6.65000000e+00  6.99999999e+00  6.65000000e+00  5.79859229e-08 
 6.60000000e+00  3.54786329e-06  6.60000000e+00  6.99999999e+00  6.60000000e+00  9.04150693e-08 
 6.55000000e+00  1.07781028e-05  6.55000000e+00  6.99999999e+00  6.55000000e+00  1.58237383e-07 
 6.50000000e+00  3.24947584e-05  6.50000000e+00  6.99999999e+00  6.50000000e+00  4.42022263e-07 
 6.45000000e+00  9.73987146e-05  6.45000000e+00  6.99999999e+00  6.45000000e+00  1.26144194e-06 
 6.40000000e+00  2.89763914e-04  6.40000000e+00  6.99999999e+00  6.40000000e+00  3.55798746e-06 
 6.35000000e+00  8.52201451e-04  6.35000000e+00  6.99999999e+00  6.35000000e+00  9.81097539e-06 
 6.30000000e+00  2.46221769e-03  6.30000000e+00  6.99999999e+00  6.30000000e+00  2.62550844e-05 
 6.25000000e+00  6.93282875e-03  6.25000000e+00  6.99999999e+00  6.25000000e+00  6.80942439e-05 
 6.20000000e+00  1.88751060e-02  6.20000000e+00  6.99999999e+00  6.20000000e+00  1.70776195e-04 
 6.15000000e+00  4.94440094e-02  6.15000000e+00  6.99999999e+00  6.15000000e+00  4.07073539e-04 
 6.10000000e+00  1.24071458e-01  6.10000000e+00  6.99999999e+00  6.10000000e+00  8.93077411e-04 
 6.05000000e+00  2.93774954e-01  6.05000000e+00  6.99999999e+00  6.05000000e+00  1.75827399e-03 
 6.00000000e+00  6.37569399e-01  6.00000000e+00  6.99999999e+00  6.00000000e+00  3.09431576e-03 
 5.95000000e+00  1.23751153e+00  5.95000000e+00  6.99999999e+00  5.95000000e+00  4.93044515e-03 
 5.90000000e+00  2.14024421e+00  5.90000000e+00  6.99999999e+00  5.90000000e+00  7.24883324e-03 
 5.85000000e+00  3.34417621e+00  5.85000000e+00  6.99999999e+00  5.85000000e+00  1.00129942e-02 
 5.80000000e+00  4.81758105e+00  5.80000000e+00  6.99999999e+00  5.80000000e+00  1.31867882e-02 
 5.75000000e+00  6.52183872e+00  5.75000000e+00  6.99999999e+00  5.75000000e+00  1.67409815e-02 
 5.70000000e+00  8.42392730e+00  5.70000000e+00  6.99999999e+00  5.70000000e+00  2.06527100e-02 
 5.65000000e+00  1.04991255e+01  5.65000000e+00  6.99999999e+00  5.65000000e+00  2.49023552e-02 
 5.60000000e+00  1.27294400e+01  5.60000000e+00  6.99999999e+00  5.60000000e+00  2.94696827e-02 
 5.55000000e+00  1.51012878e+01  5.55000000e+00  6.99999999e+00  5.55000000e+00  3.43293935e-02 
 5.50000000e+00  1.76037001e+01  5.50000000e+00  6.99999999e+00  5.50000000e+00  3.94458335e-02 
 5.45000000e+00  2.02272124e+01  5.45000000e+00  6.99999999e+00  5.45000000e+00  4.47684227e-02 
 5.40000000e+00  2.29632652e+01  5.40000000e+00  6.99999999e+00  5.40000000e+00  5.02338774e-02 
 5.35000000e+00  2.58039142e+01  5.35000000e+00  6.99999999e+00  5.35000000e+00  5.57803297e-02 
 5.30000000e+00  2.87417072e+01  5.30000000e+00  6.99999999e+00  5.30000000e+00  6.13635963e-02 
 5.25000000e+00  3.17696371e+01  5.25000000e+00  6.99999999e+00  5.25000000e+00  6.69611323e-02 
 5.20000000e+00  3.48811268e+01  5.20000000e+00  6.99999999e+00  5.20000000e+00  7.25659132e-02 
 5.15000000e+00  3.80700208e+01  5.15000000e+00  6.99999999e+00  5.15000000e+00  7.81795085e-02 
 5.10000000e+00  4.13305760e+01  5.10000000e+00  6.99999999e+00  5.10000000e+00  8.38078293e-02 
 5.05000000e+00  4.46574479e+01  5.05000000e+00  6.99999999e+00  5.05000000e+00  8.94590541e-02 
 5.00000000e+00  4.80456720e+01  5.00000000e+00  6.99999998e+00  5.00000000e+00  9.51427395e-02 
 4.95000000e+00  5.14906428e+01  4.95000000e+00  6.99999998e+00  4.95000000e+00  1.00869505e-01 
 4.90000000e+00  5.49880904e+01  4.90000000e+00  6.99999998e+00  4.90000000e+00  1.06650999e-01 
 4.85000000e+00  5.85340570e+01  4.85000000e+00  6.99999998e+00  4.85000000e+00  1.12500014e-01 
 4.80000000e+00  6.21248727e+01  4.80000000e+00  6.99999998e+00  4.80000000e+00  1.18430702e-01 
 4.75000000e+00  6.57571335e+01  4.75000000e+00  6.99999998e+00  4.75000000e+00  1.24458878e-01 
 4.70000000e+00  6.94276789e+01  4.70000000e+00  6.99999998e+00  4.70000000e+00  1.30602408e-01 
 4.65000000e+00  7.31335719e+01  4.65000000e+00  6.99999998e+00  4.65000000e+00  1.36881715e-01 
 4.60000000e+00  7.68720798e+01  4.60000000e+00  6.99999998e+00  4.60000000e+00  1.43320425e-01 
 4.55000000e+00  8.06406572e+01  4.55000000e+00  6.99999998e+00  4.55000000e+00  1.49946213e-01 
 4.50000000e+00  8.44369292e+01  4.50000000e+00  6.99999997e+00  4.50000000e+00  1.56791922e-01 
 4.45000000e+00  8.82586774e+01  4.45000000e+00  6.99999997e+00  4.45000000e+00  1.63897067e-01 
 4.40000000e+00  9.21038255e+01  4.40000000e+00  6.99999997e+00  4.40000000e+00  1.71309896e-01 
 4.35000000e+00  9.59704276e+01  4.35000000e+00  6.99999997e+00  4.35000000e+00  1.79090272e-01 
 4.30000000e+00  9.98566562e+01  4.30000000e+00  6.99999996e+00  4.30000000e+00  1.87313792e-01 
 4.25000000e+00  1.03760792e+02  4.25000000e+00  6.99999996e+00  4.25000000e+00  1.96077827e-01 
 4.20000000e+00  1.07681215e+02  4.20000000e+00  6.99999995e+00  4.20000000e+00  2.05510625e-01 
 4.15000000e+00  1.11616394e+02  4.15000000e+00  6.99999994e+00  4.15000000e+00  2.15785462e-01 
 4.10000000e+00  1.15564881e+02  4.10000000e+00  6.99999993e+00  4.10000000e+00  2.27143454e-01 
 4.05000000e+00  1.19525301e+02  4.05000000e+00  6.99999991e+00  4.05000000e+00  2.39931832e-01 
 4.00000000e+00  1.23496347e+02  4.00000000e+00  6.99999989e+00  4.00000000e+00  2.54671087e-01 
 3.95000000e+00  1.27476774e+02  3.95000000e+00  6.99999986e+00  3.95000000e+00  2.72227109e-01 
 3.90000000e+00  1.31465392e+02  3.90000000e+00  6.99999979e+00  3.90000000e+00  2.93912521e-01 
 3.85000000e+00  1.35461060e+02  3.85000000e+00  6.99999966e+00  3.85000000e+00  3.22165502e-01 
 3.80000000e+00  1.39462684e+02  3.80000000e+00  6.99999933e+00  3.80000000e+00  3.61399928e-01 
 3.75000000e+00  1.43469208e+02  3.75000000e+00  6.99999814e+00  3.75000000e+00  4.19343053e-01 
 3.70000000e+00  1.47479616e+02  3.70000000e+00  6.99999137e+00  3.70000000e+00  5.06113329e-01 
 3.65000000e+00  1.51492919e+02  3.65000000e+00  6.99992624e+00  3.65000000e+00  6.26636804e-01 
 3.60000000e+00  1.55508161e+02  3.60000000e+00  6.99887914e+00  3.60000000e+00  7.76457572e-01 
 3.55000000e+00  1.59524406e+02  3.55000000e+00  6.98558633e+00  3.55000000e+00  9.49705922e-01 
 3.50000000e+00  1.63540743e+02  3.50000000e+00  6.94193456e+00  3.50000000e+00  1.14370474e+00 
 3.45000000e+00  1.67556273e+02  3.45000000e+00  6.86834946e+00  3.45000000e+00  1.35746733e+00 
 3.40000000e+00  1.71570074e+02  3.40000000e+00  6.76758154e+00  3.40000000e+00  1.58922051e+00 
 3.35000000e+00  1.75580495e+02  3.35000000e+00  6.64205833e+00  3.35000000e+00  1.83464099e+00 
 3.30000000e+00  1.79564383e+02  3.30000000e+00  6.49420743e+00  3.30000000e+00  2.08543275e+00 
 3.25000000e+00  1.82989788e+02  3.25000000e+00  6.34793126e+00  3.25000000e+00  2.30069731e+00 
 3.20000000e+00  1.84613398e+02  3.20000000e+00  6.27156220e+00  3.20000000e+00  2.40115907e+00 
 3.15000000e+00  1.85356819e+02  3.15000000e+00  6.23486584e+00  3.15000000e+00  2.44664310e+00 
 3.10000000e+00  1.85810457e+02  3.10000000e+00  6.21189445e+00  3.10000000e+00  2.47421450e+00 
 3.05000000e+00  1.86132221e+02  3.05000000e+00  6.19531983e+00  3.05000000e+00  2.49368058e+00 
 3.00000000e+00  1.86380948e+02  3.00000000e+00  6.18234336e+00  3.00000000e+00  2.50867509e+00 
 2.95000000e+00  1.86584080e+02  2.95000000e+00  6.17163838e+00  2.95000000e+00  2.52088642e+00 
 2.90000000e+00  1.86753968e+02  2.90000000e+00  6.16260498e+00  2.90000000e+00  2.53107325e+00 
 2.85000000e+00  1.86900752e+02  2.85000000e+00  6.15474247e+00  2.85000000e+00  2.53985622e+00 
 2.80000000e+00  1.87030005e+02  2.80000000e+00  6.14777416e+00  2.80000000e+00  2.54757578e+00 
 2.75000000e+00  1.87145437e+02  2.75000000e+00  6.14151478e+00  2.75000000e+00  2.55445828e+00 
 2.70000000e+00  1.87249728e+02  2.70000000e+00  6.13582970e+00  2.70000000e+00  2.56066701e+00 
 2.65000000e+00  1.87344859e+02  2.65000000e+00  6.13061895e+00  2.65000000e+00  2.56632245e+00 
 2.60000000e+00  1.87432329e+02  2.60000000e+00  6.12580648e+00  2.60000000e+00  2.57151574e+00 
 2.55000000e+00  1.87513302e+02  2.55000000e+00  6.12133311e+00  2.55000000e+00  2.57631743e+00 
 2.50000000e+00  1.87588696e+02  2.50000000e+00  6.11715190e+00  2.50000000e+00  2.58078322e+00 
 2.45000000e+00  1.87659249e+02  2.45000000e+00  6.11322502e+00  2.45000000e+00  2.58495780e+00 
 2.40000000e+00  1.87725562e+02  2.40000000e+00  6.10952152e+00  2.40000000e+00  2.58887759e+00 
 2.35000000e+00  1.87788133e+02  2.35000000e+00  6.10601576e+00  2.35000000e+00  2.59257262e+00 
 2.30000000e+00  1.87847375e+02  2.30000000e+00  6.10268629e+00  2.30000000e+00  2.59606795e+00 
 2.25000000e+00  1.87903640e+02  2.25000000e+00  6.09951496e+00  2.25000000e+00  2.59938471e+00 
 2.20000000e+00  1.87957225e+02  2.20000000e+00  6.09648629e+00  2.20000000e+00  2.60254085e+00 
 2.15000000e+00  1.88008384e+02  2.15000000e+00  6.09358695e+00  2.15000000e+00  2.60555178e+00 
 2.10000000e+00  1.88057340e+02  2.10000000e+00  6.09080541e+00  2.10000000e+00  2.60843080e+00 
 2.05000000e+00  1.88104283e+02  2.05000000e+00  6.08813163e+00  2.05000000e+00  2.61118948e+00 
 2.00000000e+00  1.88149383e+02  2.00000000e+00  6.08555678e+00  2.00000000e+00  2.61383792e+00 
 1.95000000e+00  1.88192787e+02  1.95000000e+00  6.08307307e+00  1.95000000e+00  2.61638504e+00 
 1.90000000e+00  1.88234625e+02  1.90000000e+00  6.08067363e+00  1.90000000e+00  2.61883870e+00 
 1.85000000e+00  1.88275016e+02  1.85000000e+00  6.07835231e+00  1.85000000e+00  2.62120589e+00 
 1.80000000e+00  1.88314061e+02  1.80000000e+00  6.07610362e+00  1.80000000e+00  2.62349285e+00 
 1.75000000e+00  1.88351855e+02  1.75000000e+00  6.07392263e+00  1.75000000e+00  2.62570517e+00 
 1.70000000e+00  1.88388481e+02  1.70000000e+00  6.07180490e+00  1.70000000e+00  2.62784787e+00 
 1.65000000e+00  1.88424014e+02  1.65000000e+00  6.06974641e+00  1.65000000e+00  2.62992551e+00 
 1.60000000e+00  1.88458525e+02  1.60000000e+00  6.06774352e+00  1.60000000e+00  2.63194218e+00 
 1.55000000e+00  1.88492074e+02  1.55000000e+00  6.06579290e+00  1.55000000e+00  2.63390162e+00 
 1.50000000e+00  1.88524718e+02  1.50000000e+00  6.06389153e+00  1.50000000e+00  2.63580723e+00 
 1.45000000e+00  1.88556510e+02  1.45000000e+00  6.06203664e+00  1.45000000e+00  2.63766213e+00 
 1.40000000e+00  1.88587497e+02  1.40000000e+00  6.06022568e+00  1.40000000e+00  2.63946914e+00 
 1.35000000e+00  1.88617723e+02  1.35000000e+00  6.05845632e+00  1.35000000e+00  2.64123090e+00 
 1.30000000e+00  1.88647227e+02  1.30000000e+00  6.05672640e+00  1.30000000e+00  2.64294981e+00 
 1.25000000e+00  1.88676048e+02  1.25000000e+00  6.05503393e+00  1.25000000e+00  2.64462808e+00 
 1.20000000e+00  1.88704219e+02  1.20000000e+00  6.05337707e+00  1.20000000e+00  2.64626777e+00 
 1.15000000e+00  1.88731772e+02  1.15000000e+00  6.05175409e+00  1.15000000e+00  2.64787078e+00 
 1.10000000e+00  1.88758737e+02  1.10000000e+00  6.05016343e+00  1.10000000e+00  2.64943886e+00 
 1.05000000e+00  1.88785141e+02  1.05000000e+00  6.04860359e+00  1.05000000e+00  2.65097367e+00 
 1.00000000e+00  1.88811010e+02  1.00000000e+00  6.04707319e+00  1.00000000e+00  2.65247672e+00 
 9.50000000e-01  1.88836367e+02  9.50000000e-01  6.04557096e+00  9.50000000e-01  2.65394944e+00 
 9.00000000e-01  1.88861235e+02  9.00000000e-01  6.04409568e+00  9.00000000e-01  2.65539315e+00 
 8.50000000e-01  1.88885635e+02  8.50000000e-01  6.04264623e+00  8.50000000e-01  2.65680911e+00 
 8.00000000e-01  1.88909586e+02  8.00000000e-01  6.04122154e+00  8.00000000e-01  2.65819848e+00 
 7.50000000e-01  1.88933107e+02  7.50000000e-01  6.03982063e+00  7.50000000e-01  2.65956235e+00 
 7.00000000e-01  1.88956215e+02  7.00000000e-01  6.03844255e+00  7.00000000e-01  2.66090174e+00 
 6.50000000e-01  1.88978925e+02  6.50000000e-01  6.03708644e+00  6.50000000e-01  2.66221763e+00 
 6.00000000e-01  1.89001254e+02  6.00000000e-01  6.03575145e+00  6.00000000e-01  2.66351092e+00 
 5.50000000e-01  1.89023216e+02  5.50000000e-01  6.03443680e+00  5.50000000e-01  2.66478248e+00 
 5.00000000e-01  1.89044824e+02  5.00000000e-01  6.03314176e+00  5.00000000e-01  2.66603311e+00 
 4.50000000e-01  1.89066092e+02  4.50000000e-01  6.03186562e+00  4.50000000e-01  2.66726357e+00 
 4.00000000e-01  1.89087030e+02  4.00000000e-01  6.03060772e+00  4.00000000e-01  2.66847460e+00 
 3.50000000e-01  1.89107652e+02  3.50000000e-01  6.02936743e+00  3.50000000e-01  2.66966687e+00 
 3.00000000e-01  1.89127967e+02  3.00000000e-01  6.02814415e+00  3.00000000e-01  2.67084104e+00 
 2.50000000e-01  1.89147987e+02  2.50000000e-01  6.02693733e+00  2.50000000e-01  2.67199772e+00 
 2.00000000e-01  1.89167721e+02  2.00000000e-01  6.02574641e+00  2.00000000e-01  2.67313749e+00 
 1.50000000e-01  1.89187178e+02  1.50000000e-01  6.02457090e+00  1.50000000e-01  2.67426092e+00 
 1.00000000e-01  1.89206367e+02  1.00000000e-01  6.02341029e+00  1.00000000e-01  2.67536854e+00 
 5.00000000e-02  1.89225297e+02  5.00000000e-02  6.02226414e+00  5.00000000e-02  2.67646083e+00 
 1.65006897e-14  1.89243976e+02  1.65006897e-14  6.02113198e+00  1.65006897e-14  2.67753829e+00 
