 7.00000000e+00 -4.07448325e-11 
 6.95000000e+00 -3.97026096e-11 
 6.90000000e+00 -3.65504784e-11 
 6.85000000e+00 -2.70188570e-11 
 6.80000000e+00  1.80308383e-12 
 6.75000000e+00  8.89376643e-11 
 6.70000000e+00  3.52276971e-10 
 6.65000000e+00  1.14769112e-09 
 6.60000000e+00  3.54786555e-09 
 6.55000000e+00  1.07781108e-08 
 6.50000000e+00  3.24947847e-08 
 6.45000000e+00  9.73988003e-08 
 6.40000000e+00  2.89764189e-07 
 6.35000000e+00  8.52202313e-07 
 6.30000000e+00  2.46222031e-06 
 6.25000000e+00  6.93283642e-06 
 6.20000000e+00  1.88751275e-05 
 6.15000000e+00  4.94440666e-05 
 6.10000000e+00  1.24071602e-04 
 6.05000000e+00  2.93775285e-04 
 6.00000000e+00  6.37570061e-04 
 5.95000000e+00  1.23751266e-03 
 5.90000000e+00  2.14024588e-03 
 5.85000000e+00  3.34417843e-03 
 5.80000000e+00  4.81758379e-03 
 5.75000000e+00  6.52184196e-03 
 5.70000000e+00  8.42393102e-03 
 5.65000000e+00  1.04991296e-02 
 5.60000000e+00  1.27294446e-02 
 5.55000000e+00  1.51012928e-02 
 5.50000000e+00  1.76037056e-02 
 5.45000000e+00  2.02272184e-02 
 5.40000000e+00  2.29632715e-02 
 5.35000000e+00  2.58039206e-02 
 5.30000000e+00  2.87417077e-02 
 5.25000000e+00  3.17695399e-02 
 5.20000000e+00  3.48796309e-02 
 5.15000000e+00  3.80512814e-02 
 5.10000000e+00  4.11543209e-02 
 5.05000000e+00  4.37115936e-02 
 5.00000000e+00  4.54530021e-02 
 4.95000000e+00  4.66899209e-02 
 4.90000000e+00  4.76646597e-02 
 4.85000000e+00  4.84895713e-02 
 4.80000000e+00  4.92197319e-02 
 4.75000000e+00  4.98835185e-02 
 4.70000000e+00  5.04996833e-02 
 4.65000000e+00  5.10793903e-02 
 4.60000000e+00  5.16301668e-02 
 4.55000000e+00  5.21573213e-02 
 4.50000000e+00  5.26647141e-02 
 4.45000000e+00  5.31552317e-02 
 4.40000000e+00  5.36310849e-02 
 4.35000000e+00  5.40940032e-02 
 4.30000000e+00  5.45453658e-02 
 4.25000000e+00  5.49862906e-02 
 4.20000000e+00  5.54176987e-02 
 4.15000000e+00  5.58403595e-02 
 4.10000000e+00  5.62549242e-02 
 4.05000000e+00  5.66619505e-02 
 4.00000000e+00  5.70619217e-02 
 3.95000000e+00  5.74552603e-02 
 3.90000000e+00  5.78423393e-02 
 3.85000000e+00  5.82234909e-02 
 3.80000000e+00  5.85990128e-02 
 3.75000000e+00  5.89691738e-02 
 3.70000000e+00  5.93342184e-02 
 3.65000000e+00  5.96943695e-02 
 3.60000000e+00  6.00498318e-02 
 3.55000000e+00  6.04007943e-02 
 3.50000000e+00  6.07474314e-02 
 3.45000000e+00  6.10899055e-02 
 3.40000000e+00  6.14283677e-02 
 3.35000000e+00  6.17629593e-02 
 3.30000000e+00  6.20938125e-02 
 3.25000000e+00  6.24210516e-02 
 3.20000000e+00  6.27447934e-02 
 3.15000000e+00  6.30651482e-02 
 3.10000000e+00  6.33822200e-02 
 3.05000000e+00  6.36961073e-02 
 3.00000000e+00  6.40069034e-02 
 2.95000000e+00  6.43146968e-02 
 2.90000000e+00  6.46195715e-02 
 2.85000000e+00  6.49216077e-02 
 2.80000000e+00  6.52208813e-02 
 2.75000000e+00  6.55174650e-02 
 2.70000000e+00  6.58114281e-02 
 2.65000000e+00  6.61028367e-02 
 2.60000000e+00  6.63917542e-02 
 2.55000000e+00  6.66782410e-02 
 2.50000000e+00  6.69623551e-02 
 2.45000000e+00  6.72441521e-02 
 2.40000000e+00  6.75236852e-02 
 2.35000000e+00  6.78010057e-02 
 2.30000000e+00  6.80761626e-02 
 2.25000000e+00  6.83492033e-02 
 2.20000000e+00  6.86201730e-02 
 2.15000000e+00  6.88891156e-02 
 2.10000000e+00  6.91560732e-02 
 2.05000000e+00  6.94210863e-02 
 2.00000000e+00  6.96841942e-02 
 1.95000000e+00  6.99454344e-02 
 1.90000000e+00  7.02048436e-02 
 1.85000000e+00  7.04624568e-02 
 1.80000000e+00  7.07183082e-02 
 1.75000000e+00  7.09724306e-02 
 1.70000000e+00  7.12248558e-02 
 1.65000000e+00  7.14756146e-02 
 1.60000000e+00  7.17247368e-02 
 1.55000000e+00  7.19722514e-02 
 1.50000000e+00  7.22181864e-02 
 1.45000000e+00  7.24625688e-02 
 1.40000000e+00  7.27054250e-02 
 1.35000000e+00  7.29467806e-02 
 1.30000000e+00  7.31866604e-02 
 1.25000000e+00  7.34250885e-02 
 1.20000000e+00  7.36620883e-02 
 1.15000000e+00  7.38976826e-02 
 1.10000000e+00  7.41318935e-02 
 1.05000000e+00  7.43647425e-02 
 1.00000000e+00  7.45962507e-02 
 9.50000000e-01  7.48264384e-02 
 9.00000000e-01  7.50553254e-02 
 8.50000000e-01  7.52829313e-02 
 8.00000000e-01  7.55092747e-02 
 7.50000000e-01  7.57343741e-02 
 7.00000000e-01  7.59582474e-02 
 6.50000000e-01  7.61809122e-02 
 6.00000000e-01  7.64023855e-02 
 5.50000000e-01  7.66226839e-02 
 5.00000000e-01  7.68418238e-02 
 4.50000000e-01  7.70598209e-02 
 4.00000000e-01  7.72766909e-02 
 3.50000000e-01  7.74924489e-02 
 3.00000000e-01  7.77071098e-02 
 2.50000000e-01  7.79206879e-02 
 2.00000000e-01  7.81331976e-02 
 1.50000000e-01  7.83446526e-02 
 1.00000000e-01  7.85550666e-02 
 5.00000000e-02  7.87644529e-02 
 1.65006897e-14  7.89728243e-02 
