 5.00000000e-10  4.39672755e+00  5.00000000e-10  7.43196390e+00  5.00000000e-10  2.37402408e-01 
 5.38161230e-10  4.38831420e+00  5.38161230e-10  7.39227638e+00  5.38161230e-10  1.79487919e-01 
 6.14483689e-10  4.37151955e+00  6.14483689e-10  7.31317488e+00  6.14483689e-10  2.47838746e-01 
 7.67128607e-10  4.33811211e+00  7.67128607e-10  7.16517801e+00  7.67128607e-10  2.48876149e+00 
 9.20631218e-10  4.30481959e+00  9.20631218e-10  7.04337665e+00  9.20631218e-10  3.95001097e+00 
 1.14320820e-09  4.25710045e+00  1.14320820e-09  6.93315996e+00  1.14320820e-09  4.23301259e+00 
 1.39784346e-09  4.20327968e+00  1.39784346e-09  6.89838314e+00  1.39784346e-09  4.24879836e+00 
 1.68065832e-09  4.14433532e+00  1.68065832e-09  6.88840974e+00  1.68065832e-09  4.16414995e+00 
 1.98418352e-09  4.08200035e+00  1.98418352e-09  6.88514490e+00  1.98418352e-09  4.08756899e+00 
 2.59123391e-09  3.96012069e+00  2.59123391e-09  6.88381145e+00  2.59123391e-09  3.96152113e+00 
 3.80533469e-09  3.72706306e+00  3.80533469e-09  6.88478671e+00  3.80533469e-09  3.71846925e+00 
 6.23353626e-09  3.30048344e+00  6.23353626e-09  6.88613615e+00  6.23353626e-09  3.21593961e+00 
 1.10899394e-08  2.58331514e+00  1.10899394e-08  6.88632520e+00  1.10899394e-08  5.32808464e-02 
 1.66791092e-08  1.94247584e+00  1.66791092e-08  6.88463295e+00  1.66791092e-08 -1.76023596e-03 
 2.24339471e-08  1.44494216e+00  2.24339471e-08  6.88129727e+00  2.24339471e-08  4.84247398e-04 
 2.94035090e-08  1.00560176e+00  2.94035090e-08  6.87597960e+00  2.94035090e-08  4.89408483e-04 
 4.33426328e-08  4.61430012e-01  4.33426328e-08  6.85993686e+00  4.33426328e-08  3.44495752e-04 
 5.00000000e-08  3.18043501e-01  5.00000000e-08  6.84891375e+00  5.00000000e-08  3.01546257e-04 
 5.14383426e-08  2.96731522e-01  5.14383426e-08  6.84618875e+00  5.14383426e-08  2.93506383e-04 
 5.43150279e-08  2.57489126e-01  5.43150279e-08  6.84030750e+00  5.43150279e-08  2.79261999e-04 
 6.00683985e-08  1.92849377e-01  6.00683985e-08  6.82642034e+00  6.00683985e-08  2.54597196e-04 
 7.15751395e-08  1.04939213e-01  7.15751395e-08  6.78552250e+00  7.15751395e-08  2.22128134e-04 
 7.44518248e-08  9.17489815e-02  7.44518248e-08  6.77104732e+00  7.44518248e-08  2.18261657e-04 
 8.02051954e-08  6.92370605e-02  8.02051954e-08  6.73092505e+00  8.02051954e-08  2.29378597e-04 
 8.12035287e-08  6.59412852e-02  8.12035287e-08  6.72146563e+00  8.12035287e-08  2.36926397e-04 
 8.32001955e-08  5.97180287e-02  8.32001955e-08  6.69878011e+00  8.32001955e-08  2.60685985e-04 
 8.71935290e-08  4.88062603e-02  8.71935290e-08  6.58871695e+00  8.71935290e-08  4.89537809e-04 
 9.24047499e-08  3.76206148e-02  9.24047499e-08  6.86395624e+00  9.24047499e-08 -5.46179389e-01 
 9.64520850e-08  3.06817482e-02  9.64520850e-08  6.91163364e+00  9.64520850e-08  6.35015596e-01 
 9.93101735e-08  2.65585163e-02  9.93101735e-08  6.90975889e+00  9.93101735e-08  6.32034309e-01 
 1.02068319e-07  2.31130069e-02  1.02068319e-07  6.90778218e+00  1.02068319e-07  5.76888112e-01 
 1.07584609e-07  1.74718416e-02  1.07584609e-07  6.90744792e+00  1.07584609e-07  5.05761391e-01 
 1.18617190e-07  9.74198659e-03  1.18617190e-07  6.90758938e+00  1.18617190e-07  4.30550623e-01 
 1.37060405e-07  3.04705819e-03  1.37060405e-07  6.90763763e+00  1.37060405e-07  3.71746382e-01 
 1.52071277e-07  8.98686082e-04  1.52071277e-07  6.90764481e+00  1.52071277e-07  3.54637703e-01 
 1.62729814e-07  3.30106315e-04  1.62729814e-07  6.90764682e+00  1.62729814e-07  3.49624755e-01 
 1.71037963e-07  1.53284504e-04  1.71037963e-07  6.90764751e+00  1.71037963e-07  3.47377182e-01 
 1.78960571e-07  7.91478082e-05  1.78960571e-07  6.90764781e+00  1.78960571e-07  3.45734380e-01 
 1.88219973e-07  3.94525371e-05  1.88219973e-07  6.90764796e+00  1.88219973e-07  3.44036952e-01 
 1.97055104e-07  2.27490973e-05  1.97055104e-07  6.90764803e+00  1.97055104e-07  3.42524876e-01 
 2.08994855e-07  1.28106854e-05  2.08994855e-07  6.90764807e+00  2.08994855e-07  3.40574337e-01 
 2.24584820e-07  8.18549042e-06  2.24584820e-07  6.90764809e+00  2.24584820e-07  3.38145413e-01 
 2.48742042e-07  6.69442762e-06  2.48742042e-07  6.90764809e+00  2.48742042e-07  3.34595555e-01 
 2.84008117e-07  7.16082067e-06  2.84008117e-07  6.90764809e+00  2.84008117e-07  3.29799115e-01 
 3.34008117e-07  7.96130629e-06  3.34008117e-07  6.90764809e+00  3.34008117e-07  3.23627984e-01 
 3.84008117e-07  8.28129670e-06  3.84008117e-07  6.90764809e+00  3.84008117e-07  3.18053002e-01 
 4.34008117e-07  8.34059591e-06  4.34008117e-07  6.90764809e+00  4.34008117e-07  3.12956592e-01 
 4.84008117e-07  8.32968519e-06  4.84008117e-07  6.90764809e+00  4.84008117e-07  3.08248163e-01 
 5.34008117e-07  8.31635143e-06  5.34008117e-07  6.90764809e+00  5.34008117e-07  3.03859143e-01 
 5.84008117e-07  8.31066292e-06  5.84008117e-07  6.90764809e+00  5.84008117e-07  2.99737293e-01 
 6.34008117e-07  8.30916112e-06  6.34008117e-07  6.90764809e+00  6.34008117e-07  2.95842216e-01 
 6.84008117e-07  8.30884380e-06  6.84008117e-07  6.90764809e+00  6.84008117e-07  2.92142124e-01 
 7.34008117e-07  8.30863238e-06  7.34008117e-07  6.90764809e+00  7.34008117e-07  2.88611584e-01 
 7.84008117e-07  8.30835598e-06  7.84008117e-07  6.90764809e+00  7.84008117e-07  2.85229934e-01 
 8.34008117e-07  8.30805881e-06  8.34008117e-07  6.90764809e+00  8.34008117e-07  2.81980159e-01 
 8.84008117e-07  8.30778026e-06  8.84008117e-07  6.90764809e+00  8.84008117e-07  2.78848082e-01 
 9.34008117e-07  8.30753129e-06  9.34008117e-07  6.90764809e+00  9.34008117e-07  2.75821765e-01 
 9.84008117e-07  8.30730981e-06  9.84008117e-07  6.90764809e+00  9.84008117e-07  2.72891062e-01 
 1.03400812e-06  8.30711129e-06  1.03400812e-06  6.90764809e+00  1.03400812e-06  2.70047282e-01 
 1.08400812e-06  8.30693196e-06  1.08400812e-06  6.90764809e+00  1.08400812e-06  2.67282920e-01 
 1.13400812e-06  8.30676905e-06  1.13400812e-06  6.90764809e+00  1.13400812e-06  2.64591457e-01 
 1.18400812e-06  8.30662042e-06  1.18400812e-06  6.90764809e+00  1.18400812e-06  2.61967191e-01 
 1.23400812e-06  8.30648433e-06  1.23400812e-06  6.90764809e+00  1.23400812e-06  2.59405113e-01 
 1.28400812e-06  8.30635930e-06  1.28400812e-06  6.90764809e+00  1.28400812e-06  2.56900796e-01 
 1.33400812e-06  8.30624406e-06  1.33400812e-06  6.90764809e+00  1.33400812e-06  2.54450312e-01 
 1.38400812e-06  8.30613754e-06  1.38400812e-06  6.90764809e+00  1.38400812e-06  2.52050159e-01 
 1.43400812e-06  8.30603879e-06  1.43400812e-06  6.90764809e+00  1.43400812e-06  2.49697204e-01 
 1.48400812e-06  8.30594700e-06  1.48400812e-06  6.90764809e+00  1.48400812e-06  2.47388634e-01 
 1.53400812e-06  8.30586147e-06  1.53400812e-06  6.90764809e+00  1.53400812e-06  2.45121912e-01 
 1.58400812e-06  8.30578159e-06  1.58400812e-06  6.90764809e+00  1.58400812e-06  2.42894745e-01 
 1.63400812e-06  8.30570681e-06  1.63400812e-06  6.90764809e+00  1.63400812e-06  2.40705056e-01 
 1.68400812e-06  8.30563665e-06  1.68400812e-06  6.90764809e+00  1.68400812e-06  2.38550953e-01 
 1.73400812e-06  8.30557070e-06  1.73400812e-06  6.90764809e+00  1.73400812e-06  2.36430714e-01 
 1.78400812e-06  8.30550858e-06  1.78400812e-06  6.90764809e+00  1.78400812e-06  2.34342762e-01 
 1.83400812e-06  8.30544995e-06  1.83400812e-06  6.90764809e+00  1.83400812e-06  2.32285655e-01 
 1.88400812e-06  8.30539454e-06  1.88400812e-06  6.90764809e+00  1.88400812e-06  2.30258066e-01 
 1.93400812e-06  8.30534206e-06  1.93400812e-06  6.90764809e+00  1.93400812e-06  2.28258776e-01 
 1.98400812e-06  8.30529228e-06  1.98400812e-06  6.90764809e+00  1.98400812e-06  2.26286659e-01 
 2.03400812e-06  8.30524498e-06  2.03400812e-06  6.90764809e+00  2.03400812e-06  2.24340677e-01 
 2.08400812e-06  8.30519998e-06  2.08400812e-06  6.90764809e+00  2.08400812e-06  2.22419866e-01 
 2.13400812e-06  8.30515710e-06  2.13400812e-06  6.90764809e+00  2.13400812e-06  2.20523334e-01 
 2.18400812e-06  8.30511618e-06  2.18400812e-06  6.90764809e+00  2.18400812e-06  2.18650251e-01 
 2.23400812e-06  8.30507707e-06  2.23400812e-06  6.90764809e+00  2.23400812e-06  2.16799846e-01 
 2.28400812e-06  8.30503965e-06  2.28400812e-06  6.90764809e+00  2.28400812e-06  2.14971397e-01 
 2.33400812e-06  8.30500380e-06  2.33400812e-06  6.90764809e+00  2.33400812e-06  2.13164234e-01 
 2.38400812e-06  8.30496941e-06  2.38400812e-06  6.90764809e+00  2.38400812e-06  2.11377727e-01 
 2.43400812e-06  8.30493638e-06  2.43400812e-06  6.90764809e+00  2.43400812e-06  2.09611289e-01 
 2.48400812e-06  8.30490462e-06  2.48400812e-06  6.90764809e+00  2.48400812e-06  2.07864365e-01 
 2.53400812e-06  8.30487405e-06  2.53400812e-06  6.90764809e+00  2.53400812e-06  2.06136438e-01 
 2.58400812e-06  8.30484459e-06  2.58400812e-06  6.90764809e+00  2.58400812e-06  2.04427019e-01 
 2.63400812e-06  8.30481617e-06  2.63400812e-06  6.90764809e+00  2.63400812e-06  2.02735649e-01 
 2.68400812e-06  8.30478873e-06  2.68400812e-06  6.90764809e+00  2.68400812e-06  2.01061893e-01 
 2.73400812e-06  8.30476220e-06  2.73400812e-06  6.90764809e+00  2.73400812e-06  1.99405343e-01 
 2.78400812e-06  8.30473654e-06  2.78400812e-06  6.90764809e+00  2.78400812e-06  1.97765610e-01 
 2.83400812e-06  8.30471168e-06  2.83400812e-06  6.90764809e+00  2.83400812e-06  1.96142328e-01 
 2.88400812e-06  8.30468759e-06  2.88400812e-06  6.90764809e+00  2.88400812e-06  1.94535148e-01 
 2.93400812e-06  8.30466422e-06  2.93400812e-06  6.90764809e+00  2.93400812e-06  1.92943741e-01 
 2.98400812e-06  8.30464153e-06  2.98400812e-06  6.90764809e+00  2.98400812e-06  1.91367792e-01 
 3.03400812e-06  8.30461948e-06  3.03400812e-06  6.90764809e+00  3.03400812e-06  1.89807004e-01 
 3.08400812e-06  8.30459805e-06  3.08400812e-06  6.90764809e+00  3.08400812e-06  1.88261090e-01 
 3.13400812e-06  8.30457718e-06  3.13400812e-06  6.90764809e+00  3.13400812e-06  1.86729780e-01 
 3.18400812e-06  8.30455687e-06  3.18400812e-06  6.90764809e+00  3.18400812e-06  1.85212814e-01 
 3.23400812e-06  8.30453707e-06  3.23400812e-06  6.90764809e+00  3.23400812e-06  1.83709946e-01 
 3.28400812e-06  8.30451776e-06  3.28400812e-06  6.90764809e+00  3.28400812e-06  1.82220936e-01 
 3.33400812e-06  8.30449892e-06  3.33400812e-06  6.90764809e+00  3.33400812e-06  1.80745559e-01 
 3.38400812e-06  8.30448052e-06  3.38400812e-06  6.90764809e+00  3.38400812e-06  1.79283597e-01 
 3.43400812e-06  8.30446254e-06  3.43400812e-06  6.90764809e+00  3.43400812e-06  1.77834840e-01 
 3.48400812e-06  8.30444497e-06  3.48400812e-06  6.90764809e+00  3.48400812e-06  1.76399087e-01 
 3.53400812e-06  8.30442779e-06  3.53400812e-06  6.90764809e+00  3.53400812e-06  1.74976146e-01 
 3.58400812e-06  8.30441097e-06  3.58400812e-06  6.90764809e+00  3.58400812e-06  1.73565829e-01 
 3.63400812e-06  8.30439450e-06  3.63400812e-06  6.90764809e+00  3.63400812e-06  1.72167958e-01 
 3.68400812e-06  8.30437836e-06  3.68400812e-06  6.90764809e+00  3.68400812e-06  1.70782358e-01 
 3.73400812e-06  8.30436255e-06  3.73400812e-06  6.90764809e+00  3.73400812e-06  1.69408864e-01 
 3.78400812e-06  8.30434704e-06  3.78400812e-06  6.90764809e+00  3.78400812e-06  1.68047314e-01 
 3.83400812e-06  8.30433183e-06  3.83400812e-06  6.90764809e+00  3.83400812e-06  1.66697551e-01 
 3.88400812e-06  8.30431690e-06  3.88400812e-06  6.90764809e+00  3.88400812e-06  1.65359424e-01 
 3.93400812e-06  8.30430224e-06  3.93400812e-06  6.90764809e+00  3.93400812e-06  1.64032786e-01 
 3.98400812e-06  8.30428784e-06  3.98400812e-06  6.90764809e+00  3.98400812e-06  1.62717496e-01 
 4.03400812e-06  8.30427369e-06  4.03400812e-06  6.90764809e+00  4.03400812e-06  1.61413415e-01 
 4.08400812e-06  8.30425978e-06  4.08400812e-06  6.90764809e+00  4.08400812e-06  1.60120409e-01 
 4.13400812e-06  8.30424611e-06  4.13400812e-06  6.90764809e+00  4.13400812e-06  1.58838348e-01 
 4.18400812e-06  8.30423266e-06  4.18400812e-06  6.90764809e+00  4.18400812e-06  1.57567105e-01 
 4.23400812e-06  8.30421942e-06  4.23400812e-06  6.90764809e+00  4.23400812e-06  1.56306557e-01 
 4.28400812e-06  8.30420639e-06  4.28400812e-06  6.90764809e+00  4.28400812e-06  1.55056583e-01 
 4.33400812e-06  8.30419356e-06  4.33400812e-06  6.90764809e+00  4.33400812e-06  1.53817067e-01 
 4.38400812e-06  8.30418093e-06  4.38400812e-06  6.90764809e+00  4.38400812e-06  1.52587894e-01 
 4.43400812e-06  8.30416848e-06  4.43400812e-06  6.90764809e+00  4.43400812e-06  1.51368953e-01 
 4.48400812e-06  8.30415621e-06  4.48400812e-06  6.90764809e+00  4.48400812e-06  1.50160134e-01 
 4.53400812e-06  8.30414413e-06  4.53400812e-06  6.90764809e+00  4.53400812e-06  1.48961332e-01 
 4.58400812e-06  8.30413221e-06  4.58400812e-06  6.90764809e+00  4.58400812e-06  1.47772441e-01 
 4.63400812e-06  8.30412045e-06  4.63400812e-06  6.90764809e+00  4.63400812e-06  1.46593361e-01 
 4.68400812e-06  8.30410886e-06  4.68400812e-06  6.90764809e+00  4.68400812e-06  1.45423991e-01 
 4.73400812e-06  8.30409742e-06  4.73400812e-06  6.90764809e+00  4.73400812e-06  1.44264234e-01 
 4.78400812e-06  8.30408613e-06  4.78400812e-06  6.90764809e+00  4.78400812e-06  1.43113993e-01 
 4.83400812e-06  8.30407499e-06  4.83400812e-06  6.90764809e+00  4.83400812e-06  1.41973176e-01 
 4.88400812e-06  8.30406399e-06  4.88400812e-06  6.90764809e+00  4.88400812e-06  1.40841690e-01 
 4.93400812e-06  8.30405313e-06  4.93400812e-06  6.90764809e+00  4.93400812e-06  1.39719445e-01 
 4.98400812e-06  8.30404241e-06  4.98400812e-06  6.90764809e+00  4.98400812e-06  1.38606351e-01 
 4.99000000e-06  8.30404113e-06  4.99000000e-06  6.90764809e+00  4.99000000e-06  1.38473574e-01 
 4.99100000e-06  1.31460513e-06  4.99100000e-06  6.90068746e+00  4.99100000e-06  1.38369816e-01 
 4.99300000e-06 -1.56505819e-05  4.99300000e-06  6.88299687e+00  4.99300000e-06  1.38281644e-01 
 4.99700000e-06 -4.76980791e-05  4.99700000e-06  6.84515189e+00  4.99700000e-06  1.38193604e-01 
 5.00000000e-06 -6.83763953e-05  5.00000000e-06  6.81651372e+00  5.00000000e-06  1.38129843e-01 
 5.00048907e-06 -6.85554192e-05  5.00048907e-06  6.81460290e+00  5.00048907e-06  1.38181868e-01 
 5.00146720e-06 -6.64021392e-05  5.00146720e-06  6.81320406e+00  5.00146720e-06  1.38215575e-01 
 5.00342347e-06 -5.97663720e-05  5.00342347e-06  6.81301166e+00  5.00342347e-06  1.38181491e-01 
 5.00711346e-06 -4.82564004e-05  5.00711346e-06  6.81322396e+00  5.00711346e-06  1.38092354e-01 
 5.01321399e-06 -3.34012560e-05  5.01321399e-06  6.81328453e+00  5.01321399e-06  1.37956514e-01 
 5.02541506e-06 -1.38583682e-05  5.02541506e-06  6.81328020e+00  5.02541506e-06  1.37689489e-01 
 5.04955887e-06  3.95940989e-06  5.04955887e-06  6.81327767e+00  5.04955887e-06  1.37160560e-01 
 5.07477834e-06  8.88659777e-06  5.07477834e-06  6.81327765e+00  5.07477834e-06  1.36608965e-01 
 5.11357309e-06  9.28624513e-06  5.11357309e-06  6.81327767e+00  5.11357309e-06  1.35764229e-01 
 5.16057292e-06  8.12515458e-06  5.16057292e-06  6.81327767e+00  5.16057292e-06  1.34747808e-01 
 5.21057292e-06  7.41960985e-06  5.21057292e-06  6.81327767e+00  5.21057292e-06  1.33675051e-01 
 5.26057292e-06  7.22311813e-06  5.26057292e-06  6.81327767e+00  5.26057292e-06  1.32611024e-01 
 5.31057292e-06  7.21305089e-06  5.31057292e-06  6.81327767e+00  5.31057292e-06  1.31555622e-01 
 5.36057292e-06  7.23258874e-06  5.36057292e-06  6.81327767e+00  5.36057292e-06  1.30508753e-01 
 5.41057292e-06  7.24361913e-06  5.41057292e-06  6.81327767e+00  5.41057292e-06  1.29470337e-01 
 5.46057292e-06  7.24668866e-06  5.46057292e-06  6.81327767e+00  5.46057292e-06  1.28440297e-01 
 5.51057292e-06  7.24683886e-06  5.51057292e-06  6.81327767e+00  5.51057292e-06  1.27418560e-01 
 5.56057292e-06  7.24652417e-06  5.56057292e-06  6.81327767e+00  5.56057292e-06  1.26405052e-01 
 5.61057292e-06  7.24634214e-06  5.61057292e-06  6.81327767e+00  5.61057292e-06  1.25399700e-01 
 5.66057292e-06  7.24628470e-06  5.66057292e-06  6.81327767e+00  5.66057292e-06  1.24402433e-01 
 5.71057292e-06  7.24627307e-06  5.71057292e-06  6.81327767e+00  5.71057292e-06  1.23413180e-01 
 5.76057292e-06  7.24626885e-06  5.76057292e-06  6.81327767e+00  5.76057292e-06  1.22431871e-01 
 5.81057292e-06  7.24626265e-06  5.81057292e-06  6.81327767e+00  5.81057292e-06  1.21458437e-01 
 5.86057292e-06  7.24625460e-06  5.86057292e-06  6.81327767e+00  5.86057292e-06  1.20492810e-01 
 5.91057292e-06  7.24624592e-06  5.91057292e-06  6.81327767e+00  5.91057292e-06  1.19534923e-01 
 5.96057292e-06  7.24623721e-06  5.96057292e-06  6.81327767e+00  5.96057292e-06  1.18584710e-01 
 6.01057292e-06  7.24622863e-06  6.01057292e-06  6.81327767e+00  6.01057292e-06  1.17642105e-01 
 6.06057292e-06  7.24622015e-06  6.06057292e-06  6.81327767e+00  6.06057292e-06  1.16707043e-01 
 6.11057292e-06  7.24621178e-06  6.11057292e-06  6.81327767e+00  6.11057292e-06  1.15779461e-01 
 6.16057292e-06  7.24620348e-06  6.16057292e-06  6.81327767e+00  6.16057292e-06  1.14859295e-01 
 6.21057292e-06  7.24619527e-06  6.21057292e-06  6.81327767e+00  6.21057292e-06  1.13946482e-01 
 6.26057292e-06  7.24618714e-06  6.26057292e-06  6.81327767e+00  6.26057292e-06  1.13040962e-01 
 6.31057292e-06  7.24617908e-06  6.31057292e-06  6.81327767e+00  6.31057292e-06  1.12142672e-01 
 6.36057292e-06  7.24617110e-06  6.36057292e-06  6.81327767e+00  6.36057292e-06  1.11251553e-01 
 6.41057292e-06  7.24616320e-06  6.41057292e-06  6.81327767e+00  6.41057292e-06  1.10367544e-01 
 6.46057292e-06  7.24615537e-06  6.46057292e-06  6.81327767e+00  6.46057292e-06  1.09490587e-01 
 6.51057292e-06  7.24614761e-06  6.51057292e-06  6.81327767e+00  6.51057292e-06  1.08620623e-01 
 6.56057292e-06  7.24613993e-06  6.56057292e-06  6.81327767e+00  6.56057292e-06  1.07757595e-01 
 6.61057292e-06  7.24613232e-06  6.61057292e-06  6.81327767e+00  6.61057292e-06  1.06901444e-01 
 6.66057292e-06  7.24612477e-06  6.66057292e-06  6.81327767e+00  6.66057292e-06  1.06052114e-01 
 6.71057292e-06  7.24611730e-06  6.71057292e-06  6.81327767e+00  6.71057292e-06  1.05209550e-01 
 6.76057292e-06  7.24610990e-06  6.76057292e-06  6.81327767e+00  6.76057292e-06  1.04373695e-01 
 6.81057292e-06  7.24610256e-06  6.81057292e-06  6.81327767e+00  6.81057292e-06  1.03544495e-01 
 6.86057292e-06  7.24609529e-06  6.86057292e-06  6.81327767e+00  6.86057292e-06  1.02721896e-01 
 6.91057292e-06  7.24608808e-06  6.91057292e-06  6.81327767e+00  6.91057292e-06  1.01905843e-01 
 6.96057292e-06  7.24608094e-06  6.96057292e-06  6.81327767e+00  6.96057292e-06  1.01096283e-01 
 7.01057292e-06  7.24607387e-06  7.01057292e-06  6.81327767e+00  7.01057292e-06  1.00293163e-01 
 7.06057292e-06  7.24606685e-06  7.06057292e-06  6.81327767e+00  7.06057292e-06  9.94964312e-02 
 7.11057292e-06  7.24605990e-06  7.11057292e-06  6.81327767e+00  7.11057292e-06  9.87060357e-02 
 7.16057292e-06  7.24605301e-06  7.16057292e-06  6.81327767e+00  7.16057292e-06  9.79219250e-02 
 7.21057292e-06  7.24604618e-06  7.21057292e-06  6.81327767e+00  7.21057292e-06  9.71440483e-02 
 7.26057292e-06  7.24603942e-06  7.26057292e-06  6.81327767e+00  7.26057292e-06  9.63723553e-02 
 7.31057292e-06  7.24603271e-06  7.31057292e-06  6.81327767e+00  7.31057292e-06  9.56067960e-02 
 7.36057292e-06  7.24602605e-06  7.36057292e-06  6.81327767e+00  7.36057292e-06  9.48473210e-02 
 7.41057292e-06  7.24601946e-06  7.41057292e-06  6.81327767e+00  7.41057292e-06  9.40938814e-02 
 7.46057292e-06  7.24601293e-06  7.46057292e-06  6.81327767e+00  7.46057292e-06  9.33464285e-02 
 7.51057292e-06  7.24600645e-06  7.51057292e-06  6.81327767e+00  7.51057292e-06  9.26049144e-02 
 7.56057292e-06  7.24600002e-06  7.56057292e-06  6.81327767e+00  7.56057292e-06  9.18692913e-02 
 7.61057292e-06  7.24599366e-06  7.61057292e-06  6.81327767e+00  7.61057292e-06  9.11395121e-02 
 7.66057292e-06  7.24598734e-06  7.66057292e-06  6.81327767e+00  7.66057292e-06  9.04155299e-02 
 7.71057292e-06  7.24598108e-06  7.71057292e-06  6.81327767e+00  7.71057292e-06  8.96972983e-02 
 7.76057292e-06  7.24597488e-06  7.76057292e-06  6.81327767e+00  7.76057292e-06  8.89847714e-02 
 7.81057292e-06  7.24596872e-06  7.81057292e-06  6.81327767e+00  7.81057292e-06  8.82779036e-02 
 7.86057292e-06  7.24596262e-06  7.86057292e-06  6.81327767e+00  7.86057292e-06  8.75766497e-02 
 7.91057292e-06  7.24595657e-06  7.91057292e-06  6.81327767e+00  7.91057292e-06  8.68809649e-02 
 7.96057292e-06  7.24595058e-06  7.96057292e-06  6.81327767e+00  7.96057292e-06  8.61908049e-02 
 8.01057292e-06  7.24594463e-06  8.01057292e-06  6.81327767e+00  8.01057292e-06  8.55061257e-02 
 8.06057292e-06  7.24593873e-06  8.06057292e-06  6.81327767e+00  8.06057292e-06  8.48268835e-02 
 8.11057292e-06  7.24593289e-06  8.11057292e-06  6.81327767e+00  8.11057292e-06  8.41530353e-02 
 8.16057292e-06  7.24592709e-06  8.16057292e-06  6.81327767e+00  8.16057292e-06  8.34845380e-02 
 8.21057292e-06  7.24592134e-06  8.21057292e-06  6.81327767e+00  8.21057292e-06  8.28213493e-02 
 8.26057292e-06  7.24591564e-06  8.26057292e-06  6.81327767e+00  8.26057292e-06  8.21634269e-02 
 8.31057292e-06  7.24590998e-06  8.31057292e-06  6.81327767e+00  8.31057292e-06  8.15107291e-02 
 8.36057292e-06  7.24590438e-06  8.36057292e-06  6.81327767e+00  8.36057292e-06  8.08632144e-02 
 8.41057292e-06  7.24589882e-06  8.41057292e-06  6.81327767e+00  8.41057292e-06  8.02208418e-02 
 8.46057292e-06  7.24589330e-06  8.46057292e-06  6.81327767e+00  8.46057292e-06  7.95835704e-02 
 8.51057292e-06  7.24588784e-06  8.51057292e-06  6.81327767e+00  8.51057292e-06  7.89513600e-02 
 8.56057292e-06  7.24588241e-06  8.56057292e-06  6.81327767e+00  8.56057292e-06  7.83241705e-02 
 8.61057292e-06  7.24587704e-06  8.61057292e-06  6.81327767e+00  8.61057292e-06  7.77019621e-02 
 8.66057292e-06  7.24587170e-06  8.66057292e-06  6.81327767e+00  8.66057292e-06  7.70846955e-02 
 8.71057292e-06  7.24586642e-06  8.71057292e-06  6.81327767e+00  8.71057292e-06  7.64723315e-02 
 8.76057292e-06  7.24586117e-06  8.76057292e-06  6.81327767e+00  8.76057292e-06  7.58648316e-02 
 8.81057292e-06  7.24585597e-06  8.81057292e-06  6.81327767e+00  8.81057292e-06  7.52621571e-02 
 8.86057292e-06  7.24585081e-06  8.86057292e-06  6.81327767e+00  8.86057292e-06  7.46642701e-02 
 8.91057292e-06  7.24584569e-06  8.91057292e-06  6.81327767e+00  8.91057292e-06  7.40711328e-02 
 8.96057292e-06  7.24584062e-06  8.96057292e-06  6.81327767e+00  8.96057292e-06  7.34827076e-02 
 9.01057292e-06  7.24583559e-06  9.01057292e-06  6.81327767e+00  9.01057292e-06  7.28989575e-02 
 9.06057292e-06  7.24583060e-06  9.06057292e-06  6.81327767e+00  9.06057292e-06  7.23198456e-02 
 9.11057292e-06  7.24582565e-06  9.11057292e-06  6.81327767e+00  9.11057292e-06  7.17453352e-02 
 9.16057292e-06  7.24582074e-06  9.16057292e-06  6.81327767e+00  9.16057292e-06  7.11753902e-02 
 9.21057292e-06  7.24581587e-06  9.21057292e-06  6.81327767e+00  9.21057292e-06  7.06099746e-02 
 9.26057292e-06  7.24581104e-06  9.26057292e-06  6.81327767e+00  9.26057292e-06  7.00490527e-02 
 9.31057292e-06  7.24580625e-06  9.31057292e-06  6.81327767e+00  9.31057292e-06  6.94925892e-02 
 9.36057292e-06  7.24580150e-06  9.36057292e-06  6.81327767e+00  9.36057292e-06  6.89405489e-02 
 9.41057292e-06  7.24579678e-06  9.41057292e-06  6.81327767e+00  9.41057292e-06  6.83928970e-02 
 9.46057292e-06  7.24579211e-06  9.46057292e-06  6.81327767e+00  9.46057292e-06  6.78495991e-02 
 9.51057292e-06  7.24578747e-06  9.51057292e-06  6.81327767e+00  9.51057292e-06  6.73106208e-02 
 9.56057292e-06  7.24578288e-06  9.56057292e-06  6.81327767e+00  9.56057292e-06  6.67759282e-02 
 9.61057292e-06  7.24577832e-06  9.61057292e-06  6.81327767e+00  9.61057292e-06  6.62454877e-02 
 9.66057292e-06  7.24577379e-06  9.66057292e-06  6.81327767e+00  9.66057292e-06  6.57192657e-02 
 9.71057292e-06  7.24576931e-06  9.71057292e-06  6.81327767e+00  9.71057292e-06  6.51972292e-02 
 9.76057292e-06  7.24576486e-06  9.76057292e-06  6.81327767e+00  9.76057292e-06  6.46793452e-02 
 9.81057292e-06  7.24576044e-06  9.81057292e-06  6.81327767e+00  9.81057292e-06  6.41655811e-02 
 9.86057292e-06  7.24575606e-06  9.86057292e-06  6.81327767e+00  9.86057292e-06  6.36559046e-02 
 9.91057292e-06  7.24575172e-06  9.91057292e-06  6.81327767e+00  9.91057292e-06  6.31502836e-02 
 9.96057292e-06  7.24574741e-06  9.96057292e-06  6.81327767e+00  9.96057292e-06  6.26486861e-02 
 1.00105729e-05  7.24574314e-06  1.00105729e-05  6.81327767e+00  1.00105729e-05  6.21510807e-02 
 1.00605729e-05  7.24573890e-06  1.00605729e-05  6.81327767e+00  1.00605729e-05  6.16574360e-02 
 1.01105729e-05  7.24573470e-06  1.01105729e-05  6.81327767e+00  1.01105729e-05  6.11677209e-02 
 1.01605729e-05  7.24573053e-06  1.01605729e-05  6.81327767e+00  1.01605729e-05  6.06819045e-02 
 1.02105729e-05  7.24572639e-06  1.02105729e-05  6.81327767e+00  1.02105729e-05  6.01999562e-02 
 1.02605729e-05  7.24572229e-06  1.02605729e-05  6.81327767e+00  1.02605729e-05  5.97218458e-02 
 1.03105729e-05  7.24571822e-06  1.03105729e-05  6.81327767e+00  1.03105729e-05  5.92475431e-02 
 1.03605729e-05  7.24571419e-06  1.03605729e-05  6.81327767e+00  1.03605729e-05  5.87770182e-02 
 1.04105729e-05  7.24571018e-06  1.04105729e-05  6.81327767e+00  1.04105729e-05  5.83102415e-02 
 1.04605729e-05  7.24570621e-06  1.04605729e-05  6.81327767e+00  1.04605729e-05  5.78471835e-02 
 1.05105729e-05  7.24570227e-06  1.05105729e-05  6.81327767e+00  1.05105729e-05  5.73878152e-02 
 1.05605729e-05  7.24569837e-06  1.05605729e-05  6.81327767e+00  1.05605729e-05  5.69321075e-02 
 1.06105729e-05  7.24569449e-06  1.06105729e-05  6.81327767e+00  1.06105729e-05  5.64800319e-02 
 1.06605729e-05  7.24569065e-06  1.06605729e-05  6.81327767e+00  1.06605729e-05  5.60315597e-02 
 1.07105729e-05  7.24568683e-06  1.07105729e-05  6.81327767e+00  1.07105729e-05  5.55866627e-02 
 1.07605729e-05  7.24568305e-06  1.07605729e-05  6.81327767e+00  1.07605729e-05  5.51453129e-02 
 1.08105729e-05  7.24567930e-06  1.08105729e-05  6.81327767e+00  1.08105729e-05  5.47074825e-02 
 1.08605729e-05  7.24567558e-06  1.08605729e-05  6.81327767e+00  1.08605729e-05  5.42731439e-02 
 1.09105729e-05  7.24567188e-06  1.09105729e-05  6.81327767e+00  1.09105729e-05  5.38422696e-02 
 1.09605729e-05  7.24566822e-06  1.09605729e-05  6.81327767e+00  1.09605729e-05  5.34148327e-02 
 1.10105729e-05  7.24566459e-06  1.10105729e-05  6.81327767e+00  1.10105729e-05  5.29908059e-02 
 1.10605729e-05  7.24566099e-06  1.10605729e-05  6.81327767e+00  1.10605729e-05  5.25701628e-02 
 1.11105729e-05  7.24565741e-06  1.11105729e-05  6.81327767e+00  1.11105729e-05  5.21528766e-02 
 1.11605729e-05  7.24565387e-06  1.11605729e-05  6.81327767e+00  1.11605729e-05  5.17389212e-02 
 1.12105729e-05  7.24565035e-06  1.12105729e-05  6.81327767e+00  1.12105729e-05  5.13282703e-02 
 1.12605729e-05  7.24564686e-06  1.12605729e-05  6.81327767e+00  1.12605729e-05  5.09208981e-02 
 1.13105729e-05  7.24564340e-06  1.13105729e-05  6.81327767e+00  1.13105729e-05  5.05167788e-02 
 1.13605729e-05  7.24563997e-06  1.13605729e-05  6.81327767e+00  1.13605729e-05  5.01158870e-02 
 1.14105729e-05  7.24563657e-06  1.14105729e-05  6.81327767e+00  1.14105729e-05  4.97181972e-02 
 1.14605729e-05  7.24563319e-06  1.14605729e-05  6.81327767e+00  1.14605729e-05  4.93236845e-02 
 1.15105729e-05  7.24562984e-06  1.15105729e-05  6.81327767e+00  1.15105729e-05  4.89323239e-02 
 1.15605729e-05  7.24562652e-06  1.15605729e-05  6.81327767e+00  1.15605729e-05  4.85440907e-02 
 1.16105729e-05  7.24562322e-06  1.16105729e-05  6.81327767e+00  1.16105729e-05  4.81589603e-02 
 1.16605729e-05  7.24561995e-06  1.16605729e-05  6.81327767e+00  1.16605729e-05  4.77769084e-02 
 1.17105729e-05  7.24561671e-06  1.17105729e-05  6.81327767e+00  1.17105729e-05  4.73979109e-02 
 1.17605729e-05  7.24561349e-06  1.17605729e-05  6.81327767e+00  1.17605729e-05  4.70219437e-02 
 1.18105729e-05  7.24561030e-06  1.18105729e-05  6.81327767e+00  1.18105729e-05  4.66489831e-02 
 1.18605729e-05  7.24560713e-06  1.18605729e-05  6.81327767e+00  1.18605729e-05  4.62790055e-02 
 1.19105729e-05  7.24560399e-06  1.19105729e-05  6.81327767e+00  1.19105729e-05  4.59119875e-02 
 1.19605729e-05  7.24560088e-06  1.19605729e-05  6.81327767e+00  1.19605729e-05  4.55479059e-02 
 1.20105729e-05  7.24559779e-06  1.20105729e-05  6.81327767e+00  1.20105729e-05  4.51867375e-02 
 1.20605729e-05  7.24559473e-06  1.20605729e-05  6.81327767e+00  1.20605729e-05  4.48284596e-02 
 1.21105729e-05  7.24559169e-06  1.21105729e-05  6.81327767e+00  1.21105729e-05  4.44730495e-02 
 1.21605729e-05  7.24558867e-06  1.21605729e-05  6.81327767e+00  1.21605729e-05  4.41204845e-02 
 1.22105729e-05  7.24558568e-06  1.22105729e-05  6.81327767e+00  1.22105729e-05  4.37707424e-02 
 1.22605729e-05  7.24558271e-06  1.22605729e-05  6.81327767e+00  1.22605729e-05  4.34238009e-02 
 1.23105729e-05  7.24557977e-06  1.23105729e-05  6.81327767e+00  1.23105729e-05  4.30796382e-02 
 1.23605729e-05  7.24557685e-06  1.23605729e-05  6.81327767e+00  1.23605729e-05  4.27382323e-02 
 1.24105729e-05  7.24557395e-06  1.24105729e-05  6.81327767e+00  1.24105729e-05  4.23995616e-02 
 1.24605729e-05  7.24557108e-06  1.24605729e-05  6.81327767e+00  1.24605729e-05  4.20636045e-02 
 1.25105729e-05  7.24556823e-06  1.25105729e-05  6.81327767e+00  1.25105729e-05  4.17303398e-02 
 1.25605729e-05  7.24556540e-06  1.25605729e-05  6.81327767e+00  1.25605729e-05  4.13997462e-02 
 1.26105729e-05  7.24556260e-06  1.26105729e-05  6.81327767e+00  1.26105729e-05  4.10718028e-02 
 1.26605729e-05  7.24555982e-06  1.26605729e-05  6.81327767e+00  1.26605729e-05  4.07464887e-02 
 1.27105729e-05  7.24555706e-06  1.27105729e-05  6.81327767e+00  1.27105729e-05  4.04237832e-02 
 1.27605729e-05  7.24555432e-06  1.27605729e-05  6.81327767e+00  1.27605729e-05  4.01036658e-02 
 1.28105729e-05  7.24555161e-06  1.28105729e-05  6.81327767e+00  1.28105729e-05  3.97861160e-02 
 1.28605729e-05  7.24554892e-06  1.28605729e-05  6.81327767e+00  1.28605729e-05  3.94711138e-02 
 1.29105729e-05  7.24554625e-06  1.29105729e-05  6.81327767e+00  1.29105729e-05  3.91586390e-02 
 1.29605729e-05  7.24554360e-06  1.29605729e-05  6.81327767e+00  1.29605729e-05  3.88486718e-02 
 1.30105729e-05  7.24554097e-06  1.30105729e-05  6.81327767e+00  1.30105729e-05  3.85411923e-02 
 1.30605729e-05  7.24553836e-06  1.30605729e-05  6.81327767e+00  1.30605729e-05  3.82361809e-02 
 1.31105729e-05  7.24553578e-06  1.31105729e-05  6.81327767e+00  1.31105729e-05  3.79336183e-02 
 1.31605729e-05  7.24553321e-06  1.31605729e-05  6.81327767e+00  1.31605729e-05  3.76334850e-02 
 1.32105729e-05  7.24553067e-06  1.32105729e-05  6.81327767e+00  1.32105729e-05  3.73357620e-02 
 1.32605729e-05  7.24552814e-06  1.32605729e-05  6.81327767e+00  1.32605729e-05  3.70404302e-02 
 1.33105729e-05  7.24552564e-06  1.33105729e-05  6.81327767e+00  1.33105729e-05  3.67474707e-02 
 1.33605729e-05  7.24552316e-06  1.33605729e-05  6.81327767e+00  1.33605729e-05  3.64568649e-02 
 1.34105729e-05  7.24552070e-06  1.34105729e-05  6.81327767e+00  1.34105729e-05  3.61685941e-02 
 1.34605729e-05  7.24551825e-06  1.34605729e-05  6.81327767e+00  1.34605729e-05  3.58826399e-02 
 1.35105729e-05  7.24551583e-06  1.35105729e-05  6.81327767e+00  1.35105729e-05  3.55989840e-02 
 1.35605729e-05  7.24551343e-06  1.35605729e-05  6.81327767e+00  1.35605729e-05  3.53176082e-02 
 1.36105729e-05  7.24551104e-06  1.36105729e-05  6.81327767e+00  1.36105729e-05  3.50384945e-02 
 1.36605729e-05  7.24550868e-06  1.36605729e-05  6.81327767e+00  1.36605729e-05  3.47616251e-02 
 1.37105729e-05  7.24550633e-06  1.37105729e-05  6.81327767e+00  1.37105729e-05  3.44869821e-02 
 1.37605729e-05  7.24550400e-06  1.37605729e-05  6.81327767e+00  1.37605729e-05  3.42145480e-02 
 1.38105729e-05  7.24550169e-06  1.38105729e-05  6.81327767e+00  1.38105729e-05  3.39443053e-02 
 1.38605729e-05  7.24549941e-06  1.38605729e-05  6.81327767e+00  1.38605729e-05  3.36762366e-02 
 1.39105729e-05  7.24549713e-06  1.39105729e-05  6.81327767e+00  1.39105729e-05  3.34103247e-02 
 1.39605729e-05  7.24549488e-06  1.39605729e-05  6.81327767e+00  1.39605729e-05  3.31465525e-02 
 1.40105729e-05  7.24549265e-06  1.40105729e-05  6.81327767e+00  1.40105729e-05  3.28849031e-02 
 1.40605729e-05  7.24549043e-06  1.40605729e-05  6.81327767e+00  1.40605729e-05  3.26253597e-02 
 1.41105729e-05  7.24548823e-06  1.41105729e-05  6.81327767e+00  1.41105729e-05  3.23679054e-02 
 1.41605729e-05  7.24548605e-06  1.41605729e-05  6.81327767e+00  1.41605729e-05  3.21125239e-02 
 1.42105729e-05  7.24548389e-06  1.42105729e-05  6.81327767e+00  1.42105729e-05  3.18591985e-02 
 1.42605729e-05  7.24548174e-06  1.42605729e-05  6.81327767e+00  1.42605729e-05  3.16079131e-02 
 1.43105729e-05  7.24547961e-06  1.43105729e-05  6.81327767e+00  1.43105729e-05  3.13586513e-02 
 1.43605729e-05  7.24547750e-06  1.43605729e-05  6.81327767e+00  1.43605729e-05  3.11113972e-02 
 1.44105729e-05  7.24547541e-06  1.44105729e-05  6.81327767e+00  1.44105729e-05  3.08661347e-02 
 1.44605729e-05  7.24547333e-06  1.44605729e-05  6.81327767e+00  1.44605729e-05  3.06228481e-02 
 1.45105729e-05  7.24547127e-06  1.45105729e-05  6.81327767e+00  1.45105729e-05  3.03815216e-02 
 1.45605729e-05  7.24546923e-06  1.45605729e-05  6.81327767e+00  1.45605729e-05  3.01421396e-02 
 1.46105729e-05  7.24546720e-06  1.46105729e-05  6.81327767e+00  1.46105729e-05  2.99046866e-02 
 1.46605729e-05  7.24546519e-06  1.46605729e-05  6.81327767e+00  1.46605729e-05  2.96691473e-02 
 1.47105729e-05  7.24546319e-06  1.47105729e-05  6.81327767e+00  1.47105729e-05  2.94355065e-02 
 1.47605729e-05  7.24546122e-06  1.47605729e-05  6.81327767e+00  1.47605729e-05  2.92037490e-02 
 1.48105729e-05  7.24545925e-06  1.48105729e-05  6.81327767e+00  1.48105729e-05  2.89738598e-02 
 1.48605729e-05  7.24545731e-06  1.48605729e-05  6.81327767e+00  1.48605729e-05  2.87458240e-02 
 1.49105729e-05  7.24545538e-06  1.49105729e-05  6.81327767e+00  1.49105729e-05  2.85196268e-02 
 1.49605729e-05  7.24545346e-06  1.49605729e-05  6.81327767e+00  1.49605729e-05  2.82952536e-02 
 1.50105729e-05  7.24545156e-06  1.50105729e-05  6.81327767e+00  1.50105729e-05  2.80726898e-02 
 1.50605729e-05  7.24544968e-06  1.50605729e-05  6.81327767e+00  1.50605729e-05  2.78519209e-02 
 1.51105729e-05  7.24544781e-06  1.51105729e-05  6.81327767e+00  1.51105729e-05  2.76329325e-02 
 1.51605729e-05  7.24544595e-06  1.51605729e-05  6.81327767e+00  1.51605729e-05  2.74157106e-02 
 1.52105729e-05  7.24544411e-06  1.52105729e-05  6.81327767e+00  1.52105729e-05  2.72002409e-02 
 1.52605729e-05  7.24544229e-06  1.52605729e-05  6.81327767e+00  1.52605729e-05  2.69865094e-02 
 1.53105729e-05  7.24544048e-06  1.53105729e-05  6.81327767e+00  1.53105729e-05  2.67745022e-02 
 1.53605729e-05  7.24543869e-06  1.53605729e-05  6.81327767e+00  1.53605729e-05  2.65642055e-02 
 1.54105729e-05  7.24543691e-06  1.54105729e-05  6.81327767e+00  1.54105729e-05  2.63556056e-02 
 1.54605729e-05  7.24543514e-06  1.54605729e-05  6.81327767e+00  1.54605729e-05  2.61486889e-02 
 1.55105729e-05  7.24543339e-06  1.55105729e-05  6.81327767e+00  1.55105729e-05  2.59434419e-02 
 1.55605729e-05  7.24543165e-06  1.55605729e-05  6.81327767e+00  1.55605729e-05  2.57398512e-02 
 1.56105729e-05  7.24542993e-06  1.56105729e-05  6.81327767e+00  1.56105729e-05  2.55379035e-02 
 1.56605729e-05  7.24542822e-06  1.56605729e-05  6.81327767e+00  1.56605729e-05  2.53375857e-02 
 1.57105729e-05  7.24542653e-06  1.57105729e-05  6.81327767e+00  1.57105729e-05  2.51388847e-02 
 1.57605729e-05  7.24542484e-06  1.57605729e-05  6.81327767e+00  1.57605729e-05  2.49417874e-02 
 1.58105729e-05  7.24542318e-06  1.58105729e-05  6.81327767e+00  1.58105729e-05  2.47462809e-02 
 1.58605729e-05  7.24542152e-06  1.58605729e-05  6.81327767e+00  1.58605729e-05  2.45523526e-02 
 1.59105729e-05  7.24541988e-06  1.59105729e-05  6.81327767e+00  1.59105729e-05  2.43599896e-02 
 1.59605729e-05  7.24541825e-06  1.59605729e-05  6.81327767e+00  1.59605729e-05  2.41691794e-02 
 1.60105729e-05  7.24541664e-06  1.60105729e-05  6.81327767e+00  1.60105729e-05  2.39799096e-02 
 1.60605729e-05  7.24541504e-06  1.60605729e-05  6.81327767e+00  1.60605729e-05  2.37921676e-02 
 1.61105729e-05  7.24541345e-06  1.61105729e-05  6.81327767e+00  1.61105729e-05  2.36059411e-02 
 1.61605729e-05  7.24541187e-06  1.61605729e-05  6.81327767e+00  1.61605729e-05  2.34212181e-02 
 1.62105729e-05  7.24541031e-06  1.62105729e-05  6.81327767e+00  1.62105729e-05  2.32379862e-02 
 1.62605729e-05  7.24540876e-06  1.62605729e-05  6.81327767e+00  1.62605729e-05  2.30562336e-02 
 1.63105729e-05  7.24540722e-06  1.63105729e-05  6.81327767e+00  1.63105729e-05  2.28759482e-02 
 1.63605729e-05  7.24540570e-06  1.63605729e-05  6.81327767e+00  1.63605729e-05  2.26971183e-02 
 1.64105729e-05  7.24540418e-06  1.64105729e-05  6.81327767e+00  1.64105729e-05  2.25197320e-02 
 1.64605729e-05  7.24540268e-06  1.64605729e-05  6.81327767e+00  1.64605729e-05  2.23437777e-02 
 1.65105729e-05  7.24540119e-06  1.65105729e-05  6.81327767e+00  1.65105729e-05  2.21692438e-02 
 1.65605729e-05  7.24539972e-06  1.65605729e-05  6.81327767e+00  1.65605729e-05  2.19961188e-02 
 1.66105729e-05  7.24539825e-06  1.66105729e-05  6.81327767e+00  1.66105729e-05  2.18243913e-02 
 1.66605729e-05  7.24539680e-06  1.66605729e-05  6.81327767e+00  1.66605729e-05  2.16540501e-02 
 1.67105729e-05  7.24539536e-06  1.67105729e-05  6.81327767e+00  1.67105729e-05  2.14850839e-02 
 1.67605729e-05  7.24539393e-06  1.67605729e-05  6.81327767e+00  1.67605729e-05  2.13174814e-02 
 1.68105729e-05  7.24539251e-06  1.68105729e-05  6.81327767e+00  1.68105729e-05  2.11512318e-02 
 1.68605729e-05  7.24539111e-06  1.68605729e-05  6.81327767e+00  1.68605729e-05  2.09863240e-02 
 1.69105729e-05  7.24538971e-06  1.69105729e-05  6.81327767e+00  1.69105729e-05  2.08227472e-02 
 1.69605729e-05  7.24538833e-06  1.69605729e-05  6.81327767e+00  1.69605729e-05  2.06604904e-02 
 1.70105729e-05  7.24538696e-06  1.70105729e-05  6.81327767e+00  1.70105729e-05  2.04995431e-02 
 1.70605729e-05  7.24538560e-06  1.70605729e-05  6.81327767e+00  1.70605729e-05  2.03398946e-02 
 1.71105729e-05  7.24538425e-06  1.71105729e-05  6.81327767e+00  1.71105729e-05  2.01815343e-02 
 1.71605729e-05  7.24538291e-06  1.71605729e-05  6.81327767e+00  1.71605729e-05  2.00244518e-02 
 1.72105729e-05  7.24538158e-06  1.72105729e-05  6.81327767e+00  1.72105729e-05  1.98686367e-02 
 1.72605729e-05  7.24538026e-06  1.72605729e-05  6.81327767e+00  1.72605729e-05  1.97140786e-02 
 1.73105729e-05  7.24537895e-06  1.73105729e-05  6.81327767e+00  1.73105729e-05  1.95607673e-02 
 1.73605729e-05  7.24537766e-06  1.73605729e-05  6.81327767e+00  1.73605729e-05  1.94086927e-02 
 1.74105729e-05  7.24537637e-06  1.74105729e-05  6.81327767e+00  1.74105729e-05  1.92578448e-02 
 1.74605729e-05  7.24537510e-06  1.74605729e-05  6.81327767e+00  1.74605729e-05  1.91082134e-02 
 1.75105729e-05  7.24537383e-06  1.75105729e-05  6.81327767e+00  1.75105729e-05  1.89597888e-02 
 1.75605729e-05  7.24537258e-06  1.75605729e-05  6.81327767e+00  1.75605729e-05  1.88125610e-02 
 1.76105729e-05  7.24537133e-06  1.76105729e-05  6.81327767e+00  1.76105729e-05  1.86665203e-02 
 1.76605729e-05  7.24537010e-06  1.76605729e-05  6.81327767e+00  1.76605729e-05  1.85216570e-02 
 1.77105729e-05  7.24536887e-06  1.77105729e-05  6.81327767e+00  1.77105729e-05  1.83779615e-02 
 1.77605729e-05  7.24536766e-06  1.77605729e-05  6.81327767e+00  1.77605729e-05  1.82354243e-02 
 1.78105729e-05  7.24536645e-06  1.78105729e-05  6.81327767e+00  1.78105729e-05  1.80940359e-02 
 1.78605729e-05  7.24536526e-06  1.78605729e-05  6.81327767e+00  1.78605729e-05  1.79537869e-02 
 1.79105729e-05  7.24536407e-06  1.79105729e-05  6.81327767e+00  1.79105729e-05  1.78146681e-02 
 1.79605729e-05  7.24536290e-06  1.79605729e-05  6.81327767e+00  1.79605729e-05  1.76766701e-02 
 1.80105729e-05  7.24536173e-06  1.80105729e-05  6.81327767e+00  1.80105729e-05  1.75397837e-02 
 1.80605729e-05  7.24536057e-06  1.80605729e-05  6.81327767e+00  1.80605729e-05  1.74040000e-02 
 1.81105729e-05  7.24535943e-06  1.81105729e-05  6.81327767e+00  1.81105729e-05  1.72693099e-02 
 1.81605729e-05  7.24535829e-06  1.81605729e-05  6.81327767e+00  1.81605729e-05  1.71357044e-02 
 1.82105729e-05  7.24535716e-06  1.82105729e-05  6.81327767e+00  1.82105729e-05  1.70031746e-02 
 1.82605729e-05  7.24535604e-06  1.82605729e-05  6.81327767e+00  1.82605729e-05  1.68717118e-02 
 1.83105729e-05  7.24535493e-06  1.83105729e-05  6.81327767e+00  1.83105729e-05  1.67413071e-02 
 1.83605729e-05  7.24535383e-06  1.83605729e-05  6.81327767e+00  1.83605729e-05  1.66119519e-02 
 1.84105729e-05  7.24535273e-06  1.84105729e-05  6.81327767e+00  1.84105729e-05  1.64836377e-02 
 1.84605729e-05  7.24535165e-06  1.84605729e-05  6.81327767e+00  1.84605729e-05  1.63563558e-02 
 1.85105729e-05  7.24535057e-06  1.85105729e-05  6.81327767e+00  1.85105729e-05  1.62300977e-02 
 1.85605729e-05  7.24534951e-06  1.85605729e-05  6.81327767e+00  1.85605729e-05  1.61048552e-02 
 1.86105729e-05  7.24534845e-06  1.86105729e-05  6.81327767e+00  1.86105729e-05  1.59806198e-02 
 1.86605729e-05  7.24534740e-06  1.86605729e-05  6.81327767e+00  1.86605729e-05  1.58573833e-02 
 1.87105729e-05  7.24534636e-06  1.87105729e-05  6.81327767e+00  1.87105729e-05  1.57351374e-02 
 1.87605729e-05  7.24534533e-06  1.87605729e-05  6.81327767e+00  1.87605729e-05  1.56138741e-02 
 1.88105729e-05  7.24534430e-06  1.88105729e-05  6.81327767e+00  1.88105729e-05  1.54935852e-02 
 1.88605729e-05  7.24534329e-06  1.88605729e-05  6.81327767e+00  1.88605729e-05  1.53742628e-02 
 1.89105729e-05  7.24534228e-06  1.89105729e-05  6.81327767e+00  1.89105729e-05  1.52558989e-02 
 1.89605729e-05  7.24534128e-06  1.89605729e-05  6.81327767e+00  1.89605729e-05  1.51384855e-02 
 1.90105729e-05  7.24534029e-06  1.90105729e-05  6.81327767e+00  1.90105729e-05  1.50220150e-02 
 1.90605729e-05  7.24533930e-06  1.90605729e-05  6.81327767e+00  1.90605729e-05  1.49064794e-02 
 1.91105729e-05  7.24533833e-06  1.91105729e-05  6.81327767e+00  1.91105729e-05  1.47918712e-02 
 1.91605729e-05  7.24533736e-06  1.91605729e-05  6.81327767e+00  1.91605729e-05  1.46781827e-02 
 1.92105729e-05  7.24533640e-06  1.92105729e-05  6.81327767e+00  1.92105729e-05  1.45654063e-02 
 1.92605729e-05  7.24533545e-06  1.92605729e-05  6.81327767e+00  1.92605729e-05  1.44535346e-02 
 1.93105729e-05  7.24533450e-06  1.93105729e-05  6.81327767e+00  1.93105729e-05  1.43425599e-02 
 1.93605729e-05  7.24533356e-06  1.93605729e-05  6.81327767e+00  1.93605729e-05  1.42324751e-02 
 1.94105729e-05  7.24533263e-06  1.94105729e-05  6.81327767e+00  1.94105729e-05  1.41232726e-02 
 1.94605729e-05  7.24533171e-06  1.94605729e-05  6.81327767e+00  1.94605729e-05  1.40149453e-02 
 1.95105729e-05  7.24533080e-06  1.95105729e-05  6.81327767e+00  1.95105729e-05  1.39074859e-02 
 1.95605729e-05  7.24532989e-06  1.95605729e-05  6.81327767e+00  1.95605729e-05  1.38008873e-02 
 1.96105729e-05  7.24532899e-06  1.96105729e-05  6.81327767e+00  1.96105729e-05  1.36951424e-02 
 1.96605729e-05  7.24532810e-06  1.96605729e-05  6.81327767e+00  1.96605729e-05  1.35902441e-02 
 1.97105729e-05  7.24532721e-06  1.97105729e-05  6.81327767e+00  1.97105729e-05  1.34861855e-02 
 1.97605729e-05  7.24532633e-06  1.97605729e-05  6.81327767e+00  1.97605729e-05  1.33829596e-02 
 1.98105729e-05  7.24532546e-06  1.98105729e-05  6.81327767e+00  1.98105729e-05  1.32805595e-02 
 1.98605729e-05  7.24532460e-06  1.98605729e-05  6.81327767e+00  1.98605729e-05  1.31789784e-02 
 1.99105729e-05  7.24532374e-06  1.99105729e-05  6.81327767e+00  1.99105729e-05  1.30782096e-02 
 1.99605729e-05  7.24532289e-06  1.99605729e-05  6.81327767e+00  1.99605729e-05  1.29782463e-02 
 2.00105729e-05  7.24532204e-06  2.00105729e-05  6.81327767e+00  2.00105729e-05  1.28790820e-02 
 2.00605729e-05  7.24532121e-06  2.00605729e-05  6.81327767e+00  2.00605729e-05  1.27807099e-02 
 2.01105729e-05  7.24532038e-06  2.01105729e-05  6.81327767e+00  2.01105729e-05  1.26831236e-02 
 2.01605729e-05  7.24531955e-06  2.01605729e-05  6.81327767e+00  2.01605729e-05  1.25863166e-02 
 2.02105729e-05  7.24531874e-06  2.02105729e-05  6.81327767e+00  2.02105729e-05  1.24902824e-02 
 2.02605729e-05  7.24531793e-06  2.02605729e-05  6.81327767e+00  2.02605729e-05  1.23950146e-02 
 2.03105729e-05  7.24531712e-06  2.03105729e-05  6.81327767e+00  2.03105729e-05  1.23005070e-02 
 2.03605729e-05  7.24531632e-06  2.03605729e-05  6.81327767e+00  2.03605729e-05  1.22067531e-02 
 2.04105729e-05  7.24531553e-06  2.04105729e-05  6.81327767e+00  2.04105729e-05  1.21137469e-02 
 2.04605729e-05  7.24531475e-06  2.04605729e-05  6.81327767e+00  2.04605729e-05  1.20214821e-02 
 2.05105729e-05  7.24531397e-06  2.05105729e-05  6.81327767e+00  2.05105729e-05  1.19299525e-02 
 2.05605729e-05  7.24531320e-06  2.05605729e-05  6.81327767e+00  2.05605729e-05  1.18391522e-02 
 2.06105729e-05  7.24531243e-06  2.06105729e-05  6.81327767e+00  2.06105729e-05  1.17490750e-02 
 2.06605729e-05  7.24531167e-06  2.06605729e-05  6.81327767e+00  2.06605729e-05  1.16597150e-02 
 2.07105729e-05  7.24531092e-06  2.07105729e-05  6.81327767e+00  2.07105729e-05  1.15710663e-02 
 2.07605729e-05  7.24531017e-06  2.07605729e-05  6.81327767e+00  2.07605729e-05  1.14831230e-02 
 2.08105729e-05  7.24530943e-06  2.08105729e-05  6.81327767e+00  2.08105729e-05  1.13958792e-02 
 2.08605729e-05  7.24530869e-06  2.08605729e-05  6.81327767e+00  2.08605729e-05  1.13093292e-02 
 2.09105729e-05  7.24530796e-06  2.09105729e-05  6.81327767e+00  2.09105729e-05  1.12234672e-02 
 2.09605729e-05  7.24530724e-06  2.09605729e-05  6.81327767e+00  2.09605729e-05  1.11382876e-02 
 2.10105729e-05  7.24530652e-06  2.10105729e-05  6.81327767e+00  2.10105729e-05  1.10537847e-02 
 2.10605729e-05  7.24530581e-06  2.10605729e-05  6.81327767e+00  2.10605729e-05  1.09699528e-02 
 2.11105729e-05  7.24530510e-06  2.11105729e-05  6.81327767e+00  2.11105729e-05  1.08867865e-02 
 2.11605729e-05  7.24530440e-06  2.11605729e-05  6.81327767e+00  2.11605729e-05  1.08042803e-02 
 2.12105729e-05  7.24530370e-06  2.12105729e-05  6.81327767e+00  2.12105729e-05  1.07224286e-02 
 2.12605729e-05  7.24530301e-06  2.12605729e-05  6.81327767e+00  2.12605729e-05  1.06412262e-02 
 2.13105729e-05  7.24530233e-06  2.13105729e-05  6.81327767e+00  2.13105729e-05  1.05606675e-02 
 2.13605729e-05  7.24530165e-06  2.13605729e-05  6.81327767e+00  2.13605729e-05  1.04807473e-02 
 2.14105729e-05  7.24530097e-06  2.14105729e-05  6.81327767e+00  2.14105729e-05  1.04014604e-02 
 2.14605729e-05  7.24530030e-06  2.14605729e-05  6.81327767e+00  2.14605729e-05  1.03228014e-02 
 2.15105729e-05  7.24529964e-06  2.15105729e-05  6.81327767e+00  2.15105729e-05  1.02447652e-02 
 2.15605729e-05  7.24529898e-06  2.15605729e-05  6.81327767e+00  2.15605729e-05  1.01673466e-02 
 2.16105729e-05  7.24529833e-06  2.16105729e-05  6.81327767e+00  2.16105729e-05  1.00905405e-02 
 2.16605729e-05  7.24529768e-06  2.16605729e-05  6.81327767e+00  2.16605729e-05  1.00143419e-02 
 2.17105729e-05  7.24529704e-06  2.17105729e-05  6.81327767e+00  2.17105729e-05  9.93874579e-03 
 2.17605729e-05  7.24529640e-06  2.17605729e-05  6.81327767e+00  2.17605729e-05  9.86374711e-03 
 2.18105729e-05  7.24529577e-06  2.18105729e-05  6.81327767e+00  2.18105729e-05  9.78934096e-03 
 2.18605729e-05  7.24529514e-06  2.18605729e-05  6.81327767e+00  2.18605729e-05  9.71552244e-03 
 2.19105729e-05  7.24529452e-06  2.19105729e-05  6.81327767e+00  2.19105729e-05  9.64228670e-03 
 2.19605729e-05  7.24529390e-06  2.19605729e-05  6.81327767e+00  2.19605729e-05  9.56962892e-03 
 2.20105729e-05  7.24529329e-06  2.20105729e-05  6.81327767e+00  2.20105729e-05  9.49754434e-03 
 2.20605729e-05  7.24529268e-06  2.20605729e-05  6.81327767e+00  2.20605729e-05  9.42602821e-03 
 2.21105729e-05  7.24529208e-06  2.21105729e-05  6.81327767e+00  2.21105729e-05  9.35507584e-03 
 2.21605729e-05  7.24529148e-06  2.21605729e-05  6.81327767e+00  2.21605729e-05  9.28468258e-03 
 2.22105729e-05  7.24529089e-06  2.22105729e-05  6.81327767e+00  2.22105729e-05  9.21484382e-03 
 2.22605729e-05  7.24529030e-06  2.22605729e-05  6.81327767e+00  2.22605729e-05  9.14555497e-03 
 2.23105729e-05  7.24528972e-06  2.23105729e-05  6.81327767e+00  2.23105729e-05  9.07681150e-03 
 2.23605729e-05  7.24528914e-06  2.23605729e-05  6.81327767e+00  2.23605729e-05  9.00860891e-03 
 2.24105729e-05  7.24528856e-06  2.24105729e-05  6.81327767e+00  2.24105729e-05  8.94094274e-03 
 2.24605729e-05  7.24528799e-06  2.24605729e-05  6.81327767e+00  2.24605729e-05  8.87380855e-03 
 2.25105729e-05  7.24528743e-06  2.25105729e-05  6.81327767e+00  2.25105729e-05  8.80720197e-03 
 2.25605729e-05  7.24528686e-06  2.25605729e-05  6.81327767e+00  2.25605729e-05  8.74111865e-03 
 2.26105729e-05  7.24528631e-06  2.26105729e-05  6.81327767e+00  2.26105729e-05  8.67555426e-03 
 2.26605729e-05  7.24528575e-06  2.26605729e-05  6.81327767e+00  2.26605729e-05  8.61050454e-03 
 2.27105729e-05  7.24528521e-06  2.27105729e-05  6.81327767e+00  2.27105729e-05  8.54596524e-03 
 2.27605729e-05  7.24528466e-06  2.27605729e-05  6.81327767e+00  2.27605729e-05  8.48193215e-03 
 2.28105729e-05  7.24528412e-06  2.28105729e-05  6.81327767e+00  2.28105729e-05  8.41840111e-03 
 2.28605729e-05  7.24528359e-06  2.28605729e-05  6.81327767e+00  2.28605729e-05  8.35536799e-03 
 2.29105729e-05  7.24528306e-06  2.29105729e-05  6.81327767e+00  2.29105729e-05  8.29282867e-03 
 2.29605729e-05  7.24528253e-06  2.29605729e-05  6.81327767e+00  2.29605729e-05  8.23077911e-03 
 2.30105729e-05  7.24528201e-06  2.30105729e-05  6.81327767e+00  2.30105729e-05  8.16921525e-03 
 2.30605729e-05  7.24528149e-06  2.30605729e-05  6.81327767e+00  2.30605729e-05  8.10813312e-03 
 2.31105729e-05  7.24528097e-06  2.31105729e-05  6.81327767e+00  2.31105729e-05  8.04752875e-03 
 2.31605729e-05  7.24528046e-06  2.31605729e-05  6.81327767e+00  2.31605729e-05  7.98739821e-03 
 2.32105729e-05  7.24527996e-06  2.32105729e-05  6.81327767e+00  2.32105729e-05  7.92773760e-03 
 2.32605729e-05  7.24527945e-06  2.32605729e-05  6.81327767e+00  2.32605729e-05  7.86854305e-03 
 2.33105729e-05  7.24527896e-06  2.33105729e-05  6.81327767e+00  2.33105729e-05  7.80981075e-03 
 2.33605729e-05  7.24527846e-06  2.33605729e-05  6.81327767e+00  2.33605729e-05  7.75153689e-03 
 2.34105729e-05  7.24527797e-06  2.34105729e-05  6.81327767e+00  2.34105729e-05  7.69371771e-03 
 2.34605729e-05  7.24527748e-06  2.34605729e-05  6.81327767e+00  2.34605729e-05  7.63634947e-03 
 2.35105729e-05  7.24527700e-06  2.35105729e-05  6.81327767e+00  2.35105729e-05  7.57942848e-03 
 2.35605729e-05  7.24527652e-06  2.35605729e-05  6.81327767e+00  2.35605729e-05  7.52295105e-03 
 2.36105729e-05  7.24527605e-06  2.36105729e-05  6.81327767e+00  2.36105729e-05  7.46691356e-03 
 2.36605729e-05  7.24527557e-06  2.36605729e-05  6.81327767e+00  2.36605729e-05  7.41131239e-03 
 2.37105729e-05  7.24527511e-06  2.37105729e-05  6.81327767e+00  2.37105729e-05  7.35614397e-03 
 2.37605729e-05  7.24527464e-06  2.37605729e-05  6.81327767e+00  2.37605729e-05  7.30140475e-03 
 2.38105729e-05  7.24527418e-06  2.38105729e-05  6.81327767e+00  2.38105729e-05  7.24709122e-03 
 2.38605729e-05  7.24527372e-06  2.38605729e-05  6.81327767e+00  2.38605729e-05  7.19319987e-03 
 2.39105729e-05  7.24527327e-06  2.39105729e-05  6.81327767e+00  2.39105729e-05  7.13972727e-03 
 2.39605729e-05  7.24527282e-06  2.39605729e-05  6.81327767e+00  2.39605729e-05  7.08666998e-03 
 2.40105729e-05  7.24527237e-06  2.40105729e-05  6.81327767e+00  2.40105729e-05  7.03402460e-03 
 2.40605729e-05  7.24527193e-06  2.40605729e-05  6.81327767e+00  2.40605729e-05  6.98178777e-03 
 2.41105729e-05  7.24527149e-06  2.41105729e-05  6.81327767e+00  2.41105729e-05  6.92995613e-03 
 2.41605729e-05  7.24527105e-06  2.41605729e-05  6.81327767e+00  2.41605729e-05  6.87852638e-03 
 2.42105729e-05  7.24527062e-06  2.42105729e-05  6.81327767e+00  2.42105729e-05  6.82749524e-03 
 2.42605729e-05  7.24527019e-06  2.42605729e-05  6.81327767e+00  2.42605729e-05  6.77685945e-03 
 2.43105729e-05  7.24526976e-06  2.43105729e-05  6.81327767e+00  2.43105729e-05  6.72661577e-03 
 2.43605729e-05  7.24526934e-06  2.43605729e-05  6.81327767e+00  2.43605729e-05  6.67676101e-03 
 2.44105729e-05  7.24526892e-06  2.44105729e-05  6.81327767e+00  2.44105729e-05  6.62729199e-03 
 2.44605729e-05  7.24526851e-06  2.44605729e-05  6.81327767e+00  2.44605729e-05  6.57820557e-03 
 2.45105729e-05  7.24526809e-06  2.45105729e-05  6.81327767e+00  2.45105729e-05  6.52949863e-03 
 2.45605729e-05  7.24526768e-06  2.45605729e-05  6.81327767e+00  2.45605729e-05  6.48116806e-03 
 2.46105729e-05  7.24526728e-06  2.46105729e-05  6.81327767e+00  2.46105729e-05  6.43321082e-03 
 2.46605729e-05  7.24526687e-06  2.46605729e-05  6.81327767e+00  2.46605729e-05  6.38562384e-03 
 2.47105729e-05  7.24526647e-06  2.47105729e-05  6.81327767e+00  2.47105729e-05  6.33840413e-03 
 2.47605729e-05  7.24526608e-06  2.47605729e-05  6.81327767e+00  2.47605729e-05  6.29154869e-03 
 2.48105729e-05  7.24526568e-06  2.48105729e-05  6.81327767e+00  2.48105729e-05  6.24505455e-03 
 2.48605729e-05  7.24526529e-06  2.48605729e-05  6.81327767e+00  2.48605729e-05  6.19891877e-03 
 2.49105729e-05  7.24526490e-06  2.49105729e-05  6.81327767e+00  2.49105729e-05  6.15313846e-03 
 2.49605729e-05  7.24526452e-06  2.49605729e-05  6.81327767e+00  2.49605729e-05  6.10771070e-03 
 2.50105729e-05  7.24526413e-06  2.50105729e-05  6.81327767e+00  2.50105729e-05  6.06263265e-03 
 2.50605729e-05  7.24526376e-06  2.50605729e-05  6.81327767e+00  2.50605729e-05  6.01790145e-03 
 2.51105729e-05  7.24526338e-06  2.51105729e-05  6.81327767e+00  2.51105729e-05  5.97351430e-03 
 2.51605729e-05  7.24526301e-06  2.51605729e-05  6.81327767e+00  2.51605729e-05  5.92946840e-03 
 2.52105729e-05  7.24526264e-06  2.52105729e-05  6.81327767e+00  2.52105729e-05  5.88576099e-03 
 2.52605729e-05  7.24526227e-06  2.52605729e-05  6.81327767e+00  2.52605729e-05  5.84238932e-03 
 2.53105729e-05  7.24526190e-06  2.53105729e-05  6.81327767e+00  2.53105729e-05  5.79935067e-03 
 2.53605729e-05  7.24526154e-06  2.53605729e-05  6.81327767e+00  2.53605729e-05  5.75664234e-03 
 2.54105729e-05  7.24526118e-06  2.54105729e-05  6.81327767e+00  2.54105729e-05  5.71426165e-03 
 2.54605729e-05  7.24526083e-06  2.54605729e-05  6.81327767e+00  2.54605729e-05  5.67220597e-03 
 2.55105729e-05  7.24526047e-06  2.55105729e-05  6.81327767e+00  2.55105729e-05  5.63047265e-03 
 2.55605729e-05  7.24526012e-06  2.55605729e-05  6.81327767e+00  2.55605729e-05  5.58905909e-03 
 2.56105729e-05  7.24525977e-06  2.56105729e-05  6.81327767e+00  2.56105729e-05  5.54796270e-03 
 2.56605729e-05  7.24525943e-06  2.56605729e-05  6.81327767e+00  2.56605729e-05  5.50718093e-03 
 2.57105729e-05  7.24525908e-06  2.57105729e-05  6.81327767e+00  2.57105729e-05  5.46671122e-03 
 2.57605729e-05  7.24525874e-06  2.57605729e-05  6.81327767e+00  2.57605729e-05  5.42655107e-03 
 2.58105729e-05  7.24525841e-06  2.58105729e-05  6.81327767e+00  2.58105729e-05  5.38669798e-03 
 2.58605729e-05  7.24525807e-06  2.58605729e-05  6.81327767e+00  2.58605729e-05  5.34714946e-03 
 2.59105729e-05  7.24525774e-06  2.59105729e-05  6.81327767e+00  2.59105729e-05  5.30790306e-03 
 2.59605729e-05  7.24525741e-06  2.59605729e-05  6.81327767e+00  2.59605729e-05  5.26895635e-03 
 2.60105729e-05  7.24525708e-06  2.60105729e-05  6.81327767e+00  2.60105729e-05  5.23030692e-03 
 2.60605729e-05  7.24525676e-06  2.60605729e-05  6.81327767e+00  2.60605729e-05  5.19195236e-03 
 2.61105729e-05  7.24525643e-06  2.61105729e-05  6.81327767e+00  2.61105729e-05  5.15389032e-03 
 2.61605729e-05  7.24525611e-06  2.61605729e-05  6.81327767e+00  2.61605729e-05  5.11611843e-03 
 2.62105729e-05  7.24525580e-06  2.62105729e-05  6.81327767e+00  2.62105729e-05  5.07863436e-03 
 2.62605729e-05  7.24525548e-06  2.62605729e-05  6.81327767e+00  2.62605729e-05  5.04143579e-03 
 2.63105729e-05  7.24525517e-06  2.63105729e-05  6.81327767e+00  2.63105729e-05  5.00452045e-03 
 2.63605729e-05  7.24525486e-06  2.63605729e-05  6.81327767e+00  2.63605729e-05  4.96788604e-03 
 2.64105729e-05  7.24525455e-06  2.64105729e-05  6.81327767e+00  2.64105729e-05  4.93153033e-03 
 2.64605729e-05  7.24525425e-06  2.64605729e-05  6.81327767e+00  2.64605729e-05  4.89545106e-03 
 2.65105729e-05  7.24525394e-06  2.65105729e-05  6.81327767e+00  2.65105729e-05  4.85964603e-03 
 2.65605729e-05  7.24525364e-06  2.65605729e-05  6.81327767e+00  2.65605729e-05  4.82411304e-03 
 2.66105729e-05  7.24525334e-06  2.66105729e-05  6.81327767e+00  2.66105729e-05  4.78884991e-03 
 2.66605729e-05  7.24525305e-06  2.66605729e-05  6.81327767e+00  2.66605729e-05  4.75385448e-03 
 2.67105729e-05  7.24525275e-06  2.67105729e-05  6.81327767e+00  2.67105729e-05  4.71912460e-03 
 2.67605729e-05  7.24525246e-06  2.67605729e-05  6.81327767e+00  2.67605729e-05  4.68465816e-03 
 2.68105729e-05  7.24525217e-06  2.68105729e-05  6.81327767e+00  2.68105729e-05  4.65045304e-03 
 2.68605729e-05  7.24525188e-06  2.68605729e-05  6.81327767e+00  2.68605729e-05  4.61650716e-03 
 2.69105729e-05  7.24525160e-06  2.69105729e-05  6.81327767e+00  2.69105729e-05  4.58281845e-03 
 2.69605729e-05  7.24525132e-06  2.69605729e-05  6.81327767e+00  2.69605729e-05  4.54938486e-03 
 2.70105729e-05  7.24525104e-06  2.70105729e-05  6.81327767e+00  2.70105729e-05  4.51620434e-03 
 2.70605729e-05  7.24525076e-06  2.70605729e-05  6.81327767e+00  2.70605729e-05  4.48327489e-03 
 2.71105729e-05  7.24525048e-06  2.71105729e-05  6.81327767e+00  2.71105729e-05  4.45059449e-03 
 2.71605729e-05  7.24525021e-06  2.71605729e-05  6.81327767e+00  2.71605729e-05  4.41816117e-03 
 2.72105729e-05  7.24524993e-06  2.72105729e-05  6.81327767e+00  2.72105729e-05  4.38597296e-03 
 2.72605729e-05  7.24524966e-06  2.72605729e-05  6.81327767e+00  2.72605729e-05  4.35402791e-03 
 2.73105729e-05  7.24524939e-06  2.73105729e-05  6.81327767e+00  2.73105729e-05  4.32232408e-03 
 2.73605729e-05  7.24524913e-06  2.73605729e-05  6.81327767e+00  2.73605729e-05  4.29085956e-03 
 2.74105729e-05  7.24524886e-06  2.74105729e-05  6.81327767e+00  2.74105729e-05  4.25963244e-03 
 2.74605729e-05  7.24524860e-06  2.74605729e-05  6.81327767e+00  2.74605729e-05  4.22864084e-03 
 2.75105729e-05  7.24524834e-06  2.75105729e-05  6.81327767e+00  2.75105729e-05  4.19788288e-03 
 2.75605729e-05  7.24524808e-06  2.75605729e-05  6.81327767e+00  2.75605729e-05  4.16735672e-03 
 2.76105729e-05  7.24524783e-06  2.76105729e-05  6.81327767e+00  2.76105729e-05  4.13706051e-03 
 2.76605729e-05  7.24524757e-06  2.76605729e-05  6.81327767e+00  2.76605729e-05  4.10699244e-03 
 2.77105729e-05  7.24524732e-06  2.77105729e-05  6.81327767e+00  2.77105729e-05  4.07715068e-03 
 2.77605729e-05  7.24524707e-06  2.77605729e-05  6.81327767e+00  2.77605729e-05  4.04753347e-03 
 2.78105729e-05  7.24524682e-06  2.78105729e-05  6.81327767e+00  2.78105729e-05  4.01813900e-03 
 2.78605729e-05  7.24524657e-06  2.78605729e-05  6.81327767e+00  2.78605729e-05  3.98896553e-03 
 2.79105729e-05  7.24524633e-06  2.79105729e-05  6.81327767e+00  2.79105729e-05  3.96001130e-03 
 2.79605729e-05  7.24524609e-06  2.79605729e-05  6.81327767e+00  2.79605729e-05  3.93127459e-03 
 2.80105729e-05  7.24524584e-06  2.80105729e-05  6.81327767e+00  2.80105729e-05  3.90275366e-03 
 2.80605729e-05  7.24524561e-06  2.80605729e-05  6.81327767e+00  2.80605729e-05  3.87444683e-03 
 2.81105729e-05  7.24524537e-06  2.81105729e-05  6.81327767e+00  2.81105729e-05  3.84635240e-03 
 2.81605729e-05  7.24524513e-06  2.81605729e-05  6.81327767e+00  2.81605729e-05  3.81846869e-03 
 2.82105729e-05  7.24524490e-06  2.82105729e-05  6.81327767e+00  2.82105729e-05  3.79079405e-03 
 2.82605729e-05  7.24524467e-06  2.82605729e-05  6.81327767e+00  2.82605729e-05  3.76332682e-03 
 2.83105729e-05  7.24524444e-06  2.83105729e-05  6.81327767e+00  2.83105729e-05  3.73606537e-03 
 2.83605729e-05  7.24524421e-06  2.83605729e-05  6.81327767e+00  2.83605729e-05  3.70900809e-03 
 2.84105729e-05  7.24524398e-06  2.84105729e-05  6.81327767e+00  2.84105729e-05  3.68215336e-03 
 2.84605729e-05  7.24524375e-06  2.84605729e-05  6.81327767e+00  2.84605729e-05  3.65549960e-03 
 2.85105729e-05  7.24524353e-06  2.85105729e-05  6.81327767e+00  2.85105729e-05  3.62904522e-03 
 2.85605729e-05  7.24524331e-06  2.85605729e-05  6.81327767e+00  2.85605729e-05  3.60278866e-03 
 2.86105729e-05  7.24524309e-06  2.86105729e-05  6.81327767e+00  2.86105729e-05  3.57672836e-03 
 2.86605729e-05  7.24524287e-06  2.86605729e-05  6.81327767e+00  2.86605729e-05  3.55086279e-03 
 2.87105729e-05  7.24524265e-06  2.87105729e-05  6.81327767e+00  2.87105729e-05  3.52519041e-03 
 2.87605729e-05  7.24524244e-06  2.87605729e-05  6.81327767e+00  2.87605729e-05  3.49970971e-03 
 2.88105729e-05  7.24524222e-06  2.88105729e-05  6.81327767e+00  2.88105729e-05  3.47441920e-03 
 2.88605729e-05  7.24524201e-06  2.88605729e-05  6.81327767e+00  2.88605729e-05  3.44931737e-03 
 2.89105729e-05  7.24524180e-06  2.89105729e-05  6.81327767e+00  2.89105729e-05  3.42440276e-03 
 2.89605729e-05  7.24524159e-06  2.89605729e-05  6.81327767e+00  2.89605729e-05  3.39967389e-03 
 2.90105729e-05  7.24524138e-06  2.90105729e-05  6.81327767e+00  2.90105729e-05  3.37512933e-03 
 2.90605729e-05  7.24524118e-06  2.90605729e-05  6.81327767e+00  2.90605729e-05  3.35076761e-03 
 2.91105729e-05  7.24524097e-06  2.91105729e-05  6.81327767e+00  2.91105729e-05  3.32658733e-03 
 2.91605729e-05  7.24524077e-06  2.91605729e-05  6.81327767e+00  2.91605729e-05  3.30258705e-03 
 2.92105729e-05  7.24524057e-06  2.92105729e-05  6.81327767e+00  2.92105729e-05  3.27876538e-03 
 2.92605729e-05  7.24524037e-06  2.92605729e-05  6.81327767e+00  2.92605729e-05  3.25512092e-03 
 2.93105729e-05  7.24524017e-06  2.93105729e-05  6.81327767e+00  2.93105729e-05  3.23165230e-03 
 2.93605729e-05  7.24523997e-06  2.93605729e-05  6.81327767e+00  2.93605729e-05  3.20835813e-03 
 2.94105729e-05  7.24523978e-06  2.94105729e-05  6.81327767e+00  2.94105729e-05  3.18523707e-03 
 2.94605729e-05  7.24523959e-06  2.94605729e-05  6.81327767e+00  2.94605729e-05  3.16228775e-03 
 2.95105729e-05  7.24523939e-06  2.95105729e-05  6.81327767e+00  2.95105729e-05  3.13950886e-03 
 2.95605729e-05  7.24523920e-06  2.95605729e-05  6.81327767e+00  2.95605729e-05  3.11689906e-03 
 2.96105729e-05  7.24523901e-06  2.96105729e-05  6.81327767e+00  2.96105729e-05  3.09445704e-03 
 2.96605729e-05  7.24523882e-06  2.96605729e-05  6.81327767e+00  2.96605729e-05  3.07218149e-03 
 2.97105729e-05  7.24523864e-06  2.97105729e-05  6.81327767e+00  2.97105729e-05  3.05007112e-03 
 2.97605729e-05  7.24523845e-06  2.97605729e-05  6.81327767e+00  2.97605729e-05  3.02812466e-03 
 2.98105729e-05  7.24523827e-06  2.98105729e-05  6.81327767e+00  2.98105729e-05  3.00634082e-03 
 2.98605729e-05  7.24523809e-06  2.98605729e-05  6.81327767e+00  2.98605729e-05  2.98471835e-03 
 2.99105729e-05  7.24523790e-06  2.99105729e-05  6.81327767e+00  2.99105729e-05  2.96325599e-03 
 2.99605729e-05  7.24523772e-06  2.99605729e-05  6.81327767e+00  2.99605729e-05  2.94195252e-03 
 3.00000000e-05  7.24523758e-06  3.00000000e-05  6.81327767e+00  3.00000000e-05  2.92526513e-03 
