 0.00000000e+00 -2.59118882e-02  0.00000000e+00  1.05719442e+00 
 1.00000000e-09 -2.59118882e-02  1.00000000e-09  1.05719442e+00 
 2.00000000e-09 -2.59118882e-02  2.00000000e-09  1.05719442e+00 
 4.00000000e-09 -2.59118882e-02  4.00000000e-09  1.05719442e+00 
 8.00000000e-09 -2.59118882e-02  8.00000000e-09  1.05719442e+00 
 1.60000000e-08 -2.59118882e-02  1.60000000e-08  1.05719442e+00 
 3.20000000e-08 -2.59118882e-02  3.20000000e-08  1.05719442e+00 
 6.40000000e-08 -2.59118882e-02  6.40000000e-08  1.05719442e+00 
 1.00000000e-07 -2.59118882e-02  1.00000000e-07  1.05719442e+00 
 1.00063046e-07 -2.59105385e-02  1.00063046e-07  1.05712494e+00 
 1.00189138e-07 -2.59086456e-02  1.00189138e-07  1.05693799e+00 
 1.00441323e-07 -2.59049006e-02  1.00441323e-07  1.05654465e+00 
 1.00945691e-07 -2.58973590e-02  1.00945691e-07  1.05576615e+00 
 1.01954429e-07 -2.58822640e-02  1.01954429e-07  1.05416831e+00 
 1.03971904e-07 -2.58519485e-02  1.03971904e-07  1.05088065e+00 
 1.08006854e-07 -2.57918181e-02  1.08006854e-07  1.04390491e+00 
 1.16076754e-07 -2.56792224e-02  1.16076754e-07  1.02866281e+00 
 1.27886836e-07 -2.55441919e-02  1.27886836e-07  1.00306855e+00 
 1.35449336e-07 -2.54786381e-02  1.35449336e-07  9.83545532e-01 
 1.41328185e-07 -2.54391665e-02  1.41328185e-07  9.65442602e-01 
 1.46186661e-07 -2.54140880e-02  1.46186661e-07  9.47583394e-01 
 1.50695566e-07 -2.53969108e-02  1.50695566e-07  9.27533819e-01 
 1.56281133e-07 -2.53833615e-02  1.56281133e-07  8.96973864e-01 
 1.62542594e-07 -2.53765024e-02  1.62542594e-07  8.55803546e-01 
 1.66667623e-07 -2.53749326e-02  1.66667623e-07  8.28936936e-01 
 1.70903510e-07 -2.53743780e-02  1.70903510e-07  8.05483639e-01 
 1.75561502e-07 -2.53742092e-02  1.75561502e-07  7.85786491e-01 
 1.79860921e-07 -2.53741790e-02  1.79860921e-07  7.72333786e-01 
 1.85027610e-07 -2.53741768e-02  1.85027610e-07  7.60222483e-01 
 1.91309959e-07 -2.53741838e-02  1.91309959e-07  7.49251281e-01 
 1.97800297e-07 -2.53741853e-02  1.97800297e-07  7.40563748e-01 
 2.00000000e-07 -2.53741870e-02  2.00000000e-07  7.38052217e-01 
 2.00016340e-07 -2.53744686e-02  2.00016340e-07  7.38030274e-01 
 2.00049021e-07 -2.53744689e-02  2.00049021e-07  7.37986682e-01 
 2.00114381e-07 -2.53744687e-02  2.00114381e-07  7.37899663e-01 
 2.00245103e-07 -2.53744691e-02  2.00245103e-07  7.37726262e-01 
 2.00506546e-07 -2.53744690e-02  2.00506546e-07  7.37381996e-01 
 2.01029433e-07 -2.53744698e-02  2.01029433e-07  7.36703351e-01 
 2.02075206e-07 -2.53744704e-02  2.02075206e-07  7.35383806e-01 
 2.04166752e-07 -2.53744724e-02  2.04166752e-07  7.32882739e-01 
 2.08349845e-07 -2.53744747e-02  2.08349845e-07  7.28348943e-01 
 2.16716030e-07 -2.53744789e-02  2.16716030e-07  7.20691543e-01 
 2.32294820e-07 -2.53744828e-02  2.32294820e-07  7.09680293e-01 
 2.47503503e-07 -2.53744855e-02  2.47503503e-07  7.01533076e-01 
 2.69582412e-07 -2.53744873e-02  2.69582412e-07  6.92275171e-01 
 2.93646352e-07 -2.53744890e-02  2.93646352e-07  6.84382793e-01 
 3.29678890e-07 -2.53744900e-02  3.29678890e-07  6.75099253e-01 
 3.69933920e-07 -2.53744912e-02  3.69933920e-07  6.67011424e-01 
 4.27492623e-07 -2.53744916e-02  4.27492623e-07  6.57933609e-01 
 4.93180637e-07 -2.53744925e-02  4.93180637e-07  6.49831510e-01 
 5.85109762e-07 -2.53744927e-02  5.85109762e-07  6.40917489e-01 
 6.92134545e-07 -2.53744933e-02  6.92134545e-07  6.32786309e-01 
 8.38865115e-07 -2.53744933e-02  8.38865115e-07  6.24015204e-01 
 1.01220547e-06 -2.53744938e-02  1.01220547e-06  6.15883308e-01 
 1.24593645e-06 -2.53744937e-02  1.24593645e-06  6.07248450e-01 
 1.52534854e-06 -2.53744941e-02  1.52534854e-06  5.99136129e-01 
 1.89695327e-06 -2.53744939e-02  1.89695327e-06  5.90634185e-01 
 2.34529230e-06 -2.53744943e-02  2.34529230e-06  5.82564852e-01 
 2.93475252e-06 -2.53744940e-02  2.93475252e-06  5.74201818e-01 
 3.65102002e-06 -2.53744944e-02  3.65102002e-06  5.66203989e-01 
 4.58373577e-06 -2.53744941e-02  4.58373577e-06  5.57996588e-01 
 5.72327576e-06 -2.53744945e-02  5.72327576e-06  5.50108067e-01 
 7.19520473e-06 -2.53744942e-02  7.19520473e-06  5.42088346e-01 
 9.00085287e-06 -2.53744946e-02  9.00085287e-06  5.34362387e-01 
 1.13172378e-05 -2.53744942e-02  1.13172378e-05  5.26584341e-01 
 1.41672607e-05 -2.53744946e-02  1.41672607e-05  5.19098193e-01 
 1.78021350e-05 -2.53744943e-02  1.78021350e-05  5.11647270e-01 
 2.22838617e-05 -2.53744946e-02  2.22838617e-05  5.04513605e-01 
 2.79713925e-05 -2.53744943e-02  2.79713925e-05  4.97518955e-01 
 3.49942837e-05 -2.53744946e-02  3.49942837e-05  4.90899280e-01 
 4.38691189e-05 -2.53744943e-02  4.38691189e-05  4.84546496e-01 
 5.38691189e-05 -2.53744946e-02  5.38691189e-05  4.79129543e-01 
 6.38691189e-05 -2.53744943e-02  6.38691189e-05  4.74936029e-01 
 7.38691189e-05 -2.53744946e-02  7.38691189e-05  4.71585445e-01 
 8.38691189e-05 -2.53744943e-02  8.38691189e-05  4.68852811e-01 
 9.38691189e-05 -2.53744946e-02  9.38691189e-05  4.66589911e-01 
 1.03869119e-04 -2.53744943e-02  1.03869119e-04  4.64693827e-01 
 1.13869119e-04 -2.53744946e-02  1.13869119e-04  4.63090304e-01 
 1.23869119e-04 -2.53744943e-02  1.23869119e-04  4.61724076e-01 
 1.33869119e-04 -2.53744946e-02  1.33869119e-04  4.60552945e-01 
 1.43869119e-04 -2.53744943e-02  1.43869119e-04  4.59544018e-01 
 1.53869119e-04 -2.53744946e-02  1.53869119e-04  4.58671191e-01 
 1.63869119e-04 -2.53744943e-02  1.63869119e-04  4.57913452e-01 
 1.73869119e-04 -2.53744946e-02  1.73869119e-04  4.57253664e-01 
 1.83869119e-04 -2.53744943e-02  1.83869119e-04  4.56677709e-01 
 1.93869119e-04 -2.53744946e-02  1.93869119e-04  4.56173838e-01 
 2.03869119e-04 -2.53744943e-02  2.03869119e-04  4.55732207e-01 
 2.13869119e-04 -2.53744946e-02  2.13869119e-04  4.55344497e-01 
 2.23869119e-04 -2.53744943e-02  2.23869119e-04  4.55003652e-01 
 2.33869119e-04 -2.53744946e-02  2.33869119e-04  4.54703636e-01 
 2.43869119e-04 -2.53744943e-02  2.43869119e-04  4.54439282e-01 
 2.53869119e-04 -2.53744946e-02  2.53869119e-04  4.54206130e-01 
 2.63869119e-04 -2.53744943e-02  2.63869119e-04  4.54000334e-01 
 2.73869119e-04 -2.53744946e-02  2.73869119e-04  4.53818551e-01 
 2.83869119e-04 -2.53744943e-02  2.83869119e-04  4.53657882e-01 
 2.93869119e-04 -2.53744946e-02  2.93869119e-04  4.53515792e-01 
 3.03869119e-04 -2.53744943e-02  3.03869119e-04  4.53390076e-01 
 3.13869119e-04 -2.53744946e-02  3.13869119e-04  4.53278795e-01 
 3.23869119e-04 -2.53744943e-02  3.23869119e-04  4.53180259e-01 
 3.33869119e-04 -2.53744946e-02  3.33869119e-04  4.53092976e-01 
 3.43869119e-04 -2.53744943e-02  3.43869119e-04  4.53015640e-01 
 3.53869119e-04 -2.53744946e-02  3.53869119e-04  4.52947098e-01 
 3.63869119e-04 -2.53744943e-02  3.63869119e-04  4.52886338e-01 
 3.73869119e-04 -2.53744946e-02  3.73869119e-04  4.52832462e-01 
 3.83869119e-04 -2.53744943e-02  3.83869119e-04  4.52784687e-01 
 3.93869119e-04 -2.53744946e-02  3.93869119e-04  4.52742309e-01 
 4.03869119e-04 -2.53744943e-02  4.03869119e-04  4.52704719e-01 
 4.13869119e-04 -2.53744946e-02  4.13869119e-04  4.52671367e-01 
 4.23869119e-04 -2.53744943e-02  4.23869119e-04  4.52641775e-01 
 4.33869119e-04 -2.53744946e-02  4.33869119e-04  4.52615515e-01 
 4.43869119e-04 -2.53744943e-02  4.43869119e-04  4.52592211e-01 
 4.53869119e-04 -2.53744946e-02  4.53869119e-04  4.52571527e-01 
 4.63869119e-04 -2.53744943e-02  4.63869119e-04  4.52553169e-01 
 4.73869119e-04 -2.53744946e-02  4.73869119e-04  4.52536873e-01 
 4.83869119e-04 -2.53744943e-02  4.83869119e-04  4.52522408e-01 
 4.93869119e-04 -2.53744946e-02  4.93869119e-04  4.52509565e-01 
 5.03869119e-04 -2.53744943e-02  5.03869119e-04  4.52498165e-01 
 5.13869119e-04 -2.53744946e-02  5.13869119e-04  4.52488043e-01 
 5.23869119e-04 -2.53744943e-02  5.23869119e-04  4.52479058e-01 
 5.33869119e-04 -2.53744946e-02  5.33869119e-04  4.52471078e-01 
 5.43869119e-04 -2.53744943e-02  5.43869119e-04  4.52463995e-01 
 5.53869119e-04 -2.53744946e-02  5.53869119e-04  4.52457704e-01 
 5.63869119e-04 -2.53744943e-02  5.63869119e-04  4.52452120e-01 
 5.73869119e-04 -2.53744946e-02  5.73869119e-04  4.52447160e-01 
 5.83869119e-04 -2.53744943e-02  5.83869119e-04  4.52442758e-01 
 5.93869119e-04 -2.53744946e-02  5.93869119e-04  4.52438847e-01 
 6.03869119e-04 -2.53744943e-02  6.03869119e-04  4.52435375e-01 
 6.13869119e-04 -2.53744946e-02  6.13869119e-04  4.52432291e-01 
 6.23869119e-04 -2.53744943e-02  6.23869119e-04  4.52429554e-01 
 6.33869119e-04 -2.53744946e-02  6.33869119e-04  4.52427122e-01 
 6.43869119e-04 -2.53744943e-02  6.43869119e-04  4.52424964e-01 
 6.53869119e-04 -2.53744946e-02  6.53869119e-04  4.52423046e-01 
 6.63869119e-04 -2.53744943e-02  6.63869119e-04  4.52421344e-01 
 6.73869119e-04 -2.53744946e-02  6.73869119e-04  4.52419831e-01 
 6.83869119e-04 -2.53744943e-02  6.83869119e-04  4.52418489e-01 
 6.93869119e-04 -2.53744946e-02  6.93869119e-04  4.52417296e-01 
 7.03869119e-04 -2.53744943e-02  7.03869119e-04  4.52416238e-01 
 7.13869119e-04 -2.53744946e-02  7.13869119e-04  4.52415297e-01 
 7.23869119e-04 -2.53744943e-02  7.23869119e-04  4.52414463e-01 
 7.33869119e-04 -2.53744946e-02  7.33869119e-04  4.52413720e-01 
 7.43869119e-04 -2.53744943e-02  7.43869119e-04  4.52413063e-01 
 7.53869119e-04 -2.53744946e-02  7.53869119e-04  4.52412477e-01 
 7.63869119e-04 -2.53744943e-02  7.63869119e-04  4.52411958e-01 
 7.73869119e-04 -2.53744946e-02  7.73869119e-04  4.52411496e-01 
 7.83869119e-04 -2.53744943e-02  7.83869119e-04  4.52411087e-01 
 7.93869119e-04 -2.53744946e-02  7.93869119e-04  4.52410723e-01 
 8.03869119e-04 -2.53744943e-02  8.03869119e-04  4.52410401e-01 
 8.13869119e-04 -2.53744946e-02  8.13869119e-04  4.52410113e-01 
 8.23869119e-04 -2.53744943e-02  8.23869119e-04  4.52409859e-01 
 8.33869119e-04 -2.53744946e-02  8.33869119e-04  4.52409632e-01 
 8.43869119e-04 -2.53744943e-02  8.43869119e-04  4.52409432e-01 
 8.53869119e-04 -2.53744946e-02  8.53869119e-04  4.52409253e-01 
 8.63869119e-04 -2.53744943e-02  8.63869119e-04  4.52409095e-01 
 8.73869119e-04 -2.53744946e-02  8.73869119e-04  4.52408953e-01 
 8.83869119e-04 -2.53744943e-02  8.83869119e-04  4.52408829e-01 
 8.93869119e-04 -2.53744946e-02  8.93869119e-04  4.52408717e-01 
 9.03869119e-04 -2.53744943e-02  9.03869119e-04  4.52408620e-01 
 9.13869119e-04 -2.53744946e-02  9.13869119e-04  4.52408531e-01 
 9.23869119e-04 -2.53744943e-02  9.23869119e-04  4.52408455e-01 
 9.33869119e-04 -2.53744946e-02  9.33869119e-04  4.52408385e-01 
 9.43869119e-04 -2.53744943e-02  9.43869119e-04  4.52408324e-01 
 9.53869119e-04 -2.53744946e-02  9.53869119e-04  4.52408269e-01 
 9.63869119e-04 -2.53744943e-02  9.63869119e-04  4.52408221e-01 
 9.73869119e-04 -2.53744946e-02  9.73869119e-04  4.52408178e-01 
 9.83869119e-04 -2.53744943e-02  9.83869119e-04  4.52408140e-01 
 9.93869119e-04 -2.53744946e-02  9.93869119e-04  4.52408106e-01 
 1.00386912e-03 -2.53744943e-02  1.00386912e-03  4.52408076e-01 
 1.01386912e-03 -2.53744946e-02  1.01386912e-03  4.52408049e-01 
 1.02386912e-03 -2.53744943e-02  1.02386912e-03  4.52408026e-01 
 1.03386912e-03 -2.53744946e-02  1.03386912e-03  4.52408004e-01 
 1.04386912e-03 -2.53744943e-02  1.04386912e-03  4.52407986e-01 
 1.05386912e-03 -2.53744946e-02  1.05386912e-03  4.52407969e-01 
 1.06386912e-03 -2.53744943e-02  1.06386912e-03  4.52407955e-01 
 1.07386912e-03 -2.53744946e-02  1.07386912e-03  4.52407941e-01 
 1.08386912e-03 -2.53744943e-02  1.08386912e-03  4.52407930e-01 
 1.09386912e-03 -2.53744946e-02  1.09386912e-03  4.52407919e-01 
 1.10386912e-03 -2.53744943e-02  1.10386912e-03  4.52407911e-01 
 1.11386912e-03 -2.53744946e-02  1.11386912e-03  4.52407902e-01 
 1.12386912e-03 -2.53744943e-02  1.12386912e-03  4.52407895e-01 
 1.13386912e-03 -2.53744946e-02  1.13386912e-03  4.52407888e-01 
 1.14386912e-03 -2.53744943e-02  1.14386912e-03  4.52407883e-01 
 1.15386912e-03 -2.53744946e-02  1.15386912e-03  4.52407877e-01 
 1.16386912e-03 -2.53744943e-02  1.16386912e-03  4.52407873e-01 
 1.17386912e-03 -2.53744946e-02  1.17386912e-03  4.52407869e-01 
 1.18386912e-03 -2.53744943e-02  1.18386912e-03  4.52407866e-01 
 1.19386912e-03 -2.53744946e-02  1.19386912e-03  4.52407862e-01 
 1.20386912e-03 -2.53744943e-02  1.20386912e-03  4.52407860e-01 
 1.21386912e-03 -2.53744946e-02  1.21386912e-03  4.52407857e-01 
 1.22386912e-03 -2.53744943e-02  1.22386912e-03  4.52407855e-01 
 1.23386912e-03 -2.53744946e-02  1.23386912e-03  4.52407852e-01 
 1.24386912e-03 -2.53744943e-02  1.24386912e-03  4.52407852e-01 
 1.25386912e-03 -2.53744946e-02  1.25386912e-03  4.52407849e-01 
 1.26386912e-03 -2.53744943e-02  1.26386912e-03  4.52407849e-01 
 1.27386912e-03 -2.53744946e-02  1.27386912e-03  4.52407847e-01 
 1.28386912e-03 -2.53744943e-02  1.28386912e-03  4.52407846e-01 
 1.29386912e-03 -2.53744946e-02  1.29386912e-03  4.52407845e-01 
 1.30386912e-03 -2.53744943e-02  1.30386912e-03  4.52407845e-01 
 1.31386912e-03 -2.53744946e-02  1.31386912e-03  4.52407843e-01 
 1.32386912e-03 -2.53744943e-02  1.32386912e-03  4.52407843e-01 
 1.33386912e-03 -2.53744946e-02  1.33386912e-03  4.52407842e-01 
 1.34386912e-03 -2.53744943e-02  1.34386912e-03  4.52407842e-01 
 1.35386912e-03 -2.53744946e-02  1.35386912e-03  4.52407841e-01 
 1.36386912e-03 -2.53744943e-02  1.36386912e-03  4.52407841e-01 
 1.37386912e-03 -2.53744946e-02  1.37386912e-03  4.52407840e-01 
 1.38386912e-03 -2.53744943e-02  1.38386912e-03  4.52407840e-01 
 1.39386912e-03 -2.53744946e-02  1.39386912e-03  4.52407839e-01 
 1.40386912e-03 -2.53744943e-02  1.40386912e-03  4.52407840e-01 
 1.41386912e-03 -2.53744946e-02  1.41386912e-03  4.52407839e-01 
 1.42386912e-03 -2.53744943e-02  1.42386912e-03  4.52407839e-01 
 1.43386912e-03 -2.53744946e-02  1.43386912e-03  4.52407838e-01 
 1.44386912e-03 -2.53744943e-02  1.44386912e-03  4.52407839e-01 
 1.45386912e-03 -2.53744946e-02  1.45386912e-03  4.52407838e-01 
 1.46386912e-03 -2.53744943e-02  1.46386912e-03  4.52407839e-01 
 1.47386912e-03 -2.53744946e-02  1.47386912e-03  4.52407838e-01 
 1.48386912e-03 -2.53744943e-02  1.48386912e-03  4.52407839e-01 
 1.49386912e-03 -2.53744946e-02  1.49386912e-03  4.52407838e-01 
 1.50386912e-03 -2.53744943e-02  1.50386912e-03  4.52407838e-01 
 1.51386912e-03 -2.53744946e-02  1.51386912e-03  4.52407837e-01 
 1.52386912e-03 -2.53744943e-02  1.52386912e-03  4.52407838e-01 
 1.53386912e-03 -2.53744946e-02  1.53386912e-03  4.52407837e-01 
 1.54386912e-03 -2.53744943e-02  1.54386912e-03  4.52407838e-01 
 1.55386912e-03 -2.53744946e-02  1.55386912e-03  4.52407837e-01 
 1.56386912e-03 -2.53744943e-02  1.56386912e-03  4.52407838e-01 
 1.57386912e-03 -2.53744946e-02  1.57386912e-03  4.52407837e-01 
 1.58386912e-03 -2.53744943e-02  1.58386912e-03  4.52407838e-01 
 1.59386912e-03 -2.53744946e-02  1.59386912e-03  4.52407837e-01 
 1.60386912e-03 -2.53744943e-02  1.60386912e-03  4.52407838e-01 
 1.61386912e-03 -2.53744946e-02  1.61386912e-03  4.52407837e-01 
 1.62386912e-03 -2.53744943e-02  1.62386912e-03  4.52407838e-01 
 1.63386912e-03 -2.53744946e-02  1.63386912e-03  4.52407837e-01 
 1.64386912e-03 -2.53744943e-02  1.64386912e-03  4.52407838e-01 
 1.65386912e-03 -2.53744946e-02  1.65386912e-03  4.52407837e-01 
 1.66386912e-03 -2.53744943e-02  1.66386912e-03  4.52407838e-01 
 1.67386912e-03 -2.53744946e-02  1.67386912e-03  4.52407837e-01 
 1.68386912e-03 -2.53744943e-02  1.68386912e-03  4.52407838e-01 
 1.69386912e-03 -2.53744946e-02  1.69386912e-03  4.52407837e-01 
 1.70386912e-03 -2.53744943e-02  1.70386912e-03  4.52407838e-01 
 1.71386912e-03 -2.53744946e-02  1.71386912e-03  4.52407837e-01 
 1.72386912e-03 -2.53744943e-02  1.72386912e-03  4.52407838e-01 
 1.73386912e-03 -2.53744946e-02  1.73386912e-03  4.52407837e-01 
 1.74386912e-03 -2.53744943e-02  1.74386912e-03  4.52407838e-01 
 1.75386912e-03 -2.53744946e-02  1.75386912e-03  4.52407837e-01 
 1.76386912e-03 -2.53744943e-02  1.76386912e-03  4.52407838e-01 
 1.77386912e-03 -2.53744946e-02  1.77386912e-03  4.52407837e-01 
 1.78386912e-03 -2.53744943e-02  1.78386912e-03  4.52407838e-01 
 1.79386912e-03 -2.53744946e-02  1.79386912e-03  4.52407837e-01 
 1.80386912e-03 -2.53744943e-02  1.80386912e-03  4.52407838e-01 
 1.81386912e-03 -2.53744946e-02  1.81386912e-03  4.52407837e-01 
 1.82386912e-03 -2.53744943e-02  1.82386912e-03  4.52407838e-01 
 1.83386912e-03 -2.53744946e-02  1.83386912e-03  4.52407837e-01 
 1.84386912e-03 -2.53744943e-02  1.84386912e-03  4.52407838e-01 
 1.85386912e-03 -2.53744946e-02  1.85386912e-03  4.52407837e-01 
 1.86386912e-03 -2.53744943e-02  1.86386912e-03  4.52407838e-01 
 1.87386912e-03 -2.53744946e-02  1.87386912e-03  4.52407837e-01 
 1.88386912e-03 -2.53744943e-02  1.88386912e-03  4.52407838e-01 
 1.89386912e-03 -2.53744946e-02  1.89386912e-03  4.52407837e-01 
 1.90386912e-03 -2.53744943e-02  1.90386912e-03  4.52407838e-01 
 1.91386912e-03 -2.53744946e-02  1.91386912e-03  4.52407837e-01 
 1.92386912e-03 -2.53744943e-02  1.92386912e-03  4.52407838e-01 
 1.93386912e-03 -2.53744946e-02  1.93386912e-03  4.52407837e-01 
 1.94386912e-03 -2.53744943e-02  1.94386912e-03  4.52407838e-01 
 1.95386912e-03 -2.53744946e-02  1.95386912e-03  4.52407837e-01 
 1.96386912e-03 -2.53744943e-02  1.96386912e-03  4.52407838e-01 
 1.97386912e-03 -2.53744946e-02  1.97386912e-03  4.52407837e-01 
 1.98386912e-03 -2.53744943e-02  1.98386912e-03  4.52407838e-01 
 1.99386912e-03 -2.53744946e-02  1.99386912e-03  4.52407837e-01 
 2.00386912e-03 -2.53744943e-02  2.00386912e-03  4.52407838e-01 
 2.01386912e-03 -2.53744946e-02  2.01386912e-03  4.52407837e-01 
 2.02386912e-03 -2.53744943e-02  2.02386912e-03  4.52407838e-01 
 2.03386912e-03 -2.53744946e-02  2.03386912e-03  4.52407837e-01 
 2.04386912e-03 -2.53744943e-02  2.04386912e-03  4.52407838e-01 
 2.05386912e-03 -2.53744946e-02  2.05386912e-03  4.52407837e-01 
 2.06386912e-03 -2.53744943e-02  2.06386912e-03  4.52407838e-01 
 2.07386912e-03 -2.53744946e-02  2.07386912e-03  4.52407837e-01 
 2.08386912e-03 -2.53744943e-02  2.08386912e-03  4.52407838e-01 
 2.09386912e-03 -2.53744946e-02  2.09386912e-03  4.52407837e-01 
 2.10386912e-03 -2.53744943e-02  2.10386912e-03  4.52407838e-01 
 2.11386912e-03 -2.53744946e-02  2.11386912e-03  4.52407837e-01 
 2.12386912e-03 -2.53744943e-02  2.12386912e-03  4.52407838e-01 
 2.13386912e-03 -2.53744946e-02  2.13386912e-03  4.52407837e-01 
 2.14386912e-03 -2.53744943e-02  2.14386912e-03  4.52407838e-01 
 2.15386912e-03 -2.53744946e-02  2.15386912e-03  4.52407837e-01 
 2.16386912e-03 -2.53744943e-02  2.16386912e-03  4.52407838e-01 
 2.17386912e-03 -2.53744946e-02  2.17386912e-03  4.52407837e-01 
 2.18386912e-03 -2.53744943e-02  2.18386912e-03  4.52407838e-01 
 2.19386912e-03 -2.53744946e-02  2.19386912e-03  4.52407837e-01 
 2.20386912e-03 -2.53744943e-02  2.20386912e-03  4.52407838e-01 
 2.21386912e-03 -2.53744946e-02  2.21386912e-03  4.52407837e-01 
 2.22386912e-03 -2.53744943e-02  2.22386912e-03  4.52407838e-01 
 2.23386912e-03 -2.53744946e-02  2.23386912e-03  4.52407837e-01 
 2.24386912e-03 -2.53744943e-02  2.24386912e-03  4.52407838e-01 
 2.25386912e-03 -2.53744946e-02  2.25386912e-03  4.52407837e-01 
 2.26386912e-03 -2.53744943e-02  2.26386912e-03  4.52407838e-01 
 2.27386912e-03 -2.53744946e-02  2.27386912e-03  4.52407837e-01 
 2.28386912e-03 -2.53744943e-02  2.28386912e-03  4.52407838e-01 
 2.29386912e-03 -2.53744946e-02  2.29386912e-03  4.52407837e-01 
 2.30386912e-03 -2.53744943e-02  2.30386912e-03  4.52407838e-01 
 2.31386912e-03 -2.53744946e-02  2.31386912e-03  4.52407837e-01 
 2.32386912e-03 -2.53744943e-02  2.32386912e-03  4.52407838e-01 
 2.33386912e-03 -2.53744946e-02  2.33386912e-03  4.52407837e-01 
 2.34386912e-03 -2.53744943e-02  2.34386912e-03  4.52407838e-01 
 2.35386912e-03 -2.53744946e-02  2.35386912e-03  4.52407837e-01 
 2.36386912e-03 -2.53744943e-02  2.36386912e-03  4.52407838e-01 
 2.37386912e-03 -2.53744946e-02  2.37386912e-03  4.52407837e-01 
 2.38386912e-03 -2.53744943e-02  2.38386912e-03  4.52407838e-01 
 2.39386912e-03 -2.53744946e-02  2.39386912e-03  4.52407837e-01 
 2.40386912e-03 -2.53744943e-02  2.40386912e-03  4.52407838e-01 
 2.41386912e-03 -2.53744946e-02  2.41386912e-03  4.52407837e-01 
 2.42386912e-03 -2.53744943e-02  2.42386912e-03  4.52407838e-01 
 2.43386912e-03 -2.53744946e-02  2.43386912e-03  4.52407837e-01 
 2.44386912e-03 -2.53744943e-02  2.44386912e-03  4.52407838e-01 
 2.45386912e-03 -2.53744946e-02  2.45386912e-03  4.52407837e-01 
 2.46386912e-03 -2.53744943e-02  2.46386912e-03  4.52407838e-01 
 2.47386912e-03 -2.53744946e-02  2.47386912e-03  4.52407837e-01 
 2.48386912e-03 -2.53744943e-02  2.48386912e-03  4.52407838e-01 
 2.49386912e-03 -2.53744946e-02  2.49386912e-03  4.52407837e-01 
 2.50386912e-03 -2.53744943e-02  2.50386912e-03  4.52407838e-01 
 2.51386912e-03 -2.53744946e-02  2.51386912e-03  4.52407837e-01 
 2.52386912e-03 -2.53744943e-02  2.52386912e-03  4.52407838e-01 
 2.53386912e-03 -2.53744946e-02  2.53386912e-03  4.52407837e-01 
 2.54386912e-03 -2.53744943e-02  2.54386912e-03  4.52407838e-01 
 2.55386912e-03 -2.53744946e-02  2.55386912e-03  4.52407837e-01 
 2.56386912e-03 -2.53744943e-02  2.56386912e-03  4.52407838e-01 
 2.57386912e-03 -2.53744946e-02  2.57386912e-03  4.52407837e-01 
 2.58386912e-03 -2.53744943e-02  2.58386912e-03  4.52407838e-01 
 2.59386912e-03 -2.53744946e-02  2.59386912e-03  4.52407837e-01 
 2.60386912e-03 -2.53744943e-02  2.60386912e-03  4.52407838e-01 
 2.61386912e-03 -2.53744946e-02  2.61386912e-03  4.52407837e-01 
 2.62386912e-03 -2.53744943e-02  2.62386912e-03  4.52407838e-01 
 2.63386912e-03 -2.53744946e-02  2.63386912e-03  4.52407837e-01 
 2.64386912e-03 -2.53744943e-02  2.64386912e-03  4.52407838e-01 
 2.65386912e-03 -2.53744946e-02  2.65386912e-03  4.52407837e-01 
 2.66386912e-03 -2.53744943e-02  2.66386912e-03  4.52407838e-01 
 2.67386912e-03 -2.53744946e-02  2.67386912e-03  4.52407837e-01 
 2.68386912e-03 -2.53744943e-02  2.68386912e-03  4.52407838e-01 
 2.69386912e-03 -2.53744946e-02  2.69386912e-03  4.52407837e-01 
 2.70386912e-03 -2.53744943e-02  2.70386912e-03  4.52407838e-01 
 2.71386912e-03 -2.53744946e-02  2.71386912e-03  4.52407837e-01 
 2.72386912e-03 -2.53744943e-02  2.72386912e-03  4.52407838e-01 
 2.73386912e-03 -2.53744946e-02  2.73386912e-03  4.52407837e-01 
 2.74386912e-03 -2.53744943e-02  2.74386912e-03  4.52407838e-01 
 2.75386912e-03 -2.53744946e-02  2.75386912e-03  4.52407837e-01 
 2.76386912e-03 -2.53744943e-02  2.76386912e-03  4.52407838e-01 
 2.77386912e-03 -2.53744946e-02  2.77386912e-03  4.52407837e-01 
 2.78386912e-03 -2.53744943e-02  2.78386912e-03  4.52407838e-01 
 2.79386912e-03 -2.53744946e-02  2.79386912e-03  4.52407837e-01 
 2.80386912e-03 -2.53744943e-02  2.80386912e-03  4.52407838e-01 
 2.81386912e-03 -2.53744946e-02  2.81386912e-03  4.52407837e-01 
 2.82386912e-03 -2.53744943e-02  2.82386912e-03  4.52407838e-01 
 2.83386912e-03 -2.53744946e-02  2.83386912e-03  4.52407837e-01 
 2.84386912e-03 -2.53744943e-02  2.84386912e-03  4.52407838e-01 
 2.85386912e-03 -2.53744946e-02  2.85386912e-03  4.52407837e-01 
 2.86386912e-03 -2.53744943e-02  2.86386912e-03  4.52407838e-01 
 2.87386912e-03 -2.53744946e-02  2.87386912e-03  4.52407837e-01 
 2.88386912e-03 -2.53744943e-02  2.88386912e-03  4.52407838e-01 
 2.89386912e-03 -2.53744946e-02  2.89386912e-03  4.52407837e-01 
 2.90386912e-03 -2.53744943e-02  2.90386912e-03  4.52407838e-01 
 2.91386912e-03 -2.53744946e-02  2.91386912e-03  4.52407837e-01 
 2.92386912e-03 -2.53744943e-02  2.92386912e-03  4.52407838e-01 
 2.93386912e-03 -2.53744946e-02  2.93386912e-03  4.52407837e-01 
 2.94386912e-03 -2.53744943e-02  2.94386912e-03  4.52407838e-01 
 2.95386912e-03 -2.53744946e-02  2.95386912e-03  4.52407837e-01 
 2.96386912e-03 -2.53744943e-02  2.96386912e-03  4.52407838e-01 
 2.97386912e-03 -2.53744946e-02  2.97386912e-03  4.52407837e-01 
 2.98386912e-03 -2.53744943e-02  2.98386912e-03  4.52407838e-01 
 2.99386912e-03 -2.53744946e-02  2.99386912e-03  4.52407837e-01 
 3.00386912e-03 -2.53744943e-02  3.00386912e-03  4.52407838e-01 
 3.01386912e-03 -2.53744946e-02  3.01386912e-03  4.52407837e-01 
 3.02386912e-03 -2.53744943e-02  3.02386912e-03  4.52407838e-01 
 3.03386912e-03 -2.53744946e-02  3.03386912e-03  4.52407837e-01 
 3.04386912e-03 -2.53744943e-02  3.04386912e-03  4.52407838e-01 
 3.05386912e-03 -2.53744946e-02  3.05386912e-03  4.52407837e-01 
 3.06386912e-03 -2.53744943e-02  3.06386912e-03  4.52407838e-01 
 3.07386912e-03 -2.53744946e-02  3.07386912e-03  4.52407837e-01 
 3.08386912e-03 -2.53744943e-02  3.08386912e-03  4.52407838e-01 
 3.09386912e-03 -2.53744946e-02  3.09386912e-03  4.52407837e-01 
 3.10386912e-03 -2.53744943e-02  3.10386912e-03  4.52407838e-01 
 3.11386912e-03 -2.53744946e-02  3.11386912e-03  4.52407837e-01 
 3.12386912e-03 -2.53744943e-02  3.12386912e-03  4.52407838e-01 
 3.13386912e-03 -2.53744946e-02  3.13386912e-03  4.52407837e-01 
 3.14386912e-03 -2.53744943e-02  3.14386912e-03  4.52407838e-01 
 3.15386912e-03 -2.53744946e-02  3.15386912e-03  4.52407837e-01 
 3.16386912e-03 -2.53744943e-02  3.16386912e-03  4.52407838e-01 
 3.17386912e-03 -2.53744946e-02  3.17386912e-03  4.52407837e-01 
 3.18386912e-03 -2.53744943e-02  3.18386912e-03  4.52407838e-01 
 3.19386912e-03 -2.53744946e-02  3.19386912e-03  4.52407837e-01 
 3.20386912e-03 -2.53744943e-02  3.20386912e-03  4.52407838e-01 
 3.21386912e-03 -2.53744946e-02  3.21386912e-03  4.52407837e-01 
 3.22386912e-03 -2.53744943e-02  3.22386912e-03  4.52407838e-01 
 3.23386912e-03 -2.53744946e-02  3.23386912e-03  4.52407837e-01 
 3.24386912e-03 -2.53744943e-02  3.24386912e-03  4.52407838e-01 
 3.25386912e-03 -2.53744946e-02  3.25386912e-03  4.52407837e-01 
 3.26386912e-03 -2.53744943e-02  3.26386912e-03  4.52407838e-01 
 3.27386912e-03 -2.53744946e-02  3.27386912e-03  4.52407837e-01 
 3.28386912e-03 -2.53744943e-02  3.28386912e-03  4.52407838e-01 
 3.29386912e-03 -2.53744946e-02  3.29386912e-03  4.52407837e-01 
 3.30386912e-03 -2.53744943e-02  3.30386912e-03  4.52407838e-01 
 3.31386912e-03 -2.53744946e-02  3.31386912e-03  4.52407837e-01 
 3.32386912e-03 -2.53744943e-02  3.32386912e-03  4.52407838e-01 
 3.33386912e-03 -2.53744946e-02  3.33386912e-03  4.52407837e-01 
 3.34386912e-03 -2.53744943e-02  3.34386912e-03  4.52407838e-01 
 3.35386912e-03 -2.53744946e-02  3.35386912e-03  4.52407837e-01 
 3.36386912e-03 -2.53744943e-02  3.36386912e-03  4.52407838e-01 
 3.37386912e-03 -2.53744946e-02  3.37386912e-03  4.52407837e-01 
 3.38386912e-03 -2.53744943e-02  3.38386912e-03  4.52407838e-01 
 3.39386912e-03 -2.53744946e-02  3.39386912e-03  4.52407837e-01 
 3.40386912e-03 -2.53744943e-02  3.40386912e-03  4.52407838e-01 
 3.41386912e-03 -2.53744946e-02  3.41386912e-03  4.52407837e-01 
 3.42386912e-03 -2.53744943e-02  3.42386912e-03  4.52407838e-01 
 3.43386912e-03 -2.53744946e-02  3.43386912e-03  4.52407837e-01 
 3.44386912e-03 -2.53744943e-02  3.44386912e-03  4.52407838e-01 
 3.45386912e-03 -2.53744946e-02  3.45386912e-03  4.52407837e-01 
 3.46386912e-03 -2.53744943e-02  3.46386912e-03  4.52407838e-01 
 3.47386912e-03 -2.53744946e-02  3.47386912e-03  4.52407837e-01 
 3.48386912e-03 -2.53744943e-02  3.48386912e-03  4.52407838e-01 
 3.49386912e-03 -2.53744946e-02  3.49386912e-03  4.52407837e-01 
 3.50386912e-03 -2.53744943e-02  3.50386912e-03  4.52407838e-01 
 3.51386912e-03 -2.53744946e-02  3.51386912e-03  4.52407837e-01 
 3.52386912e-03 -2.53744943e-02  3.52386912e-03  4.52407838e-01 
 3.53386912e-03 -2.53744946e-02  3.53386912e-03  4.52407837e-01 
 3.54386912e-03 -2.53744943e-02  3.54386912e-03  4.52407838e-01 
 3.55386912e-03 -2.53744946e-02  3.55386912e-03  4.52407837e-01 
 3.56386912e-03 -2.53744943e-02  3.56386912e-03  4.52407838e-01 
 3.57386912e-03 -2.53744946e-02  3.57386912e-03  4.52407837e-01 
 3.58386912e-03 -2.53744943e-02  3.58386912e-03  4.52407838e-01 
 3.59386912e-03 -2.53744946e-02  3.59386912e-03  4.52407837e-01 
 3.60386912e-03 -2.53744943e-02  3.60386912e-03  4.52407838e-01 
 3.61386912e-03 -2.53744946e-02  3.61386912e-03  4.52407837e-01 
 3.62386912e-03 -2.53744943e-02  3.62386912e-03  4.52407838e-01 
 3.63386912e-03 -2.53744946e-02  3.63386912e-03  4.52407837e-01 
 3.64386912e-03 -2.53744943e-02  3.64386912e-03  4.52407838e-01 
 3.65386912e-03 -2.53744946e-02  3.65386912e-03  4.52407837e-01 
 3.66386912e-03 -2.53744943e-02  3.66386912e-03  4.52407838e-01 
 3.67386912e-03 -2.53744946e-02  3.67386912e-03  4.52407837e-01 
 3.68386912e-03 -2.53744943e-02  3.68386912e-03  4.52407838e-01 
 3.69386912e-03 -2.53744946e-02  3.69386912e-03  4.52407837e-01 
 3.70386912e-03 -2.53744943e-02  3.70386912e-03  4.52407838e-01 
 3.71386912e-03 -2.53744946e-02  3.71386912e-03  4.52407837e-01 
 3.72386912e-03 -2.53744943e-02  3.72386912e-03  4.52407838e-01 
 3.73386912e-03 -2.53744946e-02  3.73386912e-03  4.52407837e-01 
 3.74386912e-03 -2.53744943e-02  3.74386912e-03  4.52407838e-01 
 3.75386912e-03 -2.53744946e-02  3.75386912e-03  4.52407837e-01 
 3.76386912e-03 -2.53744943e-02  3.76386912e-03  4.52407838e-01 
 3.77386912e-03 -2.53744946e-02  3.77386912e-03  4.52407837e-01 
 3.78386912e-03 -2.53744943e-02  3.78386912e-03  4.52407838e-01 
 3.79386912e-03 -2.53744946e-02  3.79386912e-03  4.52407837e-01 
 3.80386912e-03 -2.53744943e-02  3.80386912e-03  4.52407838e-01 
 3.81386912e-03 -2.53744946e-02  3.81386912e-03  4.52407837e-01 
 3.82386912e-03 -2.53744943e-02  3.82386912e-03  4.52407838e-01 
 3.83386912e-03 -2.53744946e-02  3.83386912e-03  4.52407837e-01 
 3.84386912e-03 -2.53744943e-02  3.84386912e-03  4.52407838e-01 
 3.85386912e-03 -2.53744946e-02  3.85386912e-03  4.52407837e-01 
 3.86386912e-03 -2.53744943e-02  3.86386912e-03  4.52407838e-01 
 3.87386912e-03 -2.53744946e-02  3.87386912e-03  4.52407837e-01 
 3.88386912e-03 -2.53744943e-02  3.88386912e-03  4.52407838e-01 
 3.89386912e-03 -2.53744946e-02  3.89386912e-03  4.52407837e-01 
 3.90386912e-03 -2.53744943e-02  3.90386912e-03  4.52407838e-01 
 3.91386912e-03 -2.53744946e-02  3.91386912e-03  4.52407837e-01 
 3.92386912e-03 -2.53744943e-02  3.92386912e-03  4.52407838e-01 
 3.93386912e-03 -2.53744946e-02  3.93386912e-03  4.52407837e-01 
 3.94386912e-03 -2.53744943e-02  3.94386912e-03  4.52407838e-01 
 3.95386912e-03 -2.53744946e-02  3.95386912e-03  4.52407837e-01 
 3.96386912e-03 -2.53744943e-02  3.96386912e-03  4.52407838e-01 
 3.97386912e-03 -2.53744946e-02  3.97386912e-03  4.52407837e-01 
 3.98386912e-03 -2.53744943e-02  3.98386912e-03  4.52407838e-01 
 3.99386912e-03 -2.53744946e-02  3.99386912e-03  4.52407837e-01 
 4.00386912e-03 -2.53744943e-02  4.00386912e-03  4.52407838e-01 
 4.01386912e-03 -2.53744946e-02  4.01386912e-03  4.52407837e-01 
 4.02386912e-03 -2.53744943e-02  4.02386912e-03  4.52407838e-01 
 4.03386912e-03 -2.53744946e-02  4.03386912e-03  4.52407837e-01 
 4.04386912e-03 -2.53744943e-02  4.04386912e-03  4.52407838e-01 
 4.05386912e-03 -2.53744946e-02  4.05386912e-03  4.52407837e-01 
 4.06386912e-03 -2.53744943e-02  4.06386912e-03  4.52407838e-01 
 4.07386912e-03 -2.53744946e-02  4.07386912e-03  4.52407837e-01 
 4.08386912e-03 -2.53744943e-02  4.08386912e-03  4.52407838e-01 
 4.09386912e-03 -2.53744946e-02  4.09386912e-03  4.52407837e-01 
 4.10386912e-03 -2.53744943e-02  4.10386912e-03  4.52407838e-01 
 4.11386912e-03 -2.53744946e-02  4.11386912e-03  4.52407837e-01 
 4.12386912e-03 -2.53744943e-02  4.12386912e-03  4.52407838e-01 
 4.13386912e-03 -2.53744946e-02  4.13386912e-03  4.52407837e-01 
 4.14386912e-03 -2.53744943e-02  4.14386912e-03  4.52407838e-01 
 4.15386912e-03 -2.53744946e-02  4.15386912e-03  4.52407837e-01 
 4.16386912e-03 -2.53744943e-02  4.16386912e-03  4.52407838e-01 
 4.17386912e-03 -2.53744946e-02  4.17386912e-03  4.52407837e-01 
 4.18386912e-03 -2.53744943e-02  4.18386912e-03  4.52407838e-01 
 4.19386912e-03 -2.53744946e-02  4.19386912e-03  4.52407837e-01 
 4.20386912e-03 -2.53744943e-02  4.20386912e-03  4.52407838e-01 
 4.21386912e-03 -2.53744946e-02  4.21386912e-03  4.52407837e-01 
 4.22386912e-03 -2.53744943e-02  4.22386912e-03  4.52407838e-01 
 4.23386912e-03 -2.53744946e-02  4.23386912e-03  4.52407837e-01 
 4.24386912e-03 -2.53744943e-02  4.24386912e-03  4.52407838e-01 
 4.25386912e-03 -2.53744946e-02  4.25386912e-03  4.52407837e-01 
 4.26386912e-03 -2.53744943e-02  4.26386912e-03  4.52407838e-01 
 4.27386912e-03 -2.53744946e-02  4.27386912e-03  4.52407837e-01 
 4.28386912e-03 -2.53744943e-02  4.28386912e-03  4.52407838e-01 
 4.29386912e-03 -2.53744946e-02  4.29386912e-03  4.52407837e-01 
 4.30386912e-03 -2.53744943e-02  4.30386912e-03  4.52407838e-01 
 4.31386912e-03 -2.53744946e-02  4.31386912e-03  4.52407837e-01 
 4.32386912e-03 -2.53744943e-02  4.32386912e-03  4.52407838e-01 
 4.33386912e-03 -2.53744946e-02  4.33386912e-03  4.52407837e-01 
 4.34386912e-03 -2.53744943e-02  4.34386912e-03  4.52407838e-01 
 4.35386912e-03 -2.53744946e-02  4.35386912e-03  4.52407837e-01 
 4.36386912e-03 -2.53744943e-02  4.36386912e-03  4.52407838e-01 
 4.37386912e-03 -2.53744946e-02  4.37386912e-03  4.52407837e-01 
 4.38386912e-03 -2.53744943e-02  4.38386912e-03  4.52407838e-01 
 4.39386912e-03 -2.53744946e-02  4.39386912e-03  4.52407837e-01 
 4.40386912e-03 -2.53744943e-02  4.40386912e-03  4.52407838e-01 
 4.41386912e-03 -2.53744946e-02  4.41386912e-03  4.52407837e-01 
 4.42386912e-03 -2.53744943e-02  4.42386912e-03  4.52407838e-01 
 4.43386912e-03 -2.53744946e-02  4.43386912e-03  4.52407837e-01 
 4.44386912e-03 -2.53744943e-02  4.44386912e-03  4.52407838e-01 
 4.45386912e-03 -2.53744946e-02  4.45386912e-03  4.52407837e-01 
 4.46386912e-03 -2.53744943e-02  4.46386912e-03  4.52407838e-01 
 4.47386912e-03 -2.53744946e-02  4.47386912e-03  4.52407837e-01 
 4.48386912e-03 -2.53744943e-02  4.48386912e-03  4.52407838e-01 
 4.49386912e-03 -2.53744946e-02  4.49386912e-03  4.52407837e-01 
 4.50386912e-03 -2.53744943e-02  4.50386912e-03  4.52407838e-01 
 4.51386912e-03 -2.53744946e-02  4.51386912e-03  4.52407837e-01 
 4.52386912e-03 -2.53744943e-02  4.52386912e-03  4.52407838e-01 
 4.53386912e-03 -2.53744946e-02  4.53386912e-03  4.52407837e-01 
 4.54386912e-03 -2.53744943e-02  4.54386912e-03  4.52407838e-01 
 4.55386912e-03 -2.53744946e-02  4.55386912e-03  4.52407837e-01 
 4.56386912e-03 -2.53744943e-02  4.56386912e-03  4.52407838e-01 
 4.57386912e-03 -2.53744946e-02  4.57386912e-03  4.52407837e-01 
 4.58386912e-03 -2.53744943e-02  4.58386912e-03  4.52407838e-01 
 4.59386912e-03 -2.53744946e-02  4.59386912e-03  4.52407837e-01 
 4.60386912e-03 -2.53744943e-02  4.60386912e-03  4.52407838e-01 
 4.61386912e-03 -2.53744946e-02  4.61386912e-03  4.52407837e-01 
 4.62386912e-03 -2.53744943e-02  4.62386912e-03  4.52407838e-01 
 4.63386912e-03 -2.53744946e-02  4.63386912e-03  4.52407837e-01 
 4.64386912e-03 -2.53744943e-02  4.64386912e-03  4.52407838e-01 
 4.65386912e-03 -2.53744946e-02  4.65386912e-03  4.52407837e-01 
 4.66386912e-03 -2.53744943e-02  4.66386912e-03  4.52407838e-01 
 4.67386912e-03 -2.53744946e-02  4.67386912e-03  4.52407837e-01 
 4.68386912e-03 -2.53744943e-02  4.68386912e-03  4.52407838e-01 
 4.69386912e-03 -2.53744946e-02  4.69386912e-03  4.52407837e-01 
 4.70386912e-03 -2.53744943e-02  4.70386912e-03  4.52407838e-01 
 4.71386912e-03 -2.53744946e-02  4.71386912e-03  4.52407837e-01 
 4.72386912e-03 -2.53744943e-02  4.72386912e-03  4.52407838e-01 
 4.73386912e-03 -2.53744946e-02  4.73386912e-03  4.52407837e-01 
 4.74386912e-03 -2.53744943e-02  4.74386912e-03  4.52407838e-01 
 4.75386912e-03 -2.53744946e-02  4.75386912e-03  4.52407837e-01 
 4.76386912e-03 -2.53744943e-02  4.76386912e-03  4.52407838e-01 
 4.77386912e-03 -2.53744946e-02  4.77386912e-03  4.52407837e-01 
 4.78386912e-03 -2.53744943e-02  4.78386912e-03  4.52407838e-01 
 4.79386912e-03 -2.53744946e-02  4.79386912e-03  4.52407837e-01 
 4.80386912e-03 -2.53744943e-02  4.80386912e-03  4.52407838e-01 
 4.81386912e-03 -2.53744946e-02  4.81386912e-03  4.52407837e-01 
 4.82386912e-03 -2.53744943e-02  4.82386912e-03  4.52407838e-01 
 4.83386912e-03 -2.53744946e-02  4.83386912e-03  4.52407837e-01 
 4.84386912e-03 -2.53744943e-02  4.84386912e-03  4.52407838e-01 
 4.85386912e-03 -2.53744946e-02  4.85386912e-03  4.52407837e-01 
 4.86386912e-03 -2.53744943e-02  4.86386912e-03  4.52407838e-01 
 4.87386912e-03 -2.53744946e-02  4.87386912e-03  4.52407837e-01 
 4.88386912e-03 -2.53744943e-02  4.88386912e-03  4.52407838e-01 
 4.89386912e-03 -2.53744946e-02  4.89386912e-03  4.52407837e-01 
 4.90386912e-03 -2.53744943e-02  4.90386912e-03  4.52407838e-01 
 4.91386912e-03 -2.53744946e-02  4.91386912e-03  4.52407837e-01 
 4.92386912e-03 -2.53744943e-02  4.92386912e-03  4.52407838e-01 
 4.93386912e-03 -2.53744946e-02  4.93386912e-03  4.52407837e-01 
 4.94386912e-03 -2.53744943e-02  4.94386912e-03  4.52407838e-01 
 4.95386912e-03 -2.53744946e-02  4.95386912e-03  4.52407837e-01 
 4.96386912e-03 -2.53744943e-02  4.96386912e-03  4.52407838e-01 
 4.97386912e-03 -2.53744946e-02  4.97386912e-03  4.52407837e-01 
 4.98386912e-03 -2.53744943e-02  4.98386912e-03  4.52407838e-01 
 4.99386912e-03 -2.53744946e-02  4.99386912e-03  4.52407837e-01 
 5.00386912e-03 -2.53744943e-02  5.00386912e-03  4.52407838e-01 
 5.01386912e-03 -2.53744946e-02  5.01386912e-03  4.52407837e-01 
 5.02386912e-03 -2.53744943e-02  5.02386912e-03  4.52407838e-01 
 5.03386912e-03 -2.53744946e-02  5.03386912e-03  4.52407837e-01 
 5.04386912e-03 -2.53744943e-02  5.04386912e-03  4.52407838e-01 
 5.05386912e-03 -2.53744946e-02  5.05386912e-03  4.52407837e-01 
 5.06386912e-03 -2.53744943e-02  5.06386912e-03  4.52407838e-01 
 5.07386912e-03 -2.53744946e-02  5.07386912e-03  4.52407837e-01 
 5.08386912e-03 -2.53744943e-02  5.08386912e-03  4.52407838e-01 
 5.09386912e-03 -2.53744946e-02  5.09386912e-03  4.52407837e-01 
 5.10386912e-03 -2.53744943e-02  5.10386912e-03  4.52407838e-01 
 5.11386912e-03 -2.53744946e-02  5.11386912e-03  4.52407837e-01 
 5.12386912e-03 -2.53744943e-02  5.12386912e-03  4.52407838e-01 
 5.13386912e-03 -2.53744946e-02  5.13386912e-03  4.52407837e-01 
 5.14386912e-03 -2.53744943e-02  5.14386912e-03  4.52407838e-01 
 5.15386912e-03 -2.53744946e-02  5.15386912e-03  4.52407837e-01 
 5.16386912e-03 -2.53744943e-02  5.16386912e-03  4.52407838e-01 
 5.17386912e-03 -2.53744946e-02  5.17386912e-03  4.52407837e-01 
 5.18386912e-03 -2.53744943e-02  5.18386912e-03  4.52407838e-01 
 5.19386912e-03 -2.53744946e-02  5.19386912e-03  4.52407837e-01 
 5.20386912e-03 -2.53744943e-02  5.20386912e-03  4.52407838e-01 
 5.21386912e-03 -2.53744946e-02  5.21386912e-03  4.52407837e-01 
 5.22386912e-03 -2.53744943e-02  5.22386912e-03  4.52407838e-01 
 5.23386912e-03 -2.53744946e-02  5.23386912e-03  4.52407837e-01 
 5.24386912e-03 -2.53744943e-02  5.24386912e-03  4.52407838e-01 
 5.25386912e-03 -2.53744946e-02  5.25386912e-03  4.52407837e-01 
 5.26386912e-03 -2.53744943e-02  5.26386912e-03  4.52407838e-01 
 5.27386912e-03 -2.53744946e-02  5.27386912e-03  4.52407837e-01 
 5.28386912e-03 -2.53744943e-02  5.28386912e-03  4.52407838e-01 
 5.29386912e-03 -2.53744946e-02  5.29386912e-03  4.52407837e-01 
 5.30386912e-03 -2.53744943e-02  5.30386912e-03  4.52407838e-01 
 5.31386912e-03 -2.53744946e-02  5.31386912e-03  4.52407837e-01 
 5.32386912e-03 -2.53744943e-02  5.32386912e-03  4.52407838e-01 
 5.33386912e-03 -2.53744946e-02  5.33386912e-03  4.52407837e-01 
 5.34386912e-03 -2.53744943e-02  5.34386912e-03  4.52407838e-01 
 5.35386912e-03 -2.53744946e-02  5.35386912e-03  4.52407837e-01 
 5.36386912e-03 -2.53744943e-02  5.36386912e-03  4.52407838e-01 
 5.37386912e-03 -2.53744946e-02  5.37386912e-03  4.52407837e-01 
 5.38386912e-03 -2.53744943e-02  5.38386912e-03  4.52407838e-01 
 5.39386912e-03 -2.53744946e-02  5.39386912e-03  4.52407837e-01 
 5.40386912e-03 -2.53744943e-02  5.40386912e-03  4.52407838e-01 
 5.41386912e-03 -2.53744946e-02  5.41386912e-03  4.52407837e-01 
 5.42386912e-03 -2.53744943e-02  5.42386912e-03  4.52407838e-01 
 5.43386912e-03 -2.53744946e-02  5.43386912e-03  4.52407837e-01 
 5.44386912e-03 -2.53744943e-02  5.44386912e-03  4.52407838e-01 
 5.45386912e-03 -2.53744946e-02  5.45386912e-03  4.52407837e-01 
 5.46386912e-03 -2.53744943e-02  5.46386912e-03  4.52407838e-01 
 5.47386912e-03 -2.53744946e-02  5.47386912e-03  4.52407837e-01 
 5.48386912e-03 -2.53744943e-02  5.48386912e-03  4.52407838e-01 
 5.49386912e-03 -2.53744946e-02  5.49386912e-03  4.52407837e-01 
 5.50386912e-03 -2.53744943e-02  5.50386912e-03  4.52407838e-01 
 5.51386912e-03 -2.53744946e-02  5.51386912e-03  4.52407837e-01 
 5.52386912e-03 -2.53744943e-02  5.52386912e-03  4.52407838e-01 
 5.53386912e-03 -2.53744946e-02  5.53386912e-03  4.52407837e-01 
 5.54386912e-03 -2.53744943e-02  5.54386912e-03  4.52407838e-01 
 5.55386912e-03 -2.53744946e-02  5.55386912e-03  4.52407837e-01 
 5.56386912e-03 -2.53744943e-02  5.56386912e-03  4.52407838e-01 
 5.57386912e-03 -2.53744946e-02  5.57386912e-03  4.52407837e-01 
 5.58386912e-03 -2.53744943e-02  5.58386912e-03  4.52407838e-01 
 5.59386912e-03 -2.53744946e-02  5.59386912e-03  4.52407837e-01 
 5.60386912e-03 -2.53744943e-02  5.60386912e-03  4.52407838e-01 
 5.61386912e-03 -2.53744946e-02  5.61386912e-03  4.52407837e-01 
 5.62386912e-03 -2.53744943e-02  5.62386912e-03  4.52407838e-01 
 5.63386912e-03 -2.53744946e-02  5.63386912e-03  4.52407837e-01 
 5.64386912e-03 -2.53744943e-02  5.64386912e-03  4.52407838e-01 
 5.65386912e-03 -2.53744946e-02  5.65386912e-03  4.52407837e-01 
 5.66386912e-03 -2.53744943e-02  5.66386912e-03  4.52407838e-01 
 5.67386912e-03 -2.53744946e-02  5.67386912e-03  4.52407837e-01 
 5.68386912e-03 -2.53744943e-02  5.68386912e-03  4.52407838e-01 
 5.69386912e-03 -2.53744946e-02  5.69386912e-03  4.52407837e-01 
 5.70386912e-03 -2.53744943e-02  5.70386912e-03  4.52407838e-01 
 5.71386912e-03 -2.53744946e-02  5.71386912e-03  4.52407837e-01 
 5.72386912e-03 -2.53744943e-02  5.72386912e-03  4.52407838e-01 
 5.73386912e-03 -2.53744946e-02  5.73386912e-03  4.52407837e-01 
 5.74386912e-03 -2.53744943e-02  5.74386912e-03  4.52407838e-01 
 5.75386912e-03 -2.53744946e-02  5.75386912e-03  4.52407837e-01 
 5.76386912e-03 -2.53744943e-02  5.76386912e-03  4.52407838e-01 
 5.77386912e-03 -2.53744946e-02  5.77386912e-03  4.52407837e-01 
 5.78386912e-03 -2.53744943e-02  5.78386912e-03  4.52407838e-01 
 5.79386912e-03 -2.53744946e-02  5.79386912e-03  4.52407837e-01 
 5.80386912e-03 -2.53744943e-02  5.80386912e-03  4.52407838e-01 
 5.81386912e-03 -2.53744946e-02  5.81386912e-03  4.52407837e-01 
 5.82386912e-03 -2.53744943e-02  5.82386912e-03  4.52407838e-01 
 5.83386912e-03 -2.53744946e-02  5.83386912e-03  4.52407837e-01 
 5.84386912e-03 -2.53744943e-02  5.84386912e-03  4.52407838e-01 
 5.85386912e-03 -2.53744946e-02  5.85386912e-03  4.52407837e-01 
 5.86386912e-03 -2.53744943e-02  5.86386912e-03  4.52407838e-01 
 5.87386912e-03 -2.53744946e-02  5.87386912e-03  4.52407837e-01 
 5.88386912e-03 -2.53744943e-02  5.88386912e-03  4.52407838e-01 
 5.89386912e-03 -2.53744946e-02  5.89386912e-03  4.52407837e-01 
 5.90386912e-03 -2.53744943e-02  5.90386912e-03  4.52407838e-01 
 5.91386912e-03 -2.53744946e-02  5.91386912e-03  4.52407837e-01 
 5.92386912e-03 -2.53744943e-02  5.92386912e-03  4.52407838e-01 
 5.93386912e-03 -2.53744946e-02  5.93386912e-03  4.52407837e-01 
 5.94386912e-03 -2.53744943e-02  5.94386912e-03  4.52407838e-01 
 5.95386912e-03 -2.53744946e-02  5.95386912e-03  4.52407837e-01 
 5.96386912e-03 -2.53744943e-02  5.96386912e-03  4.52407838e-01 
 5.97386912e-03 -2.53744946e-02  5.97386912e-03  4.52407837e-01 
 5.98386912e-03 -2.53744943e-02  5.98386912e-03  4.52407838e-01 
 5.99386912e-03 -2.53744946e-02  5.99386912e-03  4.52407837e-01 
 6.00386912e-03 -2.53744943e-02  6.00386912e-03  4.52407838e-01 
 6.01386912e-03 -2.53744946e-02  6.01386912e-03  4.52407837e-01 
 6.02386912e-03 -2.53744943e-02  6.02386912e-03  4.52407838e-01 
 6.03386912e-03 -2.53744946e-02  6.03386912e-03  4.52407837e-01 
 6.04386912e-03 -2.53744943e-02  6.04386912e-03  4.52407838e-01 
 6.05386912e-03 -2.53744946e-02  6.05386912e-03  4.52407837e-01 
 6.06386912e-03 -2.53744943e-02  6.06386912e-03  4.52407838e-01 
 6.07386912e-03 -2.53744946e-02  6.07386912e-03  4.52407837e-01 
 6.08386912e-03 -2.53744943e-02  6.08386912e-03  4.52407838e-01 
 6.09386912e-03 -2.53744946e-02  6.09386912e-03  4.52407837e-01 
 6.10386912e-03 -2.53744943e-02  6.10386912e-03  4.52407838e-01 
 6.11386912e-03 -2.53744946e-02  6.11386912e-03  4.52407837e-01 
 6.12386912e-03 -2.53744943e-02  6.12386912e-03  4.52407838e-01 
 6.13386912e-03 -2.53744946e-02  6.13386912e-03  4.52407837e-01 
 6.14386912e-03 -2.53744943e-02  6.14386912e-03  4.52407838e-01 
 6.15386912e-03 -2.53744946e-02  6.15386912e-03  4.52407837e-01 
 6.16386912e-03 -2.53744943e-02  6.16386912e-03  4.52407838e-01 
 6.17386912e-03 -2.53744946e-02  6.17386912e-03  4.52407837e-01 
 6.18386912e-03 -2.53744943e-02  6.18386912e-03  4.52407838e-01 
 6.19386912e-03 -2.53744946e-02  6.19386912e-03  4.52407837e-01 
 6.20386912e-03 -2.53744943e-02  6.20386912e-03  4.52407838e-01 
 6.21386912e-03 -2.53744946e-02  6.21386912e-03  4.52407837e-01 
 6.22386912e-03 -2.53744943e-02  6.22386912e-03  4.52407838e-01 
 6.23386912e-03 -2.53744946e-02  6.23386912e-03  4.52407837e-01 
 6.24386912e-03 -2.53744943e-02  6.24386912e-03  4.52407838e-01 
 6.25386912e-03 -2.53744946e-02  6.25386912e-03  4.52407837e-01 
 6.26386912e-03 -2.53744943e-02  6.26386912e-03  4.52407838e-01 
 6.27386912e-03 -2.53744946e-02  6.27386912e-03  4.52407837e-01 
 6.28386912e-03 -2.53744943e-02  6.28386912e-03  4.52407838e-01 
 6.29386912e-03 -2.53744946e-02  6.29386912e-03  4.52407837e-01 
 6.30386912e-03 -2.53744943e-02  6.30386912e-03  4.52407838e-01 
 6.31386912e-03 -2.53744946e-02  6.31386912e-03  4.52407837e-01 
 6.32386912e-03 -2.53744943e-02  6.32386912e-03  4.52407838e-01 
 6.33386912e-03 -2.53744946e-02  6.33386912e-03  4.52407837e-01 
 6.34386912e-03 -2.53744943e-02  6.34386912e-03  4.52407838e-01 
 6.35386912e-03 -2.53744946e-02  6.35386912e-03  4.52407837e-01 
 6.36386912e-03 -2.53744943e-02  6.36386912e-03  4.52407838e-01 
 6.37386912e-03 -2.53744946e-02  6.37386912e-03  4.52407837e-01 
 6.38386912e-03 -2.53744943e-02  6.38386912e-03  4.52407838e-01 
 6.39386912e-03 -2.53744946e-02  6.39386912e-03  4.52407837e-01 
 6.40386912e-03 -2.53744943e-02  6.40386912e-03  4.52407838e-01 
 6.41386912e-03 -2.53744946e-02  6.41386912e-03  4.52407837e-01 
 6.42386912e-03 -2.53744943e-02  6.42386912e-03  4.52407838e-01 
 6.43386912e-03 -2.53744946e-02  6.43386912e-03  4.52407837e-01 
 6.44386912e-03 -2.53744943e-02  6.44386912e-03  4.52407838e-01 
 6.45386912e-03 -2.53744946e-02  6.45386912e-03  4.52407837e-01 
 6.46386912e-03 -2.53744943e-02  6.46386912e-03  4.52407838e-01 
 6.47386912e-03 -2.53744946e-02  6.47386912e-03  4.52407837e-01 
 6.48386912e-03 -2.53744943e-02  6.48386912e-03  4.52407838e-01 
 6.49386912e-03 -2.53744946e-02  6.49386912e-03  4.52407837e-01 
 6.50386912e-03 -2.53744943e-02  6.50386912e-03  4.52407838e-01 
 6.51386912e-03 -2.53744946e-02  6.51386912e-03  4.52407837e-01 
 6.52386912e-03 -2.53744943e-02  6.52386912e-03  4.52407838e-01 
 6.53386912e-03 -2.53744946e-02  6.53386912e-03  4.52407837e-01 
 6.54386912e-03 -2.53744943e-02  6.54386912e-03  4.52407838e-01 
 6.55386912e-03 -2.53744946e-02  6.55386912e-03  4.52407837e-01 
 6.56386912e-03 -2.53744943e-02  6.56386912e-03  4.52407838e-01 
 6.57386912e-03 -2.53744946e-02  6.57386912e-03  4.52407837e-01 
 6.58386912e-03 -2.53744943e-02  6.58386912e-03  4.52407838e-01 
 6.59386912e-03 -2.53744946e-02  6.59386912e-03  4.52407837e-01 
 6.60386912e-03 -2.53744943e-02  6.60386912e-03  4.52407838e-01 
 6.61386912e-03 -2.53744946e-02  6.61386912e-03  4.52407837e-01 
 6.62386912e-03 -2.53744943e-02  6.62386912e-03  4.52407838e-01 
 6.63386912e-03 -2.53744946e-02  6.63386912e-03  4.52407837e-01 
 6.64386912e-03 -2.53744943e-02  6.64386912e-03  4.52407838e-01 
 6.65386912e-03 -2.53744946e-02  6.65386912e-03  4.52407837e-01 
 6.66386912e-03 -2.53744943e-02  6.66386912e-03  4.52407838e-01 
 6.67386912e-03 -2.53744946e-02  6.67386912e-03  4.52407837e-01 
 6.68386912e-03 -2.53744943e-02  6.68386912e-03  4.52407838e-01 
 6.69386912e-03 -2.53744946e-02  6.69386912e-03  4.52407837e-01 
 6.70386912e-03 -2.53744943e-02  6.70386912e-03  4.52407838e-01 
 6.71386912e-03 -2.53744946e-02  6.71386912e-03  4.52407837e-01 
 6.72386912e-03 -2.53744943e-02  6.72386912e-03  4.52407838e-01 
 6.73386912e-03 -2.53744946e-02  6.73386912e-03  4.52407837e-01 
 6.74386912e-03 -2.53744943e-02  6.74386912e-03  4.52407838e-01 
 6.75386912e-03 -2.53744946e-02  6.75386912e-03  4.52407837e-01 
 6.76386912e-03 -2.53744943e-02  6.76386912e-03  4.52407838e-01 
 6.77386912e-03 -2.53744946e-02  6.77386912e-03  4.52407837e-01 
 6.78386912e-03 -2.53744943e-02  6.78386912e-03  4.52407838e-01 
 6.79386912e-03 -2.53744946e-02  6.79386912e-03  4.52407837e-01 
 6.80386912e-03 -2.53744943e-02  6.80386912e-03  4.52407838e-01 
 6.81386912e-03 -2.53744946e-02  6.81386912e-03  4.52407837e-01 
 6.82386912e-03 -2.53744943e-02  6.82386912e-03  4.52407838e-01 
 6.83386912e-03 -2.53744946e-02  6.83386912e-03  4.52407837e-01 
 6.84386912e-03 -2.53744943e-02  6.84386912e-03  4.52407838e-01 
 6.85386912e-03 -2.53744946e-02  6.85386912e-03  4.52407837e-01 
 6.86386912e-03 -2.53744943e-02  6.86386912e-03  4.52407838e-01 
 6.87386912e-03 -2.53744946e-02  6.87386912e-03  4.52407837e-01 
 6.88386912e-03 -2.53744943e-02  6.88386912e-03  4.52407838e-01 
 6.89386912e-03 -2.53744946e-02  6.89386912e-03  4.52407837e-01 
 6.90386912e-03 -2.53744943e-02  6.90386912e-03  4.52407838e-01 
 6.91386912e-03 -2.53744946e-02  6.91386912e-03  4.52407837e-01 
 6.92386912e-03 -2.53744943e-02  6.92386912e-03  4.52407838e-01 
 6.93386912e-03 -2.53744946e-02  6.93386912e-03  4.52407837e-01 
 6.94386912e-03 -2.53744943e-02  6.94386912e-03  4.52407838e-01 
 6.95386912e-03 -2.53744946e-02  6.95386912e-03  4.52407837e-01 
 6.96386912e-03 -2.53744943e-02  6.96386912e-03  4.52407838e-01 
 6.97386912e-03 -2.53744946e-02  6.97386912e-03  4.52407837e-01 
 6.98386912e-03 -2.53744943e-02  6.98386912e-03  4.52407838e-01 
 6.99386912e-03 -2.53744946e-02  6.99386912e-03  4.52407837e-01 
 7.00386912e-03 -2.53744943e-02  7.00386912e-03  4.52407838e-01 
 7.01386912e-03 -2.53744946e-02  7.01386912e-03  4.52407837e-01 
 7.02386912e-03 -2.53744943e-02  7.02386912e-03  4.52407838e-01 
 7.03386912e-03 -2.53744946e-02  7.03386912e-03  4.52407837e-01 
 7.04386912e-03 -2.53744943e-02  7.04386912e-03  4.52407838e-01 
 7.05386912e-03 -2.53744946e-02  7.05386912e-03  4.52407837e-01 
 7.06386912e-03 -2.53744943e-02  7.06386912e-03  4.52407838e-01 
 7.07386912e-03 -2.53744946e-02  7.07386912e-03  4.52407837e-01 
 7.08386912e-03 -2.53744943e-02  7.08386912e-03  4.52407838e-01 
 7.09386912e-03 -2.53744946e-02  7.09386912e-03  4.52407837e-01 
 7.10386912e-03 -2.53744943e-02  7.10386912e-03  4.52407838e-01 
 7.11386912e-03 -2.53744946e-02  7.11386912e-03  4.52407837e-01 
 7.12386912e-03 -2.53744943e-02  7.12386912e-03  4.52407838e-01 
 7.13386912e-03 -2.53744946e-02  7.13386912e-03  4.52407837e-01 
 7.14386912e-03 -2.53744943e-02  7.14386912e-03  4.52407838e-01 
 7.15386912e-03 -2.53744946e-02  7.15386912e-03  4.52407837e-01 
 7.16386912e-03 -2.53744943e-02  7.16386912e-03  4.52407838e-01 
 7.17386912e-03 -2.53744946e-02  7.17386912e-03  4.52407837e-01 
 7.18386912e-03 -2.53744943e-02  7.18386912e-03  4.52407838e-01 
 7.19386912e-03 -2.53744946e-02  7.19386912e-03  4.52407837e-01 
 7.20386912e-03 -2.53744943e-02  7.20386912e-03  4.52407838e-01 
 7.21386912e-03 -2.53744946e-02  7.21386912e-03  4.52407837e-01 
 7.22386912e-03 -2.53744943e-02  7.22386912e-03  4.52407838e-01 
 7.23386912e-03 -2.53744946e-02  7.23386912e-03  4.52407837e-01 
 7.24386912e-03 -2.53744943e-02  7.24386912e-03  4.52407838e-01 
 7.25386912e-03 -2.53744946e-02  7.25386912e-03  4.52407837e-01 
 7.26386912e-03 -2.53744943e-02  7.26386912e-03  4.52407838e-01 
 7.27386912e-03 -2.53744946e-02  7.27386912e-03  4.52407837e-01 
 7.28386912e-03 -2.53744943e-02  7.28386912e-03  4.52407838e-01 
 7.29386912e-03 -2.53744946e-02  7.29386912e-03  4.52407837e-01 
 7.30386912e-03 -2.53744943e-02  7.30386912e-03  4.52407838e-01 
 7.31386912e-03 -2.53744946e-02  7.31386912e-03  4.52407837e-01 
 7.32386912e-03 -2.53744943e-02  7.32386912e-03  4.52407838e-01 
 7.33386912e-03 -2.53744946e-02  7.33386912e-03  4.52407837e-01 
 7.34386912e-03 -2.53744943e-02  7.34386912e-03  4.52407838e-01 
 7.35386912e-03 -2.53744946e-02  7.35386912e-03  4.52407837e-01 
 7.36386912e-03 -2.53744943e-02  7.36386912e-03  4.52407838e-01 
 7.37386912e-03 -2.53744946e-02  7.37386912e-03  4.52407837e-01 
 7.38386912e-03 -2.53744943e-02  7.38386912e-03  4.52407838e-01 
 7.39386912e-03 -2.53744946e-02  7.39386912e-03  4.52407837e-01 
 7.40386912e-03 -2.53744943e-02  7.40386912e-03  4.52407838e-01 
 7.41386912e-03 -2.53744946e-02  7.41386912e-03  4.52407837e-01 
 7.42386912e-03 -2.53744943e-02  7.42386912e-03  4.52407838e-01 
 7.43386912e-03 -2.53744946e-02  7.43386912e-03  4.52407837e-01 
 7.44386912e-03 -2.53744943e-02  7.44386912e-03  4.52407838e-01 
 7.45386912e-03 -2.53744946e-02  7.45386912e-03  4.52407837e-01 
 7.46386912e-03 -2.53744943e-02  7.46386912e-03  4.52407838e-01 
 7.47386912e-03 -2.53744946e-02  7.47386912e-03  4.52407837e-01 
 7.48386912e-03 -2.53744943e-02  7.48386912e-03  4.52407838e-01 
 7.49386912e-03 -2.53744946e-02  7.49386912e-03  4.52407837e-01 
 7.50386912e-03 -2.53744943e-02  7.50386912e-03  4.52407838e-01 
 7.51386912e-03 -2.53744946e-02  7.51386912e-03  4.52407837e-01 
 7.52386912e-03 -2.53744943e-02  7.52386912e-03  4.52407838e-01 
 7.53386912e-03 -2.53744946e-02  7.53386912e-03  4.52407837e-01 
 7.54386912e-03 -2.53744943e-02  7.54386912e-03  4.52407838e-01 
 7.55386912e-03 -2.53744946e-02  7.55386912e-03  4.52407837e-01 
 7.56386912e-03 -2.53744943e-02  7.56386912e-03  4.52407838e-01 
 7.57386912e-03 -2.53744946e-02  7.57386912e-03  4.52407837e-01 
 7.58386912e-03 -2.53744943e-02  7.58386912e-03  4.52407838e-01 
 7.59386912e-03 -2.53744946e-02  7.59386912e-03  4.52407837e-01 
 7.60386912e-03 -2.53744943e-02  7.60386912e-03  4.52407838e-01 
 7.61386912e-03 -2.53744946e-02  7.61386912e-03  4.52407837e-01 
 7.62386912e-03 -2.53744943e-02  7.62386912e-03  4.52407838e-01 
 7.63386912e-03 -2.53744946e-02  7.63386912e-03  4.52407837e-01 
 7.64386912e-03 -2.53744943e-02  7.64386912e-03  4.52407838e-01 
 7.65386912e-03 -2.53744946e-02  7.65386912e-03  4.52407837e-01 
 7.66386912e-03 -2.53744943e-02  7.66386912e-03  4.52407838e-01 
 7.67386912e-03 -2.53744946e-02  7.67386912e-03  4.52407837e-01 
 7.68386912e-03 -2.53744943e-02  7.68386912e-03  4.52407838e-01 
 7.69386912e-03 -2.53744946e-02  7.69386912e-03  4.52407837e-01 
 7.70386912e-03 -2.53744943e-02  7.70386912e-03  4.52407838e-01 
 7.71386912e-03 -2.53744946e-02  7.71386912e-03  4.52407837e-01 
 7.72386912e-03 -2.53744943e-02  7.72386912e-03  4.52407838e-01 
 7.73386912e-03 -2.53744946e-02  7.73386912e-03  4.52407837e-01 
 7.74386912e-03 -2.53744943e-02  7.74386912e-03  4.52407838e-01 
 7.75386912e-03 -2.53744946e-02  7.75386912e-03  4.52407837e-01 
 7.76386912e-03 -2.53744943e-02  7.76386912e-03  4.52407838e-01 
 7.77386912e-03 -2.53744946e-02  7.77386912e-03  4.52407837e-01 
 7.78386912e-03 -2.53744943e-02  7.78386912e-03  4.52407838e-01 
 7.79386912e-03 -2.53744946e-02  7.79386912e-03  4.52407837e-01 
 7.80386912e-03 -2.53744943e-02  7.80386912e-03  4.52407838e-01 
 7.81386912e-03 -2.53744946e-02  7.81386912e-03  4.52407837e-01 
 7.82386912e-03 -2.53744943e-02  7.82386912e-03  4.52407838e-01 
 7.83386912e-03 -2.53744946e-02  7.83386912e-03  4.52407837e-01 
 7.84386912e-03 -2.53744943e-02  7.84386912e-03  4.52407838e-01 
 7.85386912e-03 -2.53744946e-02  7.85386912e-03  4.52407837e-01 
 7.86386912e-03 -2.53744943e-02  7.86386912e-03  4.52407838e-01 
 7.87386912e-03 -2.53744946e-02  7.87386912e-03  4.52407837e-01 
 7.88386912e-03 -2.53744943e-02  7.88386912e-03  4.52407838e-01 
 7.89386912e-03 -2.53744946e-02  7.89386912e-03  4.52407837e-01 
 7.90386912e-03 -2.53744943e-02  7.90386912e-03  4.52407838e-01 
 7.91386912e-03 -2.53744946e-02  7.91386912e-03  4.52407837e-01 
 7.92386912e-03 -2.53744943e-02  7.92386912e-03  4.52407838e-01 
 7.93386912e-03 -2.53744946e-02  7.93386912e-03  4.52407837e-01 
 7.94386912e-03 -2.53744943e-02  7.94386912e-03  4.52407838e-01 
 7.95386912e-03 -2.53744946e-02  7.95386912e-03  4.52407837e-01 
 7.96386912e-03 -2.53744943e-02  7.96386912e-03  4.52407838e-01 
 7.97386912e-03 -2.53744946e-02  7.97386912e-03  4.52407837e-01 
 7.98386912e-03 -2.53744943e-02  7.98386912e-03  4.52407838e-01 
 7.99386912e-03 -2.53744946e-02  7.99386912e-03  4.52407837e-01 
 8.00386912e-03 -2.53744943e-02  8.00386912e-03  4.52407838e-01 
 8.01386912e-03 -2.53744946e-02  8.01386912e-03  4.52407837e-01 
 8.02386912e-03 -2.53744943e-02  8.02386912e-03  4.52407838e-01 
 8.03386912e-03 -2.53744946e-02  8.03386912e-03  4.52407837e-01 
 8.04386912e-03 -2.53744943e-02  8.04386912e-03  4.52407838e-01 
 8.05386912e-03 -2.53744946e-02  8.05386912e-03  4.52407837e-01 
 8.06386912e-03 -2.53744943e-02  8.06386912e-03  4.52407838e-01 
 8.07386912e-03 -2.53744946e-02  8.07386912e-03  4.52407837e-01 
 8.08386912e-03 -2.53744943e-02  8.08386912e-03  4.52407838e-01 
 8.09386912e-03 -2.53744946e-02  8.09386912e-03  4.52407837e-01 
 8.10386912e-03 -2.53744943e-02  8.10386912e-03  4.52407838e-01 
 8.11386912e-03 -2.53744946e-02  8.11386912e-03  4.52407837e-01 
 8.12386912e-03 -2.53744943e-02  8.12386912e-03  4.52407838e-01 
 8.13386912e-03 -2.53744946e-02  8.13386912e-03  4.52407837e-01 
 8.14386912e-03 -2.53744943e-02  8.14386912e-03  4.52407838e-01 
 8.15386912e-03 -2.53744946e-02  8.15386912e-03  4.52407837e-01 
 8.16386912e-03 -2.53744943e-02  8.16386912e-03  4.52407838e-01 
 8.17386912e-03 -2.53744946e-02  8.17386912e-03  4.52407837e-01 
 8.18386912e-03 -2.53744943e-02  8.18386912e-03  4.52407838e-01 
 8.19386912e-03 -2.53744946e-02  8.19386912e-03  4.52407837e-01 
 8.20386912e-03 -2.53744943e-02  8.20386912e-03  4.52407838e-01 
 8.21386912e-03 -2.53744946e-02  8.21386912e-03  4.52407837e-01 
 8.22386912e-03 -2.53744943e-02  8.22386912e-03  4.52407838e-01 
 8.23386912e-03 -2.53744946e-02  8.23386912e-03  4.52407837e-01 
 8.24386912e-03 -2.53744943e-02  8.24386912e-03  4.52407838e-01 
 8.25386912e-03 -2.53744946e-02  8.25386912e-03  4.52407837e-01 
 8.26386912e-03 -2.53744943e-02  8.26386912e-03  4.52407838e-01 
 8.27386912e-03 -2.53744946e-02  8.27386912e-03  4.52407837e-01 
 8.28386912e-03 -2.53744943e-02  8.28386912e-03  4.52407838e-01 
 8.29386912e-03 -2.53744946e-02  8.29386912e-03  4.52407837e-01 
 8.30386912e-03 -2.53744943e-02  8.30386912e-03  4.52407838e-01 
 8.31386912e-03 -2.53744946e-02  8.31386912e-03  4.52407837e-01 
 8.32386912e-03 -2.53744943e-02  8.32386912e-03  4.52407838e-01 
 8.33386912e-03 -2.53744946e-02  8.33386912e-03  4.52407837e-01 
 8.34386912e-03 -2.53744943e-02  8.34386912e-03  4.52407838e-01 
 8.35386912e-03 -2.53744946e-02  8.35386912e-03  4.52407837e-01 
 8.36386912e-03 -2.53744943e-02  8.36386912e-03  4.52407838e-01 
 8.37386912e-03 -2.53744946e-02  8.37386912e-03  4.52407837e-01 
 8.38386912e-03 -2.53744943e-02  8.38386912e-03  4.52407838e-01 
 8.39386912e-03 -2.53744946e-02  8.39386912e-03  4.52407837e-01 
 8.40386912e-03 -2.53744943e-02  8.40386912e-03  4.52407838e-01 
 8.41386912e-03 -2.53744946e-02  8.41386912e-03  4.52407837e-01 
 8.42386912e-03 -2.53744943e-02  8.42386912e-03  4.52407838e-01 
 8.43386912e-03 -2.53744946e-02  8.43386912e-03  4.52407837e-01 
 8.44386912e-03 -2.53744943e-02  8.44386912e-03  4.52407838e-01 
 8.45386912e-03 -2.53744946e-02  8.45386912e-03  4.52407837e-01 
 8.46386912e-03 -2.53744943e-02  8.46386912e-03  4.52407838e-01 
 8.47386912e-03 -2.53744946e-02  8.47386912e-03  4.52407837e-01 
 8.48386912e-03 -2.53744943e-02  8.48386912e-03  4.52407838e-01 
 8.49386912e-03 -2.53744946e-02  8.49386912e-03  4.52407837e-01 
 8.50386912e-03 -2.53744943e-02  8.50386912e-03  4.52407838e-01 
 8.51386912e-03 -2.53744946e-02  8.51386912e-03  4.52407837e-01 
 8.52386912e-03 -2.53744943e-02  8.52386912e-03  4.52407838e-01 
 8.53386912e-03 -2.53744946e-02  8.53386912e-03  4.52407837e-01 
 8.54386912e-03 -2.53744943e-02  8.54386912e-03  4.52407838e-01 
 8.55386912e-03 -2.53744946e-02  8.55386912e-03  4.52407837e-01 
 8.56386912e-03 -2.53744943e-02  8.56386912e-03  4.52407838e-01 
 8.57386912e-03 -2.53744946e-02  8.57386912e-03  4.52407837e-01 
 8.58386912e-03 -2.53744943e-02  8.58386912e-03  4.52407838e-01 
 8.59386912e-03 -2.53744946e-02  8.59386912e-03  4.52407837e-01 
 8.60386912e-03 -2.53744943e-02  8.60386912e-03  4.52407838e-01 
 8.61386912e-03 -2.53744946e-02  8.61386912e-03  4.52407837e-01 
 8.62386912e-03 -2.53744943e-02  8.62386912e-03  4.52407838e-01 
 8.63386912e-03 -2.53744946e-02  8.63386912e-03  4.52407837e-01 
 8.64386912e-03 -2.53744943e-02  8.64386912e-03  4.52407838e-01 
 8.65386912e-03 -2.53744946e-02  8.65386912e-03  4.52407837e-01 
 8.66386912e-03 -2.53744943e-02  8.66386912e-03  4.52407838e-01 
 8.67386912e-03 -2.53744946e-02  8.67386912e-03  4.52407837e-01 
 8.68386912e-03 -2.53744943e-02  8.68386912e-03  4.52407838e-01 
 8.69386912e-03 -2.53744946e-02  8.69386912e-03  4.52407837e-01 
 8.70386912e-03 -2.53744943e-02  8.70386912e-03  4.52407838e-01 
 8.71386912e-03 -2.53744946e-02  8.71386912e-03  4.52407837e-01 
 8.72386912e-03 -2.53744943e-02  8.72386912e-03  4.52407838e-01 
 8.73386912e-03 -2.53744946e-02  8.73386912e-03  4.52407837e-01 
 8.74386912e-03 -2.53744943e-02  8.74386912e-03  4.52407838e-01 
 8.75386912e-03 -2.53744946e-02  8.75386912e-03  4.52407837e-01 
 8.76386912e-03 -2.53744943e-02  8.76386912e-03  4.52407838e-01 
 8.77386912e-03 -2.53744946e-02  8.77386912e-03  4.52407837e-01 
 8.78386912e-03 -2.53744943e-02  8.78386912e-03  4.52407838e-01 
 8.79386912e-03 -2.53744946e-02  8.79386912e-03  4.52407837e-01 
 8.80386912e-03 -2.53744943e-02  8.80386912e-03  4.52407838e-01 
 8.81386912e-03 -2.53744946e-02  8.81386912e-03  4.52407837e-01 
 8.82386912e-03 -2.53744943e-02  8.82386912e-03  4.52407838e-01 
 8.83386912e-03 -2.53744946e-02  8.83386912e-03  4.52407837e-01 
 8.84386912e-03 -2.53744943e-02  8.84386912e-03  4.52407838e-01 
 8.85386912e-03 -2.53744946e-02  8.85386912e-03  4.52407837e-01 
 8.86386912e-03 -2.53744943e-02  8.86386912e-03  4.52407838e-01 
 8.87386912e-03 -2.53744946e-02  8.87386912e-03  4.52407837e-01 
 8.88386912e-03 -2.53744943e-02  8.88386912e-03  4.52407838e-01 
 8.89386912e-03 -2.53744946e-02  8.89386912e-03  4.52407837e-01 
 8.90386912e-03 -2.53744943e-02  8.90386912e-03  4.52407838e-01 
 8.91386912e-03 -2.53744946e-02  8.91386912e-03  4.52407837e-01 
 8.92386912e-03 -2.53744943e-02  8.92386912e-03  4.52407838e-01 
 8.93386912e-03 -2.53744946e-02  8.93386912e-03  4.52407837e-01 
 8.94386912e-03 -2.53744943e-02  8.94386912e-03  4.52407838e-01 
 8.95386912e-03 -2.53744946e-02  8.95386912e-03  4.52407837e-01 
 8.96386912e-03 -2.53744943e-02  8.96386912e-03  4.52407838e-01 
 8.97386912e-03 -2.53744946e-02  8.97386912e-03  4.52407837e-01 
 8.98386912e-03 -2.53744943e-02  8.98386912e-03  4.52407838e-01 
 8.99386912e-03 -2.53744946e-02  8.99386912e-03  4.52407837e-01 
 9.00386912e-03 -2.53744943e-02  9.00386912e-03  4.52407838e-01 
 9.01386912e-03 -2.53744946e-02  9.01386912e-03  4.52407837e-01 
 9.02386912e-03 -2.53744943e-02  9.02386912e-03  4.52407838e-01 
 9.03386912e-03 -2.53744946e-02  9.03386912e-03  4.52407837e-01 
 9.04386912e-03 -2.53744943e-02  9.04386912e-03  4.52407838e-01 
 9.05386912e-03 -2.53744946e-02  9.05386912e-03  4.52407837e-01 
 9.06386912e-03 -2.53744943e-02  9.06386912e-03  4.52407838e-01 
 9.07386912e-03 -2.53744946e-02  9.07386912e-03  4.52407837e-01 
 9.08386912e-03 -2.53744943e-02  9.08386912e-03  4.52407838e-01 
 9.09386912e-03 -2.53744946e-02  9.09386912e-03  4.52407837e-01 
 9.10386912e-03 -2.53744943e-02  9.10386912e-03  4.52407838e-01 
 9.11386912e-03 -2.53744946e-02  9.11386912e-03  4.52407837e-01 
 9.12386912e-03 -2.53744943e-02  9.12386912e-03  4.52407838e-01 
 9.13386912e-03 -2.53744946e-02  9.13386912e-03  4.52407837e-01 
 9.14386912e-03 -2.53744943e-02  9.14386912e-03  4.52407838e-01 
 9.15386912e-03 -2.53744946e-02  9.15386912e-03  4.52407837e-01 
 9.16386912e-03 -2.53744943e-02  9.16386912e-03  4.52407838e-01 
 9.17386912e-03 -2.53744946e-02  9.17386912e-03  4.52407837e-01 
 9.18386912e-03 -2.53744943e-02  9.18386912e-03  4.52407838e-01 
 9.19386912e-03 -2.53744946e-02  9.19386912e-03  4.52407837e-01 
 9.20386912e-03 -2.53744943e-02  9.20386912e-03  4.52407838e-01 
 9.21386912e-03 -2.53744946e-02  9.21386912e-03  4.52407837e-01 
 9.22386912e-03 -2.53744943e-02  9.22386912e-03  4.52407838e-01 
 9.23386912e-03 -2.53744946e-02  9.23386912e-03  4.52407837e-01 
 9.24386912e-03 -2.53744943e-02  9.24386912e-03  4.52407838e-01 
 9.25386912e-03 -2.53744946e-02  9.25386912e-03  4.52407837e-01 
 9.26386912e-03 -2.53744943e-02  9.26386912e-03  4.52407838e-01 
 9.27386912e-03 -2.53744946e-02  9.27386912e-03  4.52407837e-01 
 9.28386912e-03 -2.53744943e-02  9.28386912e-03  4.52407838e-01 
 9.29386912e-03 -2.53744946e-02  9.29386912e-03  4.52407837e-01 
 9.30386912e-03 -2.53744943e-02  9.30386912e-03  4.52407838e-01 
 9.31386912e-03 -2.53744946e-02  9.31386912e-03  4.52407837e-01 
 9.32386912e-03 -2.53744943e-02  9.32386912e-03  4.52407838e-01 
 9.33386912e-03 -2.53744946e-02  9.33386912e-03  4.52407837e-01 
 9.34386912e-03 -2.53744943e-02  9.34386912e-03  4.52407838e-01 
 9.35386912e-03 -2.53744946e-02  9.35386912e-03  4.52407837e-01 
 9.36386912e-03 -2.53744943e-02  9.36386912e-03  4.52407838e-01 
 9.37386912e-03 -2.53744946e-02  9.37386912e-03  4.52407837e-01 
 9.38386912e-03 -2.53744943e-02  9.38386912e-03  4.52407838e-01 
 9.39386912e-03 -2.53744946e-02  9.39386912e-03  4.52407837e-01 
 9.40386912e-03 -2.53744943e-02  9.40386912e-03  4.52407838e-01 
 9.41386912e-03 -2.53744946e-02  9.41386912e-03  4.52407837e-01 
 9.42386912e-03 -2.53744943e-02  9.42386912e-03  4.52407838e-01 
 9.43386912e-03 -2.53744946e-02  9.43386912e-03  4.52407837e-01 
 9.44386912e-03 -2.53744943e-02  9.44386912e-03  4.52407838e-01 
 9.45386912e-03 -2.53744946e-02  9.45386912e-03  4.52407837e-01 
 9.46386912e-03 -2.53744943e-02  9.46386912e-03  4.52407838e-01 
 9.47386912e-03 -2.53744946e-02  9.47386912e-03  4.52407837e-01 
 9.48386912e-03 -2.53744943e-02  9.48386912e-03  4.52407838e-01 
 9.49386912e-03 -2.53744946e-02  9.49386912e-03  4.52407837e-01 
 9.50386912e-03 -2.53744943e-02  9.50386912e-03  4.52407838e-01 
 9.51386912e-03 -2.53744946e-02  9.51386912e-03  4.52407837e-01 
 9.52386912e-03 -2.53744943e-02  9.52386912e-03  4.52407838e-01 
 9.53386912e-03 -2.53744946e-02  9.53386912e-03  4.52407837e-01 
 9.54386912e-03 -2.53744943e-02  9.54386912e-03  4.52407838e-01 
 9.55386912e-03 -2.53744946e-02  9.55386912e-03  4.52407837e-01 
 9.56386912e-03 -2.53744943e-02  9.56386912e-03  4.52407838e-01 
 9.57386912e-03 -2.53744946e-02  9.57386912e-03  4.52407837e-01 
 9.58386912e-03 -2.53744943e-02  9.58386912e-03  4.52407838e-01 
 9.59386912e-03 -2.53744946e-02  9.59386912e-03  4.52407837e-01 
 9.60386912e-03 -2.53744943e-02  9.60386912e-03  4.52407838e-01 
 9.61386912e-03 -2.53744946e-02  9.61386912e-03  4.52407837e-01 
 9.62386912e-03 -2.53744943e-02  9.62386912e-03  4.52407838e-01 
 9.63386912e-03 -2.53744946e-02  9.63386912e-03  4.52407837e-01 
 9.64386912e-03 -2.53744943e-02  9.64386912e-03  4.52407838e-01 
 9.65386912e-03 -2.53744946e-02  9.65386912e-03  4.52407837e-01 
 9.66386912e-03 -2.53744943e-02  9.66386912e-03  4.52407838e-01 
 9.67386912e-03 -2.53744946e-02  9.67386912e-03  4.52407837e-01 
 9.68386912e-03 -2.53744943e-02  9.68386912e-03  4.52407838e-01 
 9.69386912e-03 -2.53744946e-02  9.69386912e-03  4.52407837e-01 
 9.70386912e-03 -2.53744943e-02  9.70386912e-03  4.52407838e-01 
 9.71386912e-03 -2.53744946e-02  9.71386912e-03  4.52407837e-01 
 9.72386912e-03 -2.53744943e-02  9.72386912e-03  4.52407838e-01 
 9.73386912e-03 -2.53744946e-02  9.73386912e-03  4.52407837e-01 
 9.74386912e-03 -2.53744943e-02  9.74386912e-03  4.52407838e-01 
 9.75386912e-03 -2.53744946e-02  9.75386912e-03  4.52407837e-01 
 9.76386912e-03 -2.53744943e-02  9.76386912e-03  4.52407838e-01 
 9.77386912e-03 -2.53744946e-02  9.77386912e-03  4.52407837e-01 
 9.78386912e-03 -2.53744943e-02  9.78386912e-03  4.52407838e-01 
 9.79386912e-03 -2.53744946e-02  9.79386912e-03  4.52407837e-01 
 9.80386912e-03 -2.53744943e-02  9.80386912e-03  4.52407838e-01 
 9.81386912e-03 -2.53744946e-02  9.81386912e-03  4.52407837e-01 
 9.82386912e-03 -2.53744943e-02  9.82386912e-03  4.52407838e-01 
 9.83386912e-03 -2.53744946e-02  9.83386912e-03  4.52407837e-01 
 9.84386912e-03 -2.53744943e-02  9.84386912e-03  4.52407838e-01 
 9.85386912e-03 -2.53744946e-02  9.85386912e-03  4.52407837e-01 
 9.86386912e-03 -2.53744943e-02  9.86386912e-03  4.52407838e-01 
 9.87386912e-03 -2.53744946e-02  9.87386912e-03  4.52407837e-01 
 9.88386912e-03 -2.53744943e-02  9.88386912e-03  4.52407838e-01 
 9.89386912e-03 -2.53744946e-02  9.89386912e-03  4.52407837e-01 
 9.90386912e-03 -2.53744943e-02  9.90386912e-03  4.52407838e-01 
 9.91386912e-03 -2.53744946e-02  9.91386912e-03  4.52407837e-01 
 9.92386912e-03 -2.53744943e-02  9.92386912e-03  4.52407838e-01 
 9.93386912e-03 -2.53744946e-02  9.93386912e-03  4.52407837e-01 
 9.94386912e-03 -2.53744943e-02  9.94386912e-03  4.52407838e-01 
 9.95386912e-03 -2.53744946e-02  9.95386912e-03  4.52407837e-01 
 9.96386912e-03 -2.53744943e-02  9.96386912e-03  4.52407838e-01 
 9.97386912e-03 -2.53744946e-02  9.97386912e-03  4.52407837e-01 
 9.98386912e-03 -2.53744943e-02  9.98386912e-03  4.52407838e-01 
 9.99386912e-03 -2.53744946e-02  9.99386912e-03  4.52407837e-01 
 1.00000000e-02 -2.53744943e-02  1.00000000e-02  4.52407838e-01 
